doc : 0
8 0.8986615678776291
9 0.015296367112810707
6 0.015296367112810707
7 0.01147227533460803
0 0.01147227533460803
5 0.009560229445506692
4 0.009560229445506692
3 0.009560229445506692
2 0.009560229445506692
1 0.009560229445506692
doc : 1
8 0.8501070663811564
4 0.02569593147751606
6 0.019271948608137045
3 0.017130620985010708
1 0.017130620985010708
0 0.017130620985010708
9 0.014989293361884369
2 0.014989293361884369
7 0.01284796573875803
5 0.010706638115631693
doc : 2
8 0.9426605504587157
6 0.008027522935779817
3 0.006880733944954129
2 0.006880733944954129
0 0.006880733944954129
9 0.005733944954128441
7 0.005733944954128441
5 0.005733944954128441
4 0.005733944954128441
1 0.005733944954128441
doc : 3
6 0.592
8 0.07200000000000001
9 0.064
4 0.048
3 0.048
0 0.04
7 0.036000000000000004
2 0.036000000000000004
5 0.032
1 0.032
doc : 4
3 0.7333333333333333
8 0.0696969696969697
6 0.03484848484848485
9 0.031818181818181815
4 0.02878787878787879
0 0.025757575757575757
7 0.022727272727272728
2 0.022727272727272728
5 0.019696969696969695
1 0.010606060606060607
doc : 5
6 0.9291845493562232
9 0.013948497854077254
8 0.013948497854077254
3 0.008583690987124463
5 0.006437768240343348
4 0.006437768240343348
7 0.00536480686695279
2 0.00536480686695279
1 0.00536480686695279
0 0.00536480686695279
doc : 6
6 0.87
8 0.02
9 0.016
7 0.016
2 0.016
0 0.016
5 0.012
3 0.012
1 0.012
4 0.01
doc : 7
6 0.9266862170087976
8 0.011730205278592375
9 0.00879765395894428
2 0.00879765395894428
7 0.007331378299120235
5 0.007331378299120235
4 0.007331378299120235
3 0.007331378299120235
1 0.007331378299120235
0 0.007331378299120235
doc : 8
6 0.9321533923303835
5 0.008849557522123894
9 0.007374631268436578
8 0.007374631268436578
7 0.007374631268436578
4 0.007374631268436578
3 0.007374631268436578
2 0.007374631268436578
1 0.007374631268436578
0 0.007374631268436578
doc : 9
6 0.9229480737018425
8 0.010050251256281407
9 0.008375209380234505
7 0.008375209380234505
5 0.008375209380234505
4 0.008375209380234505
3 0.008375209380234505
2 0.008375209380234505
1 0.008375209380234505
0 0.008375209380234505
doc : 10
3 0.7821969696969697
8 0.03787878787878788
5 0.032196969696969696
6 0.026515151515151516
2 0.02462121212121212
1 0.02462121212121212
9 0.022727272727272728
0 0.020833333333333336
4 0.015151515151515152
7 0.013257575757575758
doc : 11
6 0.9180602006688963
8 0.013377926421404682
0 0.010033444816053512
9 0.008361204013377926
7 0.008361204013377926
5 0.008361204013377926
4 0.008361204013377926
3 0.008361204013377926
2 0.008361204013377926
1 0.008361204013377926
doc : 12
6 0.9278350515463918
7 0.008836524300441826
5 0.008836524300441826
4 0.008836524300441826
0 0.008836524300441826
9 0.007363770250368188
8 0.007363770250368188
3 0.007363770250368188
2 0.007363770250368188
1 0.007363770250368188
doc : 13
6 0.924496644295302
9 0.008389261744966443
8 0.008389261744966443
7 0.008389261744966443
5 0.008389261744966443
4 0.008389261744966443
3 0.008389261744966443
2 0.008389261744966443
1 0.008389261744966443
0 0.008389261744966443
doc : 14
6 0.9309309309309309
8 0.009009009009009009
9 0.0075075075075075074
7 0.0075075075075075074
5 0.0075075075075075074
4 0.0075075075075075074
3 0.0075075075075075074
2 0.0075075075075075074
1 0.0075075075075075074
0 0.0075075075075075074
doc : 15
6 0.9212730318257957
8 0.01172529313232831
9 0.008375209380234505
7 0.008375209380234505
5 0.008375209380234505
4 0.008375209380234505
3 0.008375209380234505
2 0.008375209380234505
1 0.008375209380234505
0 0.008375209380234505
doc : 16
6 0.9323529411764706
8 0.008823529411764706
9 0.007352941176470588
7 0.007352941176470588
5 0.007352941176470588
4 0.007352941176470588
3 0.007352941176470588
2 0.007352941176470588
1 0.007352941176470588
0 0.007352941176470588
doc : 17
3 0.41379310344827586
2 0.09655172413793103
6 0.0896551724137931
9 0.08275862068965517
4 0.07586206896551724
7 0.06206896551724138
8 0.04827586206896552
5 0.04827586206896552
0 0.04827586206896552
1 0.034482758620689655
doc : 18
8 0.979426599415981
9 0.006902044066896735
6 0.0034510220334483675
3 0.002123705866737457
0 0.0017255110167241838
5 0.0014600477833820018
2 0.0014600477833820018
4 0.0013273161667109105
7 0.0010618529333687285
1 0.0010618529333687285
doc : 19
7 0.607790663098424
9 0.24264049955396966
5 0.04549509366636931
1 0.02943800178412132
4 0.022896223609872136
2 0.01590841510556051
3 0.012488849241748437
0 0.009961344038061254
8 0.007731192387749033
6 0.005649717514124294
doc : 20
2 0.6075968992248062
9 0.23550387596899225
7 0.042015503875968994
5 0.03348837209302326
3 0.022790697674418606
1 0.02248062015503876
0 0.015968992248062017
4 0.010232558139534885
6 0.006046511627906977
8 0.0038759689922480624
doc : 21
3 0.4525660964230171
9 0.3161741835147745
1 0.07993779160186625
5 0.046500777604976666
7 0.04385692068429237
2 0.018040435458786936
4 0.017884914463452566
0 0.010730948678071539
8 0.007620528771384136
6 0.006687402799377916
doc : 22
0 0.392440073755378
9 0.32590657652120464
2 0.08005531653349723
5 0.04440688383527965
1 0.043177627535341115
3 0.037185003073140745
4 0.032575291948371235
7 0.02796558082360172
8 0.009987707437000613
6 0.006299938537185003
doc : 23
4 0.4361327826219979
9 0.2704604558666055
7 0.09316200091785223
2 0.07358115343429708
5 0.03992657182193667
1 0.03319565549946459
0 0.026770689918923056
3 0.018051093773902405
8 0.005048187241854062
6 0.0036714089031665903
doc : 24
5 0.5654241448074858
9 0.276576161988035
1 0.043104770670348215
7 0.028992176714219973
0 0.021475686454977758
3 0.01871452676790919
4 0.017487344684767602
2 0.016260162601626015
6 0.006749501457278723
8 0.005215523853351741
doc : 25
4 0.35506003430531735
9 0.34430063932636834
5 0.10135661936691097
2 0.050678309683455484
7 0.041010447528457825
1 0.04007484796507095
0 0.03742398253547482
3 0.017308591922657105
6 0.009355995633868705
8 0.0034305317324185253
doc : 26
1 0.5355428914217156
9 0.29409118176364724
2 0.043941211757648466
3 0.04079184163167366
7 0.029694061187762445
5 0.017846430713857227
0 0.011397720455908818
6 0.011097780443911217
8 0.010197960407918415
4 0.005398920215956808
doc : 27
0 0.40726947713391926
9 0.2778191568598242
7 0.06748100700134069
5 0.05556383137196485
4 0.055414866676597646
3 0.05213764337851929
2 0.04230597348428423
1 0.028601221510502012
6 0.010725458066438254
8 0.0026813645166095636
