doc : 0
6 0.9321685508735869
5 0.010277492291880781
0 0.009249743062692703
4 0.008221993833504625
3 0.008221993833504625
1 0.007194244604316547
9 0.006166495375128469
8 0.006166495375128469
7 0.006166495375128469
2 0.006166495375128469
doc : 1
3 0.2755905511811024
2 0.12598425196850394
0 0.11023622047244094
1 0.10236220472440945
4 0.08661417322834646
8 0.07874015748031496
9 0.06299212598425197
5 0.06299212598425197
7 0.05511811023622047
6 0.03937007874015748
doc : 2
0 0.6566265060240964
5 0.05421686746987952
7 0.042168674698795185
3 0.042168674698795185
1 0.042168674698795185
8 0.03614457831325302
4 0.03614457831325302
9 0.030120481927710843
6 0.030120481927710843
2 0.030120481927710843
doc : 3
0 0.6402439024390244
5 0.06707317073170732
3 0.042682926829268296
1 0.042682926829268296
9 0.03658536585365854
8 0.03658536585365854
7 0.03658536585365854
2 0.03658536585365854
6 0.03048780487804878
4 0.03048780487804878
doc : 4
0 0.6608187134502923
7 0.04678362573099415
6 0.04678362573099415
3 0.04093567251461988
1 0.04093567251461988
8 0.03508771929824561
5 0.03508771929824561
2 0.03508771929824561
9 0.029239766081871343
4 0.029239766081871343
doc : 5
0 0.6686046511627907
5 0.06976744186046512
3 0.040697674418604654
1 0.040697674418604654
8 0.03488372093023256
9 0.029069767441860465
7 0.029069767441860465
6 0.029069767441860465
4 0.029069767441860465
2 0.029069767441860465
doc : 6
0 0.6358024691358024
5 0.04938271604938271
8 0.043209876543209874
3 0.043209876543209874
2 0.043209876543209874
1 0.043209876543209874
9 0.037037037037037035
7 0.037037037037037035
4 0.037037037037037035
6 0.030864197530864196
doc : 7
0 0.6687500000000001
3 0.05
1 0.05
7 0.037500000000000006
2 0.037500000000000006
9 0.03125
8 0.03125
6 0.03125
5 0.03125
4 0.03125
doc : 8
3 0.1970802919708029
8 0.1897810218978102
2 0.1386861313868613
0 0.1094890510948905
7 0.072992700729927
1 0.072992700729927
5 0.06569343065693431
9 0.058394160583941604
6 0.051094890510948905
4 0.043795620437956206
doc : 9
8 0.4736842105263158
0 0.0931174089068826
1 0.08906882591093118
2 0.0728744939271255
6 0.06072874493927126
7 0.048582995951417005
4 0.048582995951417005
9 0.04453441295546559
3 0.03643724696356275
5 0.032388663967611336
doc : 10
5 0.6966292134831461
8 0.07303370786516854
3 0.04868913857677903
1 0.04868913857677903
0 0.031835205992509365
9 0.026217228464419477
6 0.02247191011235955
4 0.02247191011235955
7 0.016853932584269662
2 0.013108614232209739
doc : 11
6 0.9373072970195273
0 0.009249743062692703
9 0.008221993833504625
4 0.008221993833504625
2 0.007194244604316547
8 0.006166495375128469
7 0.006166495375128469
5 0.006166495375128469
1 0.006166495375128469
3 0.0051387461459403904
doc : 12
0 0.68125
3 0.043750000000000004
1 0.043750000000000004
8 0.037500000000000006
2 0.037500000000000006
9 0.03125
7 0.03125
6 0.03125
5 0.03125
4 0.03125
doc : 13
0 0.6604938271604938
7 0.05555555555555555
3 0.043209876543209874
1 0.043209876543209874
5 0.037037037037037035
2 0.037037037037037035
9 0.030864197530864196
8 0.030864197530864196
6 0.030864197530864196
4 0.030864197530864196
doc : 14
0 0.6024096385542169
4 0.060240963855421686
3 0.04819277108433735
2 0.04819277108433735
1 0.04819277108433735
9 0.042168674698795185
8 0.042168674698795185
7 0.03614457831325302
6 0.03614457831325302
5 0.03614457831325302
doc : 15
0 0.6790123456790123
3 0.043209876543209874
1 0.043209876543209874
9 0.037037037037037035
7 0.037037037037037035
5 0.037037037037037035
8 0.030864197530864196
6 0.030864197530864196
4 0.030864197530864196
2 0.030864197530864196
doc : 16
0 0.68
7 0.05142857142857143
1 0.045714285714285714
3 0.04
8 0.03428571428571429
4 0.03428571428571429
9 0.02857142857142857
6 0.02857142857142857
5 0.02857142857142857
2 0.02857142857142857
doc : 17
9 0.6130434782608696
7 0.15434782608695652
0 0.08695652173913043
1 0.030434782608695653
6 0.02391304347826087
3 0.02391304347826087
5 0.021739130434782608
8 0.017391304347826087
2 0.015217391304347827
4 0.013043478260869566
doc : 18
3 0.2789115646258503
0 0.1564625850340136
8 0.11564625850340135
5 0.10884353741496598
7 0.07482993197278912
2 0.06802721088435373
9 0.05442176870748299
4 0.05442176870748299
6 0.047619047619047616
1 0.04081632653061224
doc : 19
1 0.8412698412698412
3 0.026455026455026454
0 0.021164021164021163
8 0.018518518518518517
2 0.018518518518518517
9 0.015873015873015872
6 0.015873015873015872
5 0.015873015873015872
7 0.013227513227513227
4 0.013227513227513227
doc : 20
1 0.869718309859155
3 0.029929577464788734
8 0.017605633802816902
0 0.01584507042253521
9 0.012323943661971832
2 0.012323943661971832
7 0.01056338028169014
6 0.01056338028169014
5 0.01056338028169014
4 0.01056338028169014
doc : 21
5 0.6628571428571428
0 0.06857142857142857
1 0.06285714285714286
9 0.03428571428571429
8 0.02857142857142857
7 0.02857142857142857
6 0.02857142857142857
4 0.02857142857142857
3 0.02857142857142857
2 0.02857142857142857
doc : 22
6 0.933196300102775
7 0.008221993833504625
4 0.008221993833504625
2 0.008221993833504625
9 0.007194244604316547
8 0.007194244604316547
5 0.007194244604316547
3 0.007194244604316547
0 0.007194244604316547
1 0.006166495375128469
doc : 23
8 0.5476190476190477
5 0.24285714285714288
3 0.05238095238095239
7 0.028571428571428574
2 0.028571428571428574
0 0.026190476190476195
6 0.02380952380952381
4 0.01904761904761905
1 0.01904761904761905
9 0.011904761904761906
doc : 24
5 0.4657534246575342
7 0.1095890410958904
4 0.08904109589041095
3 0.06164383561643835
9 0.0547945205479452
0 0.0547945205479452
8 0.04794520547945205
6 0.0410958904109589
1 0.0410958904109589
2 0.03424657534246575
doc : 25
5 0.526829268292683
1 0.22926829268292684
0 0.04878048780487805
9 0.03414634146341464
4 0.029268292682926828
3 0.029268292682926828
2 0.029268292682926828
8 0.024390243902439025
7 0.024390243902439025
6 0.024390243902439025
doc : 26
5 0.7037037037037037
1 0.042328042328042326
0 0.042328042328042326
9 0.037037037037037035
7 0.031746031746031744
6 0.031746031746031744
2 0.031746031746031744
8 0.026455026455026454
4 0.026455026455026454
3 0.026455026455026454
doc : 27
5 0.7128205128205128
1 0.05128205128205128
9 0.035897435897435895
4 0.035897435897435895
2 0.035897435897435895
8 0.02564102564102564
7 0.02564102564102564
6 0.02564102564102564
3 0.02564102564102564
0 0.02564102564102564
doc : 28
5 0.6666666666666666
1 0.05847953216374269
0 0.05847953216374269
7 0.03508771929824561
4 0.03508771929824561
9 0.029239766081871343
8 0.029239766081871343
6 0.029239766081871343
3 0.029239766081871343
2 0.029239766081871343
doc : 29
4 0.9089848308051341
5 0.01983663943990665
3 0.015169194865810967
2 0.010501750291715285
7 0.009334889148191364
1 0.009334889148191364
0 0.008168028004667444
8 0.007001166861143523
9 0.005834305717619602
6 0.005834305717619602
doc : 30
1 0.8706739526411658
3 0.03642987249544627
7 0.014571948998178506
0 0.014571948998178506
9 0.012750455373406192
6 0.01092896174863388
5 0.01092896174863388
2 0.01092896174863388
8 0.009107468123861567
4 0.009107468123861567
doc : 31
3 0.8211091234347049
9 0.03398926654740608
2 0.03041144901610018
0 0.023255813953488372
6 0.021466905187835422
8 0.01967799642218247
1 0.014311270125223614
7 0.012522361359570662
5 0.012522361359570662
4 0.010733452593917711
doc : 32
6 0.9321685508735869
5 0.01644398766700925
8 0.007194244604316547
7 0.007194244604316547
3 0.007194244604316547
0 0.007194244604316547
4 0.006166495375128469
2 0.006166495375128469
9 0.0051387461459403904
1 0.0051387461459403904
doc : 33
5 0.7230769230769231
3 0.035897435897435895
0 0.035897435897435895
9 0.03076923076923077
8 0.03076923076923077
7 0.03076923076923077
4 0.03076923076923077
2 0.03076923076923077
6 0.02564102564102564
1 0.02564102564102564
doc : 34
9 0.6373626373626373
7 0.12967032967032968
0 0.07912087912087912
1 0.03736263736263736
5 0.02857142857142857
3 0.026373626373626374
8 0.015384615384615385
6 0.015384615384615385
4 0.015384615384615385
2 0.015384615384615385
doc : 35
3 0.140625
5 0.125
1 0.125
2 0.109375
8 0.09375
4 0.09375
9 0.078125
7 0.078125
6 0.078125
0 0.078125
doc : 36
3 0.5490196078431373
4 0.33333333333333337
9 0.03104575163398693
0 0.0196078431372549
8 0.013071895424836602
2 0.013071895424836602
7 0.011437908496732027
6 0.011437908496732027
1 0.00980392156862745
5 0.008169934640522876
doc : 37
5 0.7194570135746607
1 0.04524886877828055
7 0.03619909502262444
3 0.03619909502262444
6 0.031674208144796386
0 0.031674208144796386
9 0.027149321266968326
4 0.027149321266968326
8 0.022624434389140274
2 0.022624434389140274
doc : 38
5 0.7322175732217573
4 0.046025104602510455
8 0.03347280334728033
1 0.03347280334728033
3 0.02928870292887029
9 0.025104602510460247
7 0.025104602510460247
6 0.025104602510460247
2 0.025104602510460247
0 0.025104602510460247
doc : 39
7 0.6252983293556086
0 0.15274463007159905
5 0.04534606205250597
8 0.03818615751789976
2 0.03341288782816229
4 0.023866348448687354
3 0.023866348448687354
1 0.021479713603818618
6 0.01909307875894988
9 0.016706443914081145
doc : 40
7 0.664367816091954
0 0.11954022988505747
6 0.03908045977011494
5 0.03908045977011494
8 0.03218390804597701
9 0.027586206896551724
2 0.02528735632183908
3 0.020689655172413793
4 0.016091954022988506
1 0.016091954022988506
doc : 41
8 0.7732997481108312
3 0.055415617128463476
0 0.055415617128463476
7 0.025188916876574305
9 0.017632241813602016
5 0.017632241813602016
2 0.017632241813602016
6 0.012594458438287152
4 0.012594458438287152
1 0.012594458438287152
doc : 42
8 0.3434343434343435
3 0.10101010101010102
2 0.10101010101010102
7 0.08080808080808081
6 0.07070707070707072
5 0.07070707070707072
4 0.06060606060606061
1 0.06060606060606061
0 0.06060606060606061
9 0.05050505050505051
doc : 43
6 0.9321685508735869
0 0.010277492291880781
5 0.009249743062692703
3 0.009249743062692703
2 0.009249743062692703
7 0.008221993833504625
9 0.006166495375128469
8 0.0051387461459403904
4 0.0051387461459403904
1 0.0051387461459403904
doc : 44
9 0.3308270676691729
4 0.14285714285714285
2 0.10526315789473684
8 0.08270676691729323
0 0.07518796992481203
7 0.06015037593984962
6 0.05263157894736842
5 0.05263157894736842
1 0.05263157894736842
3 0.045112781954887216
doc : 45
2 0.8625954198473282
3 0.03969465648854962
5 0.015267175572519083
7 0.013740458015267175
8 0.012213740458015267
4 0.012213740458015267
1 0.012213740458015267
0 0.012213740458015267
9 0.010687022900763359
6 0.00916030534351145
doc : 46
2 0.854251012145749
0 0.032388663967611336
7 0.020242914979757085
3 0.018218623481781375
8 0.01417004048582996
4 0.01417004048582996
9 0.012145748987854251
6 0.012145748987854251
1 0.012145748987854251
5 0.010121457489878543
doc : 47
2 0.8663446054750402
3 0.027375201288244767
0 0.027375201288244767
9 0.020933977455716585
8 0.011272141706924315
7 0.011272141706924315
4 0.00966183574879227
1 0.00966183574879227
6 0.008051529790660225
5 0.008051529790660225
doc : 48
7 0.7673758865248227
2 0.05106382978723405
0 0.05106382978723405
6 0.03829787234042553
3 0.024113475177304965
8 0.019858156028368795
5 0.015602836879432626
9 0.012765957446808512
1 0.011347517730496455
4 0.00851063829787234
doc : 49
9 0.7028846153846154
3 0.19230769230769232
2 0.03653846153846154
0 0.021153846153846155
8 0.008653846153846154
5 0.008653846153846154
1 0.008653846153846154
7 0.007692307692307693
6 0.006730769230769231
4 0.006730769230769231
