doc : 0
1 0.4195804195804196
2 0.14685314685314685
6 0.09090909090909091
9 0.08391608391608392
3 0.06293706293706294
4 0.04895104895104895
8 0.04195804195804196
7 0.03496503496503497
5 0.03496503496503497
0 0.03496503496503497
doc : 1
9 0.5833333333333334
1 0.1774193548387097
2 0.051075268817204304
6 0.040322580645161296
7 0.02688172043010753
4 0.02688172043010753
0 0.02688172043010753
8 0.024193548387096777
5 0.021505376344086023
3 0.021505376344086023
doc : 2
1 0.8184931506849314
9 0.0273972602739726
3 0.0273972602739726
4 0.02054794520547945
2 0.02054794520547945
8 0.017123287671232876
7 0.017123287671232876
6 0.017123287671232876
5 0.017123287671232876
0 0.017123287671232876
doc : 3
6 0.6762589928057554
1 0.1223021582733813
2 0.03237410071942446
9 0.02877697841726619
3 0.02877697841726619
8 0.025179856115107917
7 0.025179856115107917
5 0.025179856115107917
4 0.017985611510791366
0 0.017985611510791366
doc : 4
1 0.4855967078189301
2 0.09465020576131689
7 0.08641975308641976
4 0.0617283950617284
0 0.05761316872427984
6 0.05349794238683128
9 0.04938271604938272
3 0.04526748971193416
5 0.03703703703703704
8 0.02880658436213992
doc : 5
1 0.46099290780141844
2 0.0851063829787234
6 0.07801418439716312
7 0.06382978723404255
3 0.06382978723404255
4 0.05673758865248227
0 0.05673758865248227
9 0.04964539007092199
8 0.04964539007092199
5 0.035460992907801414
doc : 6
1 0.4019933554817276
9 0.31561461794019935
6 0.05647840531561462
4 0.03986710963455149
3 0.03986710963455149
2 0.03986710963455149
0 0.03986710963455149
8 0.026578073089700997
7 0.019933554817275746
5 0.019933554817275746
doc : 7
3 0.1511627906976744
6 0.13953488372093023
4 0.12790697674418605
7 0.11627906976744186
2 0.09302325581395349
5 0.08139534883720931
1 0.08139534883720931
9 0.06976744186046512
8 0.06976744186046512
0 0.06976744186046512
doc : 8
9 0.6900826446280992
1 0.09917355371900827
7 0.0371900826446281
4 0.03305785123966942
8 0.024793388429752067
6 0.024793388429752067
5 0.024793388429752067
3 0.024793388429752067
2 0.02066115702479339
0 0.02066115702479339
doc : 9
9 0.6446280991735538
1 0.1487603305785124
2 0.03305785123966942
4 0.028925619834710745
7 0.024793388429752067
6 0.024793388429752067
5 0.024793388429752067
3 0.024793388429752067
0 0.024793388429752067
8 0.02066115702479339
doc : 10
1 0.5508474576271186
7 0.059322033898305086
2 0.059322033898305086
8 0.05084745762711865
6 0.05084745762711865
5 0.05084745762711865
0 0.05084745762711865
9 0.0423728813559322
4 0.0423728813559322
3 0.0423728813559322
doc : 11
1 0.5655737704918034
7 0.05737704918032787
5 0.05737704918032787
4 0.05737704918032787
6 0.04918032786885246
3 0.04918032786885246
9 0.04098360655737705
8 0.04098360655737705
2 0.04098360655737705
0 0.04098360655737705
doc : 12
1 0.5573770491803279
7 0.06557377049180328
2 0.05737704918032787
9 0.04918032786885246
8 0.04918032786885246
6 0.04918032786885246
3 0.04918032786885246
5 0.04098360655737705
4 0.04098360655737705
0 0.04098360655737705
doc : 13
1 0.8029739776951672
4 0.03345724907063197
6 0.026022304832713755
2 0.022304832713754646
0 0.022304832713754646
9 0.018587360594795536
8 0.018587360594795536
7 0.018587360594795536
5 0.018587360594795536
3 0.018587360594795536
doc : 14
1 0.8338658146964856
3 0.022364217252396165
9 0.019169329073482427
8 0.019169329073482427
6 0.019169329073482427
4 0.019169329073482427
0 0.019169329073482427
7 0.01597444089456869
5 0.01597444089456869
2 0.01597444089456869
doc : 15
1 0.8431952662721893
3 0.026627218934911243
9 0.01775147928994083
7 0.01775147928994083
2 0.01775147928994083
0 0.01775147928994083
8 0.014792899408284023
6 0.014792899408284023
5 0.014792899408284023
4 0.014792899408284023
doc : 16
4 0.18604651162790697
6 0.16279069767441862
7 0.10465116279069767
2 0.10465116279069767
3 0.09302325581395349
8 0.08139534883720931
5 0.08139534883720931
9 0.06976744186046512
1 0.05813953488372093
0 0.05813953488372093
doc : 17
1 0.4659863945578231
9 0.15986394557823128
6 0.11224489795918367
2 0.08503401360544217
7 0.05102040816326531
4 0.030612244897959183
8 0.023809523809523808
5 0.023809523809523808
3 0.023809523809523808
0 0.023809523809523808
doc : 18
2 0.7565872020075282
1 0.06148055207026348
6 0.04893350062735257
9 0.028858218318695103
7 0.02760351317440401
8 0.020075282308657464
3 0.01631116687578419
4 0.015056461731493099
5 0.013801756587202006
0 0.011292346298619823
doc : 19
9 0.1
8 0.1
7 0.1
6 0.1
5 0.1
4 0.1
3 0.1
2 0.1
1 0.1
0 0.1
doc : 20
4 0.9161147902869757
9 0.013245033112582781
6 0.012141280353200883
0 0.012141280353200883
3 0.011037527593818985
7 0.007726269315673289
2 0.007726269315673289
1 0.007726269315673289
5 0.006622516556291391
8 0.005518763796909493
doc : 21
4 0.8348017621145375
1 0.024229074889867842
2 0.022026431718061675
7 0.019823788546255508
9 0.01762114537444934
6 0.01762114537444934
5 0.01762114537444934
3 0.01762114537444934
8 0.015418502202643174
0 0.013215859030837006
doc : 22
1 0.43902439024390244
2 0.07317073170731708
9 0.06097560975609756
8 0.06097560975609756
7 0.06097560975609756
6 0.06097560975609756
5 0.06097560975609756
4 0.06097560975609756
3 0.06097560975609756
0 0.06097560975609756
doc : 23
4 0.18604651162790697
7 0.12790697674418605
6 0.12790697674418605
8 0.11627906976744186
3 0.09302325581395349
2 0.08139534883720931
0 0.08139534883720931
9 0.06976744186046512
5 0.05813953488372093
1 0.05813953488372093
doc : 24
7 0.7694524495677233
4 0.08357348703170028
3 0.02881844380403458
1 0.024495677233429394
2 0.021613832853025934
6 0.018731988472622477
9 0.01585014409221902
0 0.01585014409221902
8 0.01440922190201729
5 0.007204610951008645
doc : 25
1 0.6832298136645963
3 0.07660455486542443
2 0.053830227743271224
9 0.04761904761904762
7 0.04761904761904762
5 0.02484472049689441
4 0.020703933747412008
0 0.020703933747412008
8 0.012422360248447206
6 0.012422360248447206
doc : 26
2 0.30246913580246915
1 0.2345679012345679
6 0.08024691358024691
8 0.07407407407407407
7 0.07407407407407407
3 0.07407407407407407
9 0.04938271604938271
5 0.043209876543209874
0 0.037037037037037035
4 0.030864197530864196
doc : 27
8 0.4735812133072407
6 0.436399217221135
2 0.015655577299412915
0 0.0136986301369863
5 0.011741682974559686
9 0.009784735812133072
7 0.009784735812133072
4 0.009784735812133072
3 0.009784735812133072
1 0.009784735812133072
doc : 28
9 0.7948717948717948
2 0.052307692307692305
4 0.038974358974358976
1 0.026666666666666665
6 0.02358974358974359
8 0.019487179487179488
3 0.012307692307692308
7 0.011282051282051283
5 0.011282051282051283
0 0.00923076923076923
doc : 29
6 0.8560606060606062
5 0.030303030303030304
0 0.01767676767676768
9 0.015151515151515152
8 0.015151515151515152
1 0.015151515151515152
7 0.012626262626262628
4 0.012626262626262628
3 0.012626262626262628
2 0.012626262626262628
doc : 30
6 0.8585858585858587
5 0.02777777777777778
0 0.01767676767676768
8 0.015151515151515152
4 0.015151515151515152
2 0.015151515151515152
9 0.012626262626262628
7 0.012626262626262628
3 0.012626262626262628
1 0.012626262626262628
doc : 31
6 0.8877887788778878
5 0.018151815181518153
1 0.018151815181518153
3 0.01485148514851485
8 0.011551155115511552
4 0.011551155115511552
2 0.011551155115511552
7 0.009900990099009901
9 0.00825082508250825
0 0.00825082508250825
doc : 32
8 0.5845272206303724
6 0.3424068767908309
2 0.011461318051575931
0 0.011461318051575931
7 0.008595988538681949
5 0.008595988538681949
4 0.008595988538681949
3 0.008595988538681949
1 0.008595988538681949
9 0.007163323782234957
doc : 33
9 0.5878284923928078
6 0.33748271092669435
2 0.013831258644536654
8 0.011065006915629323
3 0.009681881051175657
0 0.009681881051175657
5 0.008298755186721992
4 0.008298755186721992
7 0.006915629322268327
1 0.006915629322268327
doc : 34
6 0.8942953020134228
4 0.015100671140939596
7 0.013422818791946308
5 0.013422818791946308
2 0.013422818791946308
1 0.013422818791946308
3 0.010067114093959731
0 0.010067114093959731
9 0.008389261744966443
8 0.008389261744966443
doc : 35
5 0.6765015806111696
6 0.273972602739726
9 0.0073761854583772385
7 0.0073761854583772385
0 0.0073761854583772385
3 0.006322444678609061
8 0.005268703898840885
4 0.005268703898840885
2 0.005268703898840885
1 0.005268703898840885
doc : 36
2 0.7645161290322581
1 0.05806451612903226
9 0.03225806451612903
7 0.025806451612903226
5 0.02258064516129032
3 0.02258064516129032
8 0.01935483870967742
6 0.01935483870967742
4 0.01935483870967742
0 0.016129032258064516
doc : 37
7 0.8377028714107366
2 0.03245942571785269
1 0.03245942571785269
3 0.02122347066167291
0 0.019975031210986267
8 0.01373283395755306
4 0.01373283395755306
9 0.009987515605493134
6 0.009987515605493134
5 0.008739076154806492
doc : 38
3 0.8706338939197931
4 0.027166882276843468
6 0.01940491591203105
5 0.01811125485122898
1 0.014230271668822769
9 0.01164294954721863
2 0.01164294954721863
7 0.01034928848641656
0 0.00905562742561449
8 0.00776196636481242
doc : 39
1 0.446078431372549
2 0.1568627450980392
7 0.08333333333333333
4 0.06862745098039216
9 0.05392156862745098
3 0.049019607843137254
6 0.0392156862745098
8 0.03431372549019608
5 0.03431372549019608
0 0.03431372549019608
doc : 40
8 0.6019830028328612
6 0.3271954674220963
9 0.009915014164305949
4 0.009915014164305949
3 0.009915014164305949
7 0.0084985835694051
5 0.0084985835694051
2 0.0084985835694051
0 0.0084985835694051
1 0.007082152974504249
doc : 41
0 0.7522361359570662
6 0.2039355992844365
9 0.008050089445438283
2 0.006261180679785331
8 0.0053667262969588556
5 0.0053667262969588556
4 0.0053667262969588556
7 0.004472271914132379
3 0.004472271914132379
1 0.004472271914132379
doc : 42
3 0.7495908346972177
2 0.1342062193126023
4 0.02291325695581015
7 0.01800327332242226
5 0.016366612111292964
6 0.014729950900163666
9 0.01309328968903437
0 0.01309328968903437
8 0.009819967266775777
1 0.008183306055646482
doc : 43
3 0.8972431077694235
4 0.041979949874686714
2 0.022556390977443608
6 0.008145363408521303
0 0.006892230576441102
9 0.005639097744360902
7 0.005639097744360902
8 0.0043859649122807015
5 0.0037593984962406013
1 0.0037593984962406013
doc : 44
7 0.7804232804232804
1 0.04497354497354497
4 0.031746031746031744
6 0.0291005291005291
9 0.023809523809523808
2 0.023809523809523808
3 0.021164021164021163
8 0.018518518518518517
5 0.013227513227513227
0 0.013227513227513227
doc : 45
1 0.38256658595641646
9 0.26634382566585957
7 0.0774818401937046
6 0.07021791767554479
2 0.05811138014527845
8 0.04600484261501211
4 0.031476997578692496
0 0.029055690072639227
5 0.02421307506053269
3 0.014527845036319613
doc : 46
2 0.808695652173913
1 0.03768115942028986
7 0.028985507246376812
9 0.020289855072463767
5 0.020289855072463767
4 0.020289855072463767
3 0.017391304347826087
0 0.017391304347826087
8 0.014492753623188406
6 0.014492753623188406
doc : 47
2 0.736111111111111
1 0.06597222222222222
9 0.027777777777777776
7 0.027777777777777776
6 0.027777777777777776
3 0.027777777777777776
0 0.024305555555555552
8 0.020833333333333332
5 0.020833333333333332
4 0.020833333333333332
doc : 48
2 0.8129175946547884
1 0.035634743875278395
7 0.028953229398663696
4 0.022271714922048998
9 0.017817371937639197
8 0.017817371937639197
3 0.017817371937639197
0 0.017817371937639197
5 0.015590200445434297
6 0.013363028953229397
doc : 49
5 0.6558441558441559
0 0.061688311688311695
8 0.05844155844155845
4 0.053571428571428575
7 0.04383116883116883
1 0.04383116883116883
6 0.022727272727272728
3 0.022727272727272728
9 0.021103896103896104
2 0.016233766233766236
