doc : 0
5 0.9621212121212122
1 0.006198347107438017
4 0.005509641873278237
9 0.004132231404958678
2 0.004132231404958678
0 0.004132231404958678
8 0.003443526170798898
7 0.003443526170798898
6 0.003443526170798898
3 0.003443526170798898
doc : 1
7 0.33333333333333337
4 0.10476190476190478
3 0.10476190476190478
1 0.08571428571428572
9 0.0761904761904762
2 0.06666666666666668
0 0.06666666666666668
6 0.05714285714285715
5 0.05714285714285715
8 0.04761904761904762
doc : 2
1 0.2716049382716049
7 0.14814814814814814
8 0.1111111111111111
9 0.07407407407407407
3 0.07407407407407407
2 0.07407407407407407
6 0.06172839506172839
5 0.06172839506172839
4 0.06172839506172839
0 0.06172839506172839
doc : 3
1 0.7086092715231788
9 0.046357615894039736
2 0.04304635761589404
6 0.039735099337748346
7 0.033112582781456956
8 0.026490066225165563
5 0.026490066225165563
4 0.026490066225165563
0 0.026490066225165563
3 0.023178807947019868
doc : 4
1 0.8535353535353535
9 0.025252525252525252
0 0.02356902356902357
8 0.021885521885521883
7 0.01515151515151515
3 0.01515151515151515
6 0.013468013468013467
4 0.011784511784511785
5 0.0101010101010101
2 0.0101010101010101
doc : 5
1 0.6491228070175439
7 0.05847953216374269
9 0.04093567251461988
8 0.04093567251461988
5 0.04093567251461988
0 0.04093567251461988
6 0.03508771929824561
3 0.03508771929824561
4 0.029239766081871343
2 0.029239766081871343
doc : 6
1 0.3507692307692308
0 0.26153846153846155
4 0.11692307692307692
3 0.06153846153846154
5 0.052307692307692305
7 0.04923076923076923
2 0.033846153846153845
6 0.027692307692307693
8 0.024615384615384615
9 0.021538461538461538
doc : 7
1 0.4263322884012539
7 0.3667711598746081
8 0.03134796238244514
6 0.03134796238244514
9 0.028213166144200625
5 0.028213166144200625
2 0.028213166144200625
3 0.0219435736677116
0 0.0219435736677116
4 0.01567398119122257
doc : 8
1 0.4382022471910112
7 0.12359550561797752
8 0.07303370786516854
3 0.06741573033707865
0 0.06741573033707865
9 0.06179775280898876
4 0.05056179775280899
6 0.0449438202247191
5 0.03932584269662921
2 0.033707865168539325
doc : 9
4 0.20238095238095238
1 0.11904761904761904
2 0.10714285714285714
7 0.09523809523809523
3 0.09523809523809523
0 0.09523809523809523
5 0.08333333333333333
8 0.07142857142857142
6 0.07142857142857142
9 0.05952380952380952
doc : 10
9 0.1
8 0.1
7 0.1
6 0.1
5 0.1
4 0.1
3 0.1
2 0.1
1 0.1
0 0.1
doc : 11
4 0.6919315403422982
1 0.1393643031784841
0 0.05297473512632436
6 0.02526487367563162
9 0.017929910350448247
8 0.017929910350448247
7 0.017929910350448247
3 0.013854930725346373
5 0.012224938875305623
2 0.010594947025264874
doc : 12
5 0.9655647382920111
8 0.004132231404958678
7 0.004132231404958678
3 0.004132231404958678
2 0.004132231404958678
0 0.004132231404958678
9 0.003443526170798898
6 0.003443526170798898
4 0.003443526170798898
1 0.003443526170798898
doc : 13
7 0.3523809523809524
1 0.1142857142857143
4 0.09523809523809525
8 0.0761904761904762
3 0.0761904761904762
0 0.06666666666666668
9 0.05714285714285715
6 0.05714285714285715
2 0.05714285714285715
5 0.04761904761904762
doc : 14
1 0.3944223107569721
9 0.099601593625498
4 0.099601593625498
0 0.099601593625498
6 0.07569721115537849
7 0.07171314741035856
3 0.07171314741035856
2 0.03187250996015936
8 0.027888446215139442
5 0.027888446215139442
doc : 15
2 0.8988095238095237
6 0.025297619047619048
9 0.01488095238095238
3 0.011904761904761904
1 0.010416666666666666
7 0.008928571428571428
8 0.00744047619047619
5 0.00744047619047619
4 0.00744047619047619
0 0.00744047619047619
doc : 16
9 0.5633802816901409
2 0.24413145539906103
3 0.05868544600938967
6 0.03286384976525822
7 0.025821596244131457
4 0.018779342723004695
0 0.01643192488262911
8 0.014084507042253521
5 0.014084507042253521
1 0.011737089201877934
doc : 17
2 0.41114982578397213
9 0.21602787456445993
6 0.14634146341463414
3 0.0627177700348432
8 0.03832752613240418
0 0.0313588850174216
4 0.027874564459930314
7 0.024390243902439025
1 0.024390243902439025
5 0.017421602787456445
doc : 18
2 0.5771812080536912
1 0.06711409395973154
9 0.053691275167785234
8 0.053691275167785234
6 0.053691275167785234
3 0.04697986577181208
5 0.040268456375838924
0 0.040268456375838924
7 0.03355704697986577
4 0.03355704697986577
doc : 19
2 0.5695364238410596
3 0.07947019867549669
0 0.059602649006622516
9 0.046357615894039736
7 0.046357615894039736
1 0.046357615894039736
8 0.039735099337748346
6 0.039735099337748346
4 0.039735099337748346
5 0.033112582781456956
doc : 20
2 0.46715328467153283
6 0.1094890510948905
9 0.06569343065693431
3 0.058394160583941604
1 0.058394160583941604
0 0.058394160583941604
4 0.051094890510948905
8 0.043795620437956206
7 0.043795620437956206
5 0.043795620437956206
doc : 21
9 0.8405172413793104
6 0.04597701149425287
1 0.018678160919540228
4 0.017241379310344827
3 0.017241379310344827
0 0.017241379310344827
2 0.01293103448275862
8 0.011494252873563218
5 0.011494252873563218
7 0.007183908045977011
doc : 22
7 0.5414847161572052
1 0.10043668122270742
4 0.08733624454148471
0 0.08733624454148471
9 0.034934497816593885
8 0.034934497816593885
3 0.034934497816593885
6 0.026200873362445413
5 0.026200873362445413
2 0.026200873362445413
doc : 23
6 0.7855072463768116
2 0.06086956521739131
3 0.026086956521739132
9 0.02318840579710145
1 0.02318840579710145
8 0.020289855072463767
0 0.017391304347826087
7 0.014492753623188406
5 0.014492753623188406
4 0.014492753623188406
doc : 24
5 0.9641873278236914
4 0.0048209366391184574
3 0.0048209366391184574
8 0.004132231404958678
2 0.004132231404958678
0 0.004132231404958678
9 0.003443526170798898
7 0.003443526170798898
6 0.003443526170798898
1 0.003443526170798898
doc : 25
4 0.8720748829953199
8 0.0327613104524181
9 0.0171606864274571
2 0.015600624024960999
0 0.014040561622464899
6 0.0109204368174727
7 0.0093603744149766
5 0.0093603744149766
3 0.0093603744149766
1 0.0093603744149766
doc : 26
4 0.8536585365853658
8 0.041158536585365856
9 0.01676829268292683
0 0.01676829268292683
3 0.01524390243902439
1 0.013719512195121951
7 0.012195121951219513
2 0.012195121951219513
6 0.010670731707317074
5 0.007621951219512195
doc : 27
4 0.8680203045685279
8 0.050761421319796954
0 0.024111675126903553
9 0.011421319796954314
2 0.01015228426395939
3 0.008883248730964466
6 0.0076142131979695426
7 0.006345177664974619
5 0.006345177664974619
1 0.006345177664974619
doc : 28
7 0.5233160621761658
1 0.11398963730569948
0 0.08808290155440415
4 0.08290155440414508
9 0.04145077720207254
5 0.036269430051813475
8 0.031088082901554404
6 0.031088082901554404
3 0.02590673575129534
2 0.02590673575129534
doc : 29
2 0.47517730496453897
9 0.09929078014184398
6 0.0851063829787234
3 0.06382978723404255
1 0.06382978723404255
7 0.04964539007092199
8 0.0425531914893617
5 0.0425531914893617
4 0.0425531914893617
0 0.035460992907801414
doc : 30
2 0.8970588235294118
4 0.01911764705882353
6 0.01764705882352941
9 0.013235294117647059
8 0.010294117647058823
0 0.010294117647058823
7 0.008823529411764706
3 0.008823529411764706
5 0.007352941176470588
1 0.007352941176470588
doc : 31
8 0.9256308100929614
4 0.014608233731739707
2 0.010624169986719787
1 0.00796812749003984
0 0.00796812749003984
9 0.0066401062416998665
7 0.0066401062416998665
6 0.0066401062416998665
5 0.0066401062416998665
3 0.0066401062416998665
doc : 32
8 0.93125
2 0.01
4 0.00875
9 0.0075
7 0.0075
5 0.0075
3 0.0075
1 0.0075
6 0.00625
0 0.00625
doc : 33
8 0.9123505976095617
4 0.01593625498007968
0 0.014608233731739707
1 0.010624169986719787
2 0.009296148738379813
7 0.00796812749003984
6 0.00796812749003984
3 0.00796812749003984
9 0.0066401062416998665
5 0.0066401062416998665
doc : 34
9 0.5387755102040817
2 0.2326530612244898
3 0.0673469387755102
6 0.036734693877551024
0 0.03469387755102041
7 0.02448979591836735
4 0.018367346938775512
8 0.0163265306122449
1 0.0163265306122449
5 0.014285714285714287
doc : 35
5 0.9648760330578513
0 0.0048209366391184574
9 0.004132231404958678
8 0.004132231404958678
3 0.004132231404958678
1 0.004132231404958678
7 0.003443526170798898
6 0.003443526170798898
4 0.003443526170798898
2 0.003443526170798898
doc : 36
8 0.9322709163346613
1 0.009296148738379813
6 0.00796812749003984
4 0.00796812749003984
2 0.00796812749003984
0 0.00796812749003984
9 0.0066401062416998665
7 0.0066401062416998665
5 0.0066401062416998665
3 0.0066401062416998665
doc : 37
8 0.9361702127659575
3 0.010012515644555695
7 0.007509386733416772
6 0.007509386733416772
0 0.007509386733416772
9 0.006257822277847309
5 0.006257822277847309
4 0.006257822277847309
2 0.006257822277847309
1 0.006257822277847309
doc : 38
1 0.5308641975308641
9 0.11728395061728394
4 0.08333333333333333
0 0.07716049382716049
2 0.04938271604938271
8 0.046296296296296294
7 0.037037037037037035
5 0.024691358024691357
6 0.018518518518518517
3 0.015432098765432098
doc : 39
3 0.7743055555555555
6 0.041666666666666664
2 0.034722222222222224
9 0.027777777777777776
5 0.024305555555555552
8 0.020833333333333332
7 0.020833333333333332
4 0.020833333333333332
1 0.017361111111111112
0 0.017361111111111112
doc : 40
3 0.7377777777777778
9 0.04888888888888889
2 0.035555555555555556
1 0.03111111111111111
6 0.026666666666666665
5 0.026666666666666665
4 0.026666666666666665
8 0.022222222222222223
7 0.022222222222222223
0 0.022222222222222223
doc : 41
3 0.7453531598513011
0 0.05204460966542751
6 0.0483271375464684
9 0.031598513011152414
5 0.02973977695167286
8 0.0241635687732342
2 0.022304832713754646
4 0.018587360594795536
7 0.016728624535315983
1 0.011152416356877323
doc : 42
0 0.7272727272727273
4 0.150231124807396
8 0.02773497688751926
9 0.02465331278890601
1 0.01694915254237288
3 0.016178736517719568
7 0.011556240369799691
2 0.01078582434514638
6 0.007704160246533128
5 0.006933744221879815
doc : 43
6 0.7948113207547169
2 0.06132075471698113
8 0.030660377358490566
9 0.023584905660377357
3 0.018867924528301886
0 0.018867924528301886
7 0.014150943396226415
1 0.014150943396226415
5 0.011792452830188678
4 0.011792452830188678
doc : 44
6 0.7586206896551724
3 0.05459770114942529
2 0.048850574712643674
8 0.028735632183908046
1 0.02586206896551724
9 0.022988505747126436
4 0.017241379310344827
7 0.014367816091954023
5 0.014367816091954023
0 0.014367816091954023
doc : 45
5 0.9600550964187328
3 0.005509641873278237
6 0.0048209366391184574
4 0.0048209366391184574
0 0.0048209366391184574
9 0.004132231404958678
8 0.004132231404958678
7 0.004132231404958678
1 0.004132231404958678
2 0.003443526170798898
doc : 46
9 0.8400597907324365
6 0.04185351270553064
4 0.02092675635276532
1 0.017937219730941704
0 0.017937219730941704
3 0.016442451420029897
2 0.014947683109118088
8 0.01195814648729447
7 0.01046337817638266
5 0.007473841554559044
doc : 47
2 0.4577114427860696
3 0.1890547263681592
6 0.06965174129353234
8 0.05472636815920398
9 0.04975124378109452
5 0.04477611940298507
1 0.03980099502487562
0 0.03980099502487562
7 0.029850746268656716
4 0.02487562189054726
doc : 48
7 0.5
1 0.07
0 0.07
9 0.06
8 0.05
6 0.05
5 0.05
4 0.05
3 0.05
2 0.05
doc : 49
7 0.7886435331230284
6 0.03785488958990536
1 0.031545741324921134
3 0.025236593059936908
0 0.025236593059936908
9 0.022082018927444793
5 0.022082018927444793
8 0.015772870662460567
4 0.015772870662460567
2 0.015772870662460567
