doc : 0
9 0.9690562145435792
1 0.0046415678184631255
8 0.0041258380608561115
6 0.0036101083032490976
5 0.0036101083032490976
3 0.0036101083032490976
7 0.0030943785456420837
0 0.0030943785456420837
4 0.0025786487880350697
2 0.0025786487880350697
doc : 1
2 0.46511627906976744
3 0.06976744186046512
9 0.05813953488372093
8 0.05813953488372093
7 0.05813953488372093
6 0.05813953488372093
5 0.05813953488372093
4 0.05813953488372093
1 0.05813953488372093
0 0.05813953488372093
doc : 2
8 0.9826662464544594
3 0.002206114087614245
1 0.002206114087614245
0 0.002206114087614245
9 0.0018909549322407813
7 0.0018909549322407813
4 0.0018909549322407813
2 0.0018909549322407813
6 0.001575795776867318
5 0.001575795776867318
doc : 3
2 0.43023255813953487
3 0.09302325581395349
0 0.06976744186046512
9 0.05813953488372093
8 0.05813953488372093
7 0.05813953488372093
6 0.05813953488372093
5 0.05813953488372093
4 0.05813953488372093
1 0.05813953488372093
doc : 4
2 0.43023255813953487
4 0.09302325581395349
3 0.06976744186046512
9 0.05813953488372093
8 0.05813953488372093
7 0.05813953488372093
6 0.05813953488372093
5 0.05813953488372093
1 0.05813953488372093
0 0.05813953488372093
doc : 5
2 0.45348837209302323
3 0.06976744186046512
0 0.06976744186046512
9 0.05813953488372093
8 0.05813953488372093
7 0.05813953488372093
6 0.05813953488372093
5 0.05813953488372093
4 0.05813953488372093
1 0.05813953488372093
doc : 6
7 0.821656050955414
3 0.036093418259023353
0 0.03184713375796178
4 0.02335456475583864
1 0.02335456475583864
6 0.014861995753715499
5 0.014861995753715499
2 0.012738853503184714
9 0.010615711252653927
8 0.010615711252653927
doc : 7
7 0.6988636363636364
6 0.05681818181818182
9 0.048295454545454544
2 0.03977272727272727
0 0.03125
8 0.02840909090909091
1 0.02840909090909091
4 0.02556818181818182
3 0.022727272727272728
5 0.019886363636363636
doc : 8
2 0.6196078431372549
7 0.08235294117647059
4 0.06274509803921569
9 0.047058823529411764
6 0.0392156862745098
0 0.0392156862745098
1 0.03529411764705882
8 0.027450980392156862
5 0.023529411764705882
3 0.023529411764705882
doc : 9
2 0.5656108597285069
7 0.14479638009049775
4 0.05429864253393665
6 0.0497737556561086
0 0.04524886877828055
9 0.04072398190045249
3 0.031674208144796386
8 0.022624434389140274
5 0.022624434389140274
1 0.022624434389140274
doc : 10
7 0.31142857142857144
1 0.21142857142857144
0 0.15142857142857144
2 0.13714285714285715
6 0.07142857142857142
9 0.03142857142857143
4 0.03142857142857143
5 0.02
8 0.017142857142857144
3 0.017142857142857144
doc : 11
0 0.7356321839080461
7 0.12225705329153606
1 0.035527690700104496
2 0.019853709508881923
3 0.018808777429467086
4 0.017763845350052248
5 0.01671891327063741
8 0.015673981191222573
6 0.01044932079414838
9 0.007314524555903867
doc : 12
9 0.96248124062031
8 0.006003001500750374
3 0.005502751375687844
7 0.004502251125562781
4 0.004502251125562781
6 0.00400200100050025
2 0.00400200100050025
0 0.0035017508754377185
1 0.003001500750375187
5 0.0025012506253126563
doc : 13
2 0.45348837209302323
3 0.06976744186046512
1 0.06976744186046512
9 0.05813953488372093
8 0.05813953488372093
7 0.05813953488372093
6 0.05813953488372093
5 0.05813953488372093
4 0.05813953488372093
0 0.05813953488372093
doc : 14
8 0.9820570330022428
7 0.00256328099967959
2 0.002242870874719641
0 0.002242870874719641
9 0.0019224607497596922
6 0.0019224607497596922
4 0.0019224607497596922
1 0.0019224607497596922
5 0.0016020506247997437
3 0.0016020506247997437
doc : 15
1 0.5763747454175152
7 0.18940936863543786
4 0.07331975560081466
0 0.048879837067209775
9 0.0285132382892057
8 0.02036659877800407
5 0.018329938900203666
6 0.016293279022403257
3 0.01425661914460285
2 0.01425661914460285
doc : 16
7 0.7396907216494846
3 0.04381443298969072
2 0.041237113402061855
4 0.03865979381443299
0 0.03865979381443299
6 0.03350515463917526
5 0.01804123711340206
9 0.015463917525773196
8 0.015463917525773196
1 0.015463917525773196
doc : 17
5 0.6773422562141491
6 0.1132887189292543
0 0.05449330783938814
1 0.04158699808795411
4 0.0372848948374761
7 0.02820267686424474
2 0.02294455066921606
3 0.012906309751434034
8 0.009560229445506692
9 0.002390057361376673
doc : 18
2 0.5454545454545454
9 0.05454545454545454
7 0.05454545454545454
6 0.05454545454545454
3 0.05454545454545454
0 0.05454545454545454
8 0.045454545454545456
5 0.045454545454545456
4 0.045454545454545456
1 0.045454545454545456
doc : 19
2 0.509090909090909
7 0.08181818181818182
8 0.06363636363636363
4 0.06363636363636363
3 0.05454545454545454
9 0.045454545454545456
6 0.045454545454545456
5 0.045454545454545456
1 0.045454545454545456
0 0.045454545454545456
doc : 20
2 0.5363636363636364
3 0.06363636363636363
7 0.05454545454545454
6 0.05454545454545454
1 0.05454545454545454
0 0.05454545454545454
9 0.045454545454545456
8 0.045454545454545456
5 0.045454545454545456
4 0.045454545454545456
doc : 21
3 0.7060637204522097
9 0.09146968139773895
8 0.08735868448098665
6 0.022610483042137718
2 0.022610483042137718
1 0.02158273381294964
7 0.01747173689619733
4 0.01644398766700925
5 0.008221993833504625
0 0.006166495375128469
doc : 22
0 0.6148837209302326
4 0.08930232558139535
7 0.08558139534883721
3 0.051162790697674425
2 0.04279069767441861
5 0.034418604651162796
6 0.03162790697674419
9 0.019534883720930235
1 0.017674418604651163
8 0.013023255813953489
doc : 23
2 0.5991189427312776
7 0.13656387665198239
6 0.048458149779735685
9 0.039647577092511016
0 0.03524229074889868
4 0.030837004405286347
3 0.030837004405286347
1 0.030837004405286347
8 0.026431718061674013
5 0.022026431718061675
doc : 24
0 0.861794500723589
7 0.03183791606367583
6 0.02532561505065123
4 0.020260492040520984
5 0.01808972503617945
1 0.01085383502170767
9 0.010130246020260492
2 0.008683068017366135
3 0.007959479015918957
8 0.005065123010130246
doc : 25
9 0.9682051282051282
8 0.006153846153846154
3 0.004615384615384615
7 0.0041025641025641026
2 0.0035897435897435897
1 0.003076923076923077
6 0.002564102564102564
5 0.002564102564102564
4 0.002564102564102564
0 0.002564102564102564
doc : 26
3 0.38596491228070173
9 0.23057644110275688
2 0.09022556390977443
8 0.06766917293233082
7 0.06015037593984962
6 0.047619047619047616
4 0.03759398496240601
1 0.03508771929824561
0 0.02756892230576441
5 0.017543859649122806
doc : 27
8 0.9765228426395939
7 0.0038071065989847713
3 0.0038071065989847713
4 0.0031725888324873096
9 0.0028553299492385786
1 0.0025380710659898475
0 0.0022208121827411165
5 0.0019035532994923856
6 0.0015862944162436548
2 0.0015862944162436548
doc : 28
1 0.7392638036809817
4 0.06032719836400818
2 0.056237218813905934
7 0.04396728016359919
3 0.0245398773006135
6 0.022494887525562373
5 0.022494887525562373
9 0.011247443762781187
8 0.010224948875255624
0 0.009202453987730062
doc : 29
7 0.6677966101694915
6 0.06101694915254237
2 0.0576271186440678
3 0.04745762711864407
4 0.04067796610169491
5 0.03389830508474576
0 0.02711864406779661
8 0.023728813559322035
9 0.020338983050847456
1 0.020338983050847456
doc : 30
7 0.6691176470588235
0 0.058823529411764705
6 0.04779411764705882
2 0.04779411764705882
3 0.04044117647058824
8 0.029411764705882353
1 0.029411764705882353
9 0.025735294117647058
5 0.025735294117647058
4 0.025735294117647058
doc : 31
6 0.6631299734748011
7 0.0716180371352785
9 0.055702917771883284
3 0.05305039787798408
2 0.042440318302387266
4 0.03713527851458886
0 0.023872679045092837
8 0.01856763925729443
5 0.01856763925729443
1 0.015915119363395226
doc : 32
4 0.6981132075471699
3 0.08715184186882301
1 0.06918238993710692
7 0.04043126684636119
6 0.033243486073674756
2 0.022461814914645106
5 0.019766397124887692
0 0.012578616352201259
8 0.009883198562443846
9 0.0071877807726864335
doc : 33
4 0.6752827140549273
6 0.07592891760904685
1 0.06138933764135703
7 0.051696284329563816
2 0.04361873990306947
8 0.030694668820678516
3 0.0210016155088853
0 0.017770597738287562
9 0.011308562197092085
5 0.011308562197092085
doc : 34
1 0.5190058479532164
0 0.1608187134502924
7 0.11403508771929824
6 0.05263157894736842
9 0.03654970760233918
2 0.033625730994152045
3 0.03216374269005848
4 0.021929824561403508
5 0.019005847953216373
8 0.01023391812865497
doc : 35
4 0.4584139264990329
1 0.19148936170212766
7 0.16247582205029013
3 0.04642166344294004
2 0.03868471953578337
6 0.030947775628626693
5 0.025145067698259187
9 0.019342359767891684
0 0.015473887814313346
8 0.01160541586073501
doc : 36
9 0.9703324808184143
8 0.004092071611253197
4 0.004092071611253197
2 0.004092071611253197
3 0.003580562659846547
7 0.0030690537084398974
6 0.0030690537084398974
5 0.002557544757033248
1 0.002557544757033248
0 0.002557544757033248
doc : 37
2 0.4418604651162791
0 0.08139534883720931
5 0.06976744186046512
9 0.05813953488372093
8 0.05813953488372093
7 0.05813953488372093
6 0.05813953488372093
4 0.05813953488372093
3 0.05813953488372093
1 0.05813953488372093
doc : 38
8 0.9787503964478275
3 0.0034887408816999684
9 0.0028544243577545195
7 0.002537266095781795
6 0.002537266095781795
5 0.0022201078338090706
4 0.0022201078338090706
1 0.0022201078338090706
2 0.001585791309863622
0 0.001585791309863622
doc : 39
6 0.7862714508580344
7 0.029641185647425898
1 0.028081123244929798
2 0.0265210608424337
9 0.0234009360374415
5 0.0234009360374415
0 0.0234009360374415
4 0.0218408736349454
8 0.0202808112324493
3 0.0171606864274571
doc : 40
4 0.6225961538461539
6 0.10096153846153846
5 0.05288461538461539
7 0.04567307692307693
1 0.04567307692307693
0 0.040865384615384616
9 0.026442307692307696
2 0.026442307692307696
3 0.02403846153846154
8 0.014423076923076924
doc : 41
3 0.6051502145922747
7 0.07296137339055794
9 0.055793991416309016
2 0.055793991416309016
5 0.04291845493562232
4 0.04291845493562232
0 0.03862660944206009
6 0.034334763948497854
8 0.02575107296137339
1 0.02575107296137339
doc : 42
6 0.47096774193548385
7 0.2161290322580645
9 0.08064516129032258
0 0.04516129032258064
3 0.03870967741935484
2 0.03870967741935484
4 0.03225806451612903
1 0.03225806451612903
5 0.025806451612903226
8 0.01935483870967742
doc : 43
7 0.6594202898550725
3 0.050724637681159424
4 0.04710144927536232
2 0.04710144927536232
0 0.04710144927536232
5 0.03985507246376812
9 0.03260869565217391
8 0.028985507246376812
6 0.025362318840579712
1 0.021739130434782608
doc : 44
2 0.6864035087719298
3 0.08552631578947367
6 0.05482456140350877
9 0.03728070175438596
7 0.03508771929824561
4 0.03289473684210526
8 0.021929824561403508
0 0.017543859649122806
1 0.015350877192982455
5 0.013157894736842105
doc : 45
3 0.5756457564575646
7 0.09225092250922509
2 0.08118081180811808
9 0.06273062730627306
6 0.047970479704797044
0 0.033210332103321034
8 0.02952029520295203
5 0.025830258302583026
4 0.025830258302583026
1 0.025830258302583026
doc : 46
2 0.4418604651162791
9 0.06976744186046512
5 0.06976744186046512
3 0.06976744186046512
8 0.05813953488372093
7 0.05813953488372093
6 0.05813953488372093
4 0.05813953488372093
1 0.05813953488372093
0 0.05813953488372093
doc : 47
7 0.8624849215922799
3 0.02171290711700844
4 0.0180940892641737
0 0.0180940892641737
9 0.016887816646562123
6 0.015681544028950542
2 0.01447527141133896
5 0.012062726176115802
1 0.01085645355850422
8 0.009650180940892641
doc : 48
5 0.7018375815056312
4 0.1831653823355068
1 0.024303497332542973
3 0.02074688796680498
6 0.01956135151155898
0 0.015411973918197984
7 0.014226437462951984
8 0.008298755186721992
2 0.006520450503852993
9 0.005927682276229994
doc : 49
9 0.9630369630369631
8 0.006493506493506494
1 0.004995004995004995
7 0.004495504495504496
4 0.004495504495504496
3 0.003996003996003996
2 0.003996003996003996
6 0.002997002997002997
0 0.002997002997002997
5 0.0024975024975024975
