doc : 0
1 0.8989247311827957
3 0.012903225806451613
0 0.012903225806451613
9 0.010752688172043012
8 0.010752688172043012
7 0.010752688172043012
6 0.010752688172043012
5 0.010752688172043012
4 0.010752688172043012
2 0.010752688172043012
doc : 1
4 0.7771929824561403
7 0.031578947368421054
1 0.031578947368421054
9 0.028070175438596492
8 0.028070175438596492
5 0.026315789473684213
3 0.02280701754385965
0 0.02280701754385965
2 0.01929824561403509
6 0.012280701754385965
doc : 2
4 0.7467532467532468
9 0.04220779220779221
8 0.03896103896103896
7 0.025974025974025976
6 0.025974025974025976
5 0.025974025974025976
3 0.025974025974025976
0 0.025974025974025976
1 0.022727272727272728
2 0.01948051948051948
doc : 3
4 0.7943848059454995
3 0.041288191577208914
9 0.03303055326176713
6 0.023121387283236993
2 0.023121387283236993
7 0.022295623451692816
8 0.020644095788604457
5 0.017341040462427744
0 0.013212221304706853
1 0.011560693641618497
doc : 4
7 0.5343347639484979
8 0.16523605150214593
0 0.14377682403433475
2 0.030042918454935622
9 0.02575107296137339
6 0.023605150214592273
3 0.023605150214592273
1 0.02145922746781116
4 0.017167381974248927
5 0.015021459227467811
doc : 5
7 0.16379310344827586
3 0.14655172413793102
8 0.12931034482758622
6 0.12068965517241378
4 0.09482758620689655
9 0.08620689655172414
0 0.08620689655172414
2 0.06034482758620689
1 0.06034482758620689
5 0.05172413793103448
doc : 6
0 0.6862003780718336
2 0.10775047258979206
7 0.05103969754253308
1 0.034026465028355386
8 0.026465028355387523
3 0.02457466918714556
9 0.020793950850661626
6 0.01890359168241966
5 0.015122873345935728
4 0.015122873345935728
doc : 7
8 0.7509433962264151
7 0.03773584905660377
6 0.03773584905660377
9 0.03018867924528302
3 0.03018867924528302
2 0.026415094339622643
4 0.022641509433962266
1 0.022641509433962266
0 0.022641509433962266
5 0.018867924528301886
doc : 8
0 0.6291079812206573
9 0.06103286384976526
7 0.06103286384976526
2 0.051643192488262914
8 0.04225352112676056
6 0.03286384976525822
5 0.03286384976525822
1 0.03286384976525822
4 0.028169014084507043
3 0.028169014084507043
doc : 9
2 0.8506056527590848
8 0.03230148048452221
0 0.03230148048452221
4 0.01749663526244953
3 0.01749663526244953
6 0.013458950201884253
1 0.010767160161507403
9 0.009421265141318977
7 0.009421265141318977
5 0.006729475100942127
doc : 10
1 0.8924731182795699
0 0.015053763440860214
4 0.012903225806451613
3 0.012903225806451613
2 0.012903225806451613
9 0.010752688172043012
8 0.010752688172043012
7 0.010752688172043012
6 0.010752688172043012
5 0.010752688172043012
doc : 11
8 0.7733333333333333
2 0.03733333333333333
6 0.032
3 0.032
5 0.024
1 0.024
9 0.021333333333333333
0 0.021333333333333333
7 0.018666666666666665
4 0.016
doc : 12
8 0.748502994011976
0 0.03992015968063872
5 0.03792415169660678
2 0.031936127744510975
1 0.031936127744510975
7 0.02994011976047904
3 0.02594810379241517
4 0.021956087824351295
9 0.017964071856287425
6 0.01397205588822355
doc : 13
0 0.6933701657458563
3 0.06906077348066297
8 0.052486187845303865
6 0.04696132596685083
5 0.03038674033149171
9 0.027624309392265192
2 0.024861878453038673
7 0.019337016574585635
4 0.019337016574585635
1 0.016574585635359115
doc : 14
7 0.13513513513513514
2 0.12162162162162163
8 0.10810810810810811
4 0.10810810810810811
3 0.10810810810810811
1 0.10810810810810811
5 0.0945945945945946
6 0.08108108108108109
9 0.06756756756756757
0 0.06756756756756757
doc : 15
2 0.6261682242990654
7 0.09968847352024922
1 0.059190031152647975
0 0.056074766355140186
9 0.03426791277258567
8 0.03426791277258567
3 0.03115264797507788
4 0.021806853582554516
6 0.018691588785046728
5 0.018691588785046728
doc : 16
7 0.6923076923076923
8 0.16279069767441862
9 0.03220035778175313
6 0.026833631484794274
0 0.01967799642218247
3 0.016100178890876567
1 0.016100178890876567
5 0.012522361359570662
4 0.010733452593917711
2 0.010733452593917711
doc : 17
0 0.6963562753036437
6 0.05668016194331984
2 0.04048582995951417
3 0.03643724696356275
7 0.032388663967611336
1 0.032388663967611336
9 0.02834008097165992
8 0.02834008097165992
5 0.024291497975708502
4 0.024291497975708502
doc : 18
6 0.9450980392156862
3 0.00784313725490196
7 0.006862745098039216
9 0.0058823529411764705
8 0.0058823529411764705
5 0.0058823529411764705
4 0.0058823529411764705
1 0.0058823529411764705
0 0.0058823529411764705
2 0.004901960784313725
doc : 19
6 0.9368318756073858
4 0.007774538386783284
3 0.007774538386783284
2 0.007774538386783284
0 0.007774538386783284
9 0.006802721088435374
7 0.006802721088435374
1 0.006802721088435374
8 0.0058309037900874635
5 0.0058309037900874635
doc : 20
1 0.8924731182795699
9 0.017204301075268817
6 0.012903225806451613
3 0.012903225806451613
8 0.010752688172043012
7 0.010752688172043012
5 0.010752688172043012
4 0.010752688172043012
2 0.010752688172043012
0 0.010752688172043012
doc : 21
5 0.8968531468531469
3 0.015734265734265736
0 0.015734265734265736
4 0.014568764568764568
9 0.011655011655011656
8 0.011655011655011656
6 0.011072261072261072
7 0.01048951048951049
1 0.007575757575757576
2 0.004662004662004662
doc : 22
8 0.30150753768844224
9 0.1658291457286432
6 0.1658291457286432
0 0.07537688442211056
3 0.07035175879396985
7 0.05527638190954774
5 0.05527638190954774
2 0.05025125628140704
4 0.035175879396984924
1 0.02512562814070352
doc : 23
6 0.950045413260672
9 0.006357856494096276
7 0.006357856494096276
1 0.006357856494096276
0 0.006357856494096276
5 0.005449591280653951
4 0.005449591280653951
8 0.004541326067211625
3 0.004541326067211625
2 0.004541326067211625
doc : 24
9 0.6424314660309892
8 0.08581644815256256
6 0.05959475566150178
5 0.04767580452920143
4 0.04529201430274136
3 0.03456495828367104
2 0.027413587604290822
0 0.027413587604290822
7 0.015494636471990463
1 0.014302741358760428
doc : 25
7 0.705240174672489
2 0.05458515283842794
9 0.048034934497816595
8 0.04585152838427947
6 0.02838427947598253
0 0.02838427947598253
3 0.026200873362445413
1 0.026200873362445413
4 0.024017467248908297
5 0.013100436681222707
doc : 26
4 0.3619271445358402
5 0.23031727379553465
8 0.11515863689776733
3 0.09048178613396005
6 0.062279670975323144
9 0.048178613396004696
7 0.027027027027027025
1 0.025851938895417155
2 0.023501762632197415
0 0.01527614571092832
doc : 27
0 0.297029702970297
7 0.09900990099009901
8 0.0891089108910891
3 0.0891089108910891
9 0.07920792079207921
4 0.07920792079207921
5 0.06930693069306931
2 0.06930693069306931
1 0.06930693069306931
6 0.0594059405940594
doc : 28
9 0.4714285714285714
7 0.07142857142857142
1 0.07142857142857142
6 0.06428571428571428
3 0.06428571428571428
2 0.06428571428571428
0 0.05714285714285714
8 0.049999999999999996
4 0.049999999999999996
5 0.03571428571428571
doc : 29
5 0.4169611307420495
3 0.10954063604240283
8 0.0989399293286219
7 0.09187279151943463
6 0.08480565371024734
1 0.06007067137809187
0 0.045936395759717315
9 0.038869257950530034
2 0.03180212014134275
4 0.021201413427561835
doc : 30
8 0.288135593220339
2 0.09322033898305085
0 0.09322033898305085
6 0.0847457627118644
5 0.0847457627118644
4 0.0847457627118644
3 0.0847457627118644
9 0.07627118644067797
7 0.059322033898305086
1 0.05084745762711865
doc : 31
1 0.8881720430107527
9 0.017204301075268817
6 0.012903225806451613
4 0.012903225806451613
3 0.012903225806451613
2 0.012903225806451613
8 0.010752688172043012
7 0.010752688172043012
5 0.010752688172043012
0 0.010752688172043012
doc : 32
7 0.14864864864864866
4 0.13513513513513514
8 0.10810810810810811
9 0.0945945945945946
6 0.0945945945945946
5 0.0945945945945946
3 0.0945945945945946
2 0.08108108108108109
0 0.08108108108108109
1 0.06756756756756757
doc : 33
2 0.4026666666666667
9 0.16
3 0.08
1 0.06666666666666667
7 0.06133333333333333
5 0.056
8 0.05333333333333333
6 0.05333333333333333
0 0.034666666666666665
4 0.032
doc : 34
9 0.3458646616541353
8 0.10526315789473684
2 0.10526315789473684
7 0.07518796992481203
6 0.06766917293233082
5 0.06766917293233082
0 0.06766917293233082
4 0.06015037593984962
1 0.06015037593984962
3 0.045112781954887216
doc : 35
0 0.6546184738955823
7 0.05220883534136546
8 0.048192771084337345
4 0.048192771084337345
3 0.048192771084337345
1 0.03614457831325301
5 0.0321285140562249
2 0.0321285140562249
6 0.028112449799196783
9 0.020080321285140562
doc : 36
0 0.665
7 0.05
9 0.045
8 0.045
5 0.04
3 0.04
6 0.03
4 0.03
2 0.03
1 0.025
doc : 37
3 0.814935064935065
8 0.03246753246753247
9 0.029220779220779224
7 0.01948051948051948
6 0.01948051948051948
2 0.01948051948051948
5 0.016233766233766236
4 0.016233766233766236
1 0.016233766233766236
0 0.016233766233766236
doc : 38
3 0.8338762214983714
9 0.02280130293159609
8 0.02280130293159609
7 0.02280130293159609
6 0.016286644951140065
5 0.016286644951140065
4 0.016286644951140065
2 0.016286644951140065
1 0.016286644951140065
0 0.016286644951140065
doc : 39
9 0.7972027972027972
3 0.03146853146853147
8 0.027972027972027972
0 0.024475524475524476
7 0.02097902097902098
6 0.02097902097902098
4 0.02097902097902098
2 0.02097902097902098
5 0.017482517482517484
1 0.017482517482517484
doc : 40
9 0.7910447761194029
6 0.03731343283582089
7 0.026119402985074626
1 0.026119402985074626
8 0.022388059701492536
3 0.022388059701492536
5 0.018656716417910446
4 0.018656716417910446
2 0.018656716417910446
0 0.018656716417910446
doc : 41
9 0.7275747508305648
3 0.053156146179401995
2 0.03986710963455149
8 0.03322259136212625
5 0.029900332225913623
0 0.029900332225913623
7 0.026578073089700997
4 0.023255813953488372
6 0.019933554817275746
1 0.016611295681063124
doc : 42
1 0.8946236559139785
6 0.017204301075268817
9 0.012903225806451613
8 0.010752688172043012
7 0.010752688172043012
5 0.010752688172043012
4 0.010752688172043012
3 0.010752688172043012
2 0.010752688172043012
0 0.010752688172043012
doc : 43
9 0.8105263157894737
7 0.02456140350877193
6 0.02456140350877193
4 0.02456140350877193
8 0.021052631578947368
5 0.021052631578947368
3 0.021052631578947368
2 0.017543859649122806
1 0.017543859649122806
0 0.017543859649122806
doc : 44
7 0.7666126418152349
2 0.04376012965964343
6 0.03403565640194489
9 0.02917341977309562
8 0.02917341977309562
3 0.02917341977309562
4 0.02106969205834684
5 0.01944894651539708
1 0.017828200972447326
0 0.00972447325769854
doc : 45
7 0.11764705882352941
9 0.09803921568627451
8 0.09803921568627451
6 0.09803921568627451
5 0.09803921568627451
4 0.09803921568627451
3 0.09803921568627451
2 0.09803921568627451
1 0.09803921568627451
0 0.09803921568627451
doc : 46
7 0.21348314606741572
6 0.15730337078651685
5 0.10112359550561797
4 0.0898876404494382
3 0.0898876404494382
2 0.0898876404494382
8 0.07865168539325842
1 0.06741573033707865
9 0.056179775280898875
0 0.056179775280898875
doc : 47
9 0.6589285714285714
6 0.06428571428571428
2 0.06428571428571428
7 0.04821428571428571
1 0.03571428571428571
8 0.030357142857142857
0 0.030357142857142857
5 0.026785714285714284
4 0.02142857142857143
3 0.019642857142857142
doc : 48
3 0.8385416666666666
9 0.03125
7 0.0234375
5 0.020833333333333332
6 0.015625
4 0.015625
0 0.015625
8 0.013020833333333332
2 0.013020833333333332
1 0.013020833333333332
doc : 49
3 0.8455497382198953
8 0.02356020942408377
7 0.020942408376963352
6 0.018324607329842934
4 0.018324607329842934
2 0.018324607329842934
0 0.015706806282722516
9 0.013089005235602094
5 0.013089005235602094
1 0.013089005235602094
