doc : 0
6 0.41860465116279066
5 0.10465116279069767
2 0.06976744186046512
9 0.05813953488372093
8 0.05813953488372093
7 0.05813953488372093
4 0.05813953488372093
3 0.05813953488372093
1 0.05813953488372093
0 0.05813953488372093
doc : 1
0 0.2077922077922078
3 0.12987012987012989
8 0.1168831168831169
9 0.09090909090909091
6 0.09090909090909091
5 0.09090909090909091
2 0.07792207792207792
7 0.06493506493506494
4 0.06493506493506494
1 0.06493506493506494
doc : 2
8 0.748502994011976
5 0.07584830339321356
9 0.03792415169660678
0 0.03792415169660678
6 0.02594810379241517
7 0.01996007984031936
1 0.015968063872255488
2 0.01397205588822355
4 0.011976047904191616
3 0.011976047904191616
doc : 3
8 0.7760910815939279
6 0.03795066413662239
4 0.03225806451612903
5 0.030360531309297913
0 0.026565464895635674
7 0.022770398481973434
3 0.020872865275142316
9 0.018975332068311195
1 0.018975332068311195
2 0.015180265654648957
doc : 4
5 0.28455284552845533
9 0.13008130081300814
1 0.13008130081300814
6 0.10569105691056911
8 0.0975609756097561
7 0.05691056910569106
2 0.05691056910569106
4 0.04878048780487805
0 0.04878048780487805
3 0.04065040650406505
doc : 5
8 0.4921630094043887
6 0.14733542319749215
5 0.09404388714733541
9 0.06583072100313479
0 0.06583072100313479
1 0.04075235109717868
2 0.03134796238244514
4 0.025078369905956112
7 0.0219435736677116
3 0.01567398119122257
doc : 6
6 0.839095744680851
8 0.03856382978723404
5 0.03856382978723404
0 0.0199468085106383
1 0.014627659574468085
9 0.011968085106382979
4 0.010638297872340425
3 0.010638297872340425
7 0.007978723404255319
2 0.007978723404255319
doc : 7
8 0.36075949367088606
5 0.14556962025316456
9 0.08860759493670886
6 0.08227848101265822
3 0.08227848101265822
0 0.0759493670886076
7 0.04430379746835443
4 0.04430379746835443
1 0.04430379746835443
2 0.03164556962025317
doc : 8
1 0.7562380038387716
5 0.044145873320537425
4 0.044145873320537425
0 0.0345489443378119
6 0.030710172744721688
7 0.026871401151631478
9 0.02495201535508637
2 0.01727447216890595
3 0.011516314779270634
8 0.009596928982725527
doc : 9
9 0.8959156785243743
0 0.015810276679841896
5 0.014492753623188406
1 0.014492753623188406
8 0.013175230566534916
6 0.011857707509881424
3 0.010540184453227932
2 0.00922266139657444
7 0.007905138339920948
4 0.006587615283267458
doc : 10
5 0.8096590909090909
9 0.048295454545454544
6 0.02840909090909091
0 0.022727272727272728
7 0.017045454545454544
4 0.017045454545454544
8 0.014204545454545456
3 0.014204545454545456
2 0.014204545454545456
1 0.014204545454545456
doc : 11
6 0.41860465116279066
5 0.09302325581395349
8 0.06976744186046512
7 0.06976744186046512
9 0.05813953488372093
4 0.05813953488372093
3 0.05813953488372093
2 0.05813953488372093
1 0.05813953488372093
0 0.05813953488372093
doc : 12
3 0.40559440559440557
0 0.34353146853146854
7 0.16083916083916083
1 0.017482517482517484
6 0.016608391608391608
5 0.016608391608391608
4 0.01486013986013986
8 0.01048951048951049
9 0.009615384615384616
2 0.004370629370629371
doc : 13
2 0.890359168241966
4 0.017013232514177693
6 0.013232514177693762
3 0.013232514177693762
1 0.013232514177693762
0 0.013232514177693762
8 0.011342155009451797
9 0.00945179584120983
7 0.00945179584120983
5 0.00945179584120983
doc : 14
2 0.8917910447761194
4 0.018656716417910446
5 0.013059701492537313
3 0.013059701492537313
1 0.013059701492537313
8 0.011194029850746268
0 0.011194029850746268
9 0.009328358208955223
7 0.009328358208955223
6 0.009328358208955223
doc : 15
2 0.8536121673003803
4 0.04182509505703422
1 0.017110266159695818
8 0.013307984790874524
6 0.013307984790874524
5 0.013307984790874524
0 0.013307984790874524
9 0.011406844106463879
7 0.011406844106463879
3 0.011406844106463879
doc : 16
4 0.4950248756218905
2 0.42039800995024873
1 0.013681592039800995
0 0.013681592039800995
5 0.01243781094527363
8 0.011194029850746268
3 0.009950248756218905
6 0.008706467661691543
9 0.007462686567164179
7 0.007462686567164179
doc : 17
5 0.5
8 0.11619718309859155
1 0.08098591549295775
9 0.07746478873239437
6 0.056338028169014086
0 0.056338028169014086
3 0.03873239436619719
7 0.03169014084507042
2 0.024647887323943664
4 0.017605633802816902
doc : 18
6 0.22666666666666668
0 0.10666666666666667
5 0.09333333333333334
4 0.09333333333333334
3 0.09333333333333334
2 0.09333333333333334
9 0.08
8 0.08
7 0.06666666666666667
1 0.06666666666666667
doc : 19
6 0.22666666666666668
4 0.12000000000000001
0 0.10666666666666667
5 0.09333333333333334
8 0.08
7 0.08
3 0.08
1 0.08
9 0.06666666666666667
2 0.06666666666666667
doc : 20
6 0.25333333333333335
0 0.12000000000000001
4 0.09333333333333334
2 0.09333333333333334
8 0.08
7 0.08
5 0.08
9 0.06666666666666667
3 0.06666666666666667
1 0.06666666666666667
doc : 21
1 0.6904024767801858
4 0.13777089783281735
6 0.03560371517027864
0 0.027863777089783284
5 0.02476780185758514
9 0.021671826625386997
8 0.018575851393188854
2 0.018575851393188854
3 0.015479876160990714
7 0.009287925696594427
doc : 22
5 0.8048128342245989
9 0.0427807486631016
6 0.02406417112299465
4 0.0213903743315508
2 0.0213903743315508
0 0.0213903743315508
8 0.01871657754010695
7 0.01871657754010695
3 0.013368983957219251
1 0.013368983957219251
doc : 23
6 0.43023255813953487
5 0.09302325581395349
1 0.06976744186046512
9 0.05813953488372093
8 0.05813953488372093
7 0.05813953488372093
4 0.05813953488372093
3 0.05813953488372093
2 0.05813953488372093
0 0.05813953488372093
doc : 24
7 0.8582677165354331
3 0.025590551181102362
9 0.015748031496062992
6 0.015748031496062992
4 0.015748031496062992
1 0.015748031496062992
5 0.013779527559055118
2 0.013779527559055118
0 0.013779527559055118
8 0.011811023622047244
doc : 25
7 0.8579545454545455
3 0.03787878787878788
8 0.015151515151515152
5 0.015151515151515152
0 0.015151515151515152
9 0.013257575757575758
6 0.013257575757575758
4 0.011363636363636364
1 0.011363636363636364
2 0.00946969696969697
doc : 26
2 0.903052064631957
4 0.01436265709156194
1 0.01436265709156194
9 0.012567324955116697
3 0.010771992818671455
8 0.008976660682226212
7 0.008976660682226212
6 0.008976660682226212
5 0.008976660682226212
0 0.008976660682226212
doc : 27
4 0.819432502149613
2 0.11951848667239898
1 0.015477214101461738
8 0.008598452278589854
7 0.006878761822871883
3 0.006878761822871883
0 0.006878761822871883
5 0.0060189165950128975
9 0.005159071367153913
6 0.005159071367153913
doc : 28
2 0.6514806378132119
4 0.1890660592255125
1 0.05011389521640091
0 0.02050113895216401
6 0.018223234624145785
5 0.018223234624145785
8 0.01594533029612756
9 0.01366742596810934
7 0.011389521640091115
3 0.011389521640091115
doc : 29
3 0.8656036446469247
7 0.03189066059225512
1 0.01594533029612756
9 0.01366742596810934
8 0.01366742596810934
0 0.01366742596810934
6 0.011389521640091115
5 0.011389521640091115
4 0.011389521640091115
2 0.011389521640091115
doc : 30
3 0.8752783964365256
7 0.022271714922048998
4 0.020044543429844096
2 0.013363028953229397
0 0.013363028953229397
9 0.011135857461024499
8 0.011135857461024499
6 0.011135857461024499
5 0.011135857461024499
1 0.011135857461024499
doc : 31
3 0.8535353535353536
7 0.03282828282828283
0 0.01767676767676768
9 0.015151515151515152
8 0.015151515151515152
1 0.015151515151515152
6 0.012626262626262628
5 0.012626262626262628
4 0.012626262626262628
2 0.012626262626262628
doc : 32
0 0.75
6 0.043478260869565216
8 0.036231884057971016
5 0.036231884057971016
1 0.03260869565217391
9 0.021739130434782608
4 0.021739130434782608
3 0.021739130434782608
7 0.018115942028985508
2 0.018115942028985508
doc : 33
2 0.6215469613259669
4 0.23204419889502761
1 0.027624309392265192
7 0.022099447513812154
3 0.019337016574585635
8 0.016574585635359115
6 0.016574585635359115
5 0.016574585635359115
9 0.013812154696132596
0 0.013812154696132596
doc : 34
6 0.4418604651162791
5 0.08139534883720931
1 0.06976744186046512
9 0.05813953488372093
8 0.05813953488372093
7 0.05813953488372093
4 0.05813953488372093
3 0.05813953488372093
2 0.05813953488372093
0 0.05813953488372093
doc : 35
6 0.4418604651162791
5 0.06976744186046512
4 0.06976744186046512
1 0.06976744186046512
9 0.05813953488372093
8 0.05813953488372093
7 0.05813953488372093
3 0.05813953488372093
2 0.05813953488372093
0 0.05813953488372093
doc : 36
3 0.8772321428571428
7 0.020089285714285712
5 0.017857142857142856
9 0.013392857142857142
4 0.013392857142857142
2 0.013392857142857142
8 0.011160714285714284
6 0.011160714285714284
1 0.011160714285714284
0 0.011160714285714284
doc : 37
3 0.8533333333333333
7 0.04
4 0.015555555555555555
9 0.013333333333333332
8 0.013333333333333332
6 0.013333333333333332
2 0.013333333333333332
1 0.013333333333333332
0 0.013333333333333332
5 0.011111111111111112
doc : 38
2 0.8913385826771654
4 0.026771653543307086
0 0.015748031496062992
9 0.011023622047244094
6 0.011023622047244094
8 0.009448818897637795
7 0.009448818897637795
3 0.009448818897637795
5 0.007874015748031496
1 0.007874015748031496
doc : 39
4 0.656551724137931
2 0.2372413793103448
0 0.019310344827586205
9 0.01655172413793103
8 0.015172413793103447
1 0.013793103448275862
5 0.012413793103448275
7 0.011034482758620689
6 0.009655172413793102
3 0.008275862068965516
doc : 40
4 0.7875494071146244
2 0.1492094861660079
8 0.010869565217391304
0 0.009881422924901184
6 0.007905138339920948
3 0.007905138339920948
7 0.00691699604743083
5 0.00691699604743083
1 0.00691699604743083
9 0.005928853754940711
doc : 41
4 0.5610328638497653
2 0.3615023474178404
1 0.01643192488262911
5 0.012910798122065728
0 0.01056338028169014
9 0.009389671361502348
8 0.008215962441314555
7 0.007042253521126761
6 0.007042253521126761
3 0.005868544600938967
doc : 42
9 0.8961038961038961
5 0.01948051948051948
8 0.014285714285714285
2 0.012987012987012988
0 0.012987012987012988
6 0.011688311688311689
1 0.01038961038961039
3 0.00909090909090909
7 0.006493506493506494
4 0.006493506493506494
doc : 43
3 0.5663265306122448
7 0.22576530612244897
0 0.07397959183673469
5 0.03443877551020408
4 0.021683673469387755
6 0.019132653061224487
8 0.017857142857142856
1 0.017857142857142856
9 0.015306122448979591
2 0.007653061224489796
doc : 44
0 0.7446808510638298
6 0.04964539007092199
4 0.035460992907801414
2 0.028368794326241134
1 0.028368794326241134
9 0.024822695035460994
8 0.024822695035460994
7 0.02127659574468085
5 0.02127659574468085
3 0.02127659574468085
doc : 45
6 0.41860465116279066
5 0.09302325581395349
4 0.08139534883720931
9 0.05813953488372093
8 0.05813953488372093
7 0.05813953488372093
3 0.05813953488372093
2 0.05813953488372093
1 0.05813953488372093
0 0.05813953488372093
doc : 46
6 0.37209302325581395
5 0.11627906976744186
8 0.08139534883720931
4 0.06976744186046512
3 0.06976744186046512
9 0.05813953488372093
7 0.05813953488372093
2 0.05813953488372093
1 0.05813953488372093
0 0.05813953488372093
doc : 47
7 0.8669724770642202
3 0.03211009174311927
9 0.013761467889908258
8 0.013761467889908258
5 0.013761467889908258
0 0.013761467889908258
6 0.011467889908256881
4 0.011467889908256881
2 0.011467889908256881
1 0.011467889908256881
doc : 48
7 0.841726618705036
3 0.03836930455635491
0 0.019184652278177457
9 0.016786570743405275
5 0.016786570743405275
4 0.014388489208633093
2 0.014388489208633093
1 0.014388489208633093
8 0.01199040767386091
6 0.01199040767386091
doc : 49
2 0.9042357274401474
6 0.01289134438305709
4 0.01289134438305709
9 0.011049723756906077
8 0.011049723756906077
0 0.011049723756906077
7 0.009208103130755065
5 0.009208103130755065
3 0.009208103130755065
1 0.009208103130755065
