doc : 0
0 0.8184357541899442
9 0.04189944134078213
7 0.036312849162011177
8 0.0223463687150838
1 0.019553072625698324
3 0.015363128491620113
2 0.013966480446927375
5 0.012569832402234637
6 0.009776536312849162
4 0.009776536312849162
doc : 1
3 0.7845622119815668
1 0.05184331797235023
0 0.05184331797235023
2 0.02534562211981567
7 0.024193548387096774
8 0.020737327188940093
4 0.013824884792626727
5 0.01152073732718894
9 0.009216589861751152
6 0.006912442396313364
doc : 2
3 0.7914438502673796
1 0.08467023172905526
0 0.040106951871657755
7 0.022281639928698752
2 0.0196078431372549
5 0.01158645276292335
8 0.0089126559714795
4 0.0089126559714795
9 0.006238859180035651
6 0.006238859180035651
doc : 3
0 0.5086956521739131
1 0.1681159420289855
3 0.07681159420289856
4 0.06521739130434782
2 0.052173913043478265
7 0.04927536231884058
9 0.026086956521739132
8 0.020289855072463767
6 0.017391304347826087
5 0.015942028985507246
doc : 4
1 0.14814814814814814
3 0.1111111111111111
9 0.09259259259259259
8 0.09259259259259259
7 0.09259259259259259
6 0.09259259259259259
5 0.09259259259259259
4 0.09259259259259259
2 0.09259259259259259
0 0.09259259259259259
doc : 5
3 0.6903409090909091
1 0.08380681818181819
0 0.06818181818181818
2 0.05113636363636364
8 0.026988636363636364
7 0.02556818181818182
5 0.018465909090909092
4 0.015625
9 0.011363636363636364
6 0.008522727272727272
doc : 6
0 0.5
1 0.34259259259259256
3 0.03587962962962963
2 0.028935185185185182
5 0.02546296296296296
7 0.020833333333333332
9 0.01273148148148148
4 0.01273148148148148
8 0.011574074074074073
6 0.009259259259259259
doc : 7
1 0.8309685379395435
3 0.06107341147439852
8 0.024676125848241828
0 0.016039481801357187
4 0.015422578655151141
2 0.015422578655151141
7 0.013571869216533005
5 0.00987045033929673
9 0.008019740900678593
6 0.004935225169648365
doc : 8
8 0.6888217522658611
6 0.0755287009063444
4 0.03927492447129909
3 0.03927492447129909
2 0.03323262839879154
0 0.03323262839879154
9 0.027190332326283987
5 0.02416918429003021
1 0.021148036253776436
7 0.01812688821752266
doc : 9
1 0.9428815004262574
4 0.0076726342710997444
2 0.0076726342710997444
9 0.0068201193520886615
7 0.0068201193520886615
5 0.0068201193520886615
0 0.0068201193520886615
6 0.005115089514066496
3 0.005115089514066496
8 0.004262574595055414
doc : 10
9 0.8894543973941369
7 0.1005700325732899
0 0.0016286644951140066
5 0.0014250814332247557
1 0.0014250814332247557
4 0.001221498371335505
3 0.001221498371335505
8 0.001017915309446254
6 0.001017915309446254
2 0.001017915309446254
doc : 11
9 0.8878257328990229
7 0.10158794788273616
4 0.002035830618892508
6 0.0014250814332247557
5 0.0014250814332247557
8 0.001221498371335505
3 0.001221498371335505
2 0.001221498371335505
1 0.001017915309446254
0 0.001017915309446254
doc : 12
4 0.13114754098360656
6 0.11475409836065574
8 0.09836065573770492
7 0.09836065573770492
5 0.09836065573770492
3 0.09836065573770492
2 0.09836065573770492
1 0.09836065573770492
9 0.0819672131147541
0 0.0819672131147541
doc : 13
0 0.758957654723127
7 0.03908794788273616
5 0.035830618892508145
3 0.02931596091205212
6 0.026058631921824105
2 0.026058631921824105
1 0.026058631921824105
9 0.01954397394136808
8 0.01954397394136808
4 0.01954397394136808
doc : 14
0 0.7552941176470588
7 0.04470588235294117
2 0.03294117647058823
4 0.028235294117647056
3 0.028235294117647056
1 0.025882352941176467
5 0.023529411764705882
9 0.021176470588235293
6 0.021176470588235293
8 0.018823529411764704
doc : 15
3 0.49454545454545457
0 0.20363636363636364
7 0.05818181818181818
1 0.05818181818181818
8 0.04727272727272727
6 0.03636363636363636
5 0.03272727272727273
2 0.02909090909090909
4 0.02181818181818182
9 0.01818181818181818
doc : 16
4 0.854006586169045
5 0.031833150384193196
7 0.0296377607025247
2 0.02305159165751921
9 0.012074643249176729
3 0.012074643249176729
0 0.012074643249176729
1 0.010976948408342482
6 0.007683863885839737
8 0.006586169045005488
doc : 17
5 0.9559082892416225
9 0.006172839506172839
4 0.005291005291005291
1 0.005291005291005291
0 0.005291005291005291
8 0.004409171075837742
7 0.004409171075837742
6 0.004409171075837742
3 0.004409171075837742
2 0.004409171075837742
doc : 18
5 0.9470377019748654
9 0.00718132854578097
4 0.00718132854578097
1 0.00718132854578097
7 0.0062836624775583485
8 0.005385996409335727
2 0.005385996409335727
0 0.005385996409335727
6 0.004488330341113106
3 0.004488330341113106
doc : 19
5 0.9447852760736197
0 0.009202453987730062
9 0.0071574642126789375
7 0.006134969325153375
6 0.006134969325153375
3 0.006134969325153375
8 0.005112474437627812
4 0.005112474437627812
2 0.005112474437627812
1 0.005112474437627812
doc : 20
5 0.9444444444444444
2 0.00808080808080808
4 0.007070707070707071
0 0.007070707070707071
9 0.006060606060606061
7 0.006060606060606061
3 0.006060606060606061
8 0.00505050505050505
6 0.00505050505050505
1 0.00505050505050505
doc : 21
4 0.26744186046511625
0 0.12790697674418605
2 0.10465116279069767
3 0.09302325581395349
7 0.08139534883720931
1 0.08139534883720931
5 0.06976744186046512
9 0.05813953488372093
8 0.05813953488372093
6 0.05813953488372093
doc : 22
9 0.887214983713355
7 0.10301302931596092
5 0.0014250814332247557
3 0.0014250814332247557
8 0.001221498371335505
6 0.001221498371335505
2 0.001221498371335505
0 0.001221498371335505
4 0.001017915309446254
1 0.001017915309446254
doc : 23
9 0.8853827361563519
7 0.10443811074918567
4 0.002035830618892508
8 0.0014250814332247557
6 0.001221498371335505
5 0.001221498371335505
0 0.001221498371335505
3 0.001017915309446254
2 0.001017915309446254
1 0.001017915309446254
doc : 24
2 0.9286987522281639
0 0.01158645276292335
9 0.00980392156862745
7 0.00980392156862745
1 0.0089126559714795
8 0.0071301247771836
3 0.0071301247771836
5 0.006238859180035651
6 0.0053475935828877
4 0.0053475935828877
doc : 25
2 0.9374464438731791
4 0.009425878320479864
9 0.00856898029134533
8 0.00856898029134533
5 0.007712082262210798
1 0.007712082262210798
0 0.005998286203941731
7 0.0051413881748071984
3 0.0051413881748071984
6 0.004284490145672665
doc : 26
1 0.9380305602716469
9 0.00933786078098472
4 0.00933786078098472
8 0.006791171477079796
7 0.006791171477079796
5 0.006791171477079796
0 0.006791171477079796
3 0.005942275042444821
2 0.005942275042444821
6 0.004244482173174873
doc : 27
0 0.723021582733813
1 0.053956834532374105
2 0.046762589928057555
7 0.03956834532374101
6 0.025179856115107917
4 0.025179856115107917
9 0.02158273381294964
8 0.02158273381294964
5 0.02158273381294964
3 0.02158273381294964
doc : 28
8 0.7734265734265734
5 0.057342657342657345
3 0.03496503496503497
0 0.02937062937062937
4 0.025174825174825173
9 0.019580419580419582
7 0.01818181818181818
6 0.01818181818181818
2 0.016783216783216783
1 0.006993006993006993
doc : 29
4 0.8950995405819296
7 0.02756508422664625
9 0.01454823889739663
0 0.013782542113323125
3 0.01225114854517611
2 0.009188361408882083
5 0.008422664624808576
8 0.006891271056661563
1 0.006891271056661563
6 0.005359877488514548
doc : 30
8 0.743202416918429
6 0.045317220543806644
3 0.045317220543806644
5 0.03323262839879154
2 0.03323262839879154
0 0.027190332326283987
4 0.021148036253776436
9 0.01812688821752266
1 0.01812688821752266
7 0.015105740181268881
doc : 31
8 0.863030303030303
1 0.026666666666666665
5 0.02303030303030303
2 0.020606060606060607
0 0.014545454545454545
4 0.013333333333333332
7 0.01090909090909091
9 0.009696969696969697
6 0.009696969696969697
3 0.008484848484848484
doc : 32
3 0.9019211324570273
2 0.019211324570273004
0 0.01718907987866532
4 0.011122345803842266
7 0.010111223458038422
5 0.010111223458038422
8 0.008088978766430738
6 0.008088978766430738
9 0.007077856420626897
1 0.007077856420626897
doc : 33
1 0.73568281938326
0 0.05506607929515419
3 0.048458149779735685
7 0.04405286343612335
5 0.030837004405286347
2 0.026431718061674013
9 0.015418502202643174
8 0.015418502202643174
4 0.015418502202643174
6 0.013215859030837006
doc : 34
9 0.8882328990228013
7 0.10036644951140065
5 0.0018322475570032575
2 0.0018322475570032575
4 0.0016286644951140066
0 0.0016286644951140066
8 0.001221498371335505
3 0.001221498371335505
6 0.001017915309446254
1 0.001017915309446254
doc : 35
9 0.8935260586319219
7 0.09486970684039088
0 0.0018322475570032575
8 0.0016286644951140066
1 0.0016286644951140066
3 0.0014250814332247557
2 0.0014250814332247557
6 0.001221498371335505
5 0.001221498371335505
4 0.001221498371335505
doc : 36
2 0.8717532467532468
1 0.02353896103896104
6 0.020292207792207792
8 0.016233766233766236
4 0.016233766233766236
0 0.016233766233766236
5 0.0137987012987013
3 0.00892857142857143
7 0.008116883116883118
9 0.00487012987012987
doc : 37
0 0.8025830258302583
7 0.038745387453874534
6 0.03505535055350553
2 0.02214022140221402
4 0.02029520295202952
1 0.02029520295202952
5 0.01845018450184502
3 0.016605166051660517
9 0.012915129151291513
8 0.012915129151291513
doc : 38
6 0.8332406892718176
0 0.09949972206781545
7 0.013340744858254585
5 0.01056142301278488
8 0.009449694274596998
1 0.009449694274596998
3 0.008893829905503057
2 0.007782101167315175
4 0.005002779321845469
9 0.002779321845469705
doc : 39
6 0.9106200527704486
0 0.05178100263852243
1 0.009234828496042216
2 0.008245382585751979
4 0.005606860158311346
3 0.00395778364116095
5 0.0032981530343007912
7 0.002968337730870712
8 0.002308707124010554
9 0.001978891820580475
doc : 40
3 0.9016949152542373
4 0.013559322033898306
1 0.013559322033898306
6 0.012429378531073447
5 0.012429378531073447
0 0.012429378531073447
2 0.01016949152542373
8 0.00903954802259887
9 0.007909604519774011
7 0.006779661016949153
doc : 41
4 0.22093023255813954
0 0.12790697674418605
2 0.11627906976744186
3 0.10465116279069767
1 0.09302325581395349
7 0.08139534883720931
9 0.06976744186046512
6 0.06976744186046512
8 0.05813953488372093
5 0.05813953488372093
doc : 42
8 0.5921052631578947
5 0.10526315789473684
7 0.07894736842105263
1 0.039473684210526314
6 0.03508771929824561
2 0.03508771929824561
9 0.03070175438596491
3 0.03070175438596491
4 0.02631578947368421
0 0.02631578947368421
doc : 43
8 0.8270042194092826
1 0.03375527426160337
5 0.02953586497890295
3 0.02109704641350211
4 0.018987341772151896
2 0.018987341772151896
7 0.016877637130801686
0 0.012658227848101264
9 0.010548523206751054
6 0.010548523206751054
doc : 44
8 0.43478260869565216
4 0.13043478260869565
3 0.06956521739130435
1 0.06086956521739131
9 0.052173913043478265
6 0.052173913043478265
5 0.052173913043478265
2 0.052173913043478265
0 0.052173913043478265
7 0.043478260869565216
doc : 45
9 0.8908794788273616
7 0.0981270358306189
4 0.0016286644951140066
3 0.0016286644951140066
5 0.0014250814332247557
2 0.0014250814332247557
0 0.0014250814332247557
8 0.001221498371335505
6 0.001221498371335505
1 0.001017915309446254
doc : 46
9 0.8929153094462541
7 0.09710912052117264
4 0.0018322475570032575
1 0.0016286644951140066
5 0.0014250814332247557
8 0.001017915309446254
6 0.001017915309446254
3 0.001017915309446254
2 0.001017915309446254
0 0.001017915309446254
doc : 47
4 0.2558139534883721
7 0.11627906976744186
0 0.11627906976744186
2 0.10465116279069767
3 0.08139534883720931
9 0.06976744186046512
5 0.06976744186046512
1 0.06976744186046512
8 0.05813953488372093
6 0.05813953488372093
doc : 48
8 0.6504297994269341
3 0.10028653295128939
2 0.08595988538681948
5 0.03151862464183381
0 0.03151862464183381
4 0.025787965616045846
7 0.020057306590257878
6 0.020057306590257878
1 0.020057306590257878
9 0.014326647564469913
doc : 49
0 0.5786463298379408
1 0.25643469971401334
2 0.04671115347950429
3 0.03145853193517636
8 0.0219256434699714
4 0.0219256434699714
7 0.013346043851286939
9 0.011439466158245948
5 0.009532888465204958
6 0.008579599618684462
