doc : 0
7 0.7469387755102042
3 0.04081632653061225
4 0.0326530612244898
5 0.028571428571428574
2 0.028571428571428574
0 0.028571428571428574
8 0.02448979591836735
6 0.02448979591836735
1 0.02448979591836735
9 0.020408163265306124
doc : 1
7 0.7750410509031198
5 0.06732348111658457
4 0.05747126436781609
3 0.022988505747126436
2 0.016420361247947456
8 0.014778325123152709
1 0.013136288998357963
9 0.011494252873563218
6 0.011494252873563218
0 0.009852216748768473
doc : 2
3 0.8455772113943029
9 0.0239880059970015
6 0.020989505247376312
4 0.020989505247376312
0 0.020989505247376312
5 0.017991004497751123
8 0.013493253373313342
2 0.013493253373313342
1 0.013493253373313342
7 0.008995502248875561
doc : 3
4 0.9318826868495743
5 0.010406811731315042
9 0.00946073793755913
1 0.008514664143803218
7 0.007568590350047304
6 0.007568590350047304
8 0.006622516556291391
3 0.006622516556291391
2 0.005676442762535478
0 0.005676442762535478
doc : 4
3 0.6573088092933205
9 0.15682478218780252
0 0.08228460793804453
5 0.03291384317521781
6 0.016456921587608905
4 0.012584704743465635
1 0.012584704743465635
8 0.010648596321393998
2 0.009680542110358181
7 0.008712487899322363
doc : 5
2 0.8329026701119724
4 0.06890611541774333
7 0.01808785529715762
5 0.01636520241171404
1 0.01636520241171404
0 0.013781223083548665
3 0.011627906976744186
6 0.0103359173126615
8 0.007751937984496124
9 0.003875968992248062
doc : 6
7 0.4821428571428571
5 0.21875
2 0.0625
6 0.040178571428571425
4 0.040178571428571425
0 0.040178571428571425
9 0.03125
3 0.03125
1 0.03125
8 0.02232142857142857
doc : 7
3 0.539568345323741
5 0.11151079136690648
9 0.08992805755395684
4 0.07913669064748202
0 0.053956834532374105
6 0.02877697841726619
8 0.025179856115107917
7 0.025179856115107917
2 0.025179856115107917
1 0.02158273381294964
doc : 8
5 0.23484848484848486
7 0.12878787878787878
1 0.12878787878787878
3 0.11363636363636365
2 0.08333333333333334
4 0.07575757575757576
0 0.06818181818181818
8 0.06060606060606061
9 0.05303030303030303
6 0.05303030303030303
doc : 9
9 0.5883620689655172
3 0.14439655172413793
0 0.05387931034482758
5 0.04525862068965517
2 0.04310344827586207
4 0.03879310344827586
1 0.034482758620689655
7 0.01939655172413793
6 0.01939655172413793
8 0.01293103448275862
doc : 10
5 0.22619047619047616
4 0.17857142857142855
7 0.11904761904761904
9 0.08333333333333333
6 0.07142857142857142
3 0.07142857142857142
0 0.07142857142857142
8 0.05952380952380952
2 0.05952380952380952
1 0.05952380952380952
doc : 11
4 0.9209783631232361
5 0.014111006585136407
6 0.011288805268109126
7 0.010348071495766699
1 0.010348071495766699
9 0.008466603951081845
3 0.008466603951081845
0 0.00658513640639699
8 0.004703668861712136
2 0.004703668861712136
doc : 12
1 0.783132530120482
9 0.04337349397590362
8 0.024096385542168676
6 0.024096385542168676
4 0.024096385542168676
3 0.024096385542168676
2 0.024096385542168676
0 0.024096385542168676
5 0.016867469879518072
7 0.012048192771084338
doc : 13
4 0.8606701940035273
9 0.023809523809523808
2 0.021164021164021163
0 0.020282186948853614
7 0.019400352733686066
5 0.014991181657848324
3 0.013227513227513227
6 0.010582010582010581
1 0.009700176366843033
8 0.006172839506172839
doc : 14
7 0.34285714285714286
4 0.13333333333333336
5 0.08571428571428572
3 0.08571428571428572
0 0.08571428571428572
9 0.0761904761904762
8 0.04761904761904762
6 0.04761904761904762
2 0.04761904761904762
1 0.04761904761904762
doc : 15
5 0.9113553113553113
3 0.015384615384615385
0 0.012454212454212455
4 0.011721611721611722
7 0.010989010989010988
9 0.010256410256410256
1 0.009523809523809525
8 0.008791208791208791
2 0.005128205128205128
6 0.004395604395604396
doc : 16
2 0.30291970802919704
4 0.22627737226277372
1 0.10218978102189781
9 0.09124087591240876
8 0.08759124087591241
7 0.051094890510948905
3 0.043795620437956206
5 0.0364963503649635
0 0.032846715328467155
6 0.025547445255474453
doc : 17
8 0.13333333333333333
6 0.13333333333333333
9 0.11666666666666667
0 0.11666666666666667
7 0.08333333333333333
5 0.08333333333333333
4 0.08333333333333333
3 0.08333333333333333
2 0.08333333333333333
1 0.08333333333333333
doc : 18
4 0.7296037296037297
5 0.05128205128205128
1 0.04428904428904429
7 0.04195804195804196
6 0.03496503496503497
3 0.02564102564102564
0 0.02097902097902098
9 0.018648018648018648
2 0.018648018648018648
8 0.013986013986013986
doc : 19
5 0.4772727272727273
7 0.2272727272727273
3 0.06818181818181818
0 0.045454545454545456
9 0.03409090909090909
2 0.03409090909090909
8 0.02840909090909091
6 0.02840909090909091
4 0.02840909090909091
1 0.02840909090909091
doc : 20
3 0.8670120898100172
9 0.025906735751295335
6 0.015544041450777202
5 0.015544041450777202
4 0.013816925734024179
2 0.013816925734024179
1 0.013816925734024179
0 0.013816925734024179
7 0.012089810017271156
8 0.008635578583765112
doc : 21
7 0.4
4 0.11
5 0.1
9 0.06
6 0.06
2 0.06
0 0.06
8 0.05
3 0.05
1 0.05
doc : 22
7 0.3186813186813187
4 0.15384615384615385
5 0.09890109890109891
0 0.08791208791208792
2 0.06593406593406594
9 0.05494505494505495
8 0.05494505494505495
6 0.05494505494505495
3 0.05494505494505495
1 0.05494505494505495
doc : 23
7 0.31730769230769235
4 0.13461538461538464
5 0.10576923076923078
0 0.09615384615384616
6 0.06730769230769232
2 0.06730769230769232
9 0.057692307692307696
3 0.057692307692307696
8 0.04807692307692308
1 0.04807692307692308
doc : 24
7 0.7520325203252033
1 0.04065040650406505
5 0.032520325203252036
4 0.032520325203252036
3 0.02845528455284553
0 0.02845528455284553
6 0.024390243902439025
9 0.020325203252032523
8 0.020325203252032523
2 0.020325203252032523
doc : 25
7 0.3058823529411765
5 0.12941176470588234
3 0.08235294117647059
1 0.08235294117647059
0 0.08235294117647059
9 0.07058823529411765
4 0.07058823529411765
8 0.058823529411764705
6 0.058823529411764705
2 0.058823529411764705
doc : 26
4 0.3186813186813187
6 0.1098901098901099
0 0.09890109890109891
5 0.08791208791208792
9 0.07692307692307693
8 0.06593406593406594
7 0.06593406593406594
3 0.06593406593406594
2 0.05494505494505495
1 0.05494505494505495
doc : 27
8 0.8129496402877698
6 0.03237410071942446
4 0.025179856115107917
5 0.02158273381294964
9 0.017985611510791366
7 0.017985611510791366
3 0.017985611510791366
2 0.017985611510791366
1 0.017985611510791366
0 0.017985611510791366
doc : 28
1 0.7979797979797979
6 0.037037037037037035
8 0.03367003367003367
4 0.026936026936026935
9 0.0202020202020202
7 0.016835016835016835
5 0.016835016835016835
3 0.016835016835016835
2 0.016835016835016835
0 0.016835016835016835
doc : 29
1 0.8013468013468014
8 0.04713804713804714
0 0.02356902356902357
9 0.0202020202020202
5 0.0202020202020202
4 0.0202020202020202
7 0.016835016835016835
6 0.016835016835016835
3 0.016835016835016835
2 0.016835016835016835
doc : 30
7 0.5913461538461539
4 0.07692307692307693
5 0.0625
3 0.0625
6 0.04807692307692308
9 0.038461538461538464
2 0.038461538461538464
0 0.03365384615384616
8 0.02403846153846154
1 0.02403846153846154
doc : 31
1 0.7980535279805353
9 0.0413625304136253
6 0.026763990267639905
5 0.024330900243309004
8 0.019464720194647202
3 0.019464720194647202
2 0.019464720194647202
0 0.019464720194647202
4 0.0170316301703163
7 0.014598540145985401
doc : 32
4 0.27388535031847133
7 0.17197452229299365
5 0.10828025477707007
0 0.10191082802547771
9 0.07643312101910829
3 0.07006369426751592
8 0.05732484076433121
6 0.05732484076433121
1 0.050955414012738856
2 0.03184713375796178
doc : 33
8 0.7915194346289752
6 0.0353356890459364
0 0.028268551236749116
4 0.024734982332155476
2 0.024734982332155476
9 0.021201413427561835
5 0.021201413427561835
7 0.0176678445229682
3 0.0176678445229682
1 0.0176678445229682
doc : 34
5 0.6267605633802817
3 0.1091549295774648
4 0.04929577464788733
7 0.045774647887323945
2 0.035211267605633804
9 0.03169014084507042
0 0.03169014084507042
6 0.024647887323943664
1 0.024647887323943664
8 0.02112676056338028
doc : 35
7 0.2980769230769231
6 0.10576923076923078
5 0.09615384615384616
4 0.08653846153846154
8 0.07692307692307693
3 0.07692307692307693
2 0.07692307692307693
0 0.07692307692307693
9 0.057692307692307696
1 0.04807692307692308
doc : 36
5 0.2191780821917808
0 0.1095890410958904
8 0.0958904109589041
7 0.0958904109589041
9 0.0821917808219178
4 0.0821917808219178
3 0.0821917808219178
2 0.0821917808219178
1 0.0821917808219178
6 0.0684931506849315
doc : 37
5 0.19736842105263158
8 0.13157894736842105
1 0.13157894736842105
0 0.11842105263157894
7 0.07894736842105263
2 0.07894736842105263
9 0.06578947368421052
6 0.06578947368421052
4 0.06578947368421052
3 0.06578947368421052
doc : 38
5 0.5747126436781609
3 0.07662835249042145
0 0.06896551724137931
4 0.05747126436781609
7 0.04980842911877394
9 0.042145593869731796
2 0.042145593869731796
8 0.03065134099616858
1 0.03065134099616858
6 0.026819923371647507
doc : 39
9 0.7159533073929961
0 0.0622568093385214
1 0.042801556420233464
6 0.0311284046692607
3 0.0311284046692607
4 0.027237354085603113
8 0.023346303501945526
5 0.023346303501945526
2 0.023346303501945526
7 0.019455252918287938
doc : 40
3 0.5395095367847411
9 0.11171662125340599
6 0.07084468664850135
1 0.0653950953678474
0 0.05722070844686648
7 0.03814713896457766
2 0.03542234332425068
5 0.0326975476839237
4 0.0326975476839237
8 0.01634877384196185
doc : 41
9 0.8037865748709122
0 0.04302925989672978
3 0.039586919104991396
1 0.024096385542168676
5 0.0189328743545611
6 0.017211703958691912
4 0.01549053356282272
2 0.01549053356282272
7 0.012048192771084338
8 0.010327022375215147
doc : 42
7 0.5942857142857143
5 0.06285714285714286
4 0.05714285714285714
6 0.05142857142857143
2 0.045714285714285714
1 0.045714285714285714
8 0.04
0 0.04
9 0.03428571428571429
3 0.02857142857142857
doc : 43
8 0.7881944444444444
6 0.03819444444444444
5 0.03125
0 0.024305555555555552
9 0.020833333333333332
4 0.020833333333333332
3 0.020833333333333332
2 0.020833333333333332
7 0.017361111111111112
1 0.017361111111111112
doc : 44
8 0.8111888111888111
3 0.027972027972027972
6 0.024475524475524476
5 0.024475524475524476
7 0.02097902097902098
4 0.02097902097902098
9 0.017482517482517484
2 0.017482517482517484
1 0.017482517482517484
0 0.017482517482517484
doc : 45
0 0.13333333333333333
9 0.11666666666666667
8 0.11666666666666667
7 0.1
6 0.1
1 0.1
5 0.08333333333333333
4 0.08333333333333333
3 0.08333333333333333
2 0.08333333333333333
doc : 46
0 0.75564681724846
5 0.09240246406570843
9 0.03285420944558522
4 0.03285420944558522
7 0.018480492813141684
3 0.01642710472279261
1 0.01642710472279261
2 0.014373716632443533
8 0.01026694045174538
6 0.01026694045174538
doc : 47
6 0.9346110484780158
5 0.010146561443066516
8 0.009019165727170236
4 0.009019165727170236
7 0.006764374295377677
3 0.006764374295377677
1 0.006764374295377677
9 0.005636978579481398
2 0.005636978579481398
0 0.005636978579481398
doc : 48
6 0.4117647058823529
7 0.2773109243697479
9 0.06302521008403361
1 0.0546218487394958
8 0.04621848739495798
5 0.04201680672268907
4 0.029411764705882353
0 0.029411764705882353
3 0.025210084033613446
2 0.021008403361344536
doc : 49
7 0.2403846153846154
5 0.15384615384615385
9 0.11538461538461539
4 0.09615384615384616
2 0.08653846153846154
3 0.07692307692307693
1 0.07692307692307693
0 0.057692307692307696
8 0.04807692307692308
6 0.04807692307692308
doc : 50
8 0.8162544169611308
6 0.024734982332155476
4 0.024734982332155476
0 0.024734982332155476
9 0.021201413427561835
7 0.0176678445229682
5 0.0176678445229682
3 0.0176678445229682
2 0.0176678445229682
1 0.0176678445229682
doc : 51
0 0.8308157099697885
9 0.04682779456193353
4 0.027190332326283987
5 0.019637462235649546
7 0.01661631419939577
3 0.013595166163141994
1 0.013595166163141994
6 0.012084592145015106
8 0.010574018126888218
2 0.00906344410876133
doc : 52
9 0.7159533073929961
3 0.0622568093385214
0 0.038910505836575876
2 0.0311284046692607
1 0.0311284046692607
7 0.027237354085603113
5 0.027237354085603113
4 0.027237354085603113
8 0.019455252918287938
6 0.019455252918287938
doc : 53
6 0.9334085778781037
1 0.010158013544018058
8 0.007900677200902933
3 0.007900677200902933
9 0.006772009029345372
7 0.006772009029345372
5 0.006772009029345372
4 0.006772009029345372
2 0.006772009029345372
0 0.006772009029345372
doc : 54
8 0.8251748251748252
5 0.024475524475524476
9 0.02097902097902098
7 0.02097902097902098
3 0.02097902097902098
6 0.017482517482517484
4 0.017482517482517484
2 0.017482517482517484
1 0.017482517482517484
0 0.017482517482517484
doc : 55
6 0.3907563025210084
7 0.32352941176470584
9 0.05042016806722689
8 0.05042016806722689
5 0.037815126050420166
4 0.03361344537815126
0 0.03361344537815126
2 0.029411764705882353
3 0.025210084033613446
1 0.025210084033613446
doc : 56
5 0.6559633027522936
7 0.09174311926605505
3 0.04128440366972477
1 0.03669724770642202
0 0.03669724770642202
9 0.03211009174311927
4 0.03211009174311927
6 0.027522935779816515
8 0.022935779816513763
2 0.022935779816513763
doc : 57
0 0.17500000000000002
7 0.15000000000000002
9 0.125
5 0.1125
6 0.08750000000000001
3 0.08750000000000001
4 0.07500000000000001
8 0.0625
2 0.0625
1 0.0625
doc : 58
8 0.8197879858657243
5 0.028268551236749116
4 0.024734982332155476
6 0.021201413427561835
9 0.0176678445229682
7 0.0176678445229682
3 0.0176678445229682
2 0.0176678445229682
1 0.0176678445229682
0 0.0176678445229682
doc : 59
0 0.8398791540785498
9 0.04984894259818731
5 0.027190332326283987
3 0.01812688821752266
7 0.013595166163141994
6 0.013595166163141994
1 0.012084592145015106
8 0.00906344410876133
2 0.00906344410876133
4 0.007552870090634441
doc : 60
7 0.6122448979591836
6 0.05612244897959183
5 0.05612244897959183
0 0.05612244897959183
3 0.0510204081632653
9 0.04081632653061224
4 0.03571428571428571
8 0.030612244897959183
2 0.030612244897959183
1 0.030612244897959183
doc : 61
3 0.36548223350253806
5 0.17258883248730963
7 0.09137055837563451
4 0.07614213197969542
9 0.07106598984771573
0 0.06598984771573603
2 0.04568527918781726
1 0.04060913705583756
8 0.035532994923857864
6 0.035532994923857864
doc : 62
8 0.7898305084745763
6 0.05084745762711864
5 0.030508474576271184
9 0.020338983050847456
1 0.020338983050847456
0 0.020338983050847456
7 0.01694915254237288
4 0.01694915254237288
3 0.01694915254237288
2 0.01694915254237288
doc : 63
8 0.8092105263157894
6 0.03289473684210526
4 0.029605263157894735
0 0.023026315789473683
9 0.019736842105263157
3 0.019736842105263157
7 0.01644736842105263
5 0.01644736842105263
2 0.01644736842105263
1 0.01644736842105263
doc : 64
7 0.4
4 0.16
5 0.07
6 0.06
3 0.06
9 0.05
8 0.05
2 0.05
1 0.05
0 0.05
doc : 65
2 0.6971677559912854
5 0.06318082788671024
6 0.054466230936819175
4 0.04575163398692811
9 0.03050108932461874
7 0.026143790849673207
3 0.02396514161220044
8 0.02178649237472767
1 0.02178649237472767
0 0.01525054466230937
doc : 66
4 0.34065934065934067
7 0.1098901098901099
6 0.09890109890109891
9 0.06593406593406594
8 0.06593406593406594
5 0.06593406593406594
3 0.06593406593406594
2 0.06593406593406594
0 0.06593406593406594
1 0.05494505494505495
doc : 67
6 0.15602836879432624
5 0.15602836879432624
7 0.1347517730496454
1 0.10638297872340426
0 0.09929078014184398
8 0.0851063829787234
4 0.0851063829787234
3 0.06382978723404255
2 0.06382978723404255
9 0.04964539007092199
doc : 68
1 0.7959866220735786
8 0.030100334448160536
6 0.026755852842809364
0 0.026755852842809364
4 0.023411371237458192
3 0.023411371237458192
9 0.020066889632107024
2 0.020066889632107024
7 0.016722408026755852
5 0.016722408026755852
doc : 69
2 0.6710239651416122
4 0.06753812636165578
5 0.052287581699346414
1 0.03703703703703704
6 0.034858387799564274
9 0.03050108932461874
7 0.03050108932461874
0 0.03050108932461874
3 0.02396514161220044
8 0.02178649237472767
doc : 70
7 0.3529411764705882
5 0.11764705882352941
4 0.09803921568627451
0 0.0784313725490196
3 0.06862745098039216
1 0.06862745098039216
9 0.058823529411764705
8 0.058823529411764705
6 0.049019607843137254
2 0.049019607843137254
doc : 71
7 0.6173469387755102
3 0.07653061224489795
5 0.061224489795918366
9 0.04591836734693877
2 0.04081632653061224
4 0.03571428571428571
0 0.03571428571428571
6 0.030612244897959183
1 0.030612244897959183
8 0.02551020408163265
doc : 72
9 0.5984126984126984
0 0.23174603174603176
6 0.03015873015873016
3 0.02857142857142857
1 0.026984126984126985
8 0.025396825396825397
2 0.025396825396825397
7 0.012698412698412698
4 0.011111111111111112
5 0.009523809523809525
doc : 73
3 0.3756345177664974
5 0.13197969543147206
4 0.12690355329949238
9 0.08121827411167512
7 0.07106598984771573
0 0.06598984771573603
1 0.050761421319796954
2 0.035532994923857864
8 0.03045685279187817
6 0.03045685279187817
doc : 74
0 0.4487951807228916
9 0.09939759036144578
2 0.088855421686747
4 0.07981927710843374
5 0.07680722891566265
6 0.07530120481927711
3 0.045180722891566265
1 0.03313253012048193
8 0.028614457831325303
7 0.024096385542168676
doc : 75
8 0.8203389830508474
9 0.023728813559322035
6 0.023728813559322035
5 0.020338983050847456
3 0.020338983050847456
1 0.020338983050847456
0 0.020338983050847456
7 0.01694915254237288
4 0.01694915254237288
2 0.01694915254237288
doc : 76
8 0.8026315789473684
6 0.039473684210526314
3 0.02631578947368421
7 0.019736842105263157
5 0.019736842105263157
4 0.019736842105263157
1 0.019736842105263157
0 0.019736842105263157
9 0.01644736842105263
2 0.01644736842105263
doc : 77
9 0.514866979655712
3 0.1189358372456964
1 0.10015649452269171
0 0.09076682316118936
5 0.06885758998435054
6 0.03912363067292645
4 0.025039123630672927
7 0.018779342723004695
2 0.012519561815336464
8 0.010954616588419406
doc : 78
5 0.23255813953488372
9 0.11627906976744186
8 0.09302325581395349
4 0.09302325581395349
6 0.08139534883720931
2 0.08139534883720931
1 0.08139534883720931
0 0.08139534883720931
7 0.06976744186046512
3 0.06976744186046512
doc : 79
1 0.7993311036789298
8 0.03678929765886287
6 0.023411371237458192
5 0.023411371237458192
4 0.023411371237458192
9 0.020066889632107024
7 0.020066889632107024
3 0.020066889632107024
2 0.016722408026755852
0 0.016722408026755852
doc : 80
1 0.8006756756756758
8 0.033783783783783786
9 0.030405405405405407
7 0.02027027027027027
6 0.02027027027027027
4 0.02027027027027027
3 0.02027027027027027
0 0.02027027027027027
5 0.016891891891891893
2 0.016891891891891893
doc : 81
9 0.5581395348837209
3 0.20348837209302326
0 0.055232558139534885
5 0.0377906976744186
2 0.03488372093023256
7 0.023255813953488372
6 0.023255813953488372
4 0.023255813953488372
8 0.020348837209302327
1 0.020348837209302327
doc : 82
8 0.12903225806451613
6 0.12903225806451613
0 0.11290322580645161
9 0.0967741935483871
7 0.0967741935483871
5 0.0967741935483871
1 0.0967741935483871
4 0.08064516129032258
3 0.08064516129032258
2 0.08064516129032258
doc : 83
7 0.45226130653266333
5 0.12060301507537688
3 0.11055276381909548
4 0.06030150753768844
0 0.05527638190954774
1 0.05025125628140704
2 0.04522613065326633
6 0.04020100502512563
8 0.035175879396984924
9 0.03015075376884422
doc : 84
7 0.46153846153846156
5 0.15734265734265734
4 0.1258741258741259
9 0.04895104895104895
0 0.04895104895104895
8 0.038461538461538464
3 0.03496503496503497
6 0.027972027972027972
2 0.027972027972027972
1 0.027972027972027972
doc : 85
4 0.24509803921568626
7 0.1568627450980392
5 0.09803921568627451
0 0.09803921568627451
9 0.0784313725490196
3 0.0784313725490196
6 0.06862745098039216
8 0.058823529411764705
2 0.058823529411764705
1 0.058823529411764705
doc : 86
7 0.5147058823529411
1 0.13025210084033612
9 0.07983193277310924
6 0.058823529411764705
5 0.058823529411764705
0 0.037815126050420166
4 0.031512605042016806
3 0.031512605042016806
2 0.029411764705882353
8 0.0273109243697479
doc : 87
5 0.2644628099173554
4 0.1322314049586777
6 0.09090909090909091
3 0.09090909090909091
7 0.08264462809917356
1 0.08264462809917356
2 0.0743801652892562
0 0.0743801652892562
9 0.05785123966942149
8 0.049586776859504134
doc : 88
8 0.8090277777777777
6 0.027777777777777776
5 0.027777777777777776
4 0.027777777777777776
0 0.020833333333333332
9 0.017361111111111112
7 0.017361111111111112
3 0.017361111111111112
2 0.017361111111111112
1 0.017361111111111112
doc : 89
8 0.7892857142857143
6 0.03571428571428571
9 0.02857142857142857
5 0.02857142857142857
7 0.02142857142857143
4 0.02142857142857143
1 0.02142857142857143
3 0.017857142857142856
2 0.017857142857142856
0 0.017857142857142856
doc : 90
7 0.23741007194244607
5 0.20143884892086333
1 0.1366906474820144
3 0.09352517985611511
9 0.06474820143884892
6 0.05755395683453238
4 0.05755395683453238
8 0.05035971223021583
2 0.05035971223021583
0 0.05035971223021583
doc : 91
7 0.19753086419753085
5 0.1728395061728395
0 0.16049382716049382
8 0.07407407407407407
6 0.07407407407407407
3 0.07407407407407407
9 0.06172839506172839
4 0.06172839506172839
2 0.06172839506172839
1 0.06172839506172839
doc : 92
7 0.3669724770642202
5 0.14678899082568808
0 0.10091743119266056
3 0.07339449541284404
1 0.07339449541284404
8 0.05504587155963303
9 0.045871559633027525
6 0.045871559633027525
4 0.045871559633027525
2 0.045871559633027525
doc : 93
0 0.7064017660044151
5 0.0728476821192053
9 0.05739514348785872
3 0.046357615894039736
6 0.026490066225165563
7 0.02207505518763797
2 0.019867549668874173
8 0.017660044150110375
4 0.015452538631346577
1 0.015452538631346577
doc : 94
9 0.814516129032258
0 0.04233870967741935
3 0.028225806451612902
8 0.020161290322580645
7 0.01814516129032258
6 0.01814516129032258
1 0.01814516129032258
5 0.016129032258064516
2 0.014112903225806451
4 0.010080645161290322
doc : 95
6 0.9275028768699655
1 0.012658227848101266
8 0.011507479861910242
7 0.00805523590333717
3 0.00805523590333717
9 0.006904487917146145
5 0.006904487917146145
0 0.006904487917146145
4 0.005753739930955121
2 0.005753739930955121
doc : 96
6 0.9247434435575826
8 0.011402508551881414
1 0.010262257696693273
0 0.010262257696693273
5 0.00798175598631699
4 0.00798175598631699
3 0.00798175598631699
9 0.0068415051311288486
7 0.0068415051311288486
2 0.005701254275940707
doc : 97
5 0.18309859154929578
0 0.15492957746478875
7 0.11267605633802817
9 0.09859154929577466
8 0.08450704225352113
4 0.08450704225352113
6 0.07042253521126761
3 0.07042253521126761
2 0.07042253521126761
1 0.07042253521126761
doc : 98
5 0.19444444444444442
2 0.1388888888888889
0 0.1111111111111111
7 0.09722222222222221
9 0.08333333333333333
6 0.08333333333333333
1 0.08333333333333333
8 0.06944444444444445
4 0.06944444444444445
3 0.06944444444444445
doc : 99
8 0.8078291814946619
5 0.028469750889679714
2 0.02491103202846975
9 0.021352313167259787
6 0.021352313167259787
4 0.021352313167259787
0 0.021352313167259787
7 0.01779359430604982
3 0.01779359430604982
1 0.01779359430604982
