doc : 0
4 0.216
6 0.152
2 0.10400000000000001
5 0.096
7 0.088
1 0.088
9 0.07200000000000001
8 0.064
3 0.064
0 0.056
doc : 1
1 0.38285714285714284
9 0.14285714285714285
3 0.11428571428571428
5 0.09714285714285714
4 0.06285714285714286
6 0.05714285714285714
8 0.04
7 0.04
0 0.03428571428571429
2 0.02857142857142857
doc : 2
6 0.6720647773279352
1 0.08097165991902834
5 0.06477732793522267
4 0.03643724696356275
2 0.032388663967611336
7 0.024291497975708502
3 0.024291497975708502
0 0.024291497975708502
9 0.020242914979757085
8 0.020242914979757085
doc : 3
6 0.6776119402985075
4 0.05373134328358209
1 0.05074626865671642
5 0.04776119402985075
3 0.03880597014925373
7 0.03283582089552239
9 0.029850746268656716
0 0.026865671641791045
2 0.023880597014925373
8 0.01791044776119403
doc : 4
6 0.822429906542056
3 0.028037383177570093
5 0.024922118380062305
9 0.021806853582554516
7 0.021806853582554516
0 0.018691588785046728
8 0.01557632398753894
4 0.01557632398753894
2 0.01557632398753894
1 0.01557632398753894
doc : 5
6 0.8255451713395638
5 0.028037383177570093
1 0.028037383177570093
7 0.021806853582554516
9 0.018691588785046728
8 0.01557632398753894
4 0.01557632398753894
3 0.01557632398753894
2 0.01557632398753894
0 0.01557632398753894
doc : 6
6 0.8161993769470405
5 0.04361370716510903
9 0.024922118380062305
7 0.018691588785046728
4 0.018691588785046728
8 0.01557632398753894
3 0.01557632398753894
2 0.01557632398753894
1 0.01557632398753894
0 0.01557632398753894
doc : 7
3 0.38144329896907214
8 0.08247422680412371
7 0.08247422680412371
4 0.08247422680412371
2 0.07216494845360824
1 0.07216494845360824
9 0.061855670103092786
0 0.061855670103092786
6 0.05154639175257732
5 0.05154639175257732
doc : 8
4 0.30978260869565216
5 0.16304347826086957
1 0.13043478260869565
9 0.07608695652173914
6 0.07608695652173914
8 0.06521739130434782
3 0.06521739130434782
2 0.048913043478260865
7 0.03260869565217391
0 0.03260869565217391
doc : 9
3 0.480952380952381
9 0.09047619047619049
5 0.0761904761904762
8 0.06190476190476191
7 0.06190476190476191
1 0.06190476190476191
4 0.05238095238095239
0 0.04285714285714286
2 0.0380952380952381
6 0.03333333333333334
doc : 10
1 0.5176991150442478
9 0.10619469026548672
5 0.08407079646017698
0 0.07964601769911504
6 0.061946902654867256
4 0.03982300884955752
7 0.035398230088495575
3 0.02654867256637168
2 0.02654867256637168
8 0.022123893805309734
doc : 11
1 0.5971731448763251
9 0.08480565371024734
0 0.07420494699646643
5 0.0636042402826855
6 0.038869257950530034
2 0.038869257950530034
7 0.0353356890459364
4 0.028268551236749116
8 0.021201413427561835
3 0.0176678445229682
doc : 12
8 0.2721518987341772
4 0.25316455696202533
0 0.10759493670886076
5 0.09493670886075949
6 0.06329113924050633
1 0.056962025316455694
9 0.0379746835443038
7 0.0379746835443038
3 0.0379746835443038
2 0.0379746835443038
doc : 13
6 0.7899686520376176
5 0.04702194357366771
1 0.028213166144200625
0 0.028213166144200625
9 0.018808777429467086
7 0.018808777429467086
4 0.018808777429467086
2 0.018808777429467086
8 0.01567398119122257
3 0.01567398119122257
doc : 14
6 0.7836990595611285
5 0.050156739811912224
1 0.034482758620689655
9 0.0219435736677116
7 0.0219435736677116
4 0.018808777429467086
3 0.018808777429467086
0 0.018808777429467086
8 0.01567398119122257
2 0.01567398119122257
doc : 15
0 0.43870967741935485
6 0.2709677419354839
9 0.06129032258064516
1 0.054838709677419356
4 0.035483870967741936
5 0.03225806451612903
3 0.03225806451612903
7 0.02903225806451613
2 0.02903225806451613
8 0.016129032258064516
doc : 16
7 0.7171381031613977
1 0.10815307820299501
6 0.04326123128119801
5 0.026622296173044926
9 0.019966722129783693
4 0.019966722129783693
3 0.019966722129783693
8 0.018302828618968387
2 0.014975041597337771
0 0.011647254575707155
doc : 17
4 0.6267942583732057
3 0.057416267942583726
7 0.05263157894736842
9 0.04784688995215311
5 0.04784688995215311
8 0.03827751196172249
6 0.03827751196172249
1 0.03827751196172249
2 0.028708133971291863
0 0.023923444976076555
doc : 18
2 0.8607594936708861
1 0.020569620253164556
6 0.01740506329113924
5 0.01740506329113924
3 0.01740506329113924
4 0.015822784810126583
0 0.015822784810126583
8 0.014240506329113924
7 0.011075949367088608
9 0.00949367088607595
doc : 19
5 0.49180327868852464
8 0.10655737704918034
1 0.0819672131147541
4 0.06967213114754099
9 0.05737704918032787
3 0.05327868852459017
0 0.04098360655737705
7 0.036885245901639344
6 0.03278688524590164
2 0.028688524590163935
doc : 20
7 0.6283524904214559
1 0.07662835249042145
6 0.053639846743295014
4 0.042145593869731796
9 0.038314176245210725
5 0.038314176245210725
0 0.038314176245210725
8 0.03065134099616858
3 0.026819923371647507
2 0.026819923371647507
doc : 21
7 0.5322997416020672
3 0.2532299741602067
1 0.0516795865633075
6 0.031007751937984496
5 0.028423772609819122
9 0.023255813953488372
8 0.023255813953488372
4 0.023255813953488372
0 0.020671834625323
2 0.012919896640826874
doc : 22
7 0.7058823529411765
1 0.07407407407407408
3 0.04357298474945534
8 0.04139433551198257
5 0.03050108932461874
4 0.028322440087145972
6 0.02178649237472767
9 0.019607843137254905
0 0.019607843137254905
2 0.01525054466230937
doc : 23
4 0.6240601503759398
6 0.05263157894736842
1 0.05263157894736842
0 0.045112781954887216
9 0.03759398496240601
8 0.03759398496240601
7 0.03759398496240601
5 0.03759398496240601
3 0.03759398496240601
2 0.03759398496240601
doc : 24
4 0.593984962406015
9 0.05263157894736842
6 0.05263157894736842
5 0.05263157894736842
2 0.05263157894736842
1 0.045112781954887216
8 0.03759398496240601
7 0.03759398496240601
3 0.03759398496240601
0 0.03759398496240601
doc : 25
6 0.8068535825545171
5 0.037383177570093455
1 0.028037383177570093
9 0.021806853582554516
7 0.021806853582554516
3 0.018691588785046728
0 0.018691588785046728
8 0.01557632398753894
4 0.01557632398753894
2 0.01557632398753894
doc : 26
5 0.7230769230769231
7 0.035897435897435895
6 0.035897435897435895
0 0.035897435897435895
4 0.03076923076923077
3 0.03076923076923077
1 0.03076923076923077
9 0.02564102564102564
8 0.02564102564102564
2 0.02564102564102564
doc : 27
3 0.6771300448430494
1 0.08370702541106129
4 0.061285500747384154
0 0.053811659192825115
2 0.03736920777279522
7 0.022421524663677132
5 0.02092675635276532
9 0.017937219730941704
6 0.016442451420029897
8 0.008968609865470852
doc : 28
0 0.718052738336714
1 0.08924949290060852
3 0.036511156186612576
5 0.030425963488843813
4 0.030425963488843813
2 0.030425963488843813
9 0.018255578093306288
6 0.018255578093306288
7 0.016227180527383367
8 0.012170385395537525
doc : 29
1 0.32791327913279134
5 0.24932249322493225
3 0.0948509485094851
9 0.08130081300813008
4 0.07859078590785908
6 0.04878048780487805
7 0.037940379403794036
8 0.03252032520325203
0 0.02981029810298103
2 0.018970189701897018
doc : 30
5 0.7230769230769231
7 0.035897435897435895
6 0.035897435897435895
1 0.035897435897435895
4 0.03076923076923077
2 0.03076923076923077
0 0.03076923076923077
9 0.02564102564102564
8 0.02564102564102564
3 0.02564102564102564
doc : 31
9 0.8247011952191234
6 0.027888446215139442
5 0.027888446215139442
2 0.02589641434262948
3 0.02390438247011952
7 0.0199203187250996
4 0.01792828685258964
1 0.01195219123505976
8 0.0099601593625498
0 0.0099601593625498
doc : 32
8 0.7381316998468607
2 0.04134762633996937
5 0.03828483920367535
4 0.036753445635528334
7 0.03522205206738132
1 0.02909647779479326
9 0.02450229709035222
3 0.02450229709035222
6 0.016845329249617153
0 0.015313935681470138
doc : 33
6 0.8275862068965517
1 0.028213166144200625
9 0.025078369905956112
8 0.018808777429467086
5 0.018808777429467086
0 0.018808777429467086
7 0.01567398119122257
4 0.01567398119122257
3 0.01567398119122257
2 0.01567398119122257
doc : 34
6 0.7808219178082192
5 0.0410958904109589
4 0.03424657534246575
9 0.023972602739726026
7 0.023972602739726026
3 0.02054794520547945
2 0.02054794520547945
1 0.02054794520547945
8 0.017123287671232876
0 0.017123287671232876
doc : 35
6 0.8116438356164383
5 0.030821917808219176
1 0.023972602739726026
9 0.02054794520547945
4 0.02054794520547945
3 0.02054794520547945
0 0.02054794520547945
8 0.017123287671232876
7 0.017123287671232876
2 0.017123287671232876
doc : 36
6 0.7876712328767123
5 0.030821917808219176
4 0.030821917808219176
1 0.030821917808219176
2 0.023972602739726026
9 0.02054794520547945
7 0.02054794520547945
3 0.02054794520547945
8 0.017123287671232876
0 0.017123287671232876
doc : 37
6 0.8119122257053292
1 0.034482758620689655
5 0.028213166144200625
3 0.0219435736677116
9 0.018808777429467086
8 0.018808777429467086
0 0.018808777429467086
7 0.01567398119122257
4 0.01567398119122257
2 0.01567398119122257
doc : 38
6 0.8170347003154574
9 0.028391167192429023
1 0.025236593059936908
7 0.022082018927444793
5 0.01892744479495268
4 0.01892744479495268
3 0.01892744479495268
2 0.01892744479495268
8 0.015772870662460567
0 0.015772870662460567
doc : 39
2 0.8637873754152824
1 0.02159468438538206
5 0.019933554817275746
4 0.018272425249169437
6 0.014950166112956811
9 0.013289036544850499
3 0.013289036544850499
8 0.011627906976744186
7 0.011627906976744186
0 0.011627906976744186
doc : 40
6 0.821917808219178
5 0.030821917808219176
1 0.023972602739726026
9 0.02054794520547945
8 0.017123287671232876
7 0.017123287671232876
4 0.017123287671232876
3 0.017123287671232876
2 0.017123287671232876
0 0.017123287671232876
doc : 41
6 0.7568493150684931
5 0.04452054794520548
1 0.04452054794520548
9 0.030821917808219176
8 0.02054794520547945
7 0.02054794520547945
4 0.02054794520547945
3 0.02054794520547945
2 0.02054794520547945
0 0.02054794520547945
doc : 42
6 0.773972602739726
9 0.04794520547945205
5 0.030821917808219176
1 0.0273972602739726
3 0.023972602739726026
0 0.023972602739726026
7 0.02054794520547945
8 0.017123287671232876
4 0.017123287671232876
2 0.017123287671232876
doc : 43
6 0.8013698630136986
5 0.030821917808219176
9 0.0273972602739726
7 0.0273972602739726
1 0.023972602739726026
2 0.02054794520547945
8 0.017123287671232876
4 0.017123287671232876
3 0.017123287671232876
0 0.017123287671232876
doc : 44
6 0.8056426332288401
9 0.03761755485893417
5 0.03134796238244514
1 0.0219435736677116
7 0.018808777429467086
2 0.018808777429467086
0 0.018808777429467086
8 0.01567398119122257
4 0.01567398119122257
3 0.01567398119122257
doc : 45
7 0.5853658536585367
1 0.0894308943089431
6 0.08536585365853659
5 0.06504065040650407
2 0.03658536585365854
8 0.032520325203252036
0 0.032520325203252036
9 0.02845528455284553
3 0.024390243902439025
4 0.020325203252032523
doc : 46
5 0.6974358974358974
6 0.046153846153846156
0 0.046153846153846156
1 0.041025641025641026
8 0.03076923076923077
7 0.03076923076923077
4 0.03076923076923077
9 0.02564102564102564
3 0.02564102564102564
2 0.02564102564102564
doc : 47
5 0.7282051282051282
6 0.041025641025641026
1 0.035897435897435895
7 0.03076923076923077
3 0.03076923076923077
2 0.03076923076923077
9 0.02564102564102564
8 0.02564102564102564
4 0.02564102564102564
0 0.02564102564102564
doc : 48
9 0.8273809523809523
6 0.02976190476190476
2 0.027777777777777776
5 0.021825396825396824
1 0.021825396825396824
7 0.015873015873015872
4 0.015873015873015872
8 0.013888888888888888
3 0.013888888888888888
0 0.011904761904761904
doc : 49
9 0.8195121951219512
6 0.03902439024390244
1 0.03577235772357724
8 0.022764227642276424
5 0.01788617886178862
7 0.016260162601626015
4 0.014634146341463414
3 0.013008130081300813
0 0.011382113821138212
2 0.00975609756097561
