doc : 0
8 0.6682242990654205
0 0.06542056074766354
6 0.04205607476635514
3 0.04205607476635514
4 0.037383177570093455
1 0.037383177570093455
2 0.03271028037383177
9 0.02803738317757009
7 0.02336448598130841
5 0.02336448598130841
doc : 1
8 0.8574821852731592
4 0.023752969121140145
9 0.02137767220902613
1 0.02137767220902613
0 0.0166270783847981
7 0.011876484560570073
6 0.011876484560570073
5 0.011876484560570073
3 0.011876484560570073
2 0.011876484560570073
doc : 2
8 0.738095238095238
3 0.06462585034013606
7 0.04081632653061224
4 0.030612244897959183
6 0.023809523809523808
0 0.023809523809523808
5 0.02040816326530612
2 0.02040816326530612
1 0.02040816326530612
9 0.017006802721088433
doc : 3
8 0.6904761904761905
1 0.10544217687074829
4 0.04421768707482993
0 0.03401360544217687
9 0.027210884353741496
5 0.027210884353741496
2 0.02040816326530612
7 0.017006802721088433
6 0.017006802721088433
3 0.017006802721088433
doc : 4
8 0.7552631578947369
3 0.07631578947368421
1 0.031578947368421054
4 0.02631578947368421
7 0.02368421052631579
0 0.02368421052631579
9 0.018421052631578946
6 0.015789473684210527
2 0.015789473684210527
5 0.013157894736842105
doc : 5
8 0.5794392523364486
0 0.12149532710280372
4 0.0794392523364486
5 0.04205607476635514
9 0.03271028037383177
7 0.03271028037383177
1 0.03271028037383177
6 0.02803738317757009
2 0.02803738317757009
3 0.02336448598130841
doc : 6
0 0.48031496062992124
8 0.11811023622047244
5 0.08661417322834646
7 0.05511811023622047
9 0.047244094488188976
2 0.047244094488188976
1 0.047244094488188976
6 0.03937007874015748
4 0.03937007874015748
3 0.03937007874015748
doc : 7
0 0.384
8 0.192
5 0.096
9 0.064
7 0.048
4 0.048
3 0.048
6 0.04
2 0.04
1 0.04
doc : 8
3 0.5471124620060791
6 0.20364741641337386
7 0.2006079027355623
2 0.013171225937183385
5 0.009625126646403243
8 0.006585612968591692
4 0.006079027355623101
0 0.005065856129685917
1 0.004559270516717326
9 0.003546099290780142
doc : 9
9 0.4740190880169672
7 0.45599151643690355
8 0.012725344644750797
0 0.01166489925768823
3 0.009544008483563097
5 0.008483563096500531
1 0.008483563096500531
6 0.007423117709437965
2 0.006362672322375399
4 0.005302226935312832
doc : 10
8 0.6402116402116402
4 0.0582010582010582
5 0.05291005291005291
0 0.05291005291005291
6 0.037037037037037035
3 0.037037037037037035
9 0.031746031746031744
7 0.031746031746031744
1 0.031746031746031744
2 0.026455026455026454
doc : 11
2 0.590316573556797
5 0.15502793296089384
7 0.10893854748603352
9 0.05865921787709497
1 0.04748603351955307
6 0.012569832402234637
4 0.011638733705772812
0 0.006517690875232775
3 0.005121042830540037
8 0.0037243947858473
doc : 12
7 0.3846153846153846
0 0.25
8 0.05769230769230769
3 0.05769230769230769
1 0.05128205128205128
6 0.04487179487179487
4 0.04487179487179487
9 0.038461538461538464
5 0.038461538461538464
2 0.03205128205128205
doc : 13
1 0.36032642812303833
7 0.26051475204017577
9 0.1487758945386064
6 0.10985561833019461
3 0.06842435655994979
2 0.023226616446955433
5 0.010043942247332079
4 0.008160703075957313
0 0.005649717514124294
8 0.005021971123666039
doc : 14
7 0.48109965635738833
6 0.27835051546391754
9 0.17869415807560138
3 0.010309278350515464
2 0.010309278350515464
1 0.010309278350515464
5 0.009163802978235968
0 0.009163802978235968
8 0.006872852233676976
4 0.00572737686139748
doc : 15
7 0.5240443896424167
6 0.2342786683107275
9 0.11467324290998768
3 0.06905055487053022
0 0.016029593094944512
5 0.009864364981504316
4 0.009864364981504316
8 0.008631319358816277
2 0.007398273736128237
1 0.006165228113440197
doc : 16
2 0.6140235910878112
3 0.28833551769331583
7 0.02948885976408912
1 0.01703800786369594
5 0.014416775884665793
6 0.01310615989515072
8 0.007863695937090433
9 0.00655307994757536
0 0.005897771952817824
4 0.00327653997378768
doc : 17
8 0.7021276595744681
1 0.09574468085106383
4 0.061170212765957445
0 0.034574468085106384
9 0.023936170212765957
7 0.02127659574468085
3 0.018617021276595744
6 0.015957446808510637
5 0.013297872340425532
2 0.013297872340425532
doc : 18
0 0.6948775055679287
8 0.0779510022271715
4 0.06681514476614699
5 0.0378619153674833
1 0.028953229398663696
7 0.024498886414253896
6 0.020044543429844096
9 0.017817371937639197
3 0.017817371937639197
2 0.013363028953229397
doc : 19
0 0.4595959595959596
9 0.11616161616161617
5 0.06565656565656566
2 0.06565656565656566
1 0.06565656565656566
6 0.05555555555555556
7 0.05050505050505051
3 0.05050505050505051
4 0.04040404040404041
8 0.030303030303030304
doc : 20
2 0.664702030124427
1 0.2658808120497708
7 0.022920759659463
3 0.009823182711198428
5 0.0091683038637852
9 0.007858546168958744
6 0.005893909626719057
4 0.005239030779305829
0 0.0045841519318926
8 0.003929273084479372
doc : 21
0 0.3333333333333333
1 0.10144927536231885
9 0.09420289855072464
7 0.09420289855072464
3 0.08695652173913043
4 0.07971014492753624
5 0.07246376811594203
8 0.050724637681159424
2 0.050724637681159424
6 0.036231884057971016
doc : 22
5 0.4970845481049563
1 0.2857142857142857
7 0.1282798833819242
0 0.018950437317784258
6 0.01749271137026239
4 0.014577259475218658
9 0.011661807580174927
8 0.008746355685131196
3 0.008746355685131196
2 0.008746355685131196
doc : 23
8 0.5576036866359447
0 0.11059907834101382
4 0.09216589861751152
2 0.04608294930875576
9 0.03686635944700461
6 0.03686635944700461
5 0.03225806451612903
3 0.03225806451612903
1 0.03225806451612903
7 0.02304147465437788
doc : 24
1 0.612667478684531
5 0.1120584652862363
0 0.06090133982947624
2 0.05481120584652862
8 0.049939098660170524
4 0.03775883069427527
3 0.031668696711327646
6 0.014616321559074299
7 0.013398294762484775
9 0.012180267965895249
doc : 25
7 0.34360834088848596
3 0.3028105167724388
6 0.2774252039891206
5 0.019945602901178604
2 0.016319129646418858
0 0.009972801450589302
8 0.008159564823209429
1 0.008159564823209429
9 0.007252946509519492
4 0.006346328195829556
doc : 26
7 0.4732824427480916
6 0.31806615776081426
9 0.14376590330788805
2 0.012722646310432571
8 0.010178117048346057
4 0.010178117048346057
3 0.008905852417302799
1 0.008905852417302799
5 0.0076335877862595426
0 0.0063613231552162855
doc : 27
6 0.5006031363088057
7 0.4234016887816646
3 0.015681544028950542
1 0.01085645355850422
9 0.009650180940892641
8 0.009650180940892641
5 0.008443908323281062
2 0.008443908323281062
4 0.00723763570566948
0 0.006031363088057901
doc : 28
1 0.6417910447761194
2 0.08315565031982942
7 0.08102345415778252
3 0.038379530916844345
9 0.031982942430703626
0 0.027718550106609806
5 0.0255863539445629
4 0.0255863539445629
6 0.023454157782515993
8 0.021321961620469083
doc : 29
5 0.7064454371410339
6 0.09444798978940652
2 0.09317166560306318
7 0.05424377791959158
1 0.02361199744735163
3 0.007657945118059988
0 0.006381620931716656
8 0.005743458838544991
4 0.005105296745373325
9 0.003190810465858328
doc : 30
7 0.4474885844748858
6 0.2888127853881278
9 0.18949771689497716
1 0.014840182648401826
2 0.012557077625570776
5 0.01141552511415525
0 0.010273972602739725
8 0.0091324200913242
4 0.007990867579908675
3 0.007990867579908675
doc : 31
6 0.4775757575757576
7 0.43757575757575756
2 0.01818181818181818
8 0.012121212121212121
5 0.01090909090909091
4 0.009696969696969697
1 0.009696969696969697
9 0.008484848484848484
3 0.008484848484848484
0 0.007272727272727273
doc : 32
6 0.4732739420935412
7 0.4443207126948775
3 0.022271714922048998
2 0.012249443207126948
8 0.010022271714922048
0 0.010022271714922048
9 0.008908685968819599
5 0.006681514476614699
4 0.006681514476614699
1 0.005567928730512249
doc : 33
7 0.5216284987277354
6 0.21755725190839698
9 0.10814249363867685
2 0.044529262086514
1 0.033078880407124686
3 0.031806615776081425
5 0.017811704834605598
8 0.010178117048346057
4 0.008905852417302799
0 0.0063613231552162855
doc : 34
7 0.477792732166891
9 0.2839838492597577
6 0.05652759084791387
4 0.05652759084791387
5 0.03768506056527591
1 0.026917900403768506
2 0.024226110363391656
3 0.016150740242261104
0 0.013458950201884253
8 0.006729475100942127
doc : 35
2 0.5206922498118887
5 0.18133935289691497
3 0.14145974416854779
7 0.07599699021820917
6 0.03686982693754703
0 0.015048908954100828
4 0.009029345372460496
9 0.007524454477050414
8 0.006772009029345372
1 0.005267118133935289
doc : 36
0 0.5080645161290323
4 0.0967741935483871
1 0.06451612903225806
8 0.056451612903225805
9 0.04838709677419355
7 0.04838709677419355
6 0.04838709677419355
5 0.04838709677419355
3 0.04032258064516129
2 0.04032258064516129
doc : 37
0 0.6794258373205742
8 0.04784688995215311
7 0.04784688995215311
6 0.04784688995215311
5 0.03349282296650718
4 0.03349282296650718
2 0.03349282296650718
1 0.028708133971291863
9 0.023923444976076555
3 0.023923444976076555
doc : 38
5 0.6946428571428571
7 0.19285714285714284
3 0.017857142857142856
1 0.017857142857142856
6 0.01607142857142857
0 0.01607142857142857
8 0.014285714285714285
9 0.010714285714285714
4 0.010714285714285714
2 0.008928571428571428
doc : 39
0 0.5620437956204379
5 0.058394160583941604
4 0.058394160583941604
1 0.058394160583941604
8 0.051094890510948905
9 0.043795620437956206
7 0.043795620437956206
6 0.043795620437956206
2 0.043795620437956206
3 0.0364963503649635
doc : 40
4 0.6712328767123288
9 0.2180365296803653
5 0.02054794520547945
0 0.02054794520547945
1 0.01598173515981735
8 0.0136986301369863
7 0.012557077625570776
6 0.010273972602739725
2 0.0091324200913242
3 0.007990867579908675
doc : 41
8 0.8231707317073171
5 0.027439024390243903
3 0.024390243902439025
7 0.021341463414634148
2 0.021341463414634148
4 0.01829268292682927
0 0.01829268292682927
9 0.01524390243902439
6 0.01524390243902439
1 0.01524390243902439
doc : 42
8 0.6355555555555555
4 0.17555555555555555
1 0.03777777777777778
5 0.028888888888888888
2 0.028888888888888888
0 0.024444444444444446
7 0.022222222222222223
6 0.017777777777777778
9 0.015555555555555555
3 0.013333333333333332
doc : 43
4 0.7977777777777778
8 0.03777777777777778
9 0.03333333333333333
5 0.028888888888888888
1 0.026666666666666665
2 0.02
0 0.017777777777777778
7 0.013333333333333332
3 0.013333333333333332
6 0.011111111111111112
doc : 44
5 0.6829268292682927
3 0.1291248206599713
7 0.10760401721664276
2 0.01865136298421808
1 0.014347202295552367
9 0.01291248206599713
8 0.008608321377331422
6 0.008608321377331422
4 0.008608321377331422
0 0.008608321377331422
doc : 45
7 0.5508021390374331
9 0.34893048128342247
6 0.0320855614973262
2 0.013368983957219251
5 0.012032085561497326
4 0.012032085561497326
3 0.009358288770053475
8 0.00802139037433155
1 0.0066844919786096255
0 0.0066844919786096255
doc : 46
9 0.4666666666666667
7 0.46031746031746035
5 0.012698412698412698
6 0.011640211640211642
3 0.010582010582010583
2 0.009523809523809525
0 0.008465608465608466
8 0.007407407407407408
1 0.007407407407407408
4 0.005291005291005292
doc : 47
9 0.46772486772486777
7 0.4571428571428572
5 0.012698412698412698
1 0.012698412698412698
6 0.011640211640211642
8 0.009523809523809525
2 0.008465608465608466
0 0.008465608465608466
3 0.006349206349206349
4 0.005291005291005292
doc : 48
9 0.48253968253968255
7 0.4507936507936508
3 0.013756613756613757
8 0.011640211640211642
1 0.011640211640211642
6 0.006349206349206349
5 0.006349206349206349
4 0.006349206349206349
2 0.005291005291005292
0 0.005291005291005292
doc : 49
0 0.5373134328358209
8 0.08208955223880597
7 0.07462686567164178
2 0.05970149253731343
3 0.05223880597014925
1 0.04477611940298507
9 0.03731343283582089
6 0.03731343283582089
5 0.03731343283582089
4 0.03731343283582089
