doc : 0
5 0.11864406779661017
8 0.1016949152542373
6 0.1016949152542373
4 0.1016949152542373
3 0.1016949152542373
2 0.1016949152542373
1 0.1016949152542373
0 0.1016949152542373
9 0.0847457627118644
7 0.0847457627118644
doc : 1
4 0.4803921568627451
6 0.1323529411764706
0 0.10784313725490197
8 0.0784313725490196
5 0.049019607843137254
2 0.03431372549019608
1 0.03431372549019608
7 0.029411764705882353
3 0.029411764705882353
9 0.024509803921568627
doc : 2
9 0.1
8 0.1
7 0.1
6 0.1
5 0.1
4 0.1
3 0.1
2 0.1
1 0.1
0 0.1
doc : 3
7 0.2685185185185185
9 0.17592592592592593
2 0.125
3 0.11574074074074073
5 0.10648148148148148
4 0.07407407407407407
8 0.046296296296296294
6 0.037037037037037035
0 0.027777777777777776
1 0.023148148148148147
doc : 4
6 0.8213399503722084
8 0.02729528535980149
5 0.02729528535980149
4 0.024813895781637715
3 0.024813895781637715
2 0.019851116625310174
9 0.01488833746898263
0 0.01488833746898263
7 0.012406947890818858
1 0.012406947890818858
doc : 5
7 0.5619834710743802
9 0.15151515151515152
2 0.08539944903581267
1 0.05509641873278237
6 0.03581267217630854
3 0.027548209366391185
5 0.024793388429752067
0 0.024793388429752067
4 0.01928374655647383
8 0.013774104683195593
doc : 6
6 0.8629032258064517
5 0.01881720430107527
0 0.01881720430107527
9 0.016129032258064516
1 0.016129032258064516
8 0.013440860215053765
7 0.013440860215053765
4 0.013440860215053765
3 0.013440860215053765
2 0.013440860215053765
doc : 7
6 0.8643617021276595
8 0.018617021276595744
5 0.018617021276595744
4 0.015957446808510637
3 0.015957446808510637
9 0.013297872340425532
7 0.013297872340425532
2 0.013297872340425532
1 0.013297872340425532
0 0.013297872340425532
doc : 8
5 0.6747474747474748
9 0.1191919191919192
6 0.06262626262626263
2 0.03232323232323232
7 0.026262626262626262
0 0.022222222222222223
3 0.0202020202020202
1 0.01818181818181818
8 0.012121212121212121
4 0.012121212121212121
doc : 9
5 0.2535885167464115
1 0.19617224880382775
9 0.1770334928229665
0 0.09090909090909091
3 0.06698564593301436
7 0.06220095693779904
2 0.06220095693779904
8 0.03349282296650718
6 0.03349282296650718
4 0.023923444976076555
doc : 10
7 0.4657039711191336
1 0.22021660649819497
2 0.06498194945848376
4 0.05415162454873646
9 0.039711191335740074
3 0.036101083032490974
0 0.03249097472924188
8 0.02888086642599278
6 0.02888086642599278
5 0.02888086642599278
doc : 11
4 0.5777126099706745
6 0.12903225806451613
5 0.08504398826979472
9 0.03225806451612903
3 0.03225806451612903
2 0.03225806451612903
8 0.02932551319648094
1 0.02932551319648094
0 0.02932551319648094
7 0.02346041055718475
doc : 12
9 0.45226130653266333
2 0.2185929648241206
0 0.0678391959798995
1 0.052763819095477386
7 0.05025125628140704
5 0.04773869346733668
3 0.03768844221105528
8 0.032663316582914576
6 0.02512562814070352
4 0.01507537688442211
doc : 13
9 0.20388349514563106
2 0.1844660194174757
7 0.11650485436893203
4 0.11650485436893203
1 0.10679611650485436
6 0.058252427184466014
5 0.058252427184466014
3 0.058252427184466014
8 0.04854368932038834
0 0.04854368932038834
doc : 14
4 0.5040650406504066
2 0.0975609756097561
9 0.06504065040650407
5 0.05691056910569106
0 0.05691056910569106
8 0.04878048780487805
3 0.04878048780487805
7 0.04065040650406505
6 0.04065040650406505
1 0.04065040650406505
doc : 15
5 0.7606602475928473
9 0.14030261348005502
2 0.026134800550206328
7 0.012379642365887207
6 0.012379642365887207
3 0.012379642365887207
1 0.012379642365887207
4 0.008253094910591473
0 0.008253094910591473
8 0.0068775790921595595
doc : 16
6 0.887816646562123
5 0.02533172496984318
8 0.0180940892641737
2 0.01447527141133896
1 0.01447527141133896
3 0.009650180940892641
9 0.008443908323281062
7 0.008443908323281062
4 0.00723763570566948
0 0.006031363088057901
doc : 17
6 0.7295774647887324
4 0.04225352112676056
0 0.03943661971830986
5 0.036619718309859155
8 0.030985915492957747
3 0.030985915492957747
2 0.02535211267605634
1 0.02535211267605634
9 0.022535211267605635
7 0.016901408450704227
doc : 18
6 0.6637168141592921
4 0.07079646017699115
5 0.05309734513274336
3 0.03982300884955752
0 0.03982300884955752
7 0.035398230088495575
1 0.030973451327433628
9 0.022123893805309734
8 0.022123893805309734
2 0.022123893805309734
doc : 19
4 0.13636363636363635
0 0.13636363636363635
9 0.12121212121212122
8 0.10606060606060606
5 0.10606060606060606
7 0.09090909090909091
6 0.07575757575757576
3 0.07575757575757576
2 0.07575757575757576
1 0.07575757575757576
doc : 20
3 0.6184323858742463
9 0.2954349698535745
1 0.015503875968992248
0 0.013781223083548665
2 0.012919896640826873
4 0.012058570198105082
6 0.008613264427217916
5 0.008613264427217916
7 0.007751937984496124
8 0.0068906115417743325
doc : 21
9 0.28723404255319146
2 0.26063829787234044
7 0.10638297872340426
4 0.0851063829787234
5 0.06382978723404255
1 0.05851063829787234
3 0.0425531914893617
6 0.03723404255319149
8 0.031914893617021274
0 0.026595744680851064
doc : 22
2 0.4548872180451128
9 0.16541353383458646
5 0.10526315789473684
0 0.07142857142857142
7 0.041353383458646614
3 0.041353383458646614
8 0.03759398496240601
4 0.03759398496240601
1 0.02631578947368421
6 0.018796992481203006
doc : 23
4 0.2054794520547945
7 0.136986301369863
6 0.1095890410958904
2 0.0958904109589041
8 0.0821917808219178
5 0.0821917808219178
3 0.0821917808219178
9 0.0684931506849315
1 0.0684931506849315
0 0.0684931506849315
doc : 24
5 0.3867069486404834
7 0.17220543806646527
9 0.14501510574018128
2 0.06646525679758308
1 0.05740181268882175
6 0.04229607250755287
4 0.03927492447129909
0 0.03323262839879154
3 0.030211480362537763
8 0.027190332326283987
doc : 25
5 0.7284595300261096
9 0.15013054830287206
4 0.02610966057441253
2 0.022193211488250653
7 0.014360313315926894
1 0.014360313315926894
3 0.01174934725848564
0 0.01174934725848564
8 0.010443864229765013
6 0.010443864229765013
doc : 26
9 0.1
8 0.1
7 0.1
6 0.1
5 0.1
4 0.1
3 0.1
2 0.1
1 0.1
0 0.1
doc : 27
2 0.7278983589200636
9 0.21069348861831658
3 0.01694017998941239
6 0.008999470619375331
1 0.008999470619375331
7 0.006352567496029646
4 0.006352567496029646
5 0.005823186871360508
0 0.004764425622022234
8 0.003176283748014823
doc : 28
9 0.9114551083591331
2 0.04241486068111455
1 0.010216718266253871
3 0.009287925696594427
7 0.0058823529411764705
5 0.005572755417956657
4 0.0046439628482972135
0 0.0043343653250774
8 0.003715170278637771
6 0.002476780185758514
doc : 29
3 0.6073619631901841
5 0.18404907975460125
6 0.06952965235173825
2 0.030674846625766874
0 0.026584867075664625
7 0.02044989775051125
4 0.018404907975460124
9 0.016359918200409
1 0.016359918200409
8 0.010224948875255624
doc : 30
7 0.604735883424408
9 0.28415300546448086
1 0.030054644808743168
3 0.020947176684881604
2 0.01639344262295082
4 0.015482695810564663
0 0.010018214936247723
5 0.007285974499089253
8 0.00546448087431694
6 0.00546448087431694
doc : 31
0 0.5813953488372093
9 0.29433139534883723
7 0.03561046511627907
2 0.024709302325581394
3 0.020348837209302327
1 0.018168604651162792
6 0.007994186046511628
5 0.006540697674418604
4 0.006540697674418604
8 0.00436046511627907
doc : 32
4 0.9149400218102509
5 0.014176663031624865
2 0.010905125408942203
0 0.010905125408942203
3 0.009814612868047983
1 0.009814612868047983
7 0.008724100327153763
6 0.0076335877862595426
9 0.0065430752453653224
8 0.0065430752453653224
doc : 33
8 0.9627630868861307
6 0.0064759848893685915
4 0.004856988667026444
2 0.004856988667026444
0 0.004317323259579061
5 0.0037776578521316784
9 0.0032379924446842958
7 0.0032379924446842958
3 0.0032379924446842958
1 0.0032379924446842958
doc : 34
3 0.4759358288770053
0 0.1443850267379679
5 0.0909090909090909
7 0.06951871657754011
2 0.0427807486631016
1 0.0427807486631016
8 0.0374331550802139
4 0.0374331550802139
6 0.0320855614973262
9 0.026737967914438502
doc : 35
0 0.8531468531468531
6 0.08566433566433566
5 0.01048951048951049
3 0.01048951048951049
8 0.007867132867132868
4 0.007867132867132868
2 0.007867132867132868
7 0.006993006993006993
9 0.005244755244755245
1 0.004370629370629371
doc : 36
7 0.7905308464849354
9 0.10329985652797705
2 0.024390243902439025
1 0.017216642754662843
0 0.014347202295552367
4 0.011477761836441894
3 0.011477761836441894
5 0.010043041606886658
8 0.008608321377331422
6 0.008608321377331422
doc : 37
1 0.7230769230769231
9 0.13706293706293707
7 0.03496503496503497
5 0.02097902097902098
0 0.02097902097902098
2 0.016783216783216783
4 0.013986013986013986
6 0.012587412587412587
3 0.012587412587412587
8 0.006993006993006993
doc : 38
9 0.5029515938606848
1 0.3766233766233766
2 0.04132231404958678
3 0.02125147579693034
7 0.011806375442739079
5 0.01062573789846517
0 0.01062573789846517
8 0.009445100354191263
4 0.009445100354191263
6 0.0059031877213695395
doc : 39
9 0.40744570837642197
7 0.3453981385729059
2 0.10548086866597725
3 0.040330920372285424
5 0.035160289555325755
1 0.031023784901758018
0 0.015511892450879009
6 0.008273009307135471
4 0.006204756980351603
8 0.005170630816959669
doc : 40
4 0.3523809523809524
2 0.13333333333333336
5 0.09523809523809525
9 0.0761904761904762
7 0.0761904761904762
6 0.05714285714285715
3 0.05714285714285715
0 0.05714285714285715
8 0.04761904761904762
1 0.04761904761904762
doc : 41
2 0.17475728155339804
9 0.13592233009708737
7 0.13592233009708737
0 0.10679611650485436
4 0.09708737864077668
5 0.07766990291262135
1 0.07766990291262135
8 0.06796116504854369
3 0.06796116504854369
6 0.058252427184466014
doc : 42
2 0.7213483146067416
9 0.23258426966292137
7 0.011235955056179777
4 0.006741573033707865
0 0.005617977528089888
3 0.005056179775280899
8 0.0044943820224719105
5 0.0044943820224719105
1 0.0044943820224719105
6 0.003932584269662922
doc : 43
9 0.11290322580645161
8 0.11290322580645161
7 0.11290322580645161
3 0.11290322580645161
6 0.0967741935483871
2 0.0967741935483871
1 0.0967741935483871
0 0.0967741935483871
5 0.08064516129032258
4 0.08064516129032258
doc : 44
4 0.171875
9 0.109375
1 0.109375
6 0.09375
5 0.09375
3 0.09375
0 0.09375
8 0.078125
7 0.078125
2 0.078125
doc : 45
4 0.234375
7 0.09375
5 0.09375
1 0.09375
0 0.09375
9 0.078125
8 0.078125
6 0.078125
3 0.078125
2 0.078125
doc : 46
2 0.2913907284768212
9 0.152317880794702
1 0.11258278145695365
5 0.08609271523178808
0 0.08609271523178808
4 0.07947019867549669
7 0.06622516556291391
8 0.046357615894039736
6 0.046357615894039736
3 0.033112582781456956
doc : 47
9 0.6772151898734177
2 0.0970464135021097
7 0.09599156118143459
1 0.04113924050632911
5 0.02109704641350211
4 0.016877637130801686
0 0.016877637130801686
3 0.01371308016877637
8 0.01160337552742616
6 0.008438818565400843
doc : 48
3 0.6069418386491557
9 0.2879924953095685
2 0.03564727954971857
4 0.01594746716697936
7 0.01125703564727955
1 0.01125703564727955
0 0.010318949343339587
8 0.008442776735459663
5 0.0075046904315197
6 0.004690431519699813
doc : 49
9 0.4903047091412742
1 0.3850415512465374
3 0.02493074792243767
2 0.0221606648199446
7 0.020313942751615882
4 0.01662049861495845
0 0.012003693444136657
8 0.010156971375807941
6 0.010156971375807941
5 0.008310249307479225
