doc : 0
4 0.7651245551601423
8 0.03914590747330961
9 0.028469750889679714
6 0.028469750889679714
5 0.028469750889679714
2 0.028469750889679714
1 0.028469750889679714
7 0.01779359430604982
3 0.01779359430604982
0 0.01779359430604982
doc : 1
4 0.8265582655826558
8 0.02981029810298103
3 0.024390243902439025
6 0.02168021680216802
7 0.018970189701897018
9 0.016260162601626015
5 0.016260162601626015
2 0.016260162601626015
1 0.016260162601626015
0 0.013550135501355014
doc : 2
4 0.4064516129032258
5 0.12903225806451613
7 0.07741935483870968
6 0.07741935483870968
3 0.06451612903225806
9 0.05161290322580645
8 0.05161290322580645
2 0.05161290322580645
1 0.05161290322580645
0 0.03870967741935484
doc : 3
6 0.25773195876288657
7 0.13402061855670103
2 0.12371134020618557
1 0.09278350515463918
8 0.08247422680412371
5 0.08247422680412371
4 0.061855670103092786
0 0.061855670103092786
9 0.05154639175257732
3 0.05154639175257732
doc : 4
4 0.45669291338582674
1 0.07874015748031496
9 0.07086614173228346
8 0.06299212598425197
5 0.06299212598425197
0 0.06299212598425197
7 0.05511811023622047
6 0.05511811023622047
2 0.05511811023622047
3 0.03937007874015748
doc : 5
4 0.5441176470588235
5 0.10294117647058823
9 0.06372549019607843
7 0.058823529411764705
6 0.049019607843137254
3 0.0392156862745098
2 0.0392156862745098
8 0.03431372549019608
1 0.03431372549019608
0 0.03431372549019608
doc : 6
5 0.3674418604651163
4 0.35348837209302325
0 0.05116279069767442
7 0.04186046511627907
2 0.04186046511627907
6 0.037209302325581395
9 0.03255813953488372
8 0.027906976744186046
3 0.023255813953488372
1 0.023255813953488372
doc : 7
5 0.5663716814159292
6 0.07079646017699115
9 0.061946902654867256
4 0.05752212389380531
7 0.05309734513274336
2 0.05309734513274336
3 0.03982300884955752
8 0.035398230088495575
1 0.030973451327433628
0 0.030973451327433628
doc : 8
4 0.781786941580756
7 0.03608247422680412
5 0.03436426116838488
9 0.03264604810996564
6 0.030927835051546393
8 0.024054982817869414
3 0.018900343642611683
1 0.015463917525773196
0 0.015463917525773196
2 0.010309278350515464
doc : 9
2 0.8656387665198237
3 0.026431718061674006
8 0.024963289280469897
7 0.02422907488986784
6 0.017621145374449337
0 0.013215859030837003
4 0.008076358296622614
5 0.007342143906020558
9 0.0066079295154185015
1 0.005873715124816446
doc : 10
2 0.8869499241274659
3 0.04779969650986343
6 0.012898330804248861
7 0.011380880121396056
8 0.010622154779969651
9 0.006828528072837633
0 0.006828528072837633
5 0.006069802731411229
4 0.006069802731411229
1 0.004552352048558422
doc : 11
2 0.8839694656488549
3 0.03282442748091603
8 0.01603053435114504
7 0.015267175572519083
0 0.012213740458015267
9 0.00916030534351145
4 0.00916030534351145
6 0.008396946564885497
1 0.006870229007633588
5 0.0061068702290076335
doc : 12
2 0.8519061583577713
3 0.0373900293255132
7 0.025659824046920823
0 0.02126099706744868
8 0.018328445747800588
6 0.018328445747800588
9 0.00879765395894428
4 0.007331378299120235
5 0.006598240469208211
1 0.00439882697947214
doc : 13
2 0.8843797856049005
3 0.04517611026033691
7 0.015313935681470138
8 0.01225114854517611
6 0.010719754977029096
4 0.008422664624808576
9 0.007656967840735069
0 0.006891271056661563
1 0.005359877488514548
5 0.0038284839203675345
doc : 14
7 0.5196463654223968
3 0.27013752455795675
2 0.09528487229862474
0 0.04223968565815324
8 0.01768172888015717
6 0.016699410609037325
9 0.011787819253438112
5 0.009823182711198428
1 0.008840864440078585
4 0.007858546168958742
doc : 15
9 0.6784037558685446
3 0.1056338028169014
2 0.04460093896713615
5 0.03051643192488263
6 0.028169014084507043
0 0.028169014084507043
7 0.025821596244131457
1 0.02112676056338028
8 0.018779342723004695
4 0.018779342723004695
doc : 16
2 0.44676616915422884
8 0.3492537313432836
0 0.054726368159203974
7 0.04975124378109452
3 0.035820895522388055
6 0.026865671641791045
4 0.011940298507462685
9 0.008955223880597014
5 0.008955223880597014
1 0.006965174129353233
doc : 17
8 0.6446280991735538
0 0.1046831955922865
9 0.05785123966942149
7 0.03856749311294766
3 0.03305785123966942
4 0.030303030303030304
2 0.030303030303030304
1 0.027548209366391185
6 0.01652892561983471
5 0.01652892561983471
doc : 18
1 0.6292352371732817
9 0.2352371732817038
0 0.0377541142303969
5 0.016456921587608905
3 0.016456921587608905
7 0.01452081316553727
6 0.01452081316553727
8 0.013552758954501452
2 0.011616650532429816
4 0.010648596321393998
doc : 19
8 0.5816326530612245
3 0.10544217687074829
7 0.09353741496598639
6 0.057823129251700675
9 0.04931972789115646
0 0.03571428571428571
2 0.028911564625850338
4 0.01870748299319728
5 0.015306122448979591
1 0.013605442176870748
doc : 20
1 0.4646354733405876
9 0.18171926006528835
7 0.11099020674646355
3 0.07181719260065289
8 0.06202393906420022
0 0.031556039173014146
6 0.030467899891186073
2 0.022850924918389554
4 0.01632208922742111
5 0.007616974972796518
doc : 21
0 0.6850802644003777
1 0.2440982058545798
3 0.0226628895184136
8 0.010859301227573183
7 0.010387157695939566
9 0.008026440037771483
2 0.0066100094428706326
4 0.004721435316336167
6 0.00424929178470255
5 0.0033050047214353163
doc : 22
8 0.6088154269972452
0 0.1322314049586777
9 0.05234159779614325
3 0.04132231404958678
2 0.03856749311294766
7 0.03581267217630854
4 0.030303030303030304
5 0.02203856749311295
6 0.01928374655647383
1 0.01928374655647383
doc : 23
8 0.4460694698354662
2 0.2303473491773309
0 0.08409506398537477
7 0.05850091407678245
6 0.043875685557586835
3 0.04204753199268738
9 0.03656307129798903
5 0.021937842778793418
4 0.02010968921389397
1 0.016453382084095063
doc : 24
5 0.2553191489361702
9 0.12056737588652482
7 0.10638297872340426
2 0.10638297872340426
4 0.09219858156028368
6 0.0851063829787234
1 0.07801418439716312
0 0.06382978723404255
8 0.04964539007092199
3 0.0425531914893617
doc : 25
9 0.31648936170212766
2 0.23404255319148937
6 0.11702127659574468
0 0.11436170212765957
7 0.047872340425531915
8 0.0425531914893617
4 0.034574468085106384
3 0.034574468085106384
1 0.034574468085106384
5 0.023936170212765957
doc : 26
4 0.65814696485623
9 0.051118210862619806
5 0.04792332268370607
8 0.04472843450479233
6 0.04153354632587859
7 0.03194888178913738
3 0.03194888178913738
2 0.03194888178913738
0 0.03194888178913738
1 0.02875399361022364
doc : 27
5 0.7580299785867238
4 0.059957173447537475
2 0.036402569593147756
9 0.029978586723768737
6 0.029978586723768737
8 0.0278372591006424
7 0.017130620985010708
1 0.014989293361884369
0 0.014989293361884369
3 0.010706638115631693
doc : 28
5 0.6553911205073996
4 0.10993657505285413
9 0.06765327695560254
7 0.05073995771670191
6 0.027484143763213533
1 0.023255813953488372
8 0.021141649048625793
2 0.016913319238900635
0 0.014799154334038056
3 0.012684989429175477
doc : 29
8 0.5889908256880734
7 0.08990825688073395
3 0.07706422018348624
9 0.05688073394495413
2 0.05137614678899083
0 0.044036697247706424
4 0.03302752293577982
6 0.029357798165137616
5 0.02018348623853211
1 0.009174311926605505
doc : 30
9 0.47796610169491527
1 0.15525423728813562
2 0.10847457627118645
7 0.08135593220338984
0 0.06915254237288136
3 0.03864406779661017
8 0.029830508474576273
4 0.02033898305084746
6 0.012881355932203391
5 0.006101694915254237
doc : 31
8 0.25074037512339586
9 0.24975320829220138
2 0.21520236920039484
6 0.09476801579466929
3 0.05923000987166831
7 0.04343534057255676
1 0.03652517275419546
0 0.02369200394866732
4 0.01678183613030602
5 0.009871668311944718
doc : 32
4 0.7435064935064936
2 0.07142857142857144
6 0.04383116883116883
9 0.04220779220779221
7 0.029220779220779224
1 0.01948051948051948
5 0.014610389610389612
8 0.012987012987012988
0 0.012987012987012988
3 0.00974025974025974
doc : 33
3 0.9373104145601618
8 0.011122345803842266
2 0.008088978766430738
5 0.007077856420626897
1 0.007077856420626897
9 0.006066734074823054
7 0.006066734074823054
6 0.006066734074823054
0 0.006066734074823054
4 0.005055611729019211
doc : 34
7 0.4784688995215311
3 0.3317384370015949
0 0.03668261562998405
4 0.028708133971291867
2 0.028708133971291867
1 0.025518341307814992
5 0.023923444976076555
8 0.019138755980861243
9 0.017543859649122806
6 0.009569377990430622
doc : 35
3 0.7845601436265709
7 0.053859964093357277
9 0.03231597845601436
8 0.02872531418312388
2 0.025134649910233394
6 0.01974865350089767
0 0.017953321364452424
5 0.012567324955116697
4 0.012567324955116697
1 0.012567324955116697
doc : 36
3 0.9261880687563195
9 0.014155712841253793
2 0.010111223458038422
7 0.00910010111223458
8 0.008088978766430738
4 0.007077856420626897
1 0.007077856420626897
0 0.007077856420626897
6 0.006066734074823054
5 0.005055611729019211
doc : 37
7 0.5773026315789473
3 0.20394736842105263
2 0.09868421052631579
9 0.021381578947368418
1 0.019736842105263157
0 0.019736842105263157
8 0.018092105263157895
6 0.01644736842105263
4 0.013157894736842105
5 0.011513157894736841
doc : 38
6 0.880469583778015
0 0.0192102454642476
2 0.018143009605122735
8 0.017075773745997867
3 0.013874066168623267
9 0.011739594450373533
5 0.011739594450373533
7 0.0096051227321238
1 0.0096051227321238
4 0.008537886872998933
doc : 39
6 0.8646055437100213
8 0.03411513859275053
2 0.0255863539445629
4 0.015991471215351813
1 0.013859275053304903
0 0.013859275053304903
3 0.010660980810234541
5 0.008528784648187633
9 0.006396588486140725
7 0.006396588486140725
doc : 40
8 0.4921348314606742
7 0.11460674157303372
6 0.0853932584269663
3 0.08314606741573034
5 0.04943820224719102
2 0.04943820224719102
9 0.038202247191011236
0 0.03370786516853933
4 0.02696629213483146
1 0.02696629213483146
doc : 41
0 0.6100591715976331
1 0.32366863905325444
3 0.021301775147928994
2 0.01242603550295858
9 0.009467455621301775
7 0.007100591715976332
6 0.0053254437869822485
8 0.004733727810650888
5 0.0029585798816568047
4 0.0029585798816568047
doc : 42
5 0.5005524861878453
9 0.27403314917127075
1 0.07955801104972376
8 0.04088397790055249
3 0.032044198895027624
7 0.017679558011049725
6 0.01657458563535912
4 0.01657458563535912
2 0.011049723756906079
0 0.011049723756906079
doc : 43
8 0.5559440559440559
6 0.12237762237762238
2 0.11363636363636363
3 0.04020979020979021
7 0.038461538461538464
9 0.03146853146853147
0 0.03146853146853147
5 0.024475524475524476
4 0.022727272727272728
1 0.019230769230769232
doc : 44
3 0.3300970873786408
9 0.3042071197411003
0 0.08090614886731393
2 0.05501618122977347
6 0.05177993527508091
8 0.045307443365695796
1 0.042071197411003236
4 0.03559870550161812
7 0.02912621359223301
5 0.025889967637540454
doc : 45
3 0.3613707165109034
8 0.24922118380062305
2 0.08411214953271028
7 0.0778816199376947
6 0.07476635514018691
0 0.0529595015576324
9 0.03115264797507788
5 0.03115264797507788
4 0.021806853582554516
1 0.01557632398753894
doc : 46
3 0.4130434782608695
8 0.19254658385093165
2 0.12422360248447203
7 0.09937888198757763
6 0.06211180124223602
5 0.024844720496894408
4 0.024844720496894408
1 0.024844720496894408
0 0.018633540372670808
9 0.015527950310559004
doc : 47
4 0.8216216216216217
8 0.032432432432432434
3 0.02972972972972973
0 0.024324324324324326
9 0.016216216216216217
7 0.016216216216216217
6 0.016216216216216217
5 0.016216216216216217
2 0.013513513513513514
1 0.013513513513513514
doc : 48
4 0.8216216216216217
3 0.02972972972972973
5 0.02702702702702703
8 0.024324324324324326
9 0.021621621621621623
6 0.01891891891891892
7 0.016216216216216217
2 0.013513513513513514
1 0.013513513513513514
0 0.013513513513513514
doc : 49
4 0.8206521739130435
3 0.029891304347826088
9 0.021739130434782608
5 0.021739130434782608
0 0.021739130434782608
7 0.019021739130434784
8 0.016304347826086956
6 0.016304347826086956
2 0.016304347826086956
1 0.016304347826086956
