doc : 0
3 0.8031980319803198
0 0.06150061500615006
4 0.03567035670356704
7 0.025830258302583026
2 0.01845018450184502
1 0.014760147601476016
9 0.013530135301353014
8 0.00984009840098401
6 0.008610086100861008
5 0.008610086100861008
doc : 1
3 0.7511210762331838
4 0.053811659192825115
0 0.04932735426008968
9 0.033632286995515695
5 0.026905829596412557
8 0.020179372197309416
6 0.020179372197309416
7 0.01569506726457399
1 0.01569506726457399
2 0.013452914798206279
doc : 2
7 0.43529411764705883
4 0.2647058823529412
3 0.08235294117647059
0 0.052941176470588235
1 0.047058823529411764
6 0.041176470588235294
2 0.026470588235294117
9 0.01764705882352941
8 0.01764705882352941
5 0.014705882352941176
doc : 3
7 0.18791946308724833
3 0.1610738255033557
0 0.1610738255033557
4 0.087248322147651
6 0.08053691275167785
9 0.0738255033557047
5 0.06711409395973154
1 0.06711409395973154
2 0.060402684563758385
8 0.053691275167785234
doc : 4
7 0.575091575091575
3 0.18192918192918192
0 0.06349206349206349
2 0.06105006105006105
9 0.03663003663003663
4 0.028083028083028084
1 0.018315018315018316
8 0.013431013431013432
6 0.013431013431013432
5 0.008547008547008548
doc : 5
1 0.6425855513307984
9 0.24714828897338403
3 0.028517110266159697
8 0.013307984790874524
2 0.013307984790874524
0 0.013307984790874524
7 0.011406844106463879
6 0.011406844106463879
5 0.009505703422053232
4 0.009505703422053232
doc : 6
6 0.7936267071320182
4 0.05918057663125949
3 0.03490136570561457
9 0.024279210925644917
0 0.022761760242792112
8 0.016691957511380882
1 0.016691957511380882
7 0.013657056145675266
2 0.010622154779969651
5 0.007587253414264037
doc : 7
7 0.796092796092796
0 0.0463980463980464
4 0.04151404151404151
9 0.02564102564102564
3 0.021978021978021976
6 0.019536019536019536
2 0.015873015873015872
1 0.015873015873015872
8 0.009768009768009768
5 0.007326007326007326
doc : 8
3 0.6212765957446809
4 0.07659574468085106
9 0.055319148936170216
0 0.055319148936170216
5 0.0425531914893617
7 0.03404255319148936
8 0.029787234042553193
6 0.029787234042553193
2 0.029787234042553193
1 0.025531914893617023
doc : 9
3 0.418848167539267
9 0.3272251308900524
1 0.06544502617801047
7 0.034031413612565446
6 0.03141361256544503
2 0.03141361256544503
0 0.02879581151832461
5 0.02617801047120419
4 0.020942408376963352
8 0.015706806282722516
doc : 10
5 0.8297422898183354
1 0.1436417405999155
3 0.005914659907055344
9 0.004647232784114913
8 0.002957329953527672
4 0.002957329953527672
7 0.0025348542458808617
6 0.0025348542458808617
2 0.0025348542458808617
0 0.0025348542458808617
doc : 11
3 0.7227272727272727
8 0.03636363636363636
7 0.03636363636363636
4 0.031818181818181815
2 0.031818181818181815
0 0.031818181818181815
9 0.02727272727272727
6 0.02727272727272727
5 0.02727272727272727
1 0.02727272727272727
doc : 12
3 0.4747474747474748
1 0.17171717171717174
9 0.15151515151515152
0 0.042929292929292935
7 0.03787878787878788
4 0.030303030303030304
5 0.025252525252525256
2 0.025252525252525256
6 0.022727272727272728
8 0.01767676767676768
doc : 13
2 0.8327974276527331
7 0.02572347266881029
1 0.022508038585209004
6 0.01929260450160772
4 0.01929260450160772
9 0.01607717041800643
8 0.01607717041800643
5 0.01607717041800643
3 0.01607717041800643
0 0.01607717041800643
doc : 14
2 0.92
6 0.01935483870967742
9 0.00903225806451613
8 0.00903225806451613
7 0.007741935483870968
4 0.007741935483870968
0 0.007741935483870968
5 0.0064516129032258064
3 0.0064516129032258064
1 0.0064516129032258064
doc : 15
2 0.8565217391304348
3 0.04456521739130435
0 0.02717391304347826
9 0.021739130434782608
7 0.010869565217391304
4 0.009782608695652175
8 0.008695652173913044
1 0.008695652173913044
6 0.006521739130434783
5 0.005434782608695652
doc : 16
0 0.38095238095238093
3 0.21164021164021163
1 0.06878306878306878
2 0.06349206349206349
7 0.0582010582010582
9 0.05291005291005291
5 0.05291005291005291
8 0.047619047619047616
4 0.037037037037037035
6 0.026455026455026454
doc : 17
7 0.4942528735632184
3 0.10919540229885058
9 0.07471264367816091
6 0.06321839080459771
0 0.05747126436781609
5 0.04597701149425287
4 0.04597701149425287
1 0.040229885057471264
8 0.034482758620689655
2 0.034482758620689655
doc : 18
9 0.9111111111111111
3 0.020833333333333336
7 0.01388888888888889
2 0.011111111111111112
0 0.010416666666666668
1 0.009722222222222222
4 0.0076388888888888895
6 0.005555555555555556
8 0.004861111111111111
5 0.004861111111111111
doc : 19
6 0.8503225806451613
4 0.05806451612903226
9 0.016774193548387096
3 0.015483870967741935
0 0.014193548387096775
2 0.01161290322580645
1 0.01161290322580645
8 0.00903225806451613
7 0.0064516129032258064
5 0.0064516129032258064
doc : 20
6 0.8589580686149937
4 0.05717916137229988
9 0.01397712833545108
3 0.01397712833545108
2 0.01397712833545108
1 0.010165184243964422
8 0.008894536213468869
0 0.008894536213468869
7 0.007623888182973317
5 0.006353240152477764
doc : 21
3 0.7040358744394619
0 0.04932735426008968
7 0.03587443946188341
6 0.03587443946188341
5 0.03587443946188341
9 0.03139013452914798
2 0.03139013452914798
4 0.026905829596412557
1 0.026905829596412557
8 0.02242152466367713
doc : 22
9 0.3131313131313131
3 0.20202020202020202
7 0.19865319865319864
0 0.07407407407407407
2 0.050505050505050504
6 0.0404040404040404
5 0.0404040404040404
4 0.03367003367003367
1 0.026936026936026935
8 0.0202020202020202
doc : 23
7 0.5914179104477612
4 0.17164179104477612
0 0.07835820895522388
6 0.04477611940298507
3 0.033582089552238806
9 0.020522388059701493
2 0.016791044776119403
8 0.014925373134328358
1 0.014925373134328358
5 0.013059701492537313
doc : 24
7 0.8733031674208145
4 0.021116138763197588
0 0.0196078431372549
3 0.01809954751131222
6 0.015082956259426848
5 0.013574660633484163
1 0.012066365007541479
8 0.010558069381598794
9 0.00904977375565611
2 0.007541478129713424
doc : 25
3 0.853711790393013
9 0.01965065502183406
7 0.01965065502183406
6 0.01965065502183406
5 0.015283842794759825
2 0.015283842794759825
1 0.015283842794759825
0 0.015283842794759825
8 0.013100436681222707
4 0.013100436681222707
doc : 26
2 0.8604118993135011
3 0.038901601830663615
9 0.027459954233409613
0 0.020594965675057208
7 0.010297482837528604
4 0.010297482837528604
6 0.009153318077803204
5 0.009153318077803204
8 0.008009153318077803
1 0.005720823798627002
doc : 27
8 0.7591413069120075
9 0.19391365888181175
7 0.013682472281198396
1 0.010143901863647086
3 0.005189903279075253
4 0.004953998584571833
5 0.004010379806558151
6 0.003066761028544468
2 0.003066761028544468
0 0.0028308563340410475
doc : 28
7 0.6875
9 0.06985294117647059
3 0.051470588235294115
8 0.03676470588235294
2 0.03676470588235294
1 0.03308823529411765
5 0.025735294117647058
4 0.022058823529411763
6 0.01838235294117647
0 0.01838235294117647
doc : 29
0 0.7907324364723468
3 0.08221225710014948
1 0.026905829596412557
9 0.02391629297458894
7 0.014947683109118088
5 0.014947683109118088
8 0.013452914798206279
2 0.013452914798206279
4 0.01046337817638266
6 0.008968609865470852
doc : 30
1 0.9191685912240185
2 0.017321016166281754
3 0.011547344110854504
9 0.009237875288683603
8 0.009237875288683603
6 0.008083140877598153
7 0.0069284064665127015
5 0.0069284064665127015
4 0.005773672055427252
0 0.005773672055427252
doc : 31
3 0.648936170212766
4 0.12411347517730496
6 0.05319148936170213
7 0.031914893617021274
2 0.031914893617021274
1 0.024822695035460994
0 0.024822695035460994
9 0.02127659574468085
8 0.02127659574468085
5 0.017730496453900707
doc : 32
3 0.6737588652482269
4 0.11347517730496454
6 0.0673758865248227
2 0.028368794326241134
7 0.024822695035460994
8 0.02127659574468085
9 0.017730496453900707
5 0.017730496453900707
1 0.017730496453900707
0 0.017730496453900707
doc : 33
0 0.8488479262672811
3 0.035023041474654376
4 0.03317972350230415
7 0.03225806451612903
6 0.012903225806451613
9 0.009216589861751152
1 0.009216589861751152
8 0.007373271889400922
2 0.0064516129032258064
5 0.005529953917050691
doc : 34
0 0.7540983606557377
7 0.12896174863387977
9 0.028415300546448086
3 0.028415300546448086
4 0.018579234972677595
1 0.009836065573770491
8 0.008743169398907104
6 0.007650273224043716
5 0.007650273224043716
2 0.007650273224043716
doc : 35
5 0.96484375
1 0.00830078125
3 0.00439453125
8 0.00390625
9 0.00341796875
7 0.00341796875
6 0.00341796875
0 0.00341796875
4 0.00244140625
2 0.00244140625
doc : 36
3 0.8497237569060774
0 0.028729281767955802
1 0.023204419889502764
4 0.020994475138121547
9 0.01878453038674033
7 0.01657458563535912
2 0.014364640883977901
6 0.012154696132596687
8 0.0077348066298342545
5 0.0077348066298342545
doc : 37
9 0.7945402298850575
1 0.03879310344827586
4 0.035919540229885055
3 0.027298850574712645
8 0.024425287356321837
7 0.021551724137931036
2 0.018678160919540228
5 0.015804597701149427
6 0.011494252873563218
0 0.011494252873563218
doc : 38
3 0.7309782608695652
8 0.043478260869565216
1 0.043478260869565216
2 0.04076086956521739
9 0.035326086956521736
0 0.02717391304347826
6 0.024456521739130432
7 0.021739130434782608
4 0.019021739130434784
5 0.01358695652173913
doc : 39
3 0.6764705882352942
4 0.09558823529411764
6 0.051470588235294115
7 0.03676470588235294
2 0.03308823529411765
1 0.029411764705882353
8 0.022058823529411763
9 0.01838235294117647
5 0.01838235294117647
0 0.01838235294117647
doc : 40
3 0.7620192307692308
4 0.06009615384615385
9 0.03125
7 0.03125
1 0.026442307692307696
0 0.02403846153846154
5 0.019230769230769232
8 0.01682692307692308
6 0.01682692307692308
2 0.01201923076923077
doc : 41
4 0.42450142450142453
7 0.2022792022792023
0 0.11396011396011396
3 0.06837606837606838
6 0.06267806267806268
2 0.039886039886039885
1 0.03133903133903134
9 0.019943019943019943
8 0.019943019943019943
5 0.017094017094017096
doc : 42
1 0.5652173913043478
8 0.12814645308924486
2 0.07093821510297482
7 0.057208237986270026
3 0.043478260869565216
9 0.041189931350114416
0 0.032036613272311214
4 0.02288329519450801
6 0.020594965675057208
5 0.018306636155606407
doc : 43
2 0.8304535637149029
3 0.06695464362850972
0 0.03131749460043197
7 0.023758099352051837
4 0.010799136069114472
9 0.009719222462203024
1 0.008639308855291577
6 0.0064794816414686825
5 0.0064794816414686825
8 0.005399568034557236
doc : 44
6 0.7689969604863222
4 0.08206686930091185
3 0.03951367781155015
9 0.02127659574468085
5 0.0182370820668693
7 0.016717325227963525
0 0.016717325227963525
8 0.015197568389057751
2 0.010638297872340425
1 0.010638297872340425
doc : 45
6 0.8457142857142858
9 0.02857142857142857
3 0.02095238095238095
4 0.01904761904761905
2 0.017142857142857144
5 0.015238095238095238
8 0.013333333333333332
7 0.013333333333333332
1 0.013333333333333332
0 0.013333333333333332
doc : 46
0 0.8490566037735849
4 0.05493895671476138
3 0.033296337402885685
7 0.022752497225305215
9 0.013318534961154274
6 0.00776914539400666
2 0.005549389567147614
8 0.004994450610432853
5 0.004439511653718091
1 0.00388457269700333
doc : 47
1 0.3416149068322981
0 0.15527950310559005
6 0.08695652173913043
8 0.08074534161490683
7 0.07453416149068323
9 0.06832298136645962
3 0.06211180124223602
2 0.049689440993788817
5 0.043478260869565216
4 0.037267080745341616
doc : 48
9 0.1
8 0.1
7 0.1
6 0.1
5 0.1
4 0.1
3 0.1
2 0.1
1 0.1
0 0.1
doc : 49
4 0.9103744628606507
9 0.041743400859422956
3 0.022099447513812154
0 0.006547984448536935
7 0.005320237364436259
1 0.003887865766318805
6 0.003683241252302026
5 0.0024554941682013503
8 0.0020462451401677922
2 0.001841620626151013
