doc : 0
0 0.9626497533474279
3 0.004933051444679351
2 0.004933051444679351
9 0.004228329809725159
8 0.004228329809725159
7 0.004228329809725159
5 0.004228329809725159
6 0.0035236081747709656
4 0.0035236081747709656
1 0.0035236081747709656
doc : 1
5 0.7818791946308725
1 0.06711409395973154
9 0.0436241610738255
2 0.02181208053691275
0 0.02181208053691275
6 0.016778523489932886
4 0.013422818791946308
7 0.01174496644295302
3 0.01174496644295302
8 0.010067114093959731
doc : 2
5 0.5525291828793775
9 0.08560311284046693
0 0.07003891050583658
2 0.06614785992217899
7 0.054474708171206226
1 0.04669260700389105
6 0.042801556420233464
8 0.038910505836575876
4 0.023346303501945526
3 0.019455252918287938
doc : 3
7 0.42882562277580066
8 0.32028469750889677
5 0.10676156583629892
9 0.02491103202846975
2 0.02491103202846975
6 0.023131672597864767
1 0.019572953736654804
0 0.019572953736654804
3 0.01779359430604982
4 0.014234875444839857
doc : 4
5 0.6529411764705882
9 0.07058823529411765
0 0.058823529411764705
7 0.044117647058823525
1 0.041176470588235294
4 0.029411764705882353
3 0.029411764705882353
2 0.029411764705882353
8 0.026470588235294117
6 0.01764705882352941
doc : 5
1 0.8190954773869347
5 0.03685092127303183
4 0.031825795644891124
6 0.02847571189279732
7 0.02345058626465662
2 0.01507537688442211
8 0.01340033500837521
9 0.01172529313232831
3 0.010050251256281407
0 0.010050251256281407
doc : 6
1 0.8723989681857266
5 0.07893379191745485
8 0.011521926053310405
0 0.009802235597592433
6 0.00825451418744626
7 0.00705073086844368
9 0.0058469475494411
2 0.002407566638005159
4 0.002235597592433362
3 0.0015477214101461737
doc : 7
5 0.5925925925925926
8 0.07407407407407407
1 0.06878306878306878
6 0.06349206349206349
7 0.042328042328042326
3 0.042328042328042326
9 0.031746031746031744
2 0.031746031746031744
4 0.026455026455026454
0 0.026455026455026454
doc : 8
5 0.9369475545079552
9 0.00883912787271656
8 0.00883912787271656
6 0.007660577489687684
7 0.007071302298173246
4 0.007071302298173246
1 0.00648202710665881
0 0.00648202710665881
2 0.0058927519151443725
3 0.004714201532115498
doc : 9
0 0.9661733615221988
1 0.004933051444679351
2 0.004228329809725159
9 0.0035236081747709656
8 0.0035236081747709656
7 0.0035236081747709656
6 0.0035236081747709656
5 0.0035236081747709656
4 0.0035236081747709656
3 0.0035236081747709656
doc : 10
2 0.8631840796019901
9 0.029850746268656716
5 0.017412935323383085
8 0.014925373134328358
7 0.01243781094527363
6 0.01243781094527363
4 0.01243781094527363
3 0.01243781094527363
1 0.01243781094527363
0 0.01243781094527363
doc : 11
5 0.7501739735560196
7 0.11899791231732777
8 0.04105775922059847
9 0.020876826722338204
6 0.018093249826026444
1 0.015309672929714684
4 0.010438413361169102
3 0.009046624913013222
0 0.009046624913013222
2 0.006958942240779402
doc : 12
4 0.9324577861163227
7 0.013133208255159474
1 0.010787992495309569
5 0.008911819887429643
9 0.008442776735459663
8 0.0075046904315197
6 0.006566604127579737
0 0.005628517823639775
2 0.00375234521575985
3 0.0028142589118198874
doc : 13
6 0.8773006134969326
2 0.018404907975460124
5 0.016359918200409
0 0.016359918200409
9 0.014314928425357875
1 0.014314928425357875
8 0.01226993865030675
7 0.010224948875255624
4 0.010224948875255624
3 0.010224948875255624
doc : 14
5 0.3742690058479532
1 0.3333333333333333
0 0.08771929824561403
9 0.04678362573099415
7 0.038011695906432746
6 0.03216374269005848
8 0.029239766081871343
4 0.023391812865497075
3 0.017543859649122806
2 0.017543859649122806
doc : 15
2 0.8557213930348259
9 0.029850746268656716
8 0.014925373134328358
6 0.014925373134328358
4 0.014925373134328358
3 0.014925373134328358
1 0.014925373134328358
0 0.014925373134328358
7 0.01243781094527363
5 0.01243781094527363
doc : 16
0 0.9591261451726568
7 0.005637773079633545
3 0.005637773079633545
9 0.004933051444679351
6 0.004933051444679351
5 0.004933051444679351
1 0.004228329809725159
8 0.0035236081747709656
4 0.0035236081747709656
2 0.0035236081747709656
doc : 17
6 0.3207547169811321
2 0.3207547169811321
7 0.06289308176100629
8 0.050314465408805034
5 0.050314465408805034
4 0.050314465408805034
9 0.04402515723270441
3 0.03773584905660378
1 0.031446540880503145
0 0.031446540880503145
doc : 18
6 0.7142857142857143
2 0.06968641114982578
8 0.05574912891986063
7 0.0313588850174216
5 0.027874564459930314
4 0.024390243902439025
1 0.020905923344947737
0 0.020905923344947737
9 0.017421602787456445
3 0.017421602787456445
doc : 19
6 0.834841628959276
5 0.029411764705882356
2 0.027149321266968326
9 0.0248868778280543
7 0.020361990950226245
8 0.013574660633484163
4 0.013574660633484163
3 0.013574660633484163
1 0.011312217194570137
0 0.011312217194570137
doc : 20
6 0.8519269776876268
8 0.02028397565922921
7 0.018255578093306288
5 0.018255578093306288
9 0.016227180527383367
3 0.016227180527383367
0 0.016227180527383367
4 0.014198782961460446
2 0.014198782961460446
1 0.014198782961460446
doc : 21
5 0.6317073170731707
9 0.10975609756097561
0 0.058536585365853655
3 0.041463414634146344
1 0.036585365853658534
2 0.029268292682926828
7 0.026829268292682926
4 0.026829268292682926
8 0.01951219512195122
6 0.01951219512195122
doc : 22
9 0.910394265232975
5 0.012544802867383513
8 0.010752688172043012
3 0.010752688172043012
2 0.010752688172043012
7 0.008960573476702509
6 0.008960573476702509
4 0.008960573476702509
1 0.008960573476702509
0 0.008960573476702509
doc : 23
6 0.5772357723577236
9 0.10162601626016261
7 0.09552845528455285
8 0.06097560975609757
2 0.052845528455284556
4 0.02845528455284553
5 0.026422764227642278
3 0.020325203252032523
0 0.020325203252032523
1 0.016260162601626018
doc : 24
0 0.9626497533474279
7 0.005637773079633545
6 0.004933051444679351
5 0.004228329809725159
4 0.004228329809725159
2 0.004228329809725159
9 0.0035236081747709656
8 0.0035236081747709656
3 0.0035236081747709656
1 0.0035236081747709656
doc : 25
2 0.8482587064676617
9 0.04477611940298507
6 0.01990049751243781
8 0.01243781094527363
7 0.01243781094527363
5 0.01243781094527363
4 0.01243781094527363
3 0.01243781094527363
1 0.01243781094527363
0 0.01243781094527363
doc : 26
7 0.3270676691729323
8 0.17293233082706766
5 0.13909774436090225
9 0.10902255639097744
2 0.07142857142857142
6 0.05263157894736842
1 0.041353383458646614
3 0.03383458646616541
0 0.03383458646616541
4 0.018796992481203006
doc : 27
8 0.7456647398843931
2 0.0838150289017341
7 0.028901734104046242
9 0.026011560693641616
1 0.023121387283236993
6 0.02023121387283237
5 0.02023121387283237
0 0.02023121387283237
4 0.017341040462427744
3 0.014450867052023121
doc : 28
6 0.8564593301435406
9 0.021531100478468897
2 0.021531100478468897
8 0.019138755980861243
1 0.019138755980861243
5 0.014354066985645932
7 0.011961722488038277
4 0.011961722488038277
3 0.011961722488038277
0 0.011961722488038277
doc : 29
6 0.8355555555555556
2 0.024444444444444446
9 0.022222222222222223
8 0.022222222222222223
5 0.02
3 0.017777777777777778
0 0.017777777777777778
7 0.015555555555555555
1 0.013333333333333332
4 0.011111111111111112
doc : 30
6 0.7142857142857143
2 0.06620209059233449
8 0.04878048780487805
7 0.0313588850174216
9 0.024390243902439025
4 0.024390243902439025
3 0.024390243902439025
1 0.024390243902439025
0 0.024390243902439025
5 0.017421602787456445
doc : 31
7 0.5748898678414097
8 0.1299559471365639
5 0.11674008810572688
1 0.05726872246696036
3 0.024229074889867842
0 0.024229074889867842
2 0.022026431718061675
9 0.019823788546255508
4 0.01762114537444934
6 0.013215859030837006
doc : 32
1 0.6675977653631285
4 0.08519553072625699
5 0.05307262569832402
2 0.04748603351955307
6 0.04329608938547486
7 0.040502793296089384
9 0.020949720670391064
8 0.01675977653631285
0 0.013966480446927375
3 0.0111731843575419
doc : 33
2 0.8557213930348259
9 0.03482587064676617
7 0.017412935323383085
0 0.017412935323383085
8 0.01243781094527363
6 0.01243781094527363
5 0.01243781094527363
4 0.01243781094527363
3 0.01243781094527363
1 0.01243781094527363
doc : 34
0 0.9661733615221988
1 0.004933051444679351
9 0.004228329809725159
8 0.0035236081747709656
7 0.0035236081747709656
6 0.0035236081747709656
5 0.0035236081747709656
4 0.0035236081747709656
3 0.0035236081747709656
2 0.0035236081747709656
doc : 35
2 0.8507462686567164
9 0.03980099502487562
4 0.017412935323383085
8 0.014925373134328358
6 0.014925373134328358
7 0.01243781094527363
5 0.01243781094527363
3 0.01243781094527363
1 0.01243781094527363
0 0.01243781094527363
doc : 36
8 0.4535637149028078
5 0.17278617710583155
7 0.15766738660907129
9 0.058315334773218146
6 0.041036717062634995
0 0.032397408207343416
1 0.02591792656587473
3 0.021598272138228944
2 0.021598272138228944
4 0.01511879049676026
doc : 37
4 0.7485380116959064
7 0.06432748538011696
2 0.037037037037037035
8 0.031189083820662766
6 0.031189083820662766
9 0.02729044834307992
1 0.01949317738791423
3 0.015594541910331383
0 0.01364522417153996
5 0.011695906432748537
doc : 38
2 0.6835443037974683
6 0.19690576652601968
7 0.023909985935302393
0 0.023909985935302393
1 0.01687763713080169
4 0.014064697609001406
5 0.012658227848101266
9 0.009845288326300985
8 0.009845288326300985
3 0.008438818565400845
doc : 39
2 0.6865889212827988
6 0.1924198250728863
7 0.023323615160349854
0 0.021865889212827987
1 0.018950437317784258
4 0.014577259475218658
5 0.013119533527696793
9 0.011661807580174927
8 0.008746355685131196
3 0.008746355685131196
doc : 40
4 0.12280701754385964
2 0.12280701754385964
7 0.10526315789473684
3 0.10526315789473684
1 0.10526315789473684
9 0.08771929824561403
8 0.08771929824561403
6 0.08771929824561403
5 0.08771929824561403
0 0.08771929824561403
doc : 41
1 0.8744635193133047
4 0.03862660944206009
5 0.022532188841201718
8 0.011802575107296136
7 0.011802575107296136
6 0.009656652360515022
2 0.009656652360515022
0 0.008583690987124463
9 0.0075107296137339056
3 0.00536480686695279
doc : 42
2 0.8631840796019901
9 0.029850746268656716
7 0.017412935323383085
8 0.014925373134328358
6 0.01243781094527363
5 0.01243781094527363
4 0.01243781094527363
3 0.01243781094527363
1 0.01243781094527363
0 0.01243781094527363
doc : 43
0 0.9640591966173362
2 0.004933051444679351
8 0.004228329809725159
6 0.004228329809725159
5 0.004228329809725159
1 0.004228329809725159
9 0.0035236081747709656
7 0.0035236081747709656
4 0.0035236081747709656
3 0.0035236081747709656
doc : 44
6 0.8677130044843049
8 0.02914798206278027
7 0.01569506726457399
2 0.01569506726457399
5 0.013452914798206279
1 0.013452914798206279
9 0.011210762331838564
4 0.011210762331838564
3 0.011210762331838564
0 0.011210762331838564
doc : 45
6 0.8577494692144374
9 0.01910828025477707
7 0.01910828025477707
5 0.01910828025477707
2 0.01910828025477707
4 0.016985138004246284
8 0.014861995753715499
1 0.012738853503184714
3 0.010615711252653927
0 0.010615711252653927
doc : 46
6 0.853932584269663
9 0.02696629213483146
7 0.017977528089887642
5 0.017977528089887642
1 0.015730337078651686
0 0.015730337078651686
4 0.01348314606741573
3 0.01348314606741573
2 0.01348314606741573
8 0.011235955056179777
doc : 47
6 0.8571428571428572
9 0.02484472049689441
8 0.018633540372670808
5 0.016563146997929608
1 0.016563146997929608
4 0.014492753623188408
2 0.014492753623188408
7 0.012422360248447206
3 0.012422360248447206
0 0.012422360248447206
doc : 48
5 0.38755980861244016
0 0.2248803827751196
1 0.07655502392344497
9 0.06220095693779904
7 0.06220095693779904
2 0.05263157894736842
4 0.03827751196172249
8 0.03349282296650718
3 0.03349282296650718
6 0.028708133971291863
doc : 49
2 0.6189473684210526
6 0.16421052631578947
7 0.07578947368421052
3 0.02526315789473684
9 0.023157894736842106
5 0.021052631578947368
8 0.01894736842105263
0 0.01894736842105263
4 0.016842105263157894
1 0.016842105263157894
doc : 50
0 0.9626497533474279
9 0.005637773079633545
1 0.004933051444679351
6 0.004228329809725159
4 0.004228329809725159
2 0.004228329809725159
8 0.0035236081747709656
7 0.0035236081747709656
5 0.0035236081747709656
3 0.0035236081747709656
doc : 51
9 0.9032258064516129
6 0.014336917562724014
7 0.012544802867383513
2 0.012544802867383513
1 0.012544802867383513
8 0.008960573476702509
5 0.008960573476702509
4 0.008960573476702509
3 0.008960573476702509
0 0.008960573476702509
doc : 52
8 0.8953488372093024
9 0.019933554817275746
6 0.014950166112956811
7 0.011627906976744186
4 0.011627906976744186
3 0.009966777408637873
2 0.009966777408637873
1 0.009966777408637873
5 0.008305647840531562
0 0.008305647840531562
doc : 53
7 0.394524959742351
8 0.3494363929146538
2 0.09017713365539452
5 0.040257648953301126
6 0.0322061191626409
1 0.0322061191626409
4 0.01610305958132045
0 0.01610305958132045
9 0.014492753623188406
3 0.014492753623188406
doc : 54
7 0.6295264623955432
8 0.1977715877437326
5 0.02924791086350975
6 0.027855153203342618
9 0.026462395543175487
0 0.023676880222841225
2 0.020891364902506964
4 0.019498607242339833
1 0.01532033426183844
3 0.009749303621169917
doc : 55
2 0.586046511627907
6 0.19767441860465115
7 0.05581395348837209
0 0.04186046511627907
9 0.027906976744186046
3 0.027906976744186046
5 0.02558139534883721
1 0.013953488372093023
8 0.011627906976744186
4 0.011627906976744186
doc : 56
2 0.5992063492063492
6 0.1349206349206349
7 0.09391534391534391
4 0.04497354497354497
8 0.03306878306878307
5 0.031746031746031744
9 0.018518518518518517
1 0.017195767195767195
3 0.01455026455026455
0 0.011904761904761904
doc : 57
8 0.7717842323651453
7 0.03734439834024896
6 0.03319502074688797
9 0.024896265560165977
2 0.024896265560165977
0 0.024896265560165977
5 0.02074688796680498
4 0.02074688796680498
3 0.02074688796680498
1 0.02074688796680498
doc : 58
6 0.6959706959706959
8 0.08424908424908426
2 0.04395604395604395
1 0.03663003663003663
5 0.02564102564102564
4 0.02564102564102564
0 0.02564102564102564
7 0.021978021978021976
3 0.021978021978021976
9 0.018315018315018316
doc : 59
9 0.9032258064516129
7 0.012544802867383513
1 0.012544802867383513
0 0.012544802867383513
8 0.010752688172043012
6 0.010752688172043012
2 0.010752688172043012
5 0.008960573476702509
4 0.008960573476702509
3 0.008960573476702509
doc : 60
0 0.9640591966173362
7 0.004933051444679351
9 0.004228329809725159
5 0.004228329809725159
3 0.004228329809725159
2 0.004228329809725159
8 0.0035236081747709656
6 0.0035236081747709656
4 0.0035236081747709656
1 0.0035236081747709656
doc : 61
9 0.9139784946236559
6 0.010752688172043012
2 0.010752688172043012
1 0.010752688172043012
8 0.008960573476702509
7 0.008960573476702509
5 0.008960573476702509
4 0.008960573476702509
3 0.008960573476702509
0 0.008960573476702509
doc : 62
7 0.8650065530799476
6 0.023591087811271297
8 0.020969855832241154
9 0.01703800786369594
2 0.01703800786369594
4 0.015727391874180867
5 0.01310615989515072
3 0.010484927916120577
1 0.009174311926605505
0 0.007863695937090433
doc : 63
8 0.7733812949640289
7 0.03956834532374101
6 0.03597122302158273
2 0.02877697841726619
9 0.025179856115107917
4 0.02158273381294964
3 0.02158273381294964
5 0.017985611510791366
1 0.017985611510791366
0 0.017985611510791366
doc : 64
2 0.5930018416206262
6 0.09760589318600368
7 0.06077348066298343
9 0.05156537753222836
5 0.040515653775322284
8 0.03683241252302026
3 0.034990791896869246
4 0.03314917127071823
1 0.03130755064456722
0 0.020257826887661142
doc : 65
6 0.8547368421052631
0 0.021052631578947368
8 0.01894736842105263
4 0.01894736842105263
3 0.01894736842105263
9 0.014736842105263158
7 0.014736842105263158
1 0.014736842105263158
2 0.01263157894736842
5 0.010526315789473684
doc : 66
6 0.8597938144329897
8 0.026804123711340208
9 0.020618556701030927
7 0.020618556701030927
5 0.01443298969072165
3 0.01443298969072165
0 0.012371134020618558
4 0.010309278350515464
2 0.010309278350515464
1 0.010309278350515464
doc : 67
6 0.8671328671328671
9 0.016317016317016316
5 0.016317016317016316
4 0.016317016317016316
2 0.016317016317016316
1 0.016317016317016316
7 0.013986013986013986
3 0.013986013986013986
8 0.011655011655011656
0 0.011655011655011656
doc : 68
6 0.8656036446469247
4 0.018223234624145785
2 0.018223234624145785
5 0.01594533029612756
1 0.01594533029612756
9 0.01366742596810934
7 0.01366742596810934
3 0.01366742596810934
0 0.01366742596810934
8 0.011389521640091115
doc : 69
4 0.38571428571428573
1 0.1657142857142857
5 0.11428571428571428
7 0.10857142857142857
6 0.08857142857142856
8 0.03428571428571429
0 0.03428571428571429
3 0.025714285714285714
9 0.022857142857142857
2 0.02
doc : 70
9 0.9014336917562724
6 0.014336917562724014
7 0.012544802867383513
2 0.012544802867383513
8 0.010752688172043012
4 0.010752688172043012
1 0.010752688172043012
5 0.008960573476702509
3 0.008960573476702509
0 0.008960573476702509
doc : 71
0 0.9626497533474279
2 0.0063424947145877385
7 0.004228329809725159
6 0.004228329809725159
5 0.004228329809725159
3 0.004228329809725159
9 0.0035236081747709656
8 0.0035236081747709656
4 0.0035236081747709656
1 0.0035236081747709656
doc : 72
5 0.7542087542087542
6 0.05387205387205387
7 0.03367003367003367
8 0.026936026936026935
3 0.026936026936026935
2 0.026936026936026935
9 0.02356902356902357
1 0.0202020202020202
4 0.016835016835016835
0 0.016835016835016835
doc : 73
7 0.8772169167803547
2 0.021828103683492497
9 0.01637107776261937
6 0.01637107776261937
8 0.01227830832196453
5 0.01227830832196453
4 0.010914051841746248
3 0.010914051841746248
1 0.010914051841746248
0 0.010914051841746248
doc : 74
8 0.8422222222222222
7 0.035555555555555556
9 0.017777777777777778
2 0.017777777777777778
1 0.017777777777777778
6 0.015555555555555555
5 0.013333333333333332
4 0.013333333333333332
3 0.013333333333333332
0 0.013333333333333332
doc : 75
8 0.6914600550964187
7 0.12121212121212122
3 0.05509641873278237
6 0.024793388429752067
0 0.024793388429752067
9 0.02203856749311295
5 0.01652892561983471
1 0.01652892561983471
4 0.013774104683195593
2 0.013774104683195593
doc : 76
2 0.5248091603053435
6 0.2729007633587786
7 0.04198473282442748
9 0.04007633587786259
4 0.03244274809160305
0 0.026717557251908396
5 0.02099236641221374
8 0.019083969465648856
3 0.011450381679389313
1 0.009541984732824428
doc : 77
4 0.6995884773662552
6 0.05349794238683128
9 0.041152263374485604
8 0.041152263374485604
2 0.03703703703703704
7 0.02880658436213992
3 0.02880658436213992
5 0.02469135802469136
1 0.02469135802469136
0 0.020576131687242802
doc : 78
7 0.6543624161073825
8 0.09395973154362416
5 0.07718120805369127
1 0.040268456375838924
4 0.03355704697986577
9 0.02348993288590604
6 0.020134228187919462
3 0.020134228187919462
2 0.020134228187919462
0 0.016778523489932886
doc : 79
7 0.3953488372093023
5 0.35157318741450067
2 0.05471956224350205
9 0.05198358413132695
1 0.04514363885088919
8 0.025991792065663474
0 0.025991792065663474
3 0.02051983584131327
4 0.017783857729138167
6 0.01094391244870041
doc : 80
5 0.7575757575757576
6 0.06397306397306397
1 0.0303030303030303
2 0.026936026936026935
8 0.02356902356902357
0 0.02356902356902357
9 0.0202020202020202
7 0.0202020202020202
4 0.016835016835016835
3 0.016835016835016835
doc : 81
0 0.9626497533474279
1 0.005637773079633545
5 0.004933051444679351
9 0.004228329809725159
7 0.004228329809725159
6 0.004228329809725159
8 0.0035236081747709656
4 0.0035236081747709656
3 0.0035236081747709656
2 0.0035236081747709656
doc : 82
5 0.7878787878787878
7 0.0303030303030303
6 0.0303030303030303
8 0.026936026936026935
0 0.026936026936026935
2 0.02356902356902357
9 0.0202020202020202
1 0.0202020202020202
4 0.016835016835016835
3 0.016835016835016835
doc : 83
7 0.855072463768116
8 0.06666666666666667
6 0.014492753623188406
2 0.014492753623188406
1 0.013526570048309178
0 0.00966183574879227
5 0.008695652173913044
4 0.006763285024154589
9 0.005797101449275362
3 0.004830917874396135
doc : 84
8 0.7165991902834008
7 0.06072874493927126
1 0.04453441295546559
9 0.02834008097165992
5 0.02834008097165992
6 0.024291497975708502
4 0.024291497975708502
3 0.024291497975708502
2 0.024291497975708502
0 0.024291497975708502
doc : 85
8 0.6256410256410256
7 0.1282051282051282
3 0.08205128205128205
6 0.028205128205128206
5 0.028205128205128206
9 0.023076923076923078
2 0.023076923076923078
0 0.023076923076923078
1 0.020512820512820513
4 0.017948717948717947
doc : 86
8 0.7522935779816514
5 0.12450851900393185
1 0.028833551769331587
7 0.02490170380078637
9 0.01703800786369594
0 0.014416775884665793
6 0.011795543905635648
3 0.011795543905635648
2 0.007863695937090433
4 0.00655307994757536
doc : 87
3 0.9014220036351972
8 0.037100395594996255
7 0.03121992943440607
9 0.010584839089062333
5 0.007484229658932962
2 0.004597455361915963
4 0.0027798567304608145
1 0.002352186464236074
6 0.0013899283652304072
0 0.0010691756655618518
doc : 88
2 0.3453093812375249
6 0.155688622754491
7 0.10978043912175647
8 0.09980039920159679
3 0.06387225548902195
5 0.0558882235528942
4 0.05389221556886227
9 0.04391217564870259
1 0.04391217564870259
0 0.0279441117764471
doc : 89
5 0.7385892116182573
1 0.06016597510373444
7 0.049792531120331954
4 0.029045643153526972
8 0.026970954356846474
9 0.02074688796680498
0 0.02074688796680498
6 0.01867219917012448
3 0.01867219917012448
2 0.016597510373443983
doc : 90
7 0.603411513859275
8 0.07249466950959488
6 0.05543710021321961
5 0.053304904051172705
9 0.046908315565031986
2 0.038379530916844345
4 0.03624733475479744
1 0.03624733475479744
0 0.029850746268656716
3 0.027718550106609806
doc : 91
5 0.771043771043771
6 0.043771043771043766
4 0.0303030303030303
2 0.0303030303030303
8 0.026936026936026935
9 0.0202020202020202
7 0.0202020202020202
1 0.0202020202020202
0 0.0202020202020202
3 0.016835016835016835
doc : 92
0 0.9626497533474279
7 0.005637773079633545
6 0.004933051444679351
9 0.004228329809725159
4 0.004228329809725159
3 0.004228329809725159
8 0.0035236081747709656
5 0.0035236081747709656
2 0.0035236081747709656
1 0.0035236081747709656
doc : 93
7 0.9039473684210526
6 0.019736842105263157
5 0.014473684210526316
8 0.013157894736842105
2 0.010526315789473684
9 0.009210526315789473
4 0.007894736842105263
0 0.007894736842105263
3 0.006578947368421052
1 0.006578947368421052
doc : 94
7 0.885483870967742
8 0.03225806451612903
6 0.01935483870967742
2 0.01129032258064516
5 0.00967741935483871
0 0.00967741935483871
9 0.008064516129032258
4 0.008064516129032258
3 0.008064516129032258
1 0.008064516129032258
doc : 95
5 0.632398753894081
9 0.09034267912772585
8 0.06230529595015576
7 0.06230529595015576
4 0.03115264797507788
2 0.03115264797507788
1 0.028037383177570093
3 0.021806853582554516
0 0.021806853582554516
6 0.018691588785046728
doc : 96
8 0.8871391076115486
7 0.024934383202099737
6 0.015748031496062992
4 0.015748031496062992
9 0.014435695538057743
5 0.010498687664041995
2 0.009186351706036745
1 0.007874015748031496
0 0.007874015748031496
3 0.006561679790026247
doc : 97
8 0.8547717842323652
7 0.03319502074688797
5 0.024896265560165977
9 0.019363762102351315
2 0.01521438450899032
4 0.013831258644536654
0 0.012448132780082988
6 0.011065006915629323
3 0.008298755186721992
1 0.006915629322268327
doc : 98
8 0.8549422336328626
7 0.04236200256739409
9 0.026957637997432605
5 0.015404364569961488
3 0.014120667522464696
6 0.010269576379974325
1 0.010269576379974325
2 0.008985879332477534
0 0.008985879332477534
4 0.007702182284980744
doc : 99
1 0.7707838479809976
5 0.04156769596199525
9 0.0332541567695962
6 0.030878859857482188
4 0.028503562945368172
2 0.026128266033254157
7 0.023752969121140145
0 0.0166270783847981
8 0.015439429928741094
3 0.013064133016627079
