doc : 0
8 0.9157142857142857
2 0.014285714285714285
1 0.012857142857142857
0 0.011428571428571429
7 0.01
9 0.007142857142857143
6 0.007142857142857143
5 0.007142857142857143
4 0.007142857142857143
3 0.007142857142857143
doc : 1
8 0.9085714285714286
0 0.014285714285714285
7 0.012857142857142857
4 0.011428571428571429
1 0.011428571428571429
9 0.008571428571428572
5 0.008571428571428572
3 0.008571428571428572
2 0.008571428571428572
6 0.007142857142857143
doc : 2
4 0.7352941176470588
2 0.037815126050420166
9 0.03361344537815126
8 0.03361344537815126
0 0.03361344537815126
1 0.029411764705882353
7 0.025210084033613446
6 0.025210084033613446
5 0.025210084033613446
3 0.021008403361344536
doc : 3
8 0.7339743589743589
0 0.16826923076923075
2 0.019230769230769232
5 0.017628205128205128
1 0.016025641025641024
7 0.009615384615384616
6 0.009615384615384616
4 0.009615384615384616
9 0.008012820512820512
3 0.008012820512820512
doc : 4
8 0.7476459510357815
7 0.047080979284369114
1 0.03954802259887005
0 0.035781544256120526
9 0.032015065913371
2 0.030131826741996232
6 0.020715630885122408
4 0.020715630885122408
5 0.013182674199623351
3 0.013182674199623351
doc : 5
2 0.806573957016435
6 0.039190897597977246
8 0.034134007585335024
4 0.029077117572692796
7 0.025284450063211127
1 0.015170670037926676
0 0.015170670037926676
3 0.01390644753476612
9 0.011378002528445008
5 0.010113780025284451
doc : 6
2 0.5086705202312138
7 0.08670520231213873
4 0.07514450867052022
9 0.057803468208092484
1 0.057803468208092484
0 0.057803468208092484
8 0.046242774566473986
6 0.046242774566473986
5 0.03468208092485549
3 0.028901734104046242
doc : 7
8 0.5874263261296659
0 0.33889980353634575
9 0.015717092337917484
2 0.011787819253438112
4 0.009823182711198428
1 0.008840864440078585
6 0.007858546168958742
5 0.007858546168958742
7 0.005893909626719056
3 0.005893909626719056
doc : 8
8 0.5943025540275049
0 0.3320235756385069
2 0.013752455795677798
4 0.010805500982318271
9 0.009823182711198428
6 0.009823182711198428
7 0.008840864440078585
1 0.008840864440078585
3 0.006876227897838899
5 0.004911591355599214
doc : 9
1 0.8360037700282752
5 0.03864278982092366
6 0.027332704995287463
7 0.024505183788878417
4 0.016022620169651274
0 0.016022620169651274
3 0.013195098963242224
9 0.012252591894439209
8 0.00942507068803016
2 0.006597549481621112
doc : 10
9 0.7847478474784748
0 0.11316113161131612
8 0.01845018450184502
2 0.01845018450184502
5 0.015990159901599018
1 0.013530135301353014
7 0.00984009840098401
6 0.00984009840098401
4 0.00984009840098401
3 0.006150061500615006
doc : 11
9 0.6365503080082136
0 0.25564681724845995
8 0.023613963039014373
2 0.021560574948665298
7 0.014373716632443533
6 0.011293634496919919
4 0.01026694045174538
5 0.009240246406570842
1 0.009240246406570842
3 0.008213552361396304
doc : 12
8 0.8558139534883722
1 0.029767441860465118
0 0.026046511627906978
9 0.021395348837209303
5 0.02046511627906977
6 0.013023255813953489
7 0.012093023255813955
4 0.008372093023255815
3 0.0074418604651162795
2 0.005581395348837209
doc : 13
8 0.8900100908173562
5 0.024217961654894045
0 0.020181634712411706
1 0.015136226034308779
6 0.010090817356205853
9 0.009081735620585268
4 0.009081735620585268
7 0.008072653884964682
2 0.008072653884964682
3 0.006054490413723511
doc : 14
8 0.7538610038610039
0 0.1920849420849421
4 0.009652509652509652
7 0.008687258687258687
2 0.007722007722007722
9 0.005791505791505792
6 0.005791505791505792
3 0.005791505791505792
1 0.005791505791505792
5 0.004826254826254826
doc : 15
1 0.84375
5 0.04071969696969697
7 0.032196969696969696
0 0.023674242424242424
3 0.014204545454545456
9 0.010416666666666668
6 0.010416666666666668
2 0.00946969696969697
4 0.008522727272727272
8 0.006628787878787879
doc : 16
1 0.8242027800490597
5 0.04088307440719542
7 0.032706459525756335
4 0.022076860179885527
3 0.017988552739165987
0 0.015535568274734261
9 0.013082583810302535
8 0.01144726083401472
2 0.01144726083401472
6 0.01062959934587081
doc : 17
1 0.8334875115633673
5 0.0481036077705828
3 0.032377428307123035
4 0.01572617946345976
6 0.014801110083256245
0 0.014801110083256245
8 0.012950971322849215
9 0.010175763182238668
2 0.009250693802035153
7 0.008325624421831638
doc : 18
6 0.6236559139784946
2 0.06989247311827958
7 0.06451612903225806
1 0.048387096774193554
8 0.03763440860215054
5 0.03763440860215054
4 0.03225806451612903
0 0.03225806451612903
9 0.02688172043010753
3 0.02688172043010753
doc : 19
6 0.7123287671232876
0 0.0593607305936073
2 0.04337899543378995
4 0.0410958904109589
7 0.03424657534246575
1 0.03424657534246575
8 0.0228310502283105
5 0.02054794520547945
9 0.01598173515981735
3 0.01598173515981735
doc : 20
8 0.925
4 0.009722222222222222
1 0.009722222222222222
9 0.008333333333333333
6 0.008333333333333333
5 0.008333333333333333
2 0.008333333333333333
0 0.008333333333333333
7 0.006944444444444445
3 0.006944444444444445
doc : 21
8 0.9166666666666667
2 0.0125
1 0.011111111111111112
9 0.009722222222222222
3 0.009722222222222222
7 0.008333333333333333
6 0.008333333333333333
4 0.008333333333333333
0 0.008333333333333333
5 0.006944444444444445
doc : 22
6 0.44321329639889195
0 0.26038781163434904
7 0.08310249307479224
9 0.05263157894736842
5 0.036011080332409975
2 0.036011080332409975
8 0.024930747922437674
1 0.024930747922437674
4 0.0221606648199446
3 0.01662049861495845
doc : 23
7 0.8580121703853956
0 0.030425963488843813
2 0.018255578093306288
9 0.016227180527383367
8 0.014198782961460446
5 0.014198782961460446
4 0.014198782961460446
1 0.014198782961460446
6 0.010141987829614604
3 0.010141987829614604
doc : 24
9 0.829004329004329
0 0.07034632034632035
8 0.02922077922077922
2 0.01406926406926407
7 0.012987012987012988
4 0.010822510822510822
3 0.010822510822510822
5 0.00974025974025974
6 0.007575757575757576
1 0.005411255411255411
doc : 25
2 0.6683168316831684
0 0.06435643564356436
4 0.039603960396039604
1 0.039603960396039604
9 0.034653465346534656
8 0.034653465346534656
7 0.0297029702970297
6 0.0297029702970297
5 0.0297029702970297
3 0.0297029702970297
doc : 26
3 0.14545454545454545
8 0.10909090909090909
0 0.10909090909090909
9 0.09090909090909091
7 0.09090909090909091
6 0.09090909090909091
5 0.09090909090909091
4 0.09090909090909091
2 0.09090909090909091
1 0.09090909090909091
doc : 27
5 0.868565169769989
3 0.0208105147864184
6 0.01971522453450164
2 0.018619934282584884
1 0.017524644030668127
7 0.01533406352683461
0 0.013143483023001095
4 0.012048192771084338
9 0.007667031763417305
8 0.0065717415115005475
doc : 28
2 0.6955307262569833
9 0.05865921787709497
0 0.05027932960893855
5 0.04189944134078213
4 0.04189944134078213
1 0.02793296089385475
6 0.025139664804469275
3 0.025139664804469275
7 0.019553072625698324
8 0.013966480446927375
doc : 29
6 0.3776722090261283
5 0.1828978622327791
0 0.09501187648456058
2 0.06888361045130642
8 0.057007125890736345
1 0.052256532066508314
7 0.0498812351543943
3 0.0498812351543943
4 0.04275534441805226
9 0.023752969121140145
doc : 30
0 0.8529411764705882
5 0.026470588235294117
1 0.022058823529411763
4 0.020588235294117647
8 0.01911764705882353
3 0.01764705882352941
7 0.013235294117647059
9 0.010294117647058823
6 0.008823529411764706
2 0.008823529411764706
doc : 31
0 0.8083670715249662
9 0.03508771929824561
1 0.024291497975708502
5 0.02294197031039136
2 0.02294197031039136
3 0.021592442645074223
8 0.020242914979757085
6 0.016194331983805668
7 0.014844804318488529
4 0.013495276653171389
doc : 32
3 0.75
5 0.08514492753623189
4 0.03260869565217391
7 0.028985507246376812
6 0.02355072463768116
2 0.01992753623188406
8 0.018115942028985508
1 0.016304347826086956
9 0.012681159420289856
0 0.012681159420289856
doc : 33
3 0.6501128668171557
6 0.07674943566591422
1 0.04966139954853273
2 0.04288939051918735
5 0.040632054176072234
9 0.03611738148984198
7 0.02934537246049661
4 0.02934537246049661
8 0.024830699774266364
0 0.020316027088036117
doc : 34
3 0.9118795315114334
5 0.04127161182375907
9 0.008923591745677636
6 0.007250418293363079
1 0.006692693809258227
4 0.006134969325153374
0 0.006134969325153374
8 0.005577244841048523
2 0.0033463469046291134
7 0.0027886224205242614
doc : 35
6 0.6566125290023201
7 0.08816705336426914
0 0.07424593967517401
5 0.048723897911832945
1 0.027842227378190254
9 0.025522041763341066
8 0.025522041763341066
2 0.02320185614849188
4 0.016241299303944315
3 0.013921113689095127
doc : 36
8 0.8981288981288982
5 0.02079002079002079
0 0.018711018711018712
1 0.017671517671517672
7 0.009355509355509356
9 0.008316008316008316
3 0.008316008316008316
4 0.007276507276507277
6 0.006237006237006237
2 0.005197505197505198
doc : 37
1 0.7894117647058823
5 0.07999999999999999
2 0.028235294117647056
7 0.021176470588235293
0 0.016470588235294115
9 0.014117647058823528
6 0.014117647058823528
3 0.014117647058823528
8 0.012941176470588234
4 0.009411764705882352
doc : 38
0 0.8557692307692308
7 0.028846153846153848
8 0.018028846153846156
2 0.01682692307692308
9 0.015625
6 0.014423076923076924
1 0.014423076923076924
3 0.013221153846153848
5 0.01201923076923077
4 0.010817307692307692
doc : 39
6 0.5335120643431636
0 0.2546916890080429
7 0.04289544235924933
8 0.040214477211796246
4 0.029490616621983913
3 0.021447721179624665
2 0.021447721179624665
1 0.021447721179624665
5 0.01876675603217158
9 0.0160857908847185
doc : 40
0 0.8569696969696969
7 0.025454545454545455
5 0.02181818181818182
6 0.020606060606060607
8 0.019393939393939394
1 0.019393939393939394
2 0.013333333333333332
9 0.009696969696969697
4 0.007272727272727273
3 0.006060606060606061
doc : 41
9 0.6484284051222351
0 0.25145518044237486
8 0.030267753201396973
4 0.012805587892898719
7 0.010477299185098952
6 0.010477299185098952
5 0.010477299185098952
1 0.010477299185098952
3 0.008149010477299184
2 0.006984866123399301
doc : 42
3 0.7517985611510791
5 0.07733812949640288
1 0.03597122302158273
7 0.03237410071942446
8 0.030575539568345324
2 0.019784172661870505
4 0.017985611510791366
6 0.012589928057553958
0 0.012589928057553958
9 0.008992805755395683
doc : 43
2 0.684
5 0.056
4 0.056
9 0.04
0 0.04
6 0.028
1 0.028
8 0.024
7 0.024
3 0.02
doc : 44
0 0.48155737704918034
7 0.2930327868852459
6 0.0430327868852459
2 0.0389344262295082
8 0.03346994535519126
4 0.03346994535519126
1 0.0273224043715847
9 0.022540983606557378
5 0.014344262295081968
3 0.012295081967213115
doc : 45
7 0.8337236533957846
4 0.02810304449648712
9 0.02576112412177986
5 0.02107728337236534
6 0.01873536299765808
1 0.01873536299765808
8 0.01405152224824356
2 0.01405152224824356
0 0.01405152224824356
3 0.011709601873536299
doc : 46
0 0.8305378831694621
6 0.03528050896471949
2 0.02371312897628687
4 0.020821283979178713
7 0.01792943898207056
5 0.01792943898207056
9 0.017351069982648928
1 0.015037593984962405
8 0.013880855986119142
3 0.007518796992481203
doc : 47
8 0.9012208657047724
5 0.016648168701442843
2 0.016648168701442843
7 0.01220865704772475
6 0.009988901220865706
4 0.009988901220865706
1 0.009988901220865706
0 0.009988901220865706
9 0.00776914539400666
3 0.005549389567147614
doc : 48
8 0.908008658008658
5 0.020562770562770564
0 0.01406926406926407
9 0.012987012987012988
7 0.010822510822510822
3 0.008658008658008658
6 0.006493506493506494
2 0.006493506493506494
1 0.006493506493506494
4 0.005411255411255411
doc : 49
8 0.7707317073170732
0 0.17170731707317072
2 0.01073170731707317
7 0.00975609756097561
6 0.006829268292682927
5 0.006829268292682927
4 0.006829268292682927
3 0.005853658536585366
1 0.005853658536585366
9 0.004878048780487805
doc : 50
0 0.6428571428571429
8 0.07692307692307693
6 0.06593406593406594
7 0.0521978021978022
4 0.049450549450549455
1 0.03571428571428572
5 0.027472527472527476
9 0.02197802197802198
3 0.013736263736263738
2 0.013736263736263738
doc : 51
3 0.677445432497979
7 0.10509296685529507
5 0.10105092966855295
6 0.026677445432497976
1 0.025060630557801132
4 0.023443815683104285
0 0.01616814874696847
9 0.012126111560226353
8 0.008892481810832659
2 0.0040420371867421175
doc : 52
5 0.9272254710851202
3 0.018193632228719947
1 0.01364522417153996
2 0.008447043534762833
7 0.007147498375568551
6 0.007147498375568551
8 0.005198180636777128
9 0.004548408057179987
0 0.004548408057179987
4 0.003898635477582846
doc : 53
1 0.859493670886076
5 0.03670886075949367
9 0.017721518987341773
2 0.017721518987341773
0 0.016455696202531647
3 0.013924050632911392
6 0.012658227848101266
8 0.008860759493670886
7 0.008860759493670886
4 0.00759493670886076
doc : 54
6 0.43303571428571425
0 0.17410714285714285
9 0.06696428571428571
8 0.06547619047619047
5 0.05803571428571428
1 0.05803571428571428
7 0.04464285714285714
4 0.03869047619047619
3 0.03720238095238095
2 0.023809523809523808
doc : 55
8 0.8713163064833005
5 0.03831041257367387
1 0.016699410609037325
7 0.014734774066797641
0 0.013752455795677798
4 0.010805500982318271
2 0.009823182711198428
9 0.008840864440078585
6 0.008840864440078585
3 0.006876227897838899
doc : 56
9 0.839647577092511
0 0.039647577092511016
1 0.025550660792951544
7 0.02026431718061674
8 0.019383259911894275
5 0.018502202643171806
2 0.015859030837004406
3 0.00881057268722467
4 0.007048458149779736
6 0.0052863436123348016
doc : 57
1 0.8014492753623188
5 0.05507246376811594
2 0.04057971014492753
0 0.01884057971014493
6 0.015942028985507246
3 0.015942028985507246
9 0.014492753623188406
7 0.014492753623188406
4 0.013043478260869566
8 0.010144927536231883
doc : 58
1 0.8873456790123456
2 0.015432098765432098
5 0.013888888888888888
4 0.013888888888888888
3 0.013888888888888888
8 0.012345679012345678
0 0.012345679012345678
9 0.010802469135802469
7 0.010802469135802469
6 0.009259259259259259
doc : 59
5 0.9029787234042553
3 0.016170212765957447
2 0.01276595744680851
7 0.011914893617021277
4 0.011063829787234043
1 0.011063829787234043
9 0.009361702127659575
8 0.009361702127659575
0 0.00851063829787234
6 0.006808510638297872
doc : 60
5 0.8821510297482837
4 0.020594965675057208
2 0.016018306636155607
8 0.014874141876430207
1 0.014874141876430207
6 0.012585812356979404
7 0.011441647597254004
9 0.010297482837528604
0 0.009153318077803204
3 0.008009153318077803
doc : 61
2 0.7952314165497896
4 0.04207573632538569
7 0.03506311360448808
0 0.033660589060308554
5 0.021037868162692847
3 0.0182328190743338
9 0.015427769985974754
8 0.014025245441795231
6 0.014025245441795231
1 0.011220196353436185
doc : 62
9 0.6102620087336245
8 0.15283842794759825
0 0.07205240174672489
2 0.034934497816593885
6 0.03056768558951965
5 0.03056768558951965
7 0.021834061135371178
1 0.01965065502183406
4 0.016375545851528384
3 0.010917030567685589
doc : 63
2 0.8457059679767104
4 0.027656477438136828
0 0.027656477438136828
5 0.020378457059679767
8 0.017467248908296942
1 0.017467248908296942
7 0.011644832605531296
3 0.011644832605531296
9 0.010189228529839884
6 0.010189228529839884
doc : 64
7 0.8377281947261663
0 0.04462474645030426
5 0.02028397565922921
2 0.018255578093306288
8 0.016227180527383367
4 0.014198782961460446
3 0.014198782961460446
9 0.012170385395537525
1 0.012170385395537525
6 0.010141987829614604
doc : 65
8 0.9185867895545314
2 0.01228878648233487
7 0.010752688172043012
5 0.010752688172043012
6 0.009216589861751152
9 0.007680491551459293
4 0.007680491551459293
3 0.007680491551459293
1 0.007680491551459293
0 0.007680491551459293
doc : 66
6 0.7808219178082192
9 0.03718199608610567
7 0.03131115459882583
5 0.0273972602739726
2 0.0273972602739726
0 0.0273972602739726
8 0.021526418786692758
4 0.021526418786692758
3 0.0136986301369863
1 0.011741682974559686
doc : 67
2 0.5883905013192612
7 0.1266490765171504
6 0.0633245382585752
8 0.05013192612137203
1 0.047493403693931395
9 0.02638522427440633
5 0.02638522427440633
4 0.02638522427440633
0 0.02638522427440633
3 0.018469656992084433
doc : 68
5 0.8752535496957403
1 0.02636916835699797
3 0.02129817444219067
7 0.016227180527383367
4 0.016227180527383367
2 0.011156186612576065
9 0.009127789046653144
8 0.009127789046653144
0 0.009127789046653144
6 0.006085192697768763
doc : 69
6 0.7856025039123631
0 0.03755868544600939
4 0.03442879499217527
5 0.03286384976525822
7 0.03129890453834116
1 0.03129890453834116
3 0.01564945226917058
2 0.01564945226917058
9 0.00782472613458529
8 0.00782472613458529
doc : 70
5 0.7439446366782008
7 0.08996539792387544
3 0.03633217993079585
1 0.032871972318339104
6 0.025951557093425608
2 0.020761245674740483
9 0.015570934256055364
0 0.015570934256055364
4 0.010380622837370242
8 0.00865051903114187
doc : 71
9 0.7827459231983167
7 0.06470278800631246
5 0.028406102051551814
4 0.026301946344029457
6 0.0241977906365071
3 0.022619673855865333
8 0.015781167806417674
2 0.014729089952656496
1 0.010520778537611783
0 0.009994739610731194
doc : 72
7 0.8444108761329305
0 0.030211480362537763
5 0.0256797583081571
2 0.02416918429003021
8 0.019637462235649546
4 0.013595166163141994
9 0.012084592145015106
1 0.012084592145015106
6 0.010574018126888218
3 0.007552870090634441
doc : 73
3 0.7839721254355401
5 0.1254355400696864
0 0.018583042973286876
1 0.013937282229965157
7 0.011614401858304297
9 0.010452961672473868
8 0.009291521486643438
6 0.009291521486643438
4 0.009291521486643438
2 0.008130081300813007
doc : 74
3 0.8902027027027027
5 0.04222972972972973
1 0.011824324324324325
9 0.01097972972972973
7 0.01097972972972973
4 0.007601351351351352
2 0.007601351351351352
8 0.006756756756756757
6 0.0059121621621621625
0 0.0059121621621621625
doc : 75
3 0.906519065190652
5 0.022140221402214024
4 0.013530135301353014
9 0.00984009840098401
2 0.008610086100861008
1 0.008610086100861008
0 0.008610086100861008
8 0.007380073800738008
7 0.007380073800738008
6 0.007380073800738008
doc : 76
2 0.7195121951219512
0 0.05182926829268293
4 0.042682926829268296
8 0.03658536585365854
9 0.03353658536585366
7 0.027439024390243903
5 0.027439024390243903
6 0.021341463414634148
3 0.021341463414634148
1 0.01829268292682927
doc : 77
6 0.5906593406593407
0 0.1098901098901099
4 0.07692307692307693
2 0.06593406593406594
5 0.041208791208791215
8 0.030219780219780223
1 0.024725274725274728
9 0.02197802197802198
7 0.019230769230769232
3 0.019230769230769232
doc : 78
6 0.7327272727272727
4 0.10363636363636364
9 0.034545454545454546
0 0.02727272727272727
3 0.02
7 0.01818181818181818
5 0.01818181818181818
2 0.016363636363636365
1 0.016363636363636365
8 0.012727272727272728
doc : 79
2 0.7760252365930599
0 0.04100946372239748
9 0.03943217665615142
8 0.0362776025236593
7 0.029968454258675076
5 0.01892744479495268
4 0.01892744479495268
3 0.015772870662460567
1 0.012618296529968454
6 0.011041009463722396
doc : 80
5 0.7530864197530864
1 0.06285072951739619
7 0.059483726150392824
3 0.03591470258136925
0 0.023569023569023573
2 0.019079685746352416
9 0.015712682379349047
6 0.01234567901234568
4 0.011223344556677891
8 0.006734006734006735
doc : 81
7 0.7172342621259029
2 0.0588235294117647
4 0.044375644994840036
6 0.04231166150670794
1 0.03611971104231166
0 0.03199174406604747
9 0.028895768833849325
8 0.018575851393188854
5 0.014447884416924663
3 0.007223942208462331
doc : 82
8 0.6189054726368158
0 0.30746268656716413
2 0.011940298507462685
7 0.010945273631840795
6 0.010945273631840795
1 0.010945273631840795
9 0.007960199004975124
4 0.007960199004975124
5 0.006965174129353233
3 0.0059701492537313425
doc : 83
2 0.7526636225266362
3 0.106544901065449
5 0.0395738203957382
1 0.0319634703196347
7 0.02511415525114155
0 0.0136986301369863
8 0.00837138508371385
6 0.00837138508371385
4 0.00837138508371385
9 0.00532724505327245
doc : 84
2 0.8791732909379969
9 0.01907790143084261
1 0.015898251192368842
4 0.014308426073131956
0 0.014308426073131956
7 0.012718600953895072
3 0.012718600953895072
8 0.011128775834658189
5 0.011128775834658189
6 0.009538950715421305
doc : 85
2 0.8104265402843602
4 0.037914691943127965
5 0.026856240126382307
0 0.026856240126382307
1 0.02527646129541864
7 0.018957345971563982
9 0.01579778830963665
8 0.01579778830963665
6 0.011058451816745656
3 0.011058451816745656
doc : 86
7 0.8441358024691358
1 0.040123456790123455
2 0.021604938271604937
5 0.020061728395061727
6 0.018518518518518517
4 0.015432098765432098
8 0.013888888888888888
0 0.010802469135802469
9 0.007716049382716049
3 0.007716049382716049
doc : 87
4 0.813953488372093
0 0.029900332225913623
8 0.023255813953488372
5 0.023255813953488372
6 0.019933554817275746
2 0.019933554817275746
1 0.019933554817275746
9 0.016611295681063124
7 0.016611295681063124
3 0.016611295681063124
doc : 88
4 0.8260869565217391
9 0.023411371237458192
7 0.023411371237458192
2 0.020066889632107024
1 0.020066889632107024
0 0.020066889632107024
8 0.016722408026755852
6 0.016722408026755852
5 0.016722408026755852
3 0.016722408026755852
doc : 89
4 0.8272425249169435
9 0.023255813953488372
7 0.023255813953488372
5 0.019933554817275746
3 0.019933554817275746
0 0.019933554817275746
8 0.016611295681063124
6 0.016611295681063124
2 0.016611295681063124
1 0.016611295681063124
doc : 90
4 0.842809364548495
7 0.020066889632107024
1 0.020066889632107024
9 0.016722408026755852
8 0.016722408026755852
6 0.016722408026755852
5 0.016722408026755852
3 0.016722408026755852
2 0.016722408026755852
0 0.016722408026755852
doc : 91
4 0.8169491525423729
9 0.023728813559322035
6 0.023728813559322035
2 0.023728813559322035
7 0.020338983050847456
5 0.020338983050847456
0 0.020338983050847456
8 0.01694915254237288
3 0.01694915254237288
1 0.01694915254237288
doc : 92
4 0.8193979933110368
0 0.026755852842809364
3 0.023411371237458192
9 0.020066889632107024
6 0.020066889632107024
5 0.020066889632107024
2 0.020066889632107024
8 0.016722408026755852
7 0.016722408026755852
1 0.016722408026755852
doc : 93
4 0.8241042345276873
1 0.02280130293159609
9 0.01954397394136808
8 0.01954397394136808
7 0.01954397394136808
6 0.01954397394136808
5 0.01954397394136808
2 0.01954397394136808
0 0.01954397394136808
3 0.016286644951140065
doc : 94
4 0.8170347003154574
5 0.028391167192429023
1 0.025236593059936908
9 0.01892744479495268
7 0.01892744479495268
6 0.01892744479495268
3 0.01892744479495268
2 0.01892744479495268
0 0.01892744479495268
8 0.015772870662460567
doc : 95
4 0.8095238095238095
2 0.027210884353741496
8 0.023809523809523808
7 0.023809523809523808
0 0.023809523809523808
6 0.02040816326530612
3 0.02040816326530612
9 0.017006802721088433
5 0.017006802721088433
1 0.017006802721088433
doc : 96
4 0.8280254777070064
1 0.025477707006369428
5 0.02229299363057325
9 0.019108280254777073
8 0.019108280254777073
7 0.019108280254777073
6 0.019108280254777073
3 0.01592356687898089
2 0.01592356687898089
0 0.01592356687898089
doc : 97
4 0.8096774193548387
5 0.025806451612903226
3 0.025806451612903226
2 0.025806451612903226
9 0.01935483870967742
8 0.01935483870967742
7 0.01935483870967742
1 0.01935483870967742
0 0.01935483870967742
6 0.016129032258064516
doc : 98
4 0.8432601880877743
2 0.025078369905956112
7 0.018808777429467086
0 0.018808777429467086
9 0.01567398119122257
8 0.01567398119122257
6 0.01567398119122257
5 0.01567398119122257
3 0.01567398119122257
1 0.01567398119122257
doc : 99
2 0.511400651465798
7 0.1270358306188925
1 0.08143322475570033
6 0.07166123778501629
5 0.048859934853420196
0 0.042345276872964174
8 0.03908794788273616
9 0.03257328990228013
4 0.02280130293159609
3 0.02280130293159609
