doc : 0
9 0.9756795422031473
3 0.005007153075822604
0 0.003218884120171674
7 0.002861230329041488
5 0.002503576537911302
2 0.002503576537911302
8 0.002145922746781116
4 0.002145922746781116
1 0.002145922746781116
6 0.00178826895565093
doc : 1
3 0.9697251979506288
9 0.007918025151374011
7 0.0037261294829995344
8 0.0027945971122496508
6 0.0027945971122496508
5 0.0027945971122496508
4 0.0027945971122496508
2 0.0027945971122496508
1 0.002328830926874709
0 0.002328830926874709
doc : 2
0 0.5108958837772397
7 0.3220338983050848
6 0.026634382566585957
9 0.02421307506053269
1 0.02421307506053269
2 0.02179176755447942
8 0.01937046004842615
3 0.01937046004842615
5 0.01694915254237288
4 0.014527845036319613
doc : 3
7 0.5531914893617021
5 0.1453900709219858
4 0.07092198581560283
0 0.0673758865248227
1 0.03900709219858156
9 0.035460992907801414
8 0.024822695035460994
6 0.02127659574468085
3 0.02127659574468085
2 0.02127659574468085
doc : 4
7 0.7330677290836654
6 0.043824701195219126
5 0.043824701195219126
8 0.03585657370517928
1 0.03187250996015936
3 0.027888446215139442
4 0.02390438247011952
9 0.0199203187250996
2 0.0199203187250996
0 0.0199203187250996
doc : 5
7 0.48172757475083056
4 0.24584717607973422
5 0.053156146179401995
8 0.03986710963455149
6 0.036544850498338874
3 0.03322259136212625
9 0.029900332225913623
0 0.029900332225913623
2 0.026578073089700997
1 0.023255813953488372
doc : 6
7 0.6766169154228856
8 0.05970149253731343
0 0.05970149253731343
4 0.03980099502487562
1 0.03482587064676617
9 0.029850746268656716
6 0.02487562189054726
5 0.02487562189054726
3 0.02487562189054726
2 0.02487562189054726
doc : 7
7 0.5748031496062992
0 0.16141732283464566
8 0.03937007874015748
4 0.03937007874015748
5 0.03543307086614173
2 0.03543307086614173
1 0.03543307086614173
9 0.031496062992125984
6 0.027559055118110236
3 0.01968503937007874
doc : 8
7 0.43137254901960786
4 0.2818627450980392
6 0.08333333333333333
1 0.04656862745098039
5 0.044117647058823525
8 0.041666666666666664
3 0.022058823529411763
0 0.0196078431372549
9 0.01715686274509804
2 0.012254901960784314
doc : 9
7 0.631578947368421
0 0.10855263157894736
4 0.05592105263157894
8 0.05263157894736842
1 0.042763157894736836
6 0.03289473684210526
5 0.02631578947368421
9 0.01644736842105263
3 0.01644736842105263
2 0.01644736842105263
doc : 10
4 0.7813620071684587
6 0.07885304659498207
1 0.04778972520908004
7 0.017921146953405017
5 0.015531660692951015
0 0.015531660692951015
2 0.013142174432497012
8 0.01194743130227001
9 0.009557945041816009
3 0.008363201911589008
doc : 11
6 0.8074324324324325
1 0.030405405405405407
5 0.02364864864864865
3 0.02364864864864865
2 0.02364864864864865
7 0.02027027027027027
4 0.02027027027027027
9 0.016891891891891893
8 0.016891891891891893
0 0.016891891891891893
doc : 12
3 0.9659990684676293
9 0.008849557522123894
8 0.0037261294829995344
7 0.0037261294829995344
5 0.0037261294829995344
6 0.0032603632976245926
4 0.0032603632976245926
0 0.0027945971122496508
2 0.002328830926874709
1 0.002328830926874709
doc : 13
9 0.9728183118741058
3 0.0075107296137339056
6 0.002861230329041488
4 0.002861230329041488
1 0.002861230329041488
5 0.002503576537911302
8 0.002145922746781116
7 0.002145922746781116
2 0.002145922746781116
0 0.002145922746781116
doc : 14
3 0.9664648346530043
9 0.007452258965999069
1 0.004191895668374477
8 0.0037261294829995344
5 0.0037261294829995344
6 0.0032603632976245926
2 0.0032603632976245926
7 0.0027945971122496508
4 0.0027945971122496508
0 0.002328830926874709
doc : 15
6 0.7335423197492162
4 0.05642633228840125
7 0.0438871473354232
8 0.03761755485893417
5 0.028213166144200625
9 0.0219435736677116
2 0.0219435736677116
3 0.018808777429467086
1 0.018808777429467086
0 0.018808777429467086
doc : 16
6 0.8103448275862069
7 0.027586206896551724
3 0.02413793103448276
9 0.020689655172413793
8 0.020689655172413793
5 0.020689655172413793
2 0.020689655172413793
1 0.020689655172413793
4 0.017241379310344827
0 0.017241379310344827
doc : 17
7 0.6791443850267379
1 0.0481283422459893
6 0.0427807486631016
8 0.0374331550802139
5 0.0374331550802139
0 0.0374331550802139
4 0.0320855614973262
2 0.0320855614973262
9 0.026737967914438502
3 0.026737967914438502
doc : 18
7 0.6410256410256411
9 0.08831908831908833
3 0.07122507122507123
5 0.05698005698005698
8 0.045584045584045586
6 0.022792022792022793
4 0.022792022792022793
1 0.019943019943019943
0 0.017094017094017096
2 0.014245014245014245
doc : 19
8 0.6517150395778364
7 0.22691292875989444
0 0.04221635883905013
1 0.022427440633245383
6 0.010554089709762533
5 0.010554089709762533
4 0.010554089709762533
3 0.009234828496042216
2 0.009234828496042216
9 0.0065963060686015824
doc : 20
7 0.6769911504424778
5 0.05309734513274336
8 0.048672566371681415
4 0.048672566371681415
6 0.03982300884955752
3 0.035398230088495575
9 0.02654867256637168
2 0.02654867256637168
1 0.022123893805309734
0 0.022123893805309734
doc : 21
1 0.5557404326123129
7 0.2878535773710483
6 0.03161397670549085
5 0.026622296173044926
4 0.02495840266222962
0 0.02495840266222962
8 0.018302828618968387
2 0.011647254575707155
9 0.009983361064891847
3 0.008319467554076539
doc : 22
7 0.5202952029520295
0 0.23616236162361623
8 0.04428044280442804
4 0.04059040590405904
6 0.033210332103321034
1 0.033210332103321034
5 0.025830258302583026
9 0.02214022140221402
3 0.02214022140221402
2 0.02214022140221402
doc : 23
7 0.64
0 0.07111111111111111
8 0.05333333333333333
1 0.04888888888888889
5 0.044444444444444446
6 0.035555555555555556
4 0.035555555555555556
2 0.026666666666666665
9 0.022222222222222223
3 0.022222222222222223
doc : 24
5 0.8295880149812734
6 0.09176029962546817
1 0.015917602996254682
3 0.012172284644194757
2 0.011235955056179775
7 0.009363295880149813
0 0.009363295880149813
8 0.008426966292134831
9 0.006554307116104869
4 0.0056179775280898875
doc : 25
3 0.9729855612482534
9 0.0055891942244993015
8 0.0032603632976245926
7 0.0027945971122496508
5 0.0027945971122496508
4 0.0027945971122496508
1 0.0027945971122496508
6 0.002328830926874709
2 0.002328830926874709
0 0.002328830926874709
doc : 26
9 0.9735336194563662
3 0.006795422031473534
5 0.003218884120171674
7 0.002861230329041488
6 0.002861230329041488
4 0.002503576537911302
2 0.002145922746781116
1 0.002145922746781116
0 0.002145922746781116
8 0.00178826895565093
doc : 27
3 0.9664648346530043
9 0.009315323707498836
6 0.0037261294829995344
4 0.0037261294829995344
7 0.0032603632976245926
5 0.0032603632976245926
0 0.0032603632976245926
8 0.002328830926874709
2 0.002328830926874709
1 0.002328830926874709
doc : 28
7 0.4779661016949152
5 0.16610169491525423
0 0.10169491525423728
1 0.0711864406779661
6 0.05084745762711864
8 0.03728813559322034
3 0.02711864406779661
2 0.02711864406779661
9 0.020338983050847456
4 0.020338983050847456
doc : 29
0 0.45896147403685095
7 0.3768844221105528
4 0.031825795644891124
1 0.031825795644891124
5 0.02512562814070352
8 0.021775544388609715
6 0.01675041876046901
9 0.01340033500837521
3 0.01172529313232831
2 0.01172529313232831
doc : 30
7 0.6482412060301508
8 0.09045226130653267
6 0.06532663316582915
1 0.04020100502512563
0 0.03015075376884422
9 0.02512562814070352
5 0.02512562814070352
4 0.02512562814070352
3 0.02512562814070352
2 0.02512562814070352
doc : 31
0 0.6690647482014389
7 0.2143884892086331
1 0.02446043165467626
4 0.02158273381294964
8 0.015827338129496403
6 0.014388489208633094
5 0.011510791366906475
3 0.010071942446043166
2 0.010071942446043166
9 0.008633093525179856
doc : 32
7 0.7392857142857142
0 0.05714285714285714
5 0.039285714285714285
6 0.03571428571428571
2 0.024999999999999998
1 0.024999999999999998
8 0.02142857142857143
4 0.02142857142857143
9 0.017857142857142856
3 0.017857142857142856
doc : 33
7 0.6884422110552764
6 0.05025125628140704
1 0.04522613065326633
8 0.04020100502512563
5 0.035175879396984924
0 0.035175879396984924
4 0.03015075376884422
9 0.02512562814070352
3 0.02512562814070352
2 0.02512562814070352
doc : 34
5 0.39772727272727276
0 0.10795454545454546
1 0.09659090909090909
8 0.09090909090909091
2 0.07386363636363637
9 0.0625
4 0.0625
3 0.03977272727272727
7 0.03409090909090909
6 0.03409090909090909
doc : 35
5 0.6904761904761905
4 0.08163265306122448
0 0.04251700680272109
9 0.0391156462585034
2 0.03231292517006803
1 0.030612244897959183
8 0.023809523809523808
3 0.023809523809523808
7 0.022108843537414966
6 0.013605442176870748
doc : 36
2 0.9136285784193785
1 0.03841448495228774
0 0.01027648642035723
8 0.008563738683631025
7 0.00685099094690482
5 0.005382921458282359
4 0.005382921458282359
6 0.004893564962074872
9 0.004404208465867384
3 0.002202104232933692
doc : 37
9 0.8320000000000001
6 0.028800000000000003
3 0.0256
4 0.024
1 0.020800000000000003
5 0.0176
2 0.0176
8 0.0112
7 0.0112
0 0.0112
doc : 38
3 0.9627387051700047
9 0.011644154634373545
7 0.004191895668374477
4 0.004191895668374477
5 0.0037261294829995344
1 0.0032603632976245926
6 0.0027945971122496508
2 0.0027945971122496508
8 0.002328830926874709
0 0.002328830926874709
doc : 39
9 0.9558147755390598
3 0.01661364439731354
6 0.00671615411806292
2 0.0042417815482502655
0 0.003888299752562743
8 0.003181336161187699
5 0.002827854365500177
1 0.002474372569812655
7 0.0021208907741251328
4 0.0021208907741251328
doc : 40
3 0.9711224965067536
9 0.0069864927806241265
6 0.0032603632976245926
5 0.0032603632976245926
8 0.0027945971122496508
7 0.0027945971122496508
4 0.0027945971122496508
2 0.002328830926874709
1 0.002328830926874709
0 0.002328830926874709
doc : 41
7 0.6380952380952382
0 0.11904761904761905
6 0.05238095238095239
5 0.03333333333333334
8 0.028571428571428574
4 0.028571428571428574
1 0.028571428571428574
9 0.02380952380952381
3 0.02380952380952381
2 0.02380952380952381
doc : 42
7 0.6538461538461539
5 0.08461538461538462
4 0.05
2 0.04230769230769231
1 0.038461538461538464
6 0.03076923076923077
9 0.026923076923076925
8 0.026923076923076925
3 0.023076923076923078
0 0.023076923076923078
doc : 43
0 0.5397148676171079
7 0.3136456211812627
8 0.030549898167006106
6 0.026476578411405292
1 0.02240325865580448
2 0.016293279022403257
9 0.01425661914460285
5 0.01425661914460285
3 0.012219959266802444
4 0.010183299389002035
doc : 44
7 0.5771812080536912
0 0.18456375838926173
8 0.08389261744966443
4 0.026845637583892617
1 0.026845637583892617
6 0.02348993288590604
2 0.02348993288590604
9 0.020134228187919462
5 0.016778523489932886
3 0.016778523489932886
doc : 45
7 0.6133828996282528
5 0.08921933085501858
9 0.07806691449814127
8 0.040892193308550186
3 0.03717472118959107
4 0.03345724907063197
0 0.03345724907063197
1 0.02973977695167286
6 0.022304832713754646
2 0.022304832713754646
doc : 46
7 0.7452471482889734
4 0.03802281368821293
5 0.030418250950570342
1 0.030418250950570342
0 0.030418250950570342
9 0.026615969581749048
6 0.026615969581749048
3 0.026615969581749048
8 0.022813688212927757
2 0.022813688212927757
doc : 47
1 0.5179584120982987
7 0.2627599243856333
0 0.1001890359168242
8 0.04158790170132325
5 0.015122873345935728
3 0.015122873345935728
6 0.013232514177693762
9 0.011342155009451797
4 0.011342155009451797
2 0.011342155009451797
doc : 48
7 0.4742547425474255
8 0.3170731707317073
0 0.04607046070460705
1 0.03523035230352303
5 0.02710027100271003
4 0.02710027100271003
6 0.024390243902439025
9 0.016260162601626015
3 0.016260162601626015
2 0.016260162601626015
doc : 49
6 0.6283524904214559
7 0.10727969348659003
2 0.04597701149425287
5 0.042145593869731796
9 0.038314176245210725
3 0.034482758620689655
1 0.034482758620689655
8 0.03065134099616858
4 0.019157088122605363
0 0.019157088122605363
