doc : 0
5 0.9750113584734211
9 0.003634711494775102
7 0.003634711494775102
0 0.0031803725579282144
3 0.0027260336210813267
2 0.0027260336210813267
8 0.002271694684234439
6 0.002271694684234439
4 0.002271694684234439
1 0.002271694684234439
doc : 1
9 0.1721311475409836
0 0.1639344262295082
7 0.13934426229508198
3 0.13934426229508198
8 0.09016393442622951
6 0.09016393442622951
4 0.05737704918032787
1 0.05737704918032787
5 0.04918032786885246
2 0.04098360655737705
doc : 2
7 0.4267515923566879
3 0.11464968152866242
2 0.10828025477707007
0 0.089171974522293
4 0.05732484076433121
9 0.050955414012738856
1 0.0445859872611465
8 0.038216560509554146
6 0.038216560509554146
5 0.03184713375796178
doc : 3
7 0.37777777777777777
5 0.10555555555555556
9 0.1
3 0.08333333333333334
4 0.07222222222222223
1 0.07222222222222223
0 0.06666666666666667
6 0.044444444444444446
2 0.044444444444444446
8 0.03333333333333333
doc : 4
9 0.4782608695652174
7 0.09420289855072464
3 0.07246376811594203
0 0.07246376811594203
8 0.057971014492753624
6 0.057971014492753624
2 0.050724637681159424
4 0.043478260869565216
5 0.036231884057971016
1 0.036231884057971016
doc : 5
9 0.41304347826086957
7 0.14492753623188406
3 0.07971014492753624
0 0.06521739130434782
8 0.050724637681159424
5 0.050724637681159424
4 0.050724637681159424
2 0.050724637681159424
1 0.050724637681159424
6 0.043478260869565216
doc : 6
0 0.6764705882352942
7 0.09191176470588235
3 0.04779411764705882
9 0.04044117647058824
6 0.029411764705882353
4 0.025735294117647058
2 0.025735294117647058
8 0.022058823529411763
5 0.022058823529411763
1 0.01838235294117647
doc : 7
7 0.7727272727272728
3 0.03896103896103896
1 0.03246753246753247
2 0.029220779220779224
8 0.025974025974025976
5 0.025974025974025976
6 0.022727272727272728
4 0.01948051948051948
9 0.016233766233766236
0 0.016233766233766236
doc : 8
9 0.5347985347985348
6 0.08058608058608059
0 0.07326007326007326
3 0.05860805860805861
2 0.05128205128205128
5 0.047619047619047616
8 0.04395604395604395
7 0.040293040293040296
1 0.03663003663003663
4 0.03296703296703297
doc : 9
7 0.17777777777777778
9 0.13333333333333333
0 0.11111111111111112
3 0.1
8 0.08888888888888889
2 0.08888888888888889
6 0.07777777777777778
5 0.07777777777777778
1 0.07777777777777778
4 0.06666666666666667
doc : 10
0 0.24291497975708504
9 0.22267206477732793
2 0.14979757085020243
7 0.11336032388663968
6 0.08502024291497975
1 0.05668016194331984
3 0.05263157894736842
5 0.02834008097165992
4 0.02834008097165992
8 0.020242914979757085
doc : 11
5 0.9727396637891866
3 0.004543389368468878
1 0.00408905043162199
7 0.003634711494775102
6 0.0027260336210813267
2 0.0027260336210813267
0 0.0027260336210813267
9 0.002271694684234439
8 0.002271694684234439
4 0.002271694684234439
doc : 12
7 0.3770491803278689
0 0.13934426229508198
9 0.07377049180327869
6 0.07377049180327869
3 0.07377049180327869
2 0.05737704918032787
1 0.05737704918032787
8 0.04918032786885246
5 0.04918032786885246
4 0.04918032786885246
doc : 13
6 0.4132841328413284
7 0.17343173431734316
8 0.13653136531365312
0 0.08118081180811808
9 0.055350553505535055
2 0.033210332103321034
5 0.02952029520295203
1 0.02952029520295203
4 0.025830258302583026
3 0.02214022140221402
doc : 14
7 0.42483660130718953
3 0.10457516339869281
2 0.08496732026143791
0 0.08496732026143791
4 0.06535947712418301
1 0.06535947712418301
9 0.05228758169934641
5 0.04575163398692811
8 0.0392156862745098
6 0.032679738562091505
doc : 15
7 0.7678100263852242
0 0.05013192612137203
6 0.036939313984168866
2 0.0316622691292876
4 0.02638522427440633
3 0.02638522427440633
5 0.018469656992084433
1 0.0158311345646438
9 0.013192612137203165
8 0.013192612137203165
doc : 16
7 0.8615384615384616
3 0.019230769230769232
2 0.019230769230769232
1 0.01730769230769231
0 0.01730769230769231
5 0.015384615384615385
8 0.013461538461538462
6 0.013461538461538462
9 0.011538461538461539
4 0.011538461538461539
doc : 17
9 0.7195945945945946
6 0.0945945945945946
7 0.033783783783783786
4 0.02702702702702703
3 0.02702702702702703
8 0.02364864864864865
5 0.02364864864864865
2 0.016891891891891893
1 0.016891891891891893
0 0.016891891891891893
doc : 18
9 0.3127753303964758
2 0.28193832599118945
3 0.09691629955947137
1 0.07048458149779736
0 0.061674008810572695
7 0.04405286343612335
8 0.039647577092511016
6 0.03524229074889868
4 0.03524229074889868
5 0.022026431718061675
doc : 19
6 0.8967653131452168
8 0.034411562284927734
9 0.03097040605643496
5 0.006882312456985546
3 0.006882312456985546
1 0.006194081211286992
0 0.0055058499655884375
7 0.004817618719889883
4 0.0041293874741913286
2 0.003441156228492773
doc : 20
5 0.9736483416628805
9 0.00408905043162199
3 0.003634711494775102
0 0.003634711494775102
4 0.0027260336210813267
2 0.0027260336210813267
1 0.0027260336210813267
8 0.002271694684234439
7 0.002271694684234439
6 0.002271694684234439
doc : 21
7 0.876425855513308
0 0.019011406844106463
3 0.015209125475285171
1 0.015209125475285171
6 0.013307984790874524
5 0.013307984790874524
2 0.013307984790874524
9 0.011406844106463879
8 0.011406844106463879
4 0.011406844106463879
doc : 22
0 0.6563706563706564
7 0.0694980694980695
3 0.06563706563706564
9 0.05405405405405406
2 0.03474903474903475
5 0.03088803088803089
1 0.02702702702702703
4 0.02316602316602317
8 0.019305019305019305
6 0.019305019305019305
doc : 23
0 0.6525096525096525
3 0.0888030888030888
7 0.0694980694980695
5 0.04247104247104247
9 0.03474903474903475
2 0.03088803088803089
1 0.02316602316602317
8 0.019305019305019305
6 0.019305019305019305
4 0.019305019305019305
doc : 24
3 0.9025157232704403
7 0.02410901467505241
6 0.020964360587002098
0 0.012578616352201259
2 0.010482180293501049
9 0.006289308176100629
4 0.006289308176100629
1 0.006289308176100629
8 0.005241090146750524
5 0.005241090146750524
doc : 25
3 0.8654545454545455
0 0.03636363636363636
7 0.027878787878787878
9 0.013333333333333332
5 0.012121212121212121
1 0.012121212121212121
4 0.009696969696969697
8 0.008484848484848484
6 0.007272727272727273
2 0.007272727272727273
doc : 26
4 0.7813121272365804
7 0.04771371769383698
0 0.03976143141153081
6 0.02783300198807157
3 0.02385685884691849
2 0.019880715705765405
9 0.017892644135188866
1 0.017892644135188866
8 0.011928429423459244
5 0.011928429423459244
doc : 27
7 0.3867069486404834
6 0.2054380664652568
3 0.08761329305135952
1 0.08761329305135952
9 0.08157099697885196
0 0.054380664652567974
2 0.03927492447129909
8 0.021148036253776436
5 0.021148036253776436
4 0.015105740181268881
doc : 28
9 0.6527777777777778
7 0.08101851851851852
3 0.06018518518518518
0 0.06018518518518518
1 0.05324074074074074
6 0.023148148148148147
5 0.023148148148148147
4 0.016203703703703703
2 0.016203703703703703
8 0.013888888888888888
doc : 29
0 0.4240506329113924
3 0.10759493670886076
1 0.09493670886075949
4 0.08227848101265822
5 0.06962025316455696
9 0.056962025316455694
8 0.05063291139240506
2 0.04430379746835443
7 0.0379746835443038
6 0.03164556962025317
doc : 30
5 0.9700136301681054
1 0.004997728305315766
7 0.004543389368468878
6 0.00408905043162199
3 0.00408905043162199
4 0.0027260336210813267
0 0.0027260336210813267
9 0.002271694684234439
8 0.002271694684234439
2 0.002271694684234439
doc : 31
5 0.9727396637891866
0 0.004543389368468878
7 0.00408905043162199
9 0.0031803725579282144
1 0.0031803725579282144
3 0.0027260336210813267
2 0.0027260336210813267
8 0.002271694684234439
6 0.002271694684234439
4 0.002271694684234439
doc : 32
9 0.5700000000000001
7 0.2066666666666667
5 0.04666666666666667
3 0.03666666666666667
2 0.03666666666666667
0 0.030000000000000002
1 0.023333333333333334
8 0.016666666666666666
6 0.016666666666666666
4 0.016666666666666666
doc : 33
0 0.6586433260393872
7 0.10722100656455141
3 0.061269146608315096
4 0.037199124726477024
2 0.037199124726477024
9 0.024070021881838072
5 0.024070021881838072
6 0.02188183807439825
1 0.0175054704595186
8 0.010940919037199124
doc : 34
0 0.7562326869806094
6 0.11080332409972299
7 0.019390581717451522
3 0.019390581717451522
2 0.019390581717451522
4 0.01662049861495845
1 0.01662049861495845
9 0.013850415512465374
8 0.013850415512465374
5 0.013850415512465374
doc : 35
0 0.7459016393442623
6 0.11202185792349727
7 0.030054644808743168
4 0.02185792349726776
1 0.01912568306010929
3 0.01639344262295082
9 0.01366120218579235
8 0.01366120218579235
5 0.01366120218579235
2 0.01366120218579235
doc : 36
2 0.7663551401869159
9 0.12876427829698858
5 0.020768431983385252
6 0.018691588785046728
7 0.014537902388369679
4 0.013499480789200415
3 0.012461059190031152
8 0.009345794392523364
0 0.008307372793354102
1 0.007268951194184839
doc : 37
2 0.8664596273291925
7 0.021739130434782608
5 0.018633540372670808
9 0.017080745341614904
0 0.015527950310559004
6 0.013975155279503104
4 0.012422360248447204
3 0.012422360248447204
8 0.010869565217391304
1 0.010869565217391304
doc : 38
9 0.6921944035346097
7 0.09572901325478644
0 0.08394698085419734
1 0.032400589101620025
3 0.025036818851251842
5 0.023564064801178203
8 0.013254786450662739
6 0.013254786450662739
2 0.011782032400589101
4 0.008836524300441826
doc : 39
6 0.6763485477178424
8 0.2752420470262794
9 0.009681881051175657
7 0.008990318118948825
2 0.006224066390041494
5 0.005532503457814661
4 0.004840940525587829
3 0.004840940525587829
0 0.004840940525587829
1 0.0034578146611341635
doc : 40
2 0.5106382978723404
4 0.2624113475177305
7 0.09219858156028368
0 0.0425531914893617
1 0.02127659574468085
3 0.01950354609929078
9 0.015957446808510637
8 0.015957446808510637
6 0.010638297872340425
5 0.008865248226950354
doc : 41
5 0.9722853248523398
1 0.004543389368468878
0 0.004543389368468878
7 0.0031803725579282144
3 0.0031803725579282144
9 0.0027260336210813267
4 0.0027260336210813267
8 0.002271694684234439
6 0.002271694684234439
2 0.002271694684234439
doc : 42
3 0.49339207048458156
7 0.14096916299559473
6 0.08370044052863437
9 0.07048458149779736
4 0.04405286343612335
8 0.039647577092511016
2 0.039647577092511016
0 0.039647577092511016
1 0.026431718061674013
5 0.022026431718061675
doc : 43
3 0.6789473684210526
7 0.08157894736842106
1 0.05263157894736842
9 0.04473684210526316
2 0.039473684210526314
0 0.031578947368421054
8 0.021052631578947368
6 0.018421052631578946
5 0.015789473684210527
4 0.015789473684210527
doc : 44
5 0.9759200363471149
0 0.0031803725579282144
9 0.0027260336210813267
7 0.0027260336210813267
6 0.0027260336210813267
3 0.0027260336210813267
2 0.0027260336210813267
1 0.0027260336210813267
8 0.002271694684234439
4 0.002271694684234439
doc : 45
1 0.8309377138945927
5 0.09787816563997262
0 0.017111567419575632
7 0.01300479123887748
3 0.01026694045174538
9 0.009582477754962354
8 0.0054757015742642025
6 0.0054757015742642025
2 0.0054757015742642025
4 0.004791238877481177
doc : 46
8 0.5539651837524178
6 0.3988394584139265
4 0.025918762088974853
7 0.0046421663442940036
0 0.003481624758220503
3 0.003094777562862669
1 0.003094777562862669
9 0.0027079303675048355
2 0.0023210831721470018
5 0.0019342359767891683
doc : 47
4 0.9606967396158999
8 0.005359535506922733
1 0.005359535506922733
0 0.005359535506922733
5 0.004912907548012505
3 0.0044662795891022775
9 0.003573023671281822
7 0.003573023671281822
2 0.003573023671281822
6 0.003126395712371594
doc : 48
0 0.721763085399449
6 0.12672176308539945
7 0.030303030303030304
4 0.024793388429752067
2 0.01928374655647383
9 0.01652892561983471
3 0.01652892561983471
1 0.01652892561983471
8 0.013774104683195593
5 0.013774104683195593
doc : 49
0 0.7208672086720868
6 0.11653116531165311
7 0.03252032520325203
4 0.02981029810298103
2 0.02168021680216802
8 0.018970189701897018
5 0.016260162601626015
3 0.016260162601626015
9 0.013550135501355014
1 0.013550135501355014
