doc : 0
3 0.8785578747628083
6 0.017077798861480076
9 0.015180265654648957
4 0.015180265654648957
2 0.015180265654648957
0 0.015180265654648957
7 0.013282732447817837
5 0.011385199240986717
8 0.009487666034155597
1 0.009487666034155597
doc : 1
6 0.8471337579617835
7 0.019108280254777073
3 0.019108280254777073
1 0.019108280254777073
9 0.01592356687898089
8 0.01592356687898089
5 0.01592356687898089
4 0.01592356687898089
2 0.01592356687898089
0 0.01592356687898089
doc : 2
8 0.5438088341781318
7 0.2519913106444605
1 0.09630702389572773
5 0.03258508327299058
2 0.03113685734974656
0 0.015930485155684286
4 0.011585807385952208
6 0.007241129616220129
9 0.005068790731354091
3 0.004344677769732078
doc : 3
8 0.6633663366336634
1 0.13985148514851486
7 0.11943069306930693
5 0.019183168316831683
2 0.012995049504950494
0 0.012376237623762377
6 0.011757425742574257
4 0.008044554455445545
9 0.006806930693069307
3 0.006188118811881188
doc : 4
9 0.3603411513859275
2 0.2601279317697228
8 0.17484008528784648
7 0.06396588486140725
1 0.05543710021321961
0 0.029850746268656716
5 0.017057569296375266
3 0.014925373134328358
4 0.01279317697228145
6 0.010660980810234541
doc : 5
2 0.8384279475982533
7 0.04366812227074236
1 0.023289665211062592
8 0.02183406113537118
0 0.018922852983988356
5 0.013100436681222708
4 0.011644832605531296
3 0.011644832605531296
9 0.010189228529839884
6 0.0072780203784570605
doc : 6
2 0.8255451713395638
8 0.04672897196261682
7 0.029595015576323987
6 0.017133956386292833
1 0.017133956386292833
0 0.017133956386292833
9 0.014018691588785047
4 0.012461059190031152
3 0.010903426791277258
5 0.009345794392523364
doc : 7
5 0.7166666666666668
7 0.0642857142857143
8 0.04761904761904762
9 0.028571428571428574
4 0.028571428571428574
2 0.028571428571428574
6 0.02380952380952381
1 0.02380952380952381
0 0.02142857142857143
3 0.01666666666666667
doc : 8
5 0.753315649867374
7 0.03978779840848806
4 0.03713527851458886
1 0.03713527851458886
0 0.034482758620689655
8 0.029177718832891244
9 0.023872679045092837
6 0.015915119363395226
2 0.015915119363395226
3 0.01326259946949602
doc : 9
0 0.8318425760286225
5 0.042933810375670844
9 0.023255813953488372
7 0.01967799642218247
8 0.017889087656529516
6 0.017889087656529516
2 0.014311270125223614
1 0.012522361359570662
4 0.010733452593917711
3 0.008944543828264758
doc : 10
1 0.848138233146751
8 0.06510099780968605
7 0.04052080798247749
0 0.012290094913604282
5 0.009734728644439035
4 0.008396203455828668
2 0.007057678267218301
9 0.00474568021416403
3 0.002190313944998783
6 0.0018252616208323193
doc : 11
6 0.8375796178343949
9 0.02229299363057325
8 0.019108280254777073
7 0.019108280254777073
4 0.019108280254777073
1 0.019108280254777073
5 0.01592356687898089
3 0.01592356687898089
2 0.01592356687898089
0 0.01592356687898089
doc : 12
6 0.8407643312101911
5 0.025477707006369428
4 0.019108280254777073
3 0.019108280254777073
9 0.01592356687898089
8 0.01592356687898089
7 0.01592356687898089
2 0.01592356687898089
1 0.01592356687898089
0 0.01592356687898089
doc : 13
3 0.8998144712430427
7 0.012987012987012988
6 0.012987012987012988
5 0.012987012987012988
8 0.011131725417439703
4 0.011131725417439703
0 0.011131725417439703
9 0.00927643784786642
2 0.00927643784786642
1 0.00927643784786642
doc : 14
0 0.4692874692874693
7 0.1769041769041769
5 0.07125307125307125
2 0.05405405405405405
4 0.04914004914004914
9 0.04668304668304668
8 0.04176904176904177
1 0.036855036855036855
3 0.03194103194103194
6 0.022113022113022112
doc : 15
9 0.2716297786720322
8 0.26760563380281693
2 0.20724346076458755
1 0.10663983903420524
7 0.06639839034205232
0 0.024144869215291753
4 0.02012072434607646
5 0.014084507042253523
3 0.012072434607645876
6 0.01006036217303823
doc : 16
4 0.8761904761904763
8 0.01666666666666667
1 0.01666666666666667
9 0.014285714285714287
6 0.014285714285714287
5 0.014285714285714287
7 0.011904761904761906
3 0.011904761904761906
2 0.011904761904761906
0 0.011904761904761906
doc : 17
5 0.6256410256410256
9 0.09487179487179487
8 0.05641025641025641
0 0.046153846153846156
3 0.04358974358974359
2 0.03333333333333333
7 0.03076923076923077
1 0.03076923076923077
6 0.020512820512820513
4 0.017948717948717947
doc : 18
2 0.597972972972973
7 0.1283783783783784
8 0.08445945945945946
1 0.05067567567567568
5 0.037162162162162164
6 0.02702702702702703
4 0.02364864864864865
9 0.016891891891891893
3 0.016891891891891893
0 0.016891891891891893
doc : 19
5 0.6785714285714285
0 0.08531746031746032
4 0.037698412698412696
8 0.03571428571428571
1 0.03571428571428571
9 0.03373015873015873
7 0.027777777777777776
2 0.025793650793650792
3 0.023809523809523808
6 0.015873015873015872
doc : 20
8 0.40291018564977416
1 0.266432513798294
7 0.1520321123933768
0 0.05218263923733065
5 0.039136979427997994
4 0.03462117410938284
9 0.020572002007024585
2 0.018564977420973405
3 0.007024586051179126
6 0.006522829904666331
doc : 21
9 0.5128205128205129
7 0.23361823361823364
2 0.05982905982905983
6 0.03418803418803419
0 0.03418803418803419
5 0.02849002849002849
4 0.02849002849002849
8 0.022792022792022793
3 0.022792022792022793
1 0.022792022792022793
doc : 22
7 0.9390488948425988
9 0.0174146014735432
5 0.007367716008037508
1 0.006697923643670462
4 0.006028131279303415
8 0.0053583389149363695
6 0.004688546550569324
3 0.004688546550569324
2 0.004688546550569324
0 0.004018754186202277
doc : 23
0 0.8377777777777777
5 0.026666666666666665
3 0.026666666666666665
9 0.022222222222222223
7 0.017777777777777778
8 0.015555555555555555
2 0.015555555555555555
4 0.013333333333333332
1 0.013333333333333332
6 0.011111111111111112
doc : 24
6 0.8503184713375797
3 0.019108280254777073
1 0.019108280254777073
9 0.01592356687898089
8 0.01592356687898089
7 0.01592356687898089
5 0.01592356687898089
4 0.01592356687898089
2 0.01592356687898089
0 0.01592356687898089
doc : 25
3 0.8840304182509505
2 0.019011406844106463
8 0.015209125475285171
9 0.013307984790874524
5 0.013307984790874524
4 0.013307984790874524
7 0.011406844106463879
0 0.011406844106463879
6 0.009505703422053232
1 0.009505703422053232
doc : 26
9 0.7595419847328244
0 0.05343511450381679
4 0.02862595419847328
3 0.02862595419847328
2 0.02862595419847328
5 0.026717557251908396
7 0.02480916030534351
1 0.02099236641221374
8 0.019083969465648856
6 0.009541984732824428
doc : 27
7 0.18229166666666666
9 0.16666666666666666
1 0.15625
5 0.10416666666666666
8 0.08333333333333333
2 0.07291666666666666
0 0.07291666666666666
6 0.06770833333333333
4 0.06770833333333333
3 0.026041666666666664
doc : 28
9 0.6309523809523809
2 0.10714285714285714
4 0.047619047619047616
8 0.041666666666666664
7 0.03869047619047619
5 0.03273809523809523
3 0.03273809523809523
0 0.03273809523809523
1 0.020833333333333332
6 0.01488095238095238
doc : 29
9 0.7244655581947744
4 0.05938242280285036
2 0.03800475059382423
0 0.035629453681710214
1 0.030878859857482188
8 0.026128266033254157
7 0.026128266033254157
3 0.026128266033254157
5 0.019002375296912115
6 0.014251781472684086
doc : 30
2 0.7053571428571428
9 0.049107142857142856
0 0.049107142857142856
1 0.03571428571428571
7 0.03125
3 0.03125
6 0.026785714285714284
4 0.026785714285714284
8 0.02232142857142857
5 0.02232142857142857
doc : 31
2 0.7589285714285714
4 0.03571428571428571
7 0.03125
1 0.03125
9 0.026785714285714284
0 0.026785714285714284
8 0.02232142857142857
6 0.02232142857142857
5 0.02232142857142857
3 0.02232142857142857
doc : 32
2 0.7544642857142857
9 0.03125
8 0.03125
1 0.03125
6 0.026785714285714284
5 0.026785714285714284
4 0.026785714285714284
3 0.026785714285714284
7 0.02232142857142857
0 0.02232142857142857
doc : 33
4 0.53125
5 0.0703125
6 0.0625
0 0.0625
2 0.0546875
9 0.046875
3 0.046875
1 0.046875
8 0.0390625
7 0.0390625
doc : 34
4 0.4956521739130435
3 0.0782608695652174
9 0.06086956521739131
7 0.06086956521739131
6 0.06086956521739131
8 0.052173913043478265
2 0.052173913043478265
1 0.052173913043478265
5 0.043478260869565216
0 0.043478260869565216
doc : 35
9 0.7409551374819102
7 0.04196816208393632
2 0.04196816208393632
0 0.03762662807525325
3 0.030390738060781474
1 0.027496382054992764
5 0.023154848046309694
4 0.02170767004341534
8 0.018813314037626625
6 0.015918958031837915
doc : 36
6 0.8535031847133758
7 0.019108280254777073
9 0.01592356687898089
8 0.01592356687898089
5 0.01592356687898089
4 0.01592356687898089
3 0.01592356687898089
2 0.01592356687898089
1 0.01592356687898089
0 0.01592356687898089
doc : 37
3 0.8855534709193246
7 0.0150093808630394
4 0.0150093808630394
2 0.0150093808630394
6 0.013133208255159474
1 0.013133208255159474
9 0.01125703564727955
8 0.01125703564727955
0 0.01125703564727955
5 0.009380863039399626
doc : 38
2 0.648766328011611
8 0.14513788098693758
7 0.06095791001451379
1 0.04644412191582003
5 0.027576197387518143
4 0.023222060957910014
0 0.01451378809869376
9 0.013062409288824383
6 0.013062409288824383
3 0.00725689404934688
doc : 39
4 0.8628841607565012
7 0.018912529550827423
2 0.018912529550827423
9 0.016548463356973995
8 0.016548463356973995
5 0.014184397163120567
1 0.014184397163120567
0 0.014184397163120567
6 0.01182033096926714
3 0.01182033096926714
doc : 40
4 0.8714285714285716
9 0.01666666666666667
7 0.01666666666666667
1 0.01666666666666667
8 0.014285714285714287
5 0.014285714285714287
2 0.014285714285714287
6 0.011904761904761906
3 0.011904761904761906
0 0.011904761904761906
doc : 41
4 0.8785714285714287
9 0.01666666666666667
8 0.014285714285714287
7 0.014285714285714287
6 0.014285714285714287
2 0.014285714285714287
5 0.011904761904761906
3 0.011904761904761906
1 0.011904761904761906
0 0.011904761904761906
doc : 42
2 0.5543071161048689
7 0.149812734082397
8 0.06367041198501873
1 0.0599250936329588
0 0.04119850187265918
5 0.033707865168539325
4 0.026217228464419477
3 0.026217228464419477
9 0.02247191011235955
6 0.02247191011235955
doc : 43
9 0.49367088607594933
2 0.17088607594936708
3 0.056962025316455694
5 0.05063291139240506
0 0.05063291139240506
8 0.0379746835443038
6 0.0379746835443038
4 0.0379746835443038
7 0.03164556962025317
1 0.03164556962025317
doc : 44
4 0.5217391304347826
3 0.0782608695652174
6 0.06956521739130435
7 0.06086956521739131
9 0.052173913043478265
8 0.043478260869565216
5 0.043478260869565216
2 0.043478260869565216
1 0.043478260869565216
0 0.043478260869565216
doc : 45
5 0.8461538461538461
7 0.04881656804733728
4 0.01775147928994083
0 0.01775147928994083
9 0.014792899408284023
2 0.013313609467455622
8 0.011834319526627219
3 0.010355029585798816
1 0.010355029585798816
6 0.008875739644970414
doc : 46
5 0.8526570048309179
8 0.026570048309178744
7 0.02536231884057971
2 0.021739130434782608
1 0.020531400966183572
9 0.012077294685990338
6 0.010869565217391304
0 0.010869565217391304
4 0.00966183574879227
3 0.00966183574879227
doc : 47
9 0.3575757575757576
2 0.19393939393939394
0 0.08484848484848485
4 0.06666666666666667
7 0.06060606060606061
5 0.06060606060606061
8 0.05454545454545454
3 0.05454545454545454
6 0.03636363636363636
1 0.030303030303030304
doc : 48
6 0.8375796178343949
2 0.02229299363057325
9 0.019108280254777073
7 0.019108280254777073
3 0.019108280254777073
0 0.019108280254777073
8 0.01592356687898089
5 0.01592356687898089
4 0.01592356687898089
1 0.01592356687898089
doc : 49
3 0.967144840351689
8 0.005090236001850995
1 0.005090236001850995
4 0.004627487274409995
9 0.0041647385469689956
6 0.0037019898195279964
5 0.002776492364645997
2 0.002776492364645997
7 0.0023137436372049976
0 0.0023137436372049976
