doc : 0
6 0.6118012422360248
7 0.15217391304347824
9 0.06521739130434782
2 0.05279503105590062
3 0.024844720496894408
1 0.024844720496894408
4 0.018633540372670808
0 0.018633540372670808
8 0.015527950310559004
5 0.015527950310559004
doc : 1
6 0.6483253588516746
7 0.12440191387559808
9 0.08133971291866028
2 0.050239234449760764
1 0.03110047846889952
4 0.014354066985645932
3 0.014354066985645932
8 0.011961722488038277
5 0.011961722488038277
0 0.011961722488038277
doc : 2
7 0.9597630214761788
6 0.014070599851888422
1 0.011355220933102938
9 0.003949642063687978
2 0.0027153789187854853
4 0.0022216736608244875
0 0.0017279684028634905
5 0.0014811157738829918
3 0.0014811157738829918
8 0.0012342631449024932
doc : 3
6 0.676056338028169
2 0.11737089201877934
9 0.07511737089201878
7 0.03286384976525822
0 0.02112676056338028
4 0.018779342723004695
8 0.01643192488262911
5 0.014084507042253521
3 0.014084507042253521
1 0.014084507042253521
doc : 4
6 0.3927272727272727
9 0.2909090909090909
1 0.09818181818181818
7 0.06545454545454546
2 0.04727272727272727
5 0.025454545454545455
8 0.02181818181818182
0 0.02181818181818182
4 0.01818181818181818
3 0.01818181818181818
doc : 5
6 0.9060092449922958
9 0.023112480739599383
5 0.01386748844375963
4 0.009244992295839754
1 0.009244992295839754
8 0.007704160246533128
7 0.007704160246533128
3 0.007704160246533128
2 0.007704160246533128
0 0.007704160246533128
doc : 6
2 0.4643962848297214
6 0.2755417956656347
9 0.07430340557275542
0 0.04643962848297214
7 0.03405572755417957
8 0.02476780185758514
4 0.021671826625386997
1 0.021671826625386997
5 0.018575851393188854
3 0.018575851393188854
doc : 7
5 0.8888888888888888
9 0.014184397163120567
4 0.014184397163120567
8 0.01182033096926714
7 0.01182033096926714
6 0.01182033096926714
3 0.01182033096926714
2 0.01182033096926714
1 0.01182033096926714
0 0.01182033096926714
doc : 8
2 0.9730878186968839
7 0.005193578847969783
6 0.0033050047214353163
4 0.0033050047214353163
5 0.0028328611898017
1 0.0028328611898017
9 0.0023607176581680834
8 0.0023607176581680834
3 0.0023607176581680834
0 0.0023607176581680834
doc : 9
2 0.9759152215799615
6 0.0038535645472061657
1 0.002890173410404624
0 0.002890173410404624
9 0.0024084778420038534
8 0.0024084778420038534
7 0.0024084778420038534
5 0.0024084778420038534
4 0.0024084778420038534
3 0.0024084778420038534
doc : 10
2 0.9540078843626807
6 0.02146298729741568
1 0.004818221638195357
9 0.003942181340341655
7 0.003942181340341655
8 0.002628120893561104
3 0.002628120893561104
5 0.002190100744634253
4 0.002190100744634253
0 0.002190100744634253
doc : 11
2 0.9751077070368598
3 0.004786979415988511
6 0.003350885591191958
9 0.0023934897079942556
8 0.0023934897079942556
7 0.0023934897079942556
5 0.0023934897079942556
4 0.0023934897079942556
1 0.0023934897079942556
0 0.0023934897079942556
doc : 12
2 0.9757489300998574
6 0.0033285782215882074
3 0.0033285782215882074
5 0.0028530670470756064
4 0.0028530670470756064
9 0.0023775558725630053
8 0.0023775558725630053
7 0.0023775558725630053
1 0.0023775558725630053
0 0.0023775558725630053
doc : 13
2 0.9735576923076924
7 0.005288461538461539
9 0.0028846153846153848
8 0.0028846153846153848
6 0.0028846153846153848
4 0.0028846153846153848
5 0.002403846153846154
3 0.002403846153846154
1 0.002403846153846154
0 0.002403846153846154
doc : 14
2 0.9769894534995206
7 0.0028763183125599234
6 0.0028763183125599234
4 0.0028763183125599234
9 0.002396931927133269
8 0.002396931927133269
5 0.002396931927133269
3 0.002396931927133269
1 0.002396931927133269
0 0.002396931927133269
doc : 15
2 0.9658719027582984
7 0.009350163627863489
6 0.0037400654511453952
3 0.0037400654511453952
0 0.0037400654511453952
8 0.0032725572697522207
1 0.0032725572697522207
9 0.002337540906965872
5 0.002337540906965872
4 0.002337540906965872
doc : 16
2 0.8284789644012945
6 0.025889967637540454
9 0.022653721682847898
5 0.01941747572815534
4 0.01941747572815534
1 0.01941747572815534
8 0.016181229773462785
7 0.016181229773462785
3 0.016181229773462785
0 0.016181229773462785
doc : 17
7 0.8427073403241182
5 0.03908484270734032
6 0.02478551000953289
2 0.023832221163012392
0 0.016205910390848427
9 0.014299332697807435
4 0.014299332697807435
1 0.011439466158245948
8 0.008579599618684462
3 0.004766444232602479
doc : 18
1 0.8305647840531561
9 0.023255813953488372
7 0.023255813953488372
2 0.019933554817275746
0 0.019933554817275746
8 0.016611295681063124
6 0.016611295681063124
5 0.016611295681063124
4 0.016611295681063124
3 0.016611295681063124
doc : 19
6 0.7231638418079096
2 0.0790960451977401
9 0.0583804143126177
7 0.04896421845574388
1 0.02824858757062147
8 0.015065913370998116
3 0.015065913370998116
5 0.011299435028248588
0 0.011299435028248588
4 0.009416195856873822
doc : 20
2 0.9738344433872502
7 0.005233111322549952
1 0.003330161750713606
3 0.0028544243577545195
0 0.0028544243577545195
9 0.002378686964795433
8 0.002378686964795433
6 0.002378686964795433
5 0.002378686964795433
4 0.002378686964795433
doc : 21
2 0.9738593155893536
7 0.004752851711026616
3 0.0038022813688212928
1 0.003326996197718631
9 0.002376425855513308
8 0.002376425855513308
6 0.002376425855513308
5 0.002376425855513308
4 0.002376425855513308
0 0.002376425855513308
doc : 22
1 0.5833333333333333
7 0.2933673469387755
2 0.08078231292517006
9 0.011054421768707483
3 0.008503401360544217
8 0.007227891156462584
6 0.00510204081632653
4 0.00467687074829932
0 0.003401360544217687
5 0.002551020408163265
doc : 23
2 0.9736346516007532
1 0.00423728813559322
7 0.003766478342749529
3 0.003766478342749529
4 0.002824858757062147
9 0.0023540489642184556
8 0.0023540489642184556
6 0.0023540489642184556
5 0.0023540489642184556
0 0.0023540489642184556
doc : 24
2 0.7928802588996764
6 0.03559870550161812
7 0.03236245954692557
9 0.022653721682847898
4 0.022653721682847898
3 0.022653721682847898
1 0.01941747572815534
0 0.01941747572815534
8 0.016181229773462785
5 0.016181229773462785
doc : 25
2 0.7831715210355987
6 0.03883495145631068
7 0.03559870550161812
4 0.02912621359223301
9 0.022653721682847898
3 0.022653721682847898
5 0.01941747572815534
8 0.016181229773462785
1 0.016181229773462785
0 0.016181229773462785
doc : 26
2 0.8149171270718232
9 0.03591160220994475
5 0.027624309392265192
6 0.024861878453038673
7 0.019337016574585635
4 0.019337016574585635
1 0.016574585635359115
8 0.013812154696132596
3 0.013812154696132596
0 0.013812154696132596
doc : 27
6 0.5446985446985447
7 0.19334719334719336
9 0.13097713097713098
2 0.029106029106029108
1 0.02702702702702703
3 0.02494802494802495
8 0.018711018711018712
5 0.010395010395010396
4 0.010395010395010396
0 0.010395010395010396
doc : 28
5 0.8708791208791209
9 0.016483516483516484
1 0.016483516483516484
8 0.013736263736263738
7 0.013736263736263738
6 0.013736263736263738
4 0.013736263736263738
3 0.013736263736263738
2 0.013736263736263738
0 0.013736263736263738
doc : 29
6 0.6697142857142858
9 0.15314285714285716
1 0.05485714285714286
7 0.044571428571428574
2 0.024
4 0.014857142857142859
0 0.012571428571428572
8 0.010285714285714287
3 0.009142857142857144
5 0.006857142857142858
doc : 30
2 0.9756097560975611
6 0.003347680535628886
8 0.0028694404591104736
7 0.0028694404591104736
5 0.0028694404591104736
3 0.0028694404591104736
9 0.0023912003825920613
4 0.0023912003825920613
1 0.0023912003825920613
0 0.0023912003825920613
doc : 31
2 0.9683687302304564
6 0.007681879801174876
9 0.0036150022593764122
7 0.0036150022593764122
3 0.0036150022593764122
8 0.0031631269769543608
1 0.0031631269769543608
5 0.002259376412110258
4 0.002259376412110258
0 0.002259376412110258
doc : 32
2 0.9755980861244019
3 0.003827751196172249
7 0.0028708133971291866
6 0.0028708133971291866
5 0.0028708133971291866
9 0.0023923444976076554
8 0.0023923444976076554
4 0.0023923444976076554
1 0.0023923444976076554
0 0.0023923444976076554
doc : 33
2 0.9742612011439465
3 0.0038131553860819827
8 0.0033365109628217347
1 0.0033365109628217347
9 0.002859866539561487
7 0.002859866539561487
6 0.0023832221163012394
5 0.0023832221163012394
4 0.0023832221163012394
0 0.0023832221163012394
doc : 34
1 0.49449204406364744
7 0.2668298653610771
6 0.17870257037943696
9 0.011015911872705017
4 0.009791921664626682
8 0.008567931456548347
2 0.008567931456548347
0 0.008567931456548347
3 0.007343941248470012
5 0.006119951040391676
doc : 35
6 0.8877005347593583
9 0.017825311942959
7 0.017825311942959
2 0.0142602495543672
4 0.012477718360071301
3 0.012477718360071301
5 0.0106951871657754
8 0.0089126559714795
1 0.0089126559714795
0 0.0089126559714795
doc : 36
6 0.4733893557422969
7 0.31932773109243695
9 0.06162464985994398
2 0.036414565826330535
1 0.03361344537815126
5 0.01680672268907563
0 0.01680672268907563
8 0.014005602240896359
4 0.014005602240896359
3 0.014005602240896359
doc : 37
5 0.9911573983100807
9 9.825112988799372E-4
8 9.825112988799372E-4
7 9.825112988799372E-4
6 9.825112988799372E-4
4 9.825112988799372E-4
3 9.825112988799372E-4
2 9.825112988799372E-4
1 9.825112988799372E-4
0 9.825112988799372E-4
doc : 38
1 0.9696707105719237
7 0.019064124783362217
6 0.002816291161178509
5 0.0012998266897746966
3 0.0012998266897746966
2 0.0012998266897746966
0 0.0012998266897746966
9 0.0010831889081455806
8 0.0010831889081455806
4 0.0010831889081455806
doc : 39
7 0.688708036622584
6 0.20345879959308238
9 0.03255340793489318
1 0.01525940996948118
2 0.014242115971515767
0 0.012207527975584944
4 0.009155645981688708
3 0.009155645981688708
5 0.008138351983723296
8 0.007121057985757883
doc : 40
2 0.9710276143051154
9 0.005432322317790856
6 0.004979628791308284
7 0.0036215482118605704
5 0.002716161158895428
1 0.002716161158895428
0 0.002716161158895428
8 0.0022634676324128564
4 0.0022634676324128564
3 0.0022634676324128564
doc : 41
2 0.9751000444642063
9 0.004446420631391729
6 0.0031124944419742106
7 0.0026678523788350376
4 0.0026678523788350376
3 0.0026678523788350376
1 0.0026678523788350376
8 0.0022232103156958646
5 0.0022232103156958646
0 0.0022232103156958646
doc : 42
2 0.9703451628585318
6 0.006319883325230919
3 0.004375303840544482
4 0.003889158969372873
1 0.0029168692270296545
9 0.0024307243558580457
8 0.0024307243558580457
7 0.0024307243558580457
5 0.0024307243558580457
0 0.0024307243558580457
doc : 43
5 0.9874727668845317
9 0.0016339869281045754
8 0.0013616557734204794
7 0.0013616557734204794
6 0.0013616557734204794
4 0.0013616557734204794
3 0.0013616557734204794
2 0.0013616557734204794
1 0.0013616557734204794
0 0.0013616557734204794
doc : 44
5 0.9874476987447699
9 0.001394700139470014
8 0.001394700139470014
7 0.001394700139470014
6 0.001394700139470014
4 0.001394700139470014
3 0.001394700139470014
2 0.001394700139470014
1 0.001394700139470014
0 0.001394700139470014
doc : 45
6 0.6470588235294118
0 0.052941176470588235
9 0.047058823529411764
8 0.041176470588235294
7 0.041176470588235294
4 0.041176470588235294
1 0.041176470588235294
5 0.029411764705882353
3 0.029411764705882353
2 0.029411764705882353
doc : 46
6 0.6237113402061856
9 0.061855670103092786
0 0.05670103092783505
8 0.05154639175257732
3 0.041237113402061855
2 0.041237113402061855
1 0.03608247422680412
5 0.030927835051546393
4 0.030927835051546393
7 0.02577319587628866
doc : 47
6 0.7288135593220338
2 0.03954802259887005
9 0.03389830508474576
8 0.02824858757062147
7 0.02824858757062147
5 0.02824858757062147
4 0.02824858757062147
3 0.02824858757062147
1 0.02824858757062147
0 0.02824858757062147
doc : 48
8 0.5733580955596826
6 0.1436771906128651
7 0.09674151612358603
1 0.05774100962350161
0 0.051156508526084755
5 0.028870504811750804
3 0.016208002701333785
9 0.015532669255444876
4 0.011143001857166978
2 0.005571500928583489
doc : 49
8 0.7023286109754112
6 0.09037616023448951
1 0.05438853606904413
0 0.04982901807523205
3 0.03598762416544537
5 0.020680670900504804
7 0.014329913694837975
9 0.014004233838137113
4 0.010747435271128482
2 0.007327796775769419
doc : 50
0 0.6679283738535449
8 0.1400494977434852
6 0.08181685834910467
4 0.0368321444169457
5 0.030135390886591937
9 0.014558159848595138
3 0.009317222303100888
7 0.008152569515213277
1 0.0058232639394380555
2 0.005386519143980201
doc : 51
8 0.7497696701676801
6 0.10963700018426387
0 0.04072231435415515
9 0.024507094158835452
5 0.024322830292979547
1 0.02377003869541183
2 0.008291873963515755
3 0.007554818500092132
7 0.0073705546342362266
4 0.004053805048829924
doc : 52
8 0.6965391621129327
6 0.08196721311475409
0 0.057194899817850635
3 0.04225865209471767
5 0.03843351548269581
1 0.034972677595628415
2 0.020036429872495445
9 0.01366120218579235
4 0.012021857923497269
7 0.0029143897996357013
doc : 53
6 0.5178571428571428
9 0.0625
7 0.0625
2 0.0625
8 0.05357142857142857
4 0.05357142857142857
0 0.05357142857142857
5 0.04464285714285714
3 0.04464285714285714
1 0.04464285714285714
doc : 54
6 0.5563380281690141
9 0.07746478873239437
2 0.07746478873239437
5 0.04929577464788733
1 0.04929577464788733
4 0.04225352112676056
0 0.04225352112676056
8 0.035211267605633804
7 0.035211267605633804
3 0.035211267605633804
doc : 55
6 0.5357142857142857
9 0.0625
8 0.0625
2 0.0625
1 0.05357142857142857
7 0.04464285714285714
5 0.04464285714285714
4 0.04464285714285714
3 0.04464285714285714
0 0.04464285714285714
doc : 56
6 0.5511811023622047
0 0.08661417322834646
9 0.05511811023622047
5 0.05511811023622047
1 0.05511811023622047
8 0.03937007874015748
7 0.03937007874015748
4 0.03937007874015748
3 0.03937007874015748
2 0.03937007874015748
doc : 57
6 0.4957264957264958
2 0.09401709401709403
3 0.05982905982905984
1 0.05982905982905984
0 0.05982905982905984
9 0.05128205128205129
5 0.05128205128205129
8 0.042735042735042736
7 0.042735042735042736
4 0.042735042735042736
doc : 58
9 0.9933252227665801
6 0.0014138690691480617
1 0.0010193009568276723
2 8.548975766941769E-4
5 6.576135205339822E-4
0 6.24732844507283E-4
8 5.260908164271857E-4
7 5.260908164271857E-4
4 5.260908164271857E-4
3 5.260908164271857E-4
doc : 59
6 0.9428707450606998
9 0.018567007855272554
1 0.012854082361342537
2 0.008093311116400857
7 0.006665079742918353
3 0.0038086169959533444
8 0.00238038562247084
5 0.0016662699357295882
4 0.0016662699357295882
0 0.0014282313734825041
doc : 60
6 0.5483870967741935
2 0.08870967741935484
9 0.06451612903225806
1 0.056451612903225805
8 0.04032258064516129
7 0.04032258064516129
5 0.04032258064516129
4 0.04032258064516129
3 0.04032258064516129
0 0.04032258064516129
doc : 61
6 0.49
2 0.09
7 0.07
9 0.05
8 0.05
5 0.05
4 0.05
3 0.05
1 0.05
0 0.05
doc : 62
6 0.5315315315315315
1 0.07207207207207207
9 0.05405405405405406
5 0.05405405405405406
4 0.05405405405405406
0 0.05405405405405406
8 0.04504504504504504
7 0.04504504504504504
3 0.04504504504504504
2 0.04504504504504504
doc : 63
4 0.43755550856417846
0 0.2739691266652569
8 0.1433283992387397
5 0.0659336011841827
6 0.030154366673715374
1 0.017635863818989215
3 0.013702685557200254
9 0.012476210615352083
2 0.0032142101924296893
7 0.0020300274899555932
doc : 64
0 0.5815850815850816
9 0.13053613053613053
6 0.12354312354312354
2 0.08158508158508158
3 0.024475524475524476
8 0.013986013986013986
4 0.013986013986013986
5 0.01048951048951049
1 0.01048951048951049
7 0.009324009324009324
doc : 65
6 0.6069651741293532
2 0.08955223880597014
7 0.06467661691542288
9 0.04477611940298507
1 0.04477611940298507
5 0.03482587064676617
3 0.03482587064676617
0 0.029850746268656716
8 0.02487562189054726
4 0.02487562189054726
doc : 66
6 0.6232558139534884
2 0.07906976744186046
7 0.06511627906976744
9 0.05116279069767442
1 0.046511627906976744
3 0.03255813953488372
5 0.027906976744186046
0 0.027906976744186046
8 0.023255813953488372
4 0.023255813953488372
doc : 67
7 0.9635744234800839
6 0.01179245283018868
1 0.00969601677148847
9 0.002882599580712788
8 0.002620545073375262
3 0.002358490566037736
4 0.0020964360587002098
2 0.0018343815513626835
5 0.0015723270440251573
0 0.0015723270440251573
doc : 68
6 0.6625766871165645
2 0.06134969325153374
5 0.04294478527607362
9 0.03680981595092025
8 0.03680981595092025
1 0.03680981595092025
7 0.03067484662576687
4 0.03067484662576687
3 0.03067484662576687
0 0.03067484662576687
doc : 69
6 0.5581395348837209
4 0.06201550387596899
1 0.05426356589147287
9 0.046511627906976744
8 0.046511627906976744
7 0.046511627906976744
5 0.046511627906976744
3 0.046511627906976744
2 0.046511627906976744
0 0.046511627906976744
doc : 70
6 0.5363636363636364
9 0.06363636363636363
4 0.06363636363636363
2 0.06363636363636363
8 0.045454545454545456
7 0.045454545454545456
5 0.045454545454545456
3 0.045454545454545456
1 0.045454545454545456
0 0.045454545454545456
doc : 71
6 0.5746268656716418
9 0.08208955223880597
2 0.06716417910447761
8 0.04477611940298507
3 0.04477611940298507
7 0.03731343283582089
5 0.03731343283582089
4 0.03731343283582089
1 0.03731343283582089
0 0.03731343283582089
doc : 72
7 0.9381933438985737
6 0.03618594823032224
5 0.008716323296354992
8 0.0036978341257263604
9 0.003433703116745906
2 0.0021130480718436345
1 0.0021130480718436345
0 0.0021130480718436345
3 0.0018489170628631802
4 0.001584786053882726
doc : 73
4 0.22887323943661972
6 0.1619718309859155
0 0.1443661971830986
8 0.13380281690140847
9 0.07042253521126761
5 0.07042253521126761
3 0.05985915492957747
2 0.04929577464788733
1 0.04225352112676056
7 0.03873239436619719
doc : 74
2 0.9503784693019344
9 0.014297729184188392
6 0.013877207737594616
5 0.004625735912531539
1 0.0037846930193439865
4 0.00336417157275021
8 0.0029436501261564337
7 0.0025231286795626574
3 0.0021026072329688814
0 0.0021026072329688814
doc : 75
2 0.97245668591737
6 0.005330964015992892
1 0.003998223011994669
9 0.003109729009329187
5 0.002665482007996446
4 0.002665482007996446
3 0.002665482007996446
0 0.002665482007996446
8 0.002221235006663705
7 0.002221235006663705
doc : 76
6 0.9553440702781845
7 0.014641288433382138
9 0.012201073694485115
3 0.004148365056124939
2 0.004148365056124939
1 0.0037823328452903857
4 0.001708150317227916
8 0.0014641288433382138
5 0.0014641288433382138
0 0.0010980966325036604
doc : 77
7 0.9347028613352899
1 0.015407190022010272
3 0.010271460014673515
6 0.00880410858400587
2 0.007336757153338225
0 0.006603081438004402
9 0.004402054292002935
8 0.004402054292002935
5 0.004402054292002935
4 0.0036683785766691126
doc : 78
7 0.9619961612284069
5 0.012667946257197697
6 0.005374280230326296
9 0.0049904030710172746
0 0.004222648752399232
4 0.002687140115163148
1 0.0023032629558541267
8 0.0019193857965451057
3 0.0019193857965451057
2 0.0019193857965451057
doc : 79
7 0.9246861924686192
2 0.017782426778242676
3 0.010460251046025104
8 0.008368200836820083
1 0.008368200836820083
9 0.007322175732217572
5 0.006276150627615062
4 0.006276150627615062
6 0.005230125523012552
0 0.005230125523012552
doc : 80
2 0.9755446865273455
3 0.0035571365051133837
6 0.0031124944419742106
0 0.0031124944419742106
7 0.0026678523788350376
4 0.0026678523788350376
1 0.0026678523788350376
9 0.0022232103156958646
8 0.0022232103156958646
5 0.0022232103156958646
doc : 81
2 0.9720367278797997
4 0.005008347245409015
9 0.0037562604340567614
8 0.0037562604340567614
6 0.00333889816360601
5 0.002921535893155259
7 0.0025041736227045075
3 0.0025041736227045075
1 0.002086811352253756
0 0.002086811352253756
doc : 82
2 0.9687239366138448
9 0.007089241034195162
6 0.0050041701417848205
1 0.003336113427856547
0 0.003336113427856547
5 0.0029190992493744786
4 0.0029190992493744786
8 0.0025020850708924102
7 0.002085070892410342
3 0.002085070892410342
doc : 83
2 0.9747474747474747
5 0.0037878787878787876
3 0.003367003367003367
0 0.003367003367003367
9 0.002946127946127946
6 0.002946127946127946
4 0.002525252525252525
8 0.0021043771043771043
7 0.0021043771043771043
1 0.0021043771043771043
doc : 84
2 0.9738263398421271
6 0.004154549231408392
3 0.004154549231408392
0 0.003739094308267553
9 0.0024927295388450354
8 0.0024927295388450354
5 0.0024927295388450354
4 0.0024927295388450354
7 0.002077274615704196
1 0.002077274615704196
doc : 85
7 0.9958552290726075
9 6.661238990452224E-4
1 5.921101324846421E-4
4 5.180963659240619E-4
8 4.4408259936348164E-4
6 4.4408259936348164E-4
5 3.7006883280290133E-4
3 3.7006883280290133E-4
2 3.7006883280290133E-4
0 3.7006883280290133E-4
doc : 86
7 0.9950121029854031
9 8.068656935377393E-4
6 7.335142668524903E-4
4 7.335142668524903E-4
2 5.868114134819923E-4
8 4.401085601114942E-4
5 4.401085601114942E-4
3 4.401085601114942E-4
1 4.401085601114942E-4
0 3.6675713342624515E-4
doc : 87
7 0.7662440570522979
6 0.19076862123613314
8 0.009112519809825675
3 0.008914421553090333
5 0.00792393026941363
9 0.005744849445324881
4 0.003961965134706815
0 0.003763866877971474
2 0.002377179080824089
1 0.0011885895404120444
doc : 88
8 0.359781121751026
0 0.22571819425444595
5 0.1320109439124487
6 0.1092111263109895
1 0.07227542179662563
3 0.033515731874145006
7 0.019151846785225718
9 0.01801185590515276
4 0.017555859553123575
2 0.012767897856817145
doc : 89
1 0.9957087486157253
4 6.921373200442967E-4
7 6.229235880398671E-4
9 5.537098560354374E-4
8 4.8449612403100775E-4
6 4.8449612403100775E-4
2 4.152823920265781E-4
5 3.4606866002214837E-4
3 3.4606866002214837E-4
0 3.4606866002214837E-4
doc : 90
4 0.996294906669168
5 6.565988181221274E-4
6 4.689991558015196E-4
3 4.689991558015196E-4
0 4.689991558015196E-4
2 3.7519932464121565E-4
1 3.7519932464121565E-4
9 3.282994090610637E-4
8 2.813994934809117E-4
7 2.813994934809117E-4
doc : 91
4 0.9969255601245148
5 5.380269782099074E-4
3 4.6116598132277774E-4
2 4.6116598132277774E-4
9 3.074439875485185E-4
7 3.074439875485185E-4
1 3.074439875485185E-4
0 2.690134891049537E-4
8 2.3058299066138887E-4
6 1.9215249221782408E-4
doc : 92
4 0.9966181161369663
9 4.995964797663426E-4
2 4.995964797663426E-4
5 4.6116598132277774E-4
3 4.2273548287921294E-4
7 3.458744859920833E-4
0 3.458744859920833E-4
6 3.074439875485185E-4
1 2.690134891049537E-4
8 2.3058299066138887E-4
doc : 93
6 0.9683985765124554
9 0.010106761565836299
2 0.004270462633451957
7 0.003701067615658363
4 0.0031316725978647684
3 0.00298932384341637
0 0.002277580071174377
8 0.00199288256227758
1 0.00199288256227758
5 0.0011387900355871886
doc : 94
3 0.9955631827884978
4 7.115650244862081E-4
6 6.697082583399606E-4
8 6.278514921937131E-4
7 6.278514921937131E-4
9 4.185676614624754E-4
0 4.185676614624754E-4
1 3.7671089531622783E-4
5 2.929973630237328E-4
2 2.929973630237328E-4
doc : 95
9 0.9712590639419907
5 0.014502307185234015
7 0.004218852999340804
1 0.003098220171390903
6 0.001977587343441002
2 0.0017139090309822016
3 0.001120632827949901
8 7.910349373764008E-4
0 7.251153592617007E-4
4 5.932762030323006E-4
doc : 96
7 0.8476647424844441
2 0.14836194617287654
4 6.747132468700802E-4
8 5.997451083289602E-4
3 5.247769697878402E-4
0 5.247769697878402E-4
9 4.4980883124672017E-4
1 4.4980883124672017E-4
6 3.748406927056001E-4
5 3.748406927056001E-4
doc : 97
4 0.4400289324767051
0 0.2646470663319576
8 0.1391737225035102
5 0.06986342169084798
6 0.02859209462621793
3 0.018891205378036846
1 0.01867846657873463
9 0.013274901076458324
2 0.004339871505765222
7 0.0025103178317661574
doc : 98
4 0.4121355731392544
0 0.32391147971057416
8 0.13451529640756568
5 0.05686963144755215
6 0.02665763974104007
1 0.01637540726949604
9 0.013413447298269368
3 0.009224389624677358
2 0.004485253670714678
7 0.0024118816908560064
doc : 99
4 0.4306690281666
0 0.2735531051819688
8 0.1414043306861681
5 0.08187167914071873
6 0.03650802719533794
9 0.016282922927498143
1 0.01062674970005142
2 0.004113580529052163
3 0.0036565160258241443
7 0.001314060446780552
