doc : 0
8 0.8736111111111111
6 0.0375
9 0.018055555555555557
4 0.016666666666666666
2 0.015277777777777779
7 0.008333333333333333
3 0.008333333333333333
0 0.008333333333333333
5 0.006944444444444445
1 0.006944444444444445
doc : 1
6 0.8211488250652742
8 0.13381201044386423
0 0.009138381201044387
4 0.008485639686684074
9 0.00783289817232376
2 0.005221932114882507
7 0.00391644908616188
3 0.00391644908616188
5 0.0032637075718015664
1 0.0032637075718015664
doc : 2
6 0.8175133689839572
8 0.1283422459893048
0 0.014037433155080213
4 0.009358288770053475
3 0.00802139037433155
9 0.0053475935828877
7 0.004679144385026738
2 0.004679144385026738
5 0.004010695187165775
1 0.004010695187165775
doc : 3
8 0.9341614906832298
0 0.009937888198757764
9 0.007453416149068323
6 0.007453416149068323
5 0.007453416149068323
4 0.007453416149068323
2 0.007453416149068323
7 0.006211180124223603
3 0.006211180124223603
1 0.006211180124223603
doc : 4
8 0.8566308243727598
6 0.04778972520908004
9 0.03225806451612903
4 0.013142174432497012
0 0.01194743130227001
2 0.009557945041816009
3 0.008363201911589008
7 0.007168458781362007
5 0.007168458781362007
1 0.005973715651135005
doc : 5
8 0.8067010309278351
6 0.109106529209622
4 0.02577319587628866
0 0.013745704467353952
9 0.011168384879725086
5 0.007731958762886598
2 0.007731958762886598
3 0.006872852233676976
7 0.006013745704467353
1 0.005154639175257732
doc : 6
3 0.46918123275068996
5 0.18031278748850046
1 0.10119595216191352
6 0.09751609935602576
2 0.08831646734130635
7 0.02391904323827047
8 0.01839926402943882
4 0.011039558417663294
9 0.005519779208831647
0 0.004599816007359705
doc : 7
6 0.5656401944894651
8 0.2544570502431118
4 0.04376012965964343
9 0.04213938411669368
0 0.022690437601296597
2 0.01620745542949757
1 0.01620745542949757
7 0.012965964343598054
5 0.012965964343598054
3 0.012965964343598054
doc : 8
8 0.8279569892473119
2 0.05197132616487455
0 0.025089605734767026
9 0.016129032258064516
7 0.016129032258064516
6 0.012544802867383513
5 0.012544802867383513
4 0.012544802867383513
3 0.012544802867383513
1 0.012544802867383513
doc : 9
2 0.9639506172839506
3 0.007407407407407408
5 0.0049382716049382715
8 0.003950617283950617
7 0.003950617283950617
1 0.003950617283950617
9 0.0034567901234567903
6 0.0034567901234567903
4 0.0024691358024691358
0 0.0024691358024691358
doc : 10
9 0.60625
7 0.18333333333333332
5 0.052083333333333336
8 0.03125
1 0.03125
3 0.025
6 0.022916666666666665
4 0.01875
2 0.014583333333333334
0 0.014583333333333334
doc : 11
9 0.6367346938775511
7 0.163265306122449
8 0.0326530612244898
1 0.0326530612244898
5 0.030612244897959186
4 0.02653061224489796
0 0.02448979591836735
3 0.022448979591836737
6 0.018367346938775512
2 0.012244897959183675
doc : 12
2 0.9560710760118459
5 0.012833168805528133
3 0.007897334649555774
7 0.006416584402764066
6 0.003455083909180651
8 0.002961500493583415
1 0.002961500493583415
9 0.0024679170779861796
4 0.0024679170779861796
0 0.0024679170779861796
doc : 13
3 0.9795635607897472
5 0.003810183581572567
1 0.0027710426047800486
7 0.0024246622791825427
9 0.0020782819535850364
4 0.0020782819535850364
2 0.0020782819535850364
8 0.0017319016279875303
6 0.0017319016279875303
0 0.0017319016279875303
doc : 14
8 0.7625418060200668
9 0.04013377926421405
6 0.03678929765886287
4 0.03678929765886287
0 0.030100334448160536
3 0.023411371237458192
7 0.020066889632107024
5 0.016722408026755852
2 0.016722408026755852
1 0.016722408026755852
doc : 15
4 0.6894865525672371
9 0.19559902200489
7 0.017114914425427872
0 0.017114914425427872
6 0.014669926650366748
3 0.014669926650366748
2 0.014669926650366748
8 0.012224938875305624
5 0.012224938875305624
1 0.012224938875305624
doc : 16
9 0.7243589743589743
4 0.1378205128205128
6 0.03205128205128205
1 0.02564102564102564
8 0.019230769230769232
5 0.014423076923076922
3 0.014423076923076922
7 0.011217948717948718
2 0.011217948717948718
0 0.009615384615384616
doc : 17
1 0.29838709677419356
3 0.2626728110599078
5 0.22580645161290322
2 0.08064516129032258
7 0.06221198156682028
8 0.03571428571428571
9 0.010368663594470046
0 0.010368663594470046
6 0.006912442396313364
4 0.006912442396313364
doc : 18
2 0.9374057315233786
5 0.015082956259426848
3 0.012820512820512822
1 0.008295625942684766
7 0.006033182503770739
8 0.005279034690799397
9 0.003770739064856712
6 0.003770739064856712
4 0.003770739064856712
0 0.003770739064856712
doc : 19
8 0.8444193912063134
6 0.05411499436302142
9 0.02593010146561443
0 0.015783540022547914
4 0.013528748590755355
1 0.013528748590755355
5 0.009019165727170236
2 0.009019165727170236
7 0.007891770011273957
3 0.006764374295377677
doc : 20
8 0.9254327563249002
4 0.013315579227696406
2 0.010652463382157125
6 0.007989347536617843
3 0.007989347536617843
0 0.007989347536617843
9 0.006657789613848203
7 0.006657789613848203
5 0.006657789613848203
1 0.006657789613848203
doc : 21
8 0.9210526315789473
9 0.011695906432748537
4 0.01023391812865497
0 0.01023391812865497
3 0.008771929824561403
2 0.008771929824561403
7 0.007309941520467836
6 0.007309941520467836
5 0.007309941520467836
1 0.007309941520467836
doc : 22
9 0.5139186295503212
8 0.14775160599571735
2 0.08137044967880086
1 0.059957173447537475
5 0.049250535331905786
3 0.036402569593147756
6 0.032119914346895075
4 0.029978586723768737
7 0.0278372591006424
0 0.021413276231263385
doc : 23
9 0.8288770053475936
0 0.038502673796791446
4 0.03208556149732621
6 0.025668449197860963
8 0.024598930481283424
3 0.012834224598930482
1 0.012834224598930482
7 0.009625668449197862
5 0.008556149732620321
2 0.006417112299465241
doc : 24
6 0.30935251798561153
9 0.23741007194244607
8 0.15467625899280577
4 0.0683453237410072
7 0.06474820143884892
0 0.05755395683453238
2 0.04316546762589928
3 0.025179856115107917
5 0.02158273381294964
1 0.017985611510791366
doc : 25
7 0.7888146911519199
5 0.13898163606010017
3 0.036519198664440734
1 0.02003338898163606
2 0.009390651085141904
8 0.001669449081803005
9 0.0012520868113522537
4 0.0012520868113522537
6 0.001043405676126878
0 0.001043405676126878
doc : 26
8 0.9232736572890027
9 0.014066496163682865
4 0.010230179028132993
0 0.010230179028132993
2 0.00895140664961637
6 0.0076726342710997444
7 0.006393861892583121
5 0.006393861892583121
3 0.006393861892583121
1 0.006393861892583121
doc : 27
8 0.9310810810810811
4 0.012162162162162163
9 0.008108108108108109
2 0.008108108108108109
7 0.006756756756756757
6 0.006756756756756757
5 0.006756756756756757
3 0.006756756756756757
1 0.006756756756756757
0 0.006756756756756757
doc : 28
1 0.5390769230769231
5 0.32861538461538464
3 0.07507692307692308
7 0.019076923076923078
2 0.012923076923076924
9 0.008
6 0.005538461538461539
8 0.004923076923076923
4 0.0036923076923076927
0 0.003076923076923077
doc : 29
3 0.9736750952545896
1 0.0065812261863526155
5 0.004502944232767579
2 0.0031174229303775544
7 0.0027710426047800486
4 0.0024246622791825427
9 0.0017319016279875303
8 0.0017319016279875303
6 0.0017319016279875303
0 0.0017319016279875303
doc : 30
6 0.5938989513822688
8 0.2259294566253575
4 0.10009532888465204
9 0.023832221163012392
0 0.017159199237368923
5 0.010486177311725452
3 0.008579599618684462
1 0.0076263107721639654
2 0.006673021925643469
7 0.005719733079122974
doc : 31
6 0.5643153526970954
7 0.24273858921161826
4 0.03941908713692946
9 0.03319502074688797
8 0.03319502074688797
2 0.023858921161825725
5 0.02074688796680498
1 0.015560165975103735
3 0.013485477178423237
0 0.013485477178423237
doc : 32
2 0.889168765743073
1 0.04974811083123425
5 0.015113350125944584
7 0.011964735516372796
3 0.011964735516372796
0 0.005667506297229219
4 0.005037783375314861
9 0.004408060453400504
8 0.003778337531486146
6 0.003148614609571788
doc : 33
8 0.8904694167852063
9 0.02418207681365576
6 0.01422475106685633
2 0.01422475106685633
0 0.01422475106685633
7 0.008534850640113799
5 0.008534850640113799
4 0.008534850640113799
3 0.008534850640113799
1 0.008534850640113799
doc : 34
7 0.7944827586206896
1 0.07862068965517241
5 0.051034482758620686
2 0.03126436781609195
3 0.027126436781609194
0 0.004597701149425287
8 0.004137931034482759
4 0.0036781609195402297
6 0.002758620689655172
9 0.0022988505747126436
doc : 35
0 0.9562798092209858
5 0.006359300476947536
8 0.005564387917329094
9 0.004769475357710652
7 0.004769475357710652
4 0.004769475357710652
3 0.004769475357710652
2 0.004769475357710652
6 0.0039745627980922104
1 0.0039745627980922104
doc : 36
0 0.9610492845786964
9 0.004769475357710652
7 0.004769475357710652
5 0.004769475357710652
1 0.004769475357710652
8 0.0039745627980922104
6 0.0039745627980922104
4 0.0039745627980922104
3 0.0039745627980922104
2 0.0039745627980922104
doc : 37
2 0.7053045186640471
3 0.12966601178781925
5 0.054027504911591355
8 0.04616895874263261
1 0.029469548133595282
7 0.012770137524557955
6 0.006876227897838899
0 0.005893909626719056
9 0.004911591355599214
4 0.004911591355599214
doc : 38
9 0.9181532004197273
0 0.023084994753410283
8 0.011542497376705142
6 0.010493179433368312
4 0.007345225603357817
7 0.0062959076600209865
3 0.0062959076600209865
2 0.0062959076600209865
5 0.005246589716684156
1 0.005246589716684156
doc : 39
9 0.8769035532994923
8 0.03045685279187817
6 0.024111675126903553
0 0.024111675126903553
4 0.01015228426395939
3 0.0076142131979695426
2 0.0076142131979695426
7 0.006345177664974619
5 0.006345177664974619
1 0.006345177664974619
doc : 40
5 0.928529238038984
3 0.02008269344359126
1 0.019492025989367986
7 0.0070880094506792675
2 0.005906674542232723
9 0.005316007088009451
4 0.004134672179562906
6 0.0035440047253396337
8 0.0029533372711163615
0 0.0029533372711163615
doc : 41
4 0.5113484646194927
9 0.3911882510013351
8 0.016021361815754337
6 0.014686248331108143
1 0.014686248331108143
5 0.01335113484646195
3 0.01335113484646195
0 0.009345794392523364
7 0.008010680907877168
2 0.008010680907877168
doc : 42
4 0.6188118811881188
8 0.2260726072607261
6 0.05115511551155116
9 0.039603960396039604
0 0.019801980198019802
7 0.009900990099009901
3 0.009900990099009901
5 0.00825082508250825
2 0.00825082508250825
1 0.00825082508250825
doc : 43
0 0.9570747217806042
6 0.006359300476947536
3 0.006359300476947536
2 0.005564387917329094
5 0.004769475357710652
9 0.0039745627980922104
8 0.0039745627980922104
7 0.0039745627980922104
4 0.0039745627980922104
1 0.0039745627980922104
doc : 44
0 0.958664546899841
9 0.005564387917329094
2 0.005564387917329094
8 0.004769475357710652
5 0.004769475357710652
1 0.004769475357710652
7 0.0039745627980922104
6 0.0039745627980922104
4 0.0039745627980922104
3 0.0039745627980922104
doc : 45
9 0.9213250517598345
8 0.016563146997929608
0 0.013457556935817806
4 0.011387163561076606
6 0.008281573498964804
7 0.006211180124223603
2 0.006211180124223603
1 0.006211180124223603
5 0.005175983436853002
3 0.005175983436853002
doc : 46
9 0.8863049095607235
8 0.027131782945736434
4 0.01937984496124031
0 0.018087855297157625
6 0.016795865633074936
7 0.006459948320413437
5 0.006459948320413437
3 0.006459948320413437
2 0.006459948320413437
1 0.006459948320413437
doc : 47
4 0.8143491124260355
6 0.08136094674556213
8 0.028106508875739643
0 0.022928994082840236
9 0.022189349112426034
7 0.009615384615384616
1 0.008136094674556213
3 0.005177514792899408
5 0.004437869822485207
2 0.0036982248520710057
doc : 48
5 0.9486119314825753
3 0.010632014176018901
1 0.009450679267572357
7 0.00767867690490254
9 0.004725339633786178
2 0.004725339633786178
6 0.004134672179562906
8 0.0035440047253396337
0 0.0035440047253396337
4 0.0029533372711163615
doc : 49
7 0.8558909444985394
5 0.07887049659201559
1 0.03164556962025317
2 0.010223953261927946
3 0.008276533592989289
9 0.0034079844206426485
0 0.0034079844206426485
6 0.0029211295034079843
4 0.0029211295034079843
8 0.0024342745861733205
doc : 50
7 0.8357963875205254
5 0.05582922824302135
1 0.027914614121510674
2 0.02134646962233169
3 0.013136288998357963
9 0.011494252873563218
8 0.009852216748768473
6 0.008210180623973728
4 0.008210180623973728
0 0.008210180623973728
doc : 51
8 0.9296482412060302
6 0.01256281407035176
9 0.010050251256281407
0 0.008793969849246231
3 0.007537688442211055
7 0.00628140703517588
5 0.00628140703517588
4 0.00628140703517588
2 0.00628140703517588
1 0.00628140703517588
doc : 52
0 0.953100158982512
8 0.006359300476947536
7 0.006359300476947536
6 0.005564387917329094
3 0.005564387917329094
9 0.004769475357710652
5 0.004769475357710652
4 0.004769475357710652
1 0.004769475357710652
2 0.0039745627980922104
doc : 53
0 0.9554848966613673
9 0.007154213036565978
8 0.005564387917329094
7 0.005564387917329094
6 0.005564387917329094
3 0.004769475357710652
5 0.0039745627980922104
4 0.0039745627980922104
2 0.0039745627980922104
1 0.0039745627980922104
doc : 54
4 0.7738693467336685
8 0.10452261306532665
6 0.05025125628140704
0 0.017085427135678392
9 0.01407035175879397
7 0.010050251256281409
1 0.009045226130653268
3 0.008040201005025126
5 0.007035175879396985
2 0.006030150753768845
doc : 55
5 0.5796766743648961
1 0.11316397228637413
3 0.06466512702078522
7 0.06004618937644342
6 0.04157043879907621
8 0.03695150115473441
4 0.03695150115473441
2 0.03233256351039261
0 0.020785219399538105
9 0.013856812933025403
doc : 56
8 0.914804469273743
9 0.013966480446927375
0 0.012569832402234637
4 0.0111731843575419
2 0.0111731843575419
3 0.008379888268156424
7 0.006983240223463688
6 0.006983240223463688
5 0.006983240223463688
1 0.006983240223463688
doc : 57
5 0.7217847769028871
7 0.09973753280839895
1 0.06430446194225722
3 0.048556430446194225
2 0.01968503937007874
6 0.015748031496062992
8 0.009186351706036745
4 0.007874015748031496
9 0.006561679790026247
0 0.006561679790026247
doc : 58
4 0.8235294117647058
8 0.029411764705882353
6 0.023529411764705882
2 0.023529411764705882
0 0.020588235294117647
9 0.01764705882352941
3 0.01764705882352941
7 0.014705882352941176
5 0.014705882352941176
1 0.014705882352941176
doc : 59
2 0.4379746835443038
3 0.22658227848101267
5 0.14303797468354432
8 0.13670886075949368
7 0.017721518987341773
1 0.008860759493670886
9 0.00759493670886076
4 0.00759493670886076
0 0.00759493670886076
6 0.006329113924050633
doc : 60
0 0.9594594594594595
8 0.005564387917329094
7 0.004769475357710652
5 0.004769475357710652
4 0.004769475357710652
2 0.004769475357710652
9 0.0039745627980922104
6 0.0039745627980922104
3 0.0039745627980922104
1 0.0039745627980922104
doc : 61
0 0.953100158982512
9 0.006359300476947536
5 0.006359300476947536
3 0.006359300476947536
6 0.005564387917329094
4 0.004769475357710652
2 0.004769475357710652
1 0.004769475357710652
8 0.0039745627980922104
7 0.0039745627980922104
doc : 62
1 0.592868547099521
5 0.2650345928685471
2 0.07956359765832889
3 0.03911655135710484
7 0.013304949441192123
9 0.002927088877062267
0 0.002394890899414582
6 0.0018626929217668972
4 0.0015965939329430547
8 0.0013304949441192123
doc : 63
5 0.9005736137667304
1 0.040152963671128104
2 0.01768642447418738
7 0.016730401529636712
3 0.007170172084130019
4 0.004780114722753346
9 0.004302103250478011
6 0.003346080305927342
0 0.0028680688336520073
8 0.002390057361376673
doc : 64
4 0.8358778625954199
6 0.04007633587786259
8 0.02862595419847328
0 0.02099236641221374
9 0.019083969465648856
3 0.013358778625954198
5 0.011450381679389313
2 0.011450381679389313
7 0.009541984732824428
1 0.009541984732824428
doc : 65
4 0.8154761904761905
2 0.03273809523809523
8 0.02976190476190476
9 0.020833333333333332
0 0.020833333333333332
6 0.017857142857142856
1 0.017857142857142856
7 0.01488095238095238
5 0.01488095238095238
3 0.01488095238095238
doc : 66
4 0.8357894736842105
6 0.03789473684210526
9 0.02526315789473684
0 0.021052631578947368
8 0.01894736842105263
7 0.01263157894736842
5 0.01263157894736842
2 0.01263157894736842
1 0.01263157894736842
3 0.010526315789473684
doc : 67
4 0.4607843137254902
9 0.12745098039215685
6 0.12745098039215685
8 0.11764705882352941
2 0.03594771241830066
7 0.032679738562091505
5 0.032679738562091505
0 0.026143790849673203
1 0.022875816993464054
3 0.016339869281045753
doc : 68
4 0.7748743718592965
8 0.08542713567839197
6 0.05829145728643217
0 0.026130653266331662
9 0.020100502512562818
3 0.008040201005025126
1 0.008040201005025126
2 0.007035175879396985
7 0.006030150753768845
5 0.006030150753768845
doc : 69
5 0.585016835016835
3 0.33754208754208753
1 0.017676767676767676
7 0.01515151515151515
8 0.014309764309764309
2 0.012626262626262626
6 0.00505050505050505
9 0.004208754208754209
4 0.004208754208754209
0 0.004208754208754209
doc : 70
9 0.9379939209726444
0 0.01641337386018237
6 0.009726443768996961
8 0.00851063829787234
3 0.007294832826747721
7 0.004863221884498481
5 0.00425531914893617
4 0.00425531914893617
2 0.0036474164133738604
1 0.0030395136778115506
doc : 71
0 0.9554848966613673
9 0.006359300476947536
8 0.005564387917329094
7 0.005564387917329094
5 0.005564387917329094
6 0.004769475357710652
1 0.004769475357710652
4 0.0039745627980922104
3 0.0039745627980922104
2 0.0039745627980922104
doc : 72
0 0.9578696343402227
2 0.005564387917329094
1 0.005564387917329094
8 0.004769475357710652
7 0.004769475357710652
4 0.004769475357710652
3 0.004769475357710652
9 0.0039745627980922104
6 0.0039745627980922104
5 0.0039745627980922104
doc : 73
1 0.7363636363636363
2 0.08363636363636363
5 0.056363636363636366
3 0.03272727272727273
7 0.023636363636363636
9 0.01818181818181818
4 0.016363636363636365
8 0.01090909090909091
6 0.01090909090909091
0 0.01090909090909091
doc : 74
8 0.9316129032258065
9 0.01032258064516129
6 0.007741935483870968
4 0.007741935483870968
3 0.007741935483870968
2 0.007741935483870968
0 0.007741935483870968
7 0.0064516129032258064
5 0.0064516129032258064
1 0.0064516129032258064
doc : 75
1 0.7834170854271357
5 0.13216080402010053
3 0.04874371859296483
7 0.015577889447236183
2 0.005527638190954774
9 0.0030150753768844224
6 0.0030150753768844224
4 0.0030150753768844224
0 0.0030150753768844224
8 0.0025125628140703522
doc : 76
5 0.7541984732824427
2 0.07022900763358779
1 0.06412213740458016
7 0.051908396946564885
3 0.016793893129770993
9 0.00916030534351145
4 0.00916030534351145
0 0.00916030534351145
8 0.007633587786259542
6 0.007633587786259542
doc : 77
4 0.6302816901408451
6 0.22652582159624413
9 0.04460093896713615
8 0.025821596244131457
0 0.022300469483568074
5 0.01643192488262911
2 0.01056338028169014
7 0.009389671361502348
3 0.008215962441314555
1 0.005868544600938967
doc : 78
5 0.5858987090367428
1 0.16881827209533268
7 0.0804369414101291
3 0.07249255213505462
2 0.05561072492552135
6 0.008937437934458788
9 0.007944389275074478
0 0.007944389275074478
4 0.006951340615690168
8 0.004965243296921549
doc : 79
9 0.947176684881603
8 0.008500303582270797
0 0.008500303582270797
3 0.007893139040680024
6 0.007285974499089253
5 0.004857316332726169
1 0.004857316332726169
7 0.0036429872495446266
4 0.0036429872495446266
2 0.0036429872495446266
doc : 80
0 0.9523052464228935
5 0.007154213036565978
3 0.007154213036565978
8 0.005564387917329094
6 0.005564387917329094
9 0.004769475357710652
7 0.004769475357710652
1 0.004769475357710652
4 0.0039745627980922104
2 0.0039745627980922104
doc : 81
0 0.9570747217806042
3 0.006359300476947536
9 0.004769475357710652
8 0.004769475357710652
7 0.004769475357710652
6 0.004769475357710652
5 0.004769475357710652
1 0.004769475357710652
4 0.0039745627980922104
2 0.0039745627980922104
doc : 82
3 0.8589939024390244
1 0.038871951219512195
7 0.027439024390243903
5 0.027439024390243903
2 0.022865853658536585
9 0.005335365853658537
8 0.005335365853658537
6 0.005335365853658537
4 0.004573170731707318
0 0.0038109756097560975
doc : 83
3 0.4861111111111111
5 0.38466183574879226
1 0.04710144927536232
2 0.034420289855072464
8 0.021739130434782608
7 0.010265700483091786
6 0.004830917874396135
9 0.004227053140096618
4 0.003623188405797101
0 0.0030193236714975845
doc : 84
9 0.8251968503937008
0 0.04409448818897638
6 0.03464566929133858
4 0.028346456692913385
8 0.025196850393700787
3 0.011023622047244094
7 0.007874015748031496
5 0.007874015748031496
2 0.007874015748031496
1 0.007874015748031496
doc : 85
0 0.9562798092209858
6 0.006359300476947536
5 0.006359300476947536
9 0.005564387917329094
3 0.005564387917329094
8 0.0039745627980922104
7 0.0039745627980922104
4 0.0039745627980922104
2 0.0039745627980922104
1 0.0039745627980922104
doc : 86
0 0.9610492845786964
5 0.004769475357710652
4 0.004769475357710652
2 0.004769475357710652
1 0.004769475357710652
9 0.0039745627980922104
8 0.0039745627980922104
7 0.0039745627980922104
6 0.0039745627980922104
3 0.0039745627980922104
doc : 87
1 0.826295914864401
5 0.12392722279437007
3 0.02849296258153107
7 0.008238928939237899
2 0.0027463096464126332
8 0.002403020940611054
9 0.0020597322348094747
6 0.0020597322348094747
4 0.0020597322348094747
0 0.0017164435290078959
doc : 88
4 0.8357740585774058
8 0.04288702928870292
9 0.03138075313807531
6 0.0198744769874477
0 0.017782426778242676
7 0.014644351464435145
5 0.011506276150627614
2 0.009414225941422593
3 0.008368200836820083
1 0.008368200836820083
doc : 89
9 0.8267716535433071
0 0.05354330708661417
6 0.03937007874015748
8 0.02204724409448819
4 0.014173228346456693
3 0.011023622047244094
2 0.009448818897637795
7 0.007874015748031496
5 0.007874015748031496
1 0.007874015748031496
doc : 90
5 0.585016835016835
3 0.3409090909090909
1 0.0202020202020202
2 0.016835016835016835
7 0.011784511784511785
9 0.006734006734006734
8 0.005892255892255892
6 0.004208754208754209
4 0.004208754208754209
0 0.004208754208754209
doc : 91
3 0.9165202108963093
5 0.03251318101933216
1 0.021528998242530753
2 0.012741652021089631
7 0.0048330404217926184
4 0.0030755711775043936
9 0.002196836555360281
8 0.002196836555360281
6 0.002196836555360281
0 0.002196836555360281
doc : 92
4 0.8797814207650273
9 0.03460837887067395
8 0.014571948998178506
6 0.012750455373406192
7 0.01092896174863388
0 0.01092896174863388
5 0.009107468123861567
3 0.009107468123861567
2 0.009107468123861567
1 0.009107468123861567
doc : 93
0 0.9610492845786964
7 0.004769475357710652
6 0.004769475357710652
5 0.004769475357710652
3 0.004769475357710652
9 0.0039745627980922104
8 0.0039745627980922104
4 0.0039745627980922104
2 0.0039745627980922104
1 0.0039745627980922104
doc : 94
0 0.9554848966613673
1 0.007949125596184421
5 0.005564387917329094
3 0.005564387917329094
6 0.004769475357710652
4 0.004769475357710652
9 0.0039745627980922104
8 0.0039745627980922104
7 0.0039745627980922104
2 0.0039745627980922104
doc : 95
3 0.8974763406940063
5 0.03864353312302839
1 0.014984227129337538
2 0.014195583596214511
7 0.00946372239747634
9 0.007097791798107256
4 0.005520504731861198
6 0.00473186119873817
8 0.003943217665615142
0 0.003943217665615142
doc : 96
1 0.5213815789473684
5 0.26151315789473684
7 0.08552631578947367
3 0.07648026315789473
2 0.022203947368421052
4 0.012335526315789474
6 0.007401315789473684
9 0.004934210526315789
8 0.004111842105263158
0 0.004111842105263158
doc : 97
9 0.7060063224446785
7 0.10642781875658587
5 0.0547945205479452
3 0.0368809272918862
8 0.029504741833508954
2 0.023182297154899893
6 0.012644889357218123
1 0.011591148577449946
4 0.009483667017913592
0 0.009483667017913592
doc : 98
2 0.6776447105788422
3 0.1776447105788423
8 0.046906187624750496
5 0.04291417165668662
1 0.02594810379241517
7 0.008982035928143712
9 0.00499001996007984
6 0.00499001996007984
4 0.00499001996007984
0 0.00499001996007984
doc : 99
0 0.958664546899841
2 0.006359300476947536
9 0.004769475357710652
8 0.004769475357710652
3 0.004769475357710652
1 0.004769475357710652
7 0.0039745627980922104
6 0.0039745627980922104
5 0.0039745627980922104
4 0.0039745627980922104
