doc : 0
7 0.17525773195876287
8 0.14432989690721648
0 0.13402061855670103
5 0.09278350515463918
4 0.09278350515463918
3 0.09278350515463918
9 0.07216494845360824
6 0.07216494845360824
2 0.061855670103092786
1 0.061855670103092786
doc : 1
7 0.14444444444444446
3 0.14444444444444446
6 0.13333333333333333
0 0.13333333333333333
9 0.1
8 0.07777777777777778
5 0.07777777777777778
2 0.06666666666666667
1 0.06666666666666667
4 0.05555555555555556
doc : 2
8 0.8165680473372781
9 0.038461538461538464
6 0.023668639053254437
7 0.02071005917159763
4 0.01775147928994083
2 0.01775147928994083
1 0.01775147928994083
0 0.01775147928994083
5 0.014792899408284023
3 0.014792899408284023
doc : 3
3 0.5831325301204819
6 0.13855421686746988
8 0.07228915662650603
9 0.06144578313253012
4 0.030120481927710847
1 0.030120481927710847
7 0.025301204819277112
2 0.022891566265060243
0 0.022891566265060243
5 0.013253012048192772
doc : 4
3 0.3364928909952607
0 0.17535545023696683
9 0.13270142180094788
6 0.1137440758293839
8 0.05213270142180095
7 0.05213270142180095
1 0.04265402843601896
5 0.037914691943127965
4 0.03317535545023697
2 0.023696682464454978
doc : 5
9 0.9045151739452257
8 0.01628423390081421
0 0.015544041450777202
7 0.012583271650629163
1 0.011102886750555143
4 0.010362694300518133
3 0.008882309400444115
2 0.008142116950407105
6 0.007401924500370096
5 0.005181347150259067
doc : 6
9 0.669218989280245
0 0.11179173047473201
3 0.06431852986217458
6 0.04747320061255743
8 0.042879019908116385
1 0.018376722817764167
4 0.016845329249617153
2 0.01225114854517611
7 0.009188361408882083
5 0.007656967840735069
doc : 7
2 0.9422980431510285
7 0.028098344204716505
8 0.0055193176116407425
6 0.005017561465127948
1 0.004515805318615153
9 0.003512293025589563
4 0.003512293025589563
5 0.002508780732563974
3 0.002508780732563974
0 0.002508780732563974
doc : 8
1 0.13432835820895522
6 0.11940298507462686
9 0.1044776119402985
3 0.1044776119402985
8 0.08955223880597014
7 0.08955223880597014
5 0.08955223880597014
4 0.08955223880597014
2 0.08955223880597014
0 0.08955223880597014
doc : 9
6 0.86536312849162
7 0.03519553072625698
9 0.025698324022346366
0 0.021787709497206702
4 0.015642458100558657
1 0.011173184357541898
8 0.010614525139664804
2 0.0067039106145251395
3 0.004469273743016759
5 0.0033519553072625698
doc : 10
9 0.9232585596221959
7 0.011806375442739079
4 0.01062573789846517
0 0.009445100354191263
8 0.008264462809917356
6 0.008264462809917356
2 0.008264462809917356
1 0.008264462809917356
5 0.0059031877213695395
3 0.0059031877213695395
doc : 11
9 0.8911845730027549
4 0.01652892561983471
6 0.015151515151515152
7 0.013774104683195593
2 0.012396694214876033
8 0.011019283746556474
1 0.011019283746556474
0 0.011019283746556474
5 0.009641873278236915
3 0.008264462809917356
doc : 12
7 0.7095323741007195
2 0.21043165467625902
4 0.018884892086330936
0 0.011690647482014389
8 0.009892086330935253
3 0.009892086330935253
1 0.008992805755395683
5 0.008093525179856115
9 0.006294964028776979
6 0.006294964028776979
doc : 13
0 0.22193877551020405
1 0.21683673469387754
8 0.18112244897959182
7 0.09693877551020408
9 0.08673469387755102
6 0.0510204081632653
3 0.0510204081632653
5 0.03571428571428571
4 0.033163265306122444
2 0.02551020408163265
doc : 14
7 0.5564387917329094
4 0.21780604133545312
6 0.06041335453100159
9 0.04769475357710652
1 0.030206677265500796
0 0.025437201907790145
8 0.01907790143084261
3 0.017488076311605726
5 0.012718600953895072
2 0.012718600953895072
doc : 15
4 0.6943303204601479
7 0.16680361544782252
6 0.0534100246507806
9 0.018077239112571898
0 0.016433853738701723
1 0.01314708299096138
8 0.009860312243221035
5 0.009860312243221035
2 0.009860312243221035
3 0.008216926869350862
doc : 16
9 0.30434782608695654
0 0.22282608695652173
1 0.10326086956521739
5 0.07065217391304347
7 0.059782608695652176
6 0.059782608695652176
8 0.048913043478260865
4 0.048913043478260865
2 0.043478260869565216
3 0.03804347826086957
doc : 17
1 0.849478390461997
8 0.02384500745156483
0 0.022354694485842028
7 0.020864381520119227
6 0.019374068554396422
9 0.01639344262295082
3 0.014903129657228018
2 0.011922503725782414
5 0.010432190760059613
4 0.010432190760059613
doc : 18
8 0.19130434782608696
9 0.13043478260869565
3 0.13043478260869565
6 0.09565217391304348
1 0.08695652173913043
0 0.08695652173913043
5 0.0782608695652174
2 0.0782608695652174
7 0.06956521739130435
4 0.052173913043478265
doc : 19
7 0.5307346326836582
4 0.3733133433283358
9 0.019490254872563718
3 0.014992503748125937
8 0.013493253373313342
6 0.013493253373313342
2 0.010494752623688156
0 0.008995502248875561
5 0.0074962518740629685
1 0.0074962518740629685
doc : 20
1 0.9020217729393468
6 0.013996889580093312
2 0.013996889580093312
5 0.012441679626749611
4 0.012441679626749611
9 0.00933125972006221
7 0.00933125972006221
3 0.00933125972006221
0 0.00933125972006221
8 0.0077760497667185065
doc : 21
1 0.8864406779661017
0 0.023728813559322035
6 0.01694915254237288
9 0.013559322033898305
7 0.011864406779661017
3 0.011864406779661017
5 0.010169491525423728
8 0.00847457627118644
4 0.00847457627118644
2 0.00847457627118644
doc : 22
7 0.6726457399103138
9 0.10089686098654709
2 0.04932735426008968
6 0.03139013452914798
4 0.02914798206278027
3 0.02914798206278027
8 0.02466367713004484
0 0.02466367713004484
1 0.02242152466367713
5 0.01569506726457399
doc : 23
8 0.8128724672228843
9 0.06317044100119189
6 0.027413587604290822
4 0.02502979737783075
0 0.017878426698450536
3 0.0166865315852205
7 0.011918951132300357
2 0.009535160905840286
5 0.00834326579261025
1 0.007151370679380214
doc : 24
4 0.7623049219687874
7 0.148859543817527
2 0.01800720288115246
0 0.01800720288115246
3 0.013205282112845136
9 0.012004801920768306
8 0.007202881152460984
6 0.007202881152460984
1 0.007202881152460984
5 0.006002400960384153
doc : 25
0 0.7991902834008097
6 0.05587044534412955
9 0.0388663967611336
8 0.01700404858299595
7 0.01700404858299595
5 0.015384615384615384
4 0.015384615384615384
1 0.015384615384615384
3 0.014574898785425101
2 0.011336032388663967
doc : 26
4 0.6977886977886978
7 0.17076167076167076
9 0.033169533169533166
6 0.025798525798525797
1 0.02457002457002457
2 0.012285012285012284
8 0.011056511056511056
0 0.009828009828009828
3 0.0085995085995086
5 0.006142506142506142
doc : 27
4 0.6632124352331606
7 0.07772020725388601
3 0.04145077720207254
0 0.04145077720207254
8 0.036269430051813475
1 0.036269430051813475
9 0.02590673575129534
6 0.02590673575129534
5 0.02590673575129534
2 0.02590673575129534
doc : 28
3 0.6848958333333333
0 0.1328125
5 0.03125
9 0.028645833333333332
4 0.0234375
8 0.020833333333333332
7 0.020833333333333332
1 0.020833333333333332
6 0.018229166666666664
2 0.018229166666666664
doc : 29
0 0.23841059602649006
3 0.18543046357615894
1 0.16556291390728478
2 0.08609271523178808
4 0.0728476821192053
8 0.059602649006622516
9 0.052980132450331126
5 0.052980132450331126
7 0.046357615894039736
6 0.039735099337748346
doc : 30
0 0.42050209205020916
9 0.16736401673640167
3 0.13807531380753138
8 0.08577405857740585
6 0.07531380753138074
5 0.03138075313807531
7 0.02719665271966527
2 0.025104602510460247
1 0.016736401673640166
4 0.012552301255230124
doc : 31
1 0.893687707641196
0 0.016611295681063124
9 0.014950166112956811
7 0.013289036544850499
4 0.013289036544850499
8 0.009966777408637873
5 0.009966777408637873
3 0.009966777408637873
2 0.009966777408637873
6 0.008305647840531562
doc : 32
7 0.8144329896907216
2 0.053608247422680416
4 0.04329896907216495
8 0.016494845360824743
5 0.016494845360824743
9 0.012371134020618558
6 0.012371134020618558
3 0.010309278350515464
1 0.010309278350515464
0 0.010309278350515464
doc : 33
6 0.3287292817679558
0 0.16298342541436464
8 0.09116022099447513
3 0.09116022099447513
7 0.08287292817679558
2 0.0718232044198895
1 0.0718232044198895
4 0.049723756906077346
5 0.027624309392265192
9 0.022099447513812154
doc : 34
7 0.4375
6 0.1
0 0.0875
1 0.075
9 0.0625
3 0.0625
8 0.05
4 0.04583333333333333
2 0.041666666666666664
5 0.0375
doc : 35
8 0.71875
0 0.04464285714285714
4 0.03571428571428571
7 0.03125
6 0.03125
5 0.03125
3 0.03125
9 0.026785714285714284
2 0.026785714285714284
1 0.02232142857142857
doc : 36
8 0.6576576576576576
1 0.06756756756756757
3 0.06531531531531531
9 0.04504504504504504
7 0.033783783783783786
6 0.02927927927927928
0 0.02927927927927928
4 0.024774774774774775
2 0.024774774774774775
5 0.02252252252252252
doc : 37
1 0.9139784946236559
7 0.01228878648233487
9 0.010752688172043012
8 0.010752688172043012
6 0.010752688172043012
3 0.009216589861751152
0 0.009216589861751152
5 0.007680491551459293
4 0.007680491551459293
2 0.007680491551459293
doc : 38
8 0.34234234234234234
1 0.3333333333333333
9 0.07657657657657657
0 0.06981981981981981
7 0.05630630630630631
5 0.036036036036036036
4 0.033783783783783786
3 0.024774774774774775
6 0.013513513513513514
2 0.013513513513513514
doc : 39
3 0.7670250896057348
9 0.03942652329749104
0 0.035842293906810034
6 0.025089605734767026
5 0.025089605734767026
4 0.025089605734767026
2 0.025089605734767026
8 0.021505376344086023
7 0.017921146953405017
1 0.017921146953405017
doc : 40
0 0.6858638743455497
6 0.08376963350785341
7 0.05235602094240838
8 0.03926701570680628
9 0.03141361256544503
3 0.03141361256544503
5 0.02356020942408377
4 0.018324607329842934
1 0.018324607329842934
2 0.015706806282722516
doc : 41
7 0.6690909090909091
4 0.06181818181818182
9 0.04727272727272727
3 0.04
2 0.03636363636363636
0 0.03636363636363636
6 0.03272727272727273
1 0.03272727272727273
8 0.025454545454545455
5 0.01818181818181818
doc : 42
8 0.7965116279069767
6 0.040697674418604654
9 0.026162790697674417
3 0.026162790697674417
1 0.023255813953488372
7 0.020348837209302327
5 0.020348837209302327
4 0.01744186046511628
2 0.014534883720930232
0 0.014534883720930232
doc : 43
8 0.7849462365591399
9 0.0456989247311828
7 0.024193548387096777
6 0.024193548387096777
4 0.024193548387096777
0 0.024193548387096777
2 0.021505376344086023
5 0.01881720430107527
1 0.01881720430107527
3 0.013440860215053765
doc : 44
3 0.7610294117647058
9 0.044117647058823525
8 0.03308823529411765
6 0.029411764705882353
4 0.025735294117647058
7 0.022058823529411763
2 0.022058823529411763
1 0.022058823529411763
0 0.022058823529411763
5 0.01838235294117647
doc : 45
5 0.914423076923077
8 0.021634615384615384
9 0.01730769230769231
1 0.013942307692307693
3 0.010576923076923078
2 0.0057692307692307696
0 0.004807692307692308
6 0.004326923076923077
7 0.0038461538461538464
4 0.0033653846153846156
doc : 46
1 0.9049773755656109
7 0.013574660633484163
9 0.012066365007541479
2 0.012066365007541479
8 0.010558069381598794
3 0.010558069381598794
0 0.010558069381598794
6 0.00904977375565611
4 0.00904977375565611
5 0.007541478129713424
doc : 47
4 0.4
7 0.13333333333333333
9 0.10303030303030303
6 0.07878787878787878
1 0.07878787878787878
0 0.06060606060606061
3 0.04242424242424243
2 0.04242424242424243
8 0.030303030303030304
5 0.030303030303030304
doc : 48
4 0.8614357262103506
7 0.0667779632721202
1 0.017529215358931552
6 0.010851419031719533
3 0.009181969949916527
0 0.009181969949916527
9 0.008347245409015025
2 0.007512520868113523
8 0.005008347245409015
5 0.004173622704507512
doc : 49
9 0.2
8 0.17142857142857143
3 0.1523809523809524
1 0.08571428571428572
6 0.0761904761904762
5 0.0761904761904762
7 0.06666666666666668
0 0.06666666666666668
2 0.05714285714285715
4 0.04761904761904762
