doc : 0
6 0.8754325259515571
8 0.02768166089965398
2 0.01730103806228374
9 0.01384083044982699
0 0.01384083044982699
4 0.012110726643598616
3 0.012110726643598616
1 0.010380622837370242
7 0.00865051903114187
5 0.00865051903114187
doc : 1
0 0.4202127659574468
9 0.11702127659574468
8 0.10638297872340426
4 0.0797872340425532
2 0.06382978723404255
6 0.047872340425531915
7 0.0425531914893617
3 0.0425531914893617
1 0.0425531914893617
5 0.03723404255319149
doc : 2
4 0.5997920997920998
7 0.12370062370062371
0 0.0841995841995842
6 0.057172557172557176
1 0.029106029106029108
9 0.02702702702702703
5 0.02598752598752599
8 0.02494802494802495
2 0.016632016632016633
3 0.011434511434511435
doc : 3
7 0.7030812324929973
0 0.0896358543417367
8 0.036414565826330535
5 0.03081232492997199
3 0.02661064425770308
1 0.02661064425770308
6 0.023809523809523808
4 0.022408963585434174
9 0.02100840336134454
2 0.0196078431372549
doc : 4
0 0.3951219512195122
8 0.2
9 0.11707317073170731
7 0.06341463414634146
6 0.04878048780487805
4 0.04878048780487805
5 0.03902439024390244
2 0.03902439024390244
3 0.024390243902439025
1 0.024390243902439025
doc : 5
0 0.4626865671641791
1 0.3963515754560531
8 0.03150912106135987
4 0.023217247097844115
5 0.01990049751243781
9 0.014925373134328358
2 0.014925373134328358
7 0.013266998341625208
6 0.013266998341625208
3 0.009950248756218905
doc : 6
0 0.7761194029850746
8 0.1252072968490879
9 0.02404643449419569
5 0.02238805970149254
6 0.01658374792703151
4 0.009950248756218905
7 0.008291873963515755
1 0.007462686567164179
3 0.004975124378109453
2 0.004975124378109453
doc : 7
6 0.8858131487889274
8 0.01903114186851211
2 0.01903114186851211
5 0.01384083044982699
3 0.012110726643598616
0 0.012110726643598616
7 0.010380622837370242
4 0.010380622837370242
9 0.00865051903114187
1 0.00865051903114187
doc : 8
2 0.916256157635468
8 0.011494252873563218
4 0.011494252873563218
7 0.009852216748768473
6 0.009852216748768473
9 0.008210180623973728
5 0.008210180623973728
3 0.008210180623973728
1 0.008210180623973728
0 0.008210180623973728
doc : 9
3 0.9508032128514056
5 0.007028112449799196
7 0.006024096385542168
2 0.006024096385542168
9 0.0050200803212851405
8 0.0050200803212851405
6 0.0050200803212851405
4 0.0050200803212851405
1 0.0050200803212851405
0 0.0050200803212851405
doc : 10
4 0.3991228070175438
7 0.33114035087719296
0 0.06140350877192982
6 0.05263157894736842
9 0.05043859649122807
3 0.02850877192982456
8 0.021929824561403508
1 0.019736842105263157
5 0.017543859649122806
2 0.017543859649122806
doc : 11
5 0.7783109404990403
0 0.08253358925143954
9 0.06238003838771593
1 0.018234165067178502
4 0.015355086372360844
2 0.009596928982725527
8 0.008637236084452975
7 0.008637236084452975
6 0.008637236084452975
3 0.007677543186180422
doc : 12
9 0.7416604892512972
8 0.1022979985174203
0 0.08339510748702743
4 0.025574499629355076
1 0.017790956263899184
5 0.009266123054114159
6 0.007412898443291327
7 0.006671608598962194
3 0.004077094143810229
2 0.0018532246108228317
doc : 13
4 0.639344262295082
9 0.1053864168618267
0 0.09836065573770492
8 0.07259953161592506
6 0.02576112412177986
1 0.01405152224824356
2 0.01288056206088993
7 0.01053864168618267
5 0.01053864168618267
3 0.01053864168618267
doc : 14
2 0.916256157635468
4 0.013136288998357963
8 0.009852216748768473
1 0.009852216748768473
0 0.009852216748768473
9 0.008210180623973728
7 0.008210180623973728
6 0.008210180623973728
5 0.008210180623973728
3 0.008210180623973728
doc : 15
3 0.9497991967871485
7 0.007028112449799196
6 0.006024096385542168
4 0.006024096385542168
2 0.006024096385542168
9 0.0050200803212851405
8 0.0050200803212851405
5 0.0050200803212851405
1 0.0050200803212851405
0 0.0050200803212851405
doc : 16
2 0.916256157635468
7 0.011494252873563218
4 0.011494252873563218
9 0.009852216748768473
6 0.009852216748768473
8 0.008210180623973728
5 0.008210180623973728
3 0.008210180623973728
1 0.008210180623973728
0 0.008210180623973728
doc : 17
3 0.9518072289156626
4 0.007028112449799196
7 0.006024096385542168
9 0.0050200803212851405
8 0.0050200803212851405
6 0.0050200803212851405
5 0.0050200803212851405
2 0.0050200803212851405
1 0.0050200803212851405
0 0.0050200803212851405
doc : 18
8 0.7046578493387003
0 0.11707878090856814
4 0.06808510638297872
9 0.0655549166187464
6 0.01311098332374928
5 0.011845888441633123
1 0.007590569292696952
7 0.006095457159286947
2 0.004715353651523865
3 0.0012650948821161588
doc : 19
4 0.22598870056497175
7 0.2175141242937853
0 0.12429378531073446
8 0.12146892655367232
1 0.11016949152542373
9 0.07062146892655367
6 0.03672316384180791
5 0.03672316384180791
3 0.03389830508474576
2 0.022598870056497175
doc : 20
5 0.4923547400611621
0 0.10703363914373089
4 0.09174311926605505
1 0.08868501529051988
7 0.06422018348623854
8 0.05198776758409786
6 0.039755351681957186
9 0.027522935779816515
3 0.01834862385321101
2 0.01834862385321101
doc : 21
4 0.735444330949949
7 0.05515832482124617
1 0.04290091930541369
0 0.04290091930541369
9 0.02553626149131767
8 0.024514811031664967
3 0.024514811031664967
6 0.02247191011235955
5 0.014300306435137897
2 0.012257405515832483
doc : 22
0 0.8074866310160428
8 0.0552584670231729
1 0.0303030303030303
6 0.0196078431372549
9 0.017825311942959
2 0.0160427807486631
7 0.0142602495543672
4 0.0142602495543672
5 0.012477718360071301
3 0.012477718360071301
doc : 23
0 0.49822064056939497
4 0.14234875444839856
9 0.08185053380782918
8 0.06761565836298931
7 0.046263345195729534
5 0.046263345195729534
3 0.03202846975088968
2 0.03202846975088968
1 0.028469750889679714
6 0.02491103202846975
doc : 24
7 0.7953667953667953
4 0.03088803088803089
5 0.0296010296010296
6 0.027027027027027025
9 0.02445302445302445
1 0.023166023166023165
3 0.02059202059202059
0 0.018018018018018018
2 0.01673101673101673
8 0.014157014157014156
doc : 25
2 0.9244663382594417
9 0.009852216748768473
8 0.008210180623973728
7 0.008210180623973728
6 0.008210180623973728
5 0.008210180623973728
4 0.008210180623973728
3 0.008210180623973728
1 0.008210180623973728
0 0.008210180623973728
doc : 26
3 0.9467871485943774
6 0.007028112449799196
5 0.007028112449799196
0 0.007028112449799196
2 0.006024096385542168
1 0.006024096385542168
9 0.0050200803212851405
8 0.0050200803212851405
7 0.0050200803212851405
4 0.0050200803212851405
doc : 27
2 0.916256157635468
4 0.011494252873563218
9 0.009852216748768473
8 0.009852216748768473
5 0.009852216748768473
1 0.009852216748768473
7 0.008210180623973728
6 0.008210180623973728
3 0.008210180623973728
0 0.008210180623973728
doc : 28
3 0.9487951807228915
2 0.007028112449799196
9 0.006024096385542168
7 0.006024096385542168
6 0.006024096385542168
5 0.006024096385542168
8 0.0050200803212851405
4 0.0050200803212851405
1 0.0050200803212851405
0 0.0050200803212851405
doc : 29
6 0.5685164212910533
4 0.1506228765571914
0 0.09399773499433749
9 0.06568516421291054
8 0.04416761041902605
7 0.03057757644394111
5 0.013590033975084938
1 0.013590033975084938
3 0.011325028312570783
2 0.007927519818799548
doc : 30
0 0.5591397849462365
4 0.11827956989247312
8 0.10752688172043011
9 0.04659498207885305
7 0.04659498207885305
1 0.035842293906810034
6 0.025089605734767026
2 0.025089605734767026
5 0.017921146953405017
3 0.017921146953405017
doc : 31
5 0.8215859030837005
8 0.03744493392070485
4 0.026431718061674013
2 0.024229074889867842
7 0.019823788546255508
1 0.019823788546255508
9 0.013215859030837006
3 0.013215859030837006
0 0.013215859030837006
6 0.011013215859030838
doc : 32
5 0.8329621380846325
8 0.042316258351893093
2 0.022271714922048998
4 0.017817371937639197
0 0.017817371937639197
7 0.015590200445434297
1 0.015590200445434297
6 0.013363028953229397
9 0.011135857461024499
3 0.011135857461024499
doc : 33
2 0.9129720853858785
0 0.013136288998357963
3 0.011494252873563218
8 0.009852216748768473
7 0.009852216748768473
6 0.009852216748768473
9 0.008210180623973728
5 0.008210180623973728
4 0.008210180623973728
1 0.008210180623973728
doc : 34
3 0.9487951807228915
6 0.007028112449799196
9 0.006024096385542168
8 0.006024096385542168
1 0.006024096385542168
0 0.006024096385542168
7 0.0050200803212851405
5 0.0050200803212851405
4 0.0050200803212851405
2 0.0050200803212851405
doc : 35
6 0.6653061224489797
7 0.0653061224489796
8 0.0489795918367347
0 0.04489795918367347
1 0.04081632653061225
5 0.0326530612244898
9 0.028571428571428574
2 0.028571428571428574
4 0.02448979591836735
3 0.020408163265306124
doc : 36
2 0.909688013136289
8 0.011494252873563218
6 0.011494252873563218
3 0.011494252873563218
9 0.009852216748768473
7 0.009852216748768473
5 0.009852216748768473
4 0.009852216748768473
1 0.008210180623973728
0 0.008210180623973728
doc : 37
9 0.731239092495637
0 0.09877835951134381
4 0.06422338568935428
8 0.04118673647469459
5 0.026527050610820245
1 0.012914485165794068
7 0.010471204188481676
6 0.007678883071553229
2 0.004537521815008726
3 0.002443280977312391
doc : 38
5 0.872113676731794
0 0.019538188277087035
8 0.015985790408525755
4 0.015985790408525755
1 0.015985790408525755
7 0.014209591474245116
9 0.012433392539964477
2 0.012433392539964477
6 0.010657193605683837
3 0.010657193605683837
doc : 39
5 0.8629213483146068
7 0.020224719101123598
0 0.020224719101123598
4 0.017977528089887642
1 0.015730337078651686
9 0.01348314606741573
8 0.01348314606741573
2 0.01348314606741573
6 0.011235955056179777
3 0.011235955056179777
doc : 40
9 0.2743362831858407
4 0.1504424778761062
0 0.1415929203539823
7 0.11504424778761062
8 0.08849557522123894
1 0.05309734513274336
6 0.04424778761061947
5 0.04424778761061947
3 0.04424778761061947
2 0.04424778761061947
doc : 41
9 0.25862068965517243
4 0.15517241379310345
8 0.12068965517241378
0 0.12068965517241378
7 0.10344827586206896
1 0.06034482758620689
2 0.05172413793103448
6 0.04310344827586207
5 0.04310344827586207
3 0.04310344827586207
doc : 42
1 0.687192118226601
8 0.08866995073891626
0 0.05665024630541872
4 0.03940886699507389
5 0.034482758620689655
9 0.024630541871921183
7 0.024630541871921183
6 0.017241379310344827
3 0.014778325123152709
2 0.012315270935960592
doc : 43
1 0.7814498933901919
0 0.0511727078891258
4 0.046908315565031986
8 0.03411513859275053
6 0.027718550106609806
2 0.01812366737739872
3 0.011727078891257996
7 0.010660980810234541
5 0.009594882729211086
9 0.008528784648187633
doc : 44
2 0.9129720853858785
3 0.011494252873563218
0 0.011494252873563218
9 0.009852216748768473
8 0.009852216748768473
6 0.009852216748768473
1 0.009852216748768473
7 0.008210180623973728
5 0.008210180623973728
4 0.008210180623973728
doc : 45
2 0.9195402298850575
4 0.011494252873563218
8 0.009852216748768473
0 0.009852216748768473
9 0.008210180623973728
7 0.008210180623973728
6 0.008210180623973728
5 0.008210180623973728
3 0.008210180623973728
1 0.008210180623973728
doc : 46
3 0.9497991967871485
9 0.006024096385542168
6 0.006024096385542168
5 0.006024096385542168
4 0.006024096385542168
0 0.006024096385542168
8 0.0050200803212851405
7 0.0050200803212851405
2 0.0050200803212851405
1 0.0050200803212851405
doc : 47
0 0.8841544607190414
4 0.04061251664447404
9 0.018641810918774968
8 0.012649800266311585
6 0.012649800266311585
7 0.0073235685752330235
2 0.0073235685752330235
5 0.006657789613848203
1 0.006657789613848203
3 0.0033288948069241015
doc : 48
7 0.7857142857142857
4 0.036414565826330535
5 0.028011204481792718
8 0.02661064425770308
9 0.025210084033613446
1 0.023809523809523808
2 0.02100840336134454
0 0.02100840336134454
6 0.01680672268907563
3 0.015406162464985995
doc : 49
1 0.15730337078651685
4 0.14606741573033707
7 0.1348314606741573
5 0.1348314606741573
9 0.0898876404494382
6 0.0898876404494382
8 0.06741573033707865
3 0.06741573033707865
2 0.056179775280898875
0 0.056179775280898875
