doc : 0
2 0.4459247648902821
5 0.24137931034482757
3 0.10031347962382445
7 0.09247648902821316
0 0.05172413793103448
1 0.02586206896551724
6 0.017241379310344827
8 0.01018808777429467
4 0.008620689655172414
9 0.006269592476489028
doc : 1
3 0.26422018348623855
7 0.22752293577981653
5 0.21100917431192662
0 0.13944954128440368
6 0.06422018348623854
2 0.03486238532110092
4 0.01834862385321101
1 0.01834862385321101
8 0.012844036697247707
9 0.009174311926605505
doc : 2
5 0.28171641791044777
3 0.27425373134328357
7 0.16977611940298507
0 0.14925373134328357
6 0.03917910447761194
2 0.033582089552238806
4 0.016791044776119403
9 0.013059701492537313
8 0.011194029850746268
1 0.011194029850746268
doc : 3
5 0.29925650557620814
3 0.2806691449814126
7 0.18587360594795538
0 0.12825278810408922
6 0.04275092936802974
2 0.018587360594795536
1 0.013011152416356878
9 0.011152416356877323
8 0.011152416356877323
4 0.009293680297397768
doc : 4
3 0.2906504065040651
7 0.2296747967479675
0 0.20121951219512196
5 0.17682926829268295
2 0.032520325203252036
6 0.01829268292682927
4 0.01829268292682927
1 0.012195121951219513
9 0.010162601626016262
8 0.010162601626016262
doc : 5
1 0.7302405498281787
4 0.06701030927835051
8 0.05326460481099656
6 0.03951890034364261
9 0.03264604810996564
2 0.027491408934707903
0 0.01718213058419244
7 0.013745704467353952
5 0.010309278350515464
3 0.00859106529209622
doc : 6
4 0.4029227557411273
1 0.37160751565762
9 0.052192066805845504
8 0.043841336116910226
6 0.029227557411273482
2 0.029227557411273482
7 0.020876826722338204
3 0.018789144050104383
0 0.018789144050104383
5 0.012526096033402922
doc : 7
9 0.8378378378378379
4 0.02702702702702703
8 0.024324324324324326
2 0.01891891891891892
1 0.01891891891891892
7 0.016216216216216217
5 0.016216216216216217
6 0.013513513513513514
3 0.013513513513513514
0 0.013513513513513514
doc : 8
9 0.7936507936507936
1 0.042328042328042326
8 0.031746031746031744
4 0.031746031746031744
2 0.026455026455026454
0 0.018518518518518517
5 0.015873015873015872
7 0.013227513227513227
6 0.013227513227513227
3 0.013227513227513227
doc : 9
6 0.192
8 0.176
1 0.168
4 0.136
9 0.088
7 0.056
2 0.056
5 0.048
3 0.04
0 0.04
doc : 10
3 0.2886178861788618
7 0.2134146341463415
5 0.19715447154471546
0 0.19715447154471546
2 0.032520325203252036
6 0.024390243902439025
8 0.012195121951219513
4 0.012195121951219513
1 0.012195121951219513
9 0.010162601626016262
doc : 11
3 0.3004032258064516
7 0.1975806451612903
0 0.16129032258064516
5 0.14919354838709678
6 0.07862903225806452
2 0.05846774193548387
8 0.016129032258064516
9 0.014112903225806451
1 0.014112903225806451
4 0.010080645161290322
doc : 12
5 0.2574626865671642
3 0.2555970149253731
7 0.20522388059701493
0 0.18097014925373134
6 0.026119402985074626
2 0.024253731343283583
4 0.016791044776119403
8 0.013059701492537313
1 0.011194029850746268
9 0.009328358208955223
doc : 13
3 0.25680933852140075
5 0.23151750972762647
7 0.22178988326848248
0 0.1614785992217899
6 0.04085603112840467
2 0.02529182879377432
9 0.017509727626459144
8 0.01556420233463035
4 0.01556420233463035
1 0.013618677042801557
doc : 14
3 0.26142595978062155
5 0.23948811700182815
7 0.1956124314442413
0 0.12248628884826325
6 0.08043875685557587
2 0.043875685557586835
4 0.025594149908592323
9 0.010968921389396709
8 0.010968921389396709
1 0.009140767824497258
doc : 15
5 0.2761061946902655
3 0.2672566371681416
7 0.21946902654867256
0 0.1327433628318584
2 0.02831858407079646
6 0.024778761061946902
8 0.01415929203539823
4 0.01415929203539823
1 0.012389380530973451
9 0.010619469026548672
doc : 16
8 0.5117647058823529
1 0.09411764705882353
4 0.07058823529411765
9 0.06470588235294117
6 0.058823529411764705
2 0.047058823529411764
7 0.041176470588235294
5 0.041176470588235294
0 0.041176470588235294
3 0.029411764705882353
doc : 17
8 0.6101694915254238
6 0.07203389830508475
1 0.07203389830508475
9 0.05084745762711865
2 0.046610169491525424
7 0.038135593220338986
4 0.038135593220338986
5 0.025423728813559324
0 0.025423728813559324
3 0.0211864406779661
doc : 18
9 0.674373795761079
6 0.10404624277456648
8 0.0674373795761079
4 0.030828516377649325
3 0.02697495183044316
1 0.025048169556840076
0 0.023121387283236993
2 0.02119460500963391
7 0.015414258188824663
5 0.011560693641618497
doc : 19
3 0.3079922027290448
7 0.20077972709551656
5 0.18323586744639375
0 0.15204678362573099
6 0.05847953216374269
2 0.042884990253411304
9 0.015594541910331383
4 0.01364522417153996
1 0.01364522417153996
8 0.011695906432748537
doc : 20
3 0.2624521072796935
7 0.22030651340996169
5 0.21839080459770113
0 0.17241379310344826
2 0.047892720306513405
6 0.032567049808429116
8 0.01532567049808429
9 0.011494252873563218
4 0.009578544061302681
1 0.009578544061302681
doc : 21
5 0.3220064724919094
3 0.22330097087378642
7 0.1779935275080906
0 0.15372168284789645
6 0.05177993527508091
2 0.03236245954692557
1 0.011326860841423949
9 0.00970873786407767
8 0.00970873786407767
4 0.008090614886731393
doc : 22
3 0.2923387096774194
7 0.22983870967741934
5 0.1774193548387097
0 0.17137096774193547
6 0.04233870967741935
2 0.034274193548387094
8 0.014112903225806451
1 0.014112903225806451
9 0.012096774193548387
4 0.012096774193548387
doc : 23
3 0.29894736842105263
7 0.21263157894736842
5 0.18526315789473685
0 0.17473684210526316
6 0.04421052631578947
2 0.029473684210526315
8 0.014736842105263158
4 0.014736842105263158
9 0.01263157894736842
1 0.01263157894736842
doc : 24
5 0.3323397913561848
3 0.19970193740685543
7 0.16691505216095381
0 0.16244411326378538
2 0.06259314456035768
6 0.02533532041728763
1 0.01639344262295082
8 0.013412816691505215
4 0.011922503725782414
9 0.00894187779433681
doc : 25
3 0.2932330827067669
7 0.20488721804511278
5 0.17857142857142855
0 0.15413533834586465
6 0.08270676691729323
2 0.02819548872180451
8 0.016917293233082706
4 0.015037593984962405
1 0.015037593984962405
9 0.011278195488721804
doc : 26
3 0.3018480492813142
7 0.20944558521560575
5 0.17864476386036962
0 0.17453798767967146
2 0.043121149897330596
6 0.034907597535934295
4 0.018480492813141684
9 0.014373716632443533
8 0.012320328542094456
1 0.012320328542094456
doc : 27
3 0.3086680761099366
7 0.21987315010570826
0 0.16913319238900634
5 0.13742071881606766
2 0.06342494714587738
6 0.054968287526427066
4 0.012684989429175477
1 0.012684989429175477
9 0.010570824524312896
8 0.010570824524312896
doc : 28
8 0.5614754098360656
6 0.0778688524590164
4 0.07377049180327869
1 0.07377049180327869
9 0.04098360655737705
7 0.036885245901639344
5 0.036885245901639344
3 0.036885245901639344
2 0.03278688524590164
0 0.028688524590163935
doc : 29
7 0.2570888468809074
3 0.24763705103969755
5 0.23629489603024575
0 0.12098298676748583
6 0.035916824196597356
2 0.030245746691871456
4 0.02835538752362949
9 0.01890359168241966
8 0.013232514177693762
1 0.011342155009451797
doc : 30
5 0.24909090909090909
3 0.24909090909090909
7 0.21818181818181817
0 0.16
2 0.045454545454545456
6 0.02909090909090909
1 0.02
9 0.01090909090909091
8 0.00909090909090909
4 0.00909090909090909
doc : 31
3 0.2698706099815157
7 0.23105360443622922
5 0.19408502772643252
0 0.14972273567467653
2 0.066543438077634
6 0.038817005545286505
4 0.014787430683918669
1 0.014787430683918669
8 0.011090573012939002
9 0.009242144177449167
doc : 32
3 0.31956521739130433
7 0.22608695652173913
0 0.16304347826086957
5 0.15
6 0.043478260869565216
2 0.0391304347826087
8 0.021739130434782608
4 0.015217391304347827
9 0.010869565217391304
1 0.010869565217391304
doc : 33
5 0.24953789279112754
3 0.24584103512014788
7 0.2088724584103512
0 0.1367837338262477
6 0.05545286506469501
2 0.03696857670979667
1 0.025878003696857672
9 0.014787430683918669
8 0.014787430683918669
4 0.011090573012939002
doc : 34
3 0.30214424951267055
7 0.21832358674463936
5 0.18323586744639375
0 0.1442495126705653
2 0.07017543859649122
6 0.025341130604288498
8 0.015594541910331383
4 0.015594541910331383
9 0.01364522417153996
1 0.011695906432748537
doc : 35
5 0.26166666666666666
3 0.24500000000000002
7 0.16166666666666668
0 0.15666666666666668
6 0.095
2 0.035
8 0.011666666666666667
4 0.011666666666666667
1 0.011666666666666667
9 0.01
doc : 36
3 0.33555555555555555
7 0.24666666666666667
0 0.1688888888888889
5 0.14222222222222222
2 0.026666666666666665
6 0.024444444444444446
9 0.015555555555555555
8 0.013333333333333332
4 0.013333333333333332
1 0.013333333333333332
doc : 37
3 0.29718004338394793
7 0.25813449023861174
0 0.16702819956616052
5 0.12147505422993493
6 0.06724511930585683
2 0.030368763557483733
1 0.019522776572668113
8 0.015184381778741866
4 0.013015184381778743
9 0.010845986984815618
doc : 38
9 0.8324324324324325
4 0.02972972972972973
8 0.024324324324324326
6 0.024324324324324326
1 0.021621621621621623
7 0.013513513513513514
5 0.013513513513513514
3 0.013513513513513514
2 0.013513513513513514
0 0.013513513513513514
doc : 39
3 0.3005671077504726
7 0.21739130434782608
5 0.19848771266540643
0 0.12476370510396975
6 0.04158790170132325
2 0.03780718336483932
8 0.020793950850661626
4 0.020793950850661626
1 0.020793950850661626
9 0.017013232514177693
doc : 40
5 0.3153310104529617
3 0.23867595818815332
7 0.20557491289198607
0 0.1132404181184669
6 0.04355400696864112
2 0.029616724738675958
1 0.01916376306620209
9 0.012195121951219513
4 0.012195121951219513
8 0.010452961672473868
doc : 41
3 0.28033472803347276
7 0.2615062761506276
0 0.17573221757322174
5 0.1589958158995816
2 0.050209205020920494
6 0.025104602510460247
8 0.014644351464435145
1 0.012552301255230124
9 0.010460251046025104
4 0.010460251046025104
doc : 42
5 0.2737030411449016
3 0.24865831842576028
7 0.19499105545617174
0 0.13237924865831843
6 0.05366726296958855
2 0.03756708407871199
1 0.026833631484794274
9 0.012522361359570662
4 0.010733452593917711
8 0.008944543828264758
doc : 43
3 0.29678638941398866
5 0.23629489603024575
7 0.1947069943289225
0 0.14366729678638943
2 0.04158790170132325
6 0.030245746691871456
1 0.020793950850661626
9 0.013232514177693762
4 0.013232514177693762
8 0.00945179584120983
doc : 44
5 0.3185550082101806
3 0.20689655172413793
7 0.18555008210180624
0 0.13136288998357964
6 0.07553366174055828
2 0.03284072249589491
1 0.014778325123152709
8 0.013136288998357963
4 0.011494252873563218
9 0.009852216748768473
doc : 45
3 0.29563492063492064
5 0.20436507936507936
7 0.20238095238095238
0 0.16666666666666666
2 0.03968253968253968
6 0.037698412698412696
8 0.017857142857142856
1 0.013888888888888888
4 0.011904761904761904
9 0.00992063492063492
doc : 46
3 0.2698412698412698
7 0.20039682539682538
5 0.1865079365079365
0 0.16666666666666666
2 0.06746031746031746
6 0.03571428571428571
4 0.023809523809523808
1 0.017857142857142856
9 0.015873015873015872
8 0.015873015873015872
doc : 47
4 0.6746987951807228
9 0.056224899598393566
1 0.048192771084337345
7 0.04417670682730923
2 0.04417670682730923
8 0.040160642570281124
0 0.028112449799196783
5 0.024096385542168672
6 0.020080321285140562
3 0.020080321285140562
doc : 48
4 0.6984732824427481
9 0.06870229007633588
2 0.03816793893129771
7 0.03435114503816794
1 0.03435114503816794
8 0.030534351145038167
6 0.030534351145038167
3 0.022900763358778626
0 0.022900763358778626
5 0.019083969465648856
doc : 49
5 0.28971962616822433
3 0.24299065420560748
7 0.2205607476635514
0 0.14205607476635515
6 0.028037383177570093
4 0.020560747663551402
2 0.01869158878504673
1 0.014953271028037384
8 0.013084112149532711
9 0.009345794392523366
