doc : 0
2 0.3711340206185567
6 0.09278350515463918
9 0.08247422680412371
8 0.07216494845360824
7 0.07216494845360824
5 0.07216494845360824
4 0.061855670103092786
1 0.061855670103092786
0 0.061855670103092786
3 0.05154639175257732
doc : 1
0 0.7275064267352185
1 0.08483290488431876
5 0.04627249357326478
2 0.033419023136246784
6 0.02313624678663239
4 0.02056555269922879
7 0.01799485861182519
3 0.01799485861182519
9 0.015424164524421594
8 0.012853470437017993
doc : 2
6 0.18032786885245902
1 0.18032786885245902
4 0.13934426229508198
8 0.0819672131147541
5 0.0819672131147541
0 0.0819672131147541
3 0.07377049180327869
9 0.06557377049180328
2 0.06557377049180328
7 0.04918032786885246
doc : 3
1 0.8175438596491228
6 0.02456140350877193
3 0.02456140350877193
4 0.021052631578947368
2 0.021052631578947368
0 0.021052631578947368
9 0.017543859649122806
8 0.017543859649122806
7 0.017543859649122806
5 0.017543859649122806
doc : 4
1 0.7928571428571428
3 0.02857142857142857
2 0.02857142857142857
0 0.02857142857142857
9 0.02142857142857143
7 0.02142857142857143
6 0.02142857142857143
4 0.02142857142857143
8 0.017857142857142856
5 0.017857142857142856
doc : 5
6 0.3288888888888889
1 0.28
4 0.07555555555555556
8 0.06222222222222222
5 0.057777777777777775
3 0.05333333333333333
0 0.04888888888888889
9 0.04
2 0.03111111111111111
7 0.022222222222222223
doc : 6
6 0.6044176706827309
0 0.2690763052208835
1 0.022088353413654616
8 0.020080321285140562
7 0.018072289156626505
5 0.01606425702811245
9 0.014056224899598391
4 0.014056224899598391
2 0.012048192771084336
3 0.010040160642570281
doc : 7
0 0.45054945054945056
1 0.13736263736263737
6 0.07142857142857144
9 0.06593406593406594
2 0.06043956043956045
8 0.05494505494505495
5 0.05494505494505495
7 0.038461538461538464
3 0.038461538461538464
4 0.027472527472527476
doc : 8
0 0.8221070811744386
6 0.027633851468048358
1 0.027633851468048358
7 0.02245250431778929
5 0.02245250431778929
3 0.020725388601036267
8 0.018998272884283247
2 0.018998272884283247
4 0.010362694300518133
9 0.008635578583765112
doc : 9
1 0.8035714285714285
6 0.024999999999999998
4 0.024999999999999998
2 0.024999999999999998
8 0.02142857142857143
5 0.02142857142857143
3 0.02142857142857143
0 0.02142857142857143
9 0.017857142857142856
7 0.017857142857142856
doc : 10
0 0.7421007685738685
1 0.19982920580700256
4 0.011101622544833475
6 0.010247651579846286
7 0.009393680614859094
8 0.006831767719897523
3 0.006831767719897523
5 0.005123825789923143
9 0.004269854824935952
2 0.004269854824935952
doc : 11
1 0.8302469135802468
8 0.024691358024691357
4 0.024691358024691357
6 0.021604938271604937
7 0.018518518518518517
2 0.018518518518518517
9 0.015432098765432098
5 0.015432098765432098
3 0.015432098765432098
0 0.015432098765432098
doc : 12
1 0.20945945945945948
0 0.20945945945945948
5 0.11486486486486487
6 0.10135135135135136
7 0.07432432432432433
3 0.06756756756756757
9 0.060810810810810814
4 0.060810810810810814
2 0.05405405405405406
8 0.0472972972972973
doc : 13
0 0.8159609120521173
1 0.03745928338762215
5 0.030944625407166124
7 0.026058631921824105
6 0.021172638436482087
4 0.01954397394136808
3 0.016286644951140065
2 0.013029315960912053
9 0.00977198697068404
8 0.00977198697068404
doc : 14
6 0.5928143712574849
0 0.26946107784431134
1 0.03393213572854291
2 0.021956087824351295
8 0.015968063872255488
7 0.015968063872255488
9 0.01397205588822355
4 0.01397205588822355
3 0.011976047904191616
5 0.00998003992015968
doc : 15
7 0.8373716632443532
5 0.075564681724846
2 0.022587268993839834
4 0.014373716632443531
1 0.013552361396303902
6 0.009856262833675564
3 0.009856262833675564
0 0.009034907597535934
8 0.004928131416837782
9 0.002874743326488706
doc : 16
8 0.40723453908984825
9 0.4014002333722287
3 0.06301050175029171
4 0.052508751458576426
1 0.02333722287047841
2 0.015169194865810967
0 0.014585764294049007
6 0.008168028004667444
5 0.008168028004667444
7 0.006417736289381563
doc : 17
0 0.7383798140770251
6 0.16600265604249667
8 0.01593625498007968
4 0.01593625498007968
1 0.014608233731739707
3 0.013280212483399733
9 0.010624169986719787
5 0.009296148738379813
2 0.009296148738379813
7 0.0066401062416998665
doc : 18
6 0.7037593984962407
1 0.15789473684210528
3 0.02556390977443609
9 0.02406015037593985
4 0.019548872180451128
0 0.019548872180451128
8 0.015037593984962407
5 0.015037593984962407
7 0.012030075187969926
2 0.0075187969924812035
doc : 19
1 0.8179012345679012
6 0.033950617283950615
8 0.021604938271604937
0 0.021604938271604937
5 0.018518518518518517
4 0.018518518518518517
3 0.018518518518518517
2 0.018518518518518517
9 0.015432098765432098
7 0.015432098765432098
doc : 20
1 0.8271604938271604
3 0.027777777777777776
6 0.021604938271604937
4 0.021604938271604937
0 0.021604938271604937
5 0.018518518518518517
9 0.015432098765432098
8 0.015432098765432098
7 0.015432098765432098
2 0.015432098765432098
doc : 21
1 0.8271604938271604
6 0.027777777777777776
5 0.021604938271604937
3 0.021604938271604937
4 0.018518518518518517
2 0.018518518518518517
0 0.018518518518518517
9 0.015432098765432098
8 0.015432098765432098
7 0.015432098765432098
doc : 22
1 0.8271604938271604
6 0.030864197530864196
5 0.024691358024691357
7 0.018518518518518517
4 0.018518518518518517
2 0.018518518518518517
9 0.015432098765432098
8 0.015432098765432098
3 0.015432098765432098
0 0.015432098765432098
doc : 23
1 0.8302469135802468
3 0.027777777777777776
6 0.024691358024691357
7 0.018518518518518517
5 0.018518518518518517
0 0.018518518518518517
9 0.015432098765432098
8 0.015432098765432098
4 0.015432098765432098
2 0.015432098765432098
doc : 24
5 0.39795918367346933
1 0.25255102040816324
6 0.09693877551020408
7 0.04846938775510204
8 0.038265306122448974
0 0.038265306122448974
9 0.033163265306122444
4 0.033163265306122444
3 0.033163265306122444
2 0.028061224489795915
doc : 25
3 0.960233918128655
8 0.01364522417153996
9 0.005458089668615984
1 0.004678362573099415
2 0.0042884990253411305
0 0.002729044834307992
7 0.0023391812865497076
5 0.0023391812865497076
4 0.0023391812865497076
6 0.001949317738791423
doc : 26
2 0.8193069306930694
5 0.03217821782178218
4 0.0297029702970297
1 0.0297029702970297
9 0.019801980198019802
8 0.017326732673267328
7 0.01485148514851485
6 0.012376237623762377
3 0.012376237623762377
0 0.012376237623762377
doc : 27
5 0.81104033970276
4 0.029723991507430998
9 0.027600849256900213
7 0.02335456475583864
1 0.02335456475583864
6 0.021231422505307854
2 0.021231422505307854
3 0.016985138004246284
0 0.014861995753715499
8 0.010615711252653927
doc : 28
8 0.9482981473502801
3 0.017664799655320983
4 0.005601034037052994
0 0.004739336492890996
9 0.004308487720809996
7 0.004308487720809996
5 0.003877638948728996
2 0.003877638948728996
1 0.003877638948728996
6 0.0034467901766479965
doc : 29
0 0.5
1 0.11538461538461539
6 0.07142857142857144
5 0.06043956043956045
8 0.05494505494505495
9 0.049450549450549455
3 0.04395604395604396
2 0.04395604395604396
7 0.03296703296703297
4 0.027472527472527476
doc : 30
2 0.7899686520376176
4 0.04075235109717868
5 0.03761755485893417
6 0.025078369905956112
9 0.018808777429467086
3 0.018808777429467086
1 0.018808777429467086
0 0.018808777429467086
8 0.01567398119122257
7 0.01567398119122257
doc : 31
6 0.6025369978858351
5 0.15856236786469347
2 0.06553911205073996
1 0.04016913319238901
9 0.029598308668076112
0 0.029598308668076112
4 0.023255813953488372
8 0.019027484143763214
7 0.019027484143763214
3 0.012684989429175477
doc : 32
1 0.7576601671309192
6 0.04456824512534819
7 0.033426183844011144
5 0.033426183844011144
2 0.033426183844011144
4 0.022284122562674095
3 0.022284122562674095
9 0.019498607242339833
0 0.019498607242339833
8 0.013927576601671309
doc : 33
7 0.5767543859649122
6 0.19298245614035087
4 0.046052631578947366
5 0.03728070175438596
1 0.03508771929824561
9 0.02850877192982456
2 0.02631578947368421
0 0.021929824561403508
3 0.019736842105263157
8 0.015350877192982455
doc : 34
9 0.8789592760180996
3 0.04864253393665159
5 0.013574660633484163
1 0.01244343891402715
8 0.010180995475113122
2 0.010180995475113122
6 0.007918552036199096
0 0.006787330316742082
7 0.005656108597285069
4 0.005656108597285069
doc : 35
2 0.665
7 0.05
5 0.045
4 0.045
9 0.04
6 0.035
1 0.035
8 0.03
0 0.03
3 0.025
doc : 36
4 0.45495495495495497
5 0.11261261261261261
2 0.07657657657657657
1 0.07207207207207207
8 0.06756756756756757
6 0.06306306306306306
9 0.05405405405405406
3 0.04504504504504504
0 0.03153153153153153
7 0.02252252252252252
doc : 37
4 0.8213507625272332
0 0.04357298474945534
5 0.026143790849673207
7 0.02396514161220044
1 0.017429193899782137
9 0.01525054466230937
6 0.01525054466230937
3 0.013071895424836603
2 0.013071895424836603
8 0.010893246187363835
doc : 38
2 0.800524934383202
6 0.03674540682414698
1 0.031496062992125984
9 0.026246719160104987
3 0.023622047244094488
5 0.01837270341207349
8 0.015748031496062992
7 0.015748031496062992
4 0.015748031496062992
0 0.015748031496062992
doc : 39
9 0.8791348600508907
3 0.03689567430025446
1 0.017811704834605598
8 0.013994910941475827
5 0.011450381679389315
0 0.011450381679389315
7 0.0076335877862595426
6 0.0076335877862595426
2 0.0076335877862595426
4 0.0063613231552162855
doc : 40
9 0.8814993954050786
3 0.03506650544135429
8 0.021765417170495766
1 0.013301088270858524
0 0.010882708585247883
7 0.008464328899637243
5 0.008464328899637243
4 0.007255139056831922
2 0.007255139056831922
6 0.006045949214026602
doc : 41
9 0.7663316582914573
3 0.05778894472361809
8 0.04271356783919598
4 0.02763819095477387
1 0.020100502512562814
7 0.017587939698492462
6 0.017587939698492462
5 0.017587939698492462
2 0.017587939698492462
0 0.01507537688442211
doc : 42
8 0.9077868852459017
9 0.02185792349726776
3 0.014344262295081968
6 0.011612021857923498
0 0.010245901639344262
1 0.009562841530054645
4 0.00819672131147541
7 0.006830601092896175
5 0.00546448087431694
2 0.004098360655737705
doc : 43
2 0.6962457337883959
4 0.07508532423208192
1 0.040955631399317405
6 0.034129692832764506
9 0.030716723549488054
8 0.027303754266211604
0 0.027303754266211604
5 0.023890784982935155
3 0.023890784982935155
7 0.020477815699658702
doc : 44
4 0.8862433862433862
0 0.037037037037037035
1 0.017195767195767195
3 0.010582010582010581
9 0.009259259259259259
6 0.009259259259259259
2 0.009259259259259259
5 0.007936507936507936
8 0.006613756613756613
7 0.006613756613756613
doc : 45
4 0.8622222222222222
0 0.026666666666666665
1 0.022222222222222223
7 0.02
9 0.013333333333333332
8 0.011111111111111112
6 0.011111111111111112
5 0.011111111111111112
3 0.011111111111111112
2 0.011111111111111112
doc : 46
2 0.5
5 0.13855421686746988
7 0.06626506024096386
9 0.05421686746987952
1 0.04819277108433735
6 0.042168674698795185
3 0.042168674698795185
0 0.042168674698795185
8 0.03614457831325302
4 0.030120481927710843
doc : 47
5 0.6734177215189874
2 0.08354430379746836
6 0.053164556962025315
9 0.04556962025316456
7 0.03291139240506329
1 0.02531645569620253
0 0.02531645569620253
8 0.02278481012658228
3 0.020253164556962026
4 0.017721518987341773
doc : 48
4 0.20481927710843376
9 0.1566265060240964
7 0.12650602409638556
5 0.12048192771084337
6 0.09036144578313253
1 0.0783132530120482
8 0.06626506024096386
0 0.06626506024096386
2 0.04819277108433735
3 0.042168674698795185
doc : 49
6 0.6284470246734397
1 0.14658925979680695
8 0.07692307692307693
4 0.04934687953555878
5 0.020319303338171262
0 0.020319303338171262
9 0.01451378809869376
7 0.01451378809869376
3 0.01451378809869376
2 0.01451378809869376
