doc : 0
7 0.11764705882352941
9 0.09803921568627451
8 0.09803921568627451
6 0.09803921568627451
5 0.09803921568627451
4 0.09803921568627451
3 0.09803921568627451
2 0.09803921568627451
1 0.09803921568627451
0 0.09803921568627451
doc : 1
0 0.8995568685376663
6 0.01772525849335303
3 0.013293943870014771
5 0.011816838995568686
9 0.010339734121122601
7 0.010339734121122601
1 0.010339734121122601
8 0.008862629246676515
4 0.008862629246676515
2 0.008862629246676515
doc : 2
8 0.3928571428571429
0 0.20952380952380956
9 0.10952380952380954
7 0.0880952380952381
1 0.04761904761904762
3 0.04285714285714286
4 0.0380952380952381
2 0.0380952380952381
5 0.01904761904761905
6 0.014285714285714287
doc : 3
3 0.3739035087719298
0 0.24780701754385964
8 0.08223684210526315
7 0.06907894736842105
1 0.0537280701754386
4 0.043859649122807015
9 0.042763157894736836
6 0.03618421052631579
5 0.02631578947368421
2 0.02412280701754386
doc : 4
1 0.94577685088634
8 0.008342022940563087
9 0.006256517205422315
3 0.006256517205422315
2 0.006256517205422315
0 0.006256517205422315
7 0.00521376433785193
6 0.00521376433785193
5 0.00521376433785193
4 0.00521376433785193
doc : 5
1 0.766397124887691
3 0.07457322551662175
0 0.05480682839173406
7 0.033243486073674756
6 0.017969451931716084
4 0.015274034141958671
5 0.011680143755615454
8 0.008984725965858042
2 0.008984725965858042
9 0.008086253369272238
doc : 6
9 0.880248833592535
0 0.026438569206842923
2 0.02021772939346812
6 0.017107309486780714
8 0.01088646967340591
1 0.01088646967340591
7 0.00933125972006221
4 0.00933125972006221
5 0.0077760497667185065
3 0.0077760497667185065
doc : 7
4 0.5838433292533659
0 0.24357405140758873
6 0.059975520195838426
7 0.024479804161566705
5 0.020807833537331698
3 0.020807833537331698
8 0.019583843329253364
9 0.011015911872705017
1 0.008567931456548347
2 0.007343941248470012
doc : 8
0 0.6650246305418719
3 0.11048557353976073
1 0.059113300492610835
4 0.05840957072484166
9 0.04081632653061224
7 0.0211118930330753
6 0.014778325123152709
8 0.014074595355383532
5 0.00844475721323012
2 0.007741027445460943
doc : 9
1 0.8620862587763289
3 0.03510531594784353
7 0.03259779338014042
0 0.022066198595787363
4 0.015546639919759278
9 0.01053159478435306
6 0.007522567703109328
5 0.0050150451354062184
2 0.0050150451354062184
8 0.004513540621865597
doc : 10
0 0.895638629283489
7 0.017133956386292833
6 0.017133956386292833
3 0.012461059190031152
9 0.010903426791277258
8 0.010903426791277258
1 0.010903426791277258
5 0.009345794392523364
4 0.00778816199376947
2 0.00778816199376947
doc : 11
9 0.2441860465116279
5 0.10465116279069767
3 0.10465116279069767
1 0.10465116279069767
4 0.08139534883720931
2 0.08139534883720931
8 0.06976744186046512
7 0.06976744186046512
6 0.06976744186046512
0 0.06976744186046512
doc : 12
9 0.20930232558139533
3 0.1744186046511628
8 0.09302325581395349
4 0.09302325581395349
2 0.09302325581395349
5 0.08139534883720931
6 0.06976744186046512
1 0.06976744186046512
7 0.05813953488372093
0 0.05813953488372093
doc : 13
2 0.6045977011494252
3 0.11954022988505747
1 0.06666666666666667
7 0.06436781609195402
8 0.0367816091954023
9 0.027586206896551724
4 0.02528735632183908
6 0.020689655172413793
0 0.01839080459770115
5 0.016091954022988506
doc : 14
9 0.7228047182175623
0 0.21559633027522937
6 0.01310615989515072
5 0.012450851900393184
2 0.007863695937090433
8 0.007208387942332897
3 0.00655307994757536
4 0.005897771952817824
7 0.0045871559633027525
1 0.003931847968545217
doc : 15
7 0.7495784148397976
0 0.14671163575042157
4 0.026981450252951095
3 0.01517706576728499
8 0.013490725126475547
6 0.012647554806070826
5 0.011804384485666104
1 0.011804384485666104
9 0.007588532883642495
2 0.0042158516020236085
doc : 16
9 0.1111111111111111
8 0.1111111111111111
6 0.1111111111111111
4 0.1111111111111111
7 0.09259259259259259
5 0.09259259259259259
3 0.09259259259259259
2 0.09259259259259259
1 0.09259259259259259
0 0.09259259259259259
doc : 17
1 0.8425047438330171
7 0.048703352308665404
0 0.04048070841239722
3 0.017710309930423784
4 0.013915243516761544
6 0.010120177103099304
2 0.008855154965211892
8 0.006957621758380772
5 0.006325110689437065
9 0.004427577482605946
doc : 18
9 0.46401515151515155
0 0.14204545454545456
1 0.10227272727272728
4 0.09848484848484848
7 0.054924242424242424
3 0.043560606060606064
2 0.03977272727272727
8 0.02462121212121212
6 0.015151515151515152
5 0.015151515151515152
doc : 19
2 0.9465547703180212
9 0.015017667844522967
0 0.014134275618374558
6 0.003975265017667844
4 0.003975265017667844
7 0.0035335689045936395
1 0.0035335689045936395
8 0.0030918727915194345
5 0.0030918727915194345
3 0.0030918727915194345
doc : 20
7 0.6364583333333333
3 0.13229166666666667
0 0.08645833333333333
1 0.0625
6 0.026041666666666668
9 0.013541666666666667
5 0.0125
4 0.0125
2 0.009375
8 0.008333333333333333
doc : 21
4 0.6789617486338798
0 0.20081967213114754
3 0.03278688524590164
7 0.01912568306010929
5 0.015027322404371584
8 0.01366120218579235
1 0.012295081967213115
9 0.009562841530054645
2 0.009562841530054645
6 0.00819672131147541
doc : 22
3 0.4792207792207792
7 0.16623376623376623
0 0.1025974025974026
1 0.09610389610389611
2 0.046753246753246755
8 0.03506493506493506
9 0.02207792207792208
6 0.01948051948051948
4 0.01818181818181818
5 0.014285714285714285
doc : 23
8 0.5542328042328042
6 0.22089947089947087
5 0.10185185185185185
7 0.03306878306878307
9 0.022486772486772486
2 0.015873015873015872
1 0.015873015873015872
3 0.01455026455026455
4 0.013227513227513227
0 0.007936507936507936
doc : 24
0 0.8634538152610441
3 0.024096385542168672
7 0.020080321285140562
1 0.018741633199464525
6 0.017402945113788485
8 0.014725568942436412
5 0.012048192771084336
9 0.0107095046854083
4 0.009370816599732263
2 0.009370816599732263
doc : 25
9 0.47600000000000003
3 0.136
5 0.12
8 0.064
6 0.04
2 0.04
4 0.036000000000000004
0 0.032
7 0.028
1 0.028
doc : 26
0 0.888380603842635
3 0.026532479414455627
7 0.018298261665141813
6 0.01372369624885636
5 0.01280878316559927
1 0.011893870082342177
8 0.007319304666056725
4 0.007319304666056725
2 0.007319304666056725
9 0.006404391582799635
doc : 27
1 0.500815660685155
3 0.33849918433931486
6 0.05383360522022839
5 0.044861337683523655
7 0.024469820554649267
0 0.009787928221859707
8 0.008156606851549756
4 0.008156606851549756
9 0.00734094616639478
2 0.004078303425774878
doc : 28
4 0.14925373134328357
5 0.11940298507462686
9 0.1044776119402985
8 0.1044776119402985
7 0.1044776119402985
2 0.1044776119402985
1 0.08955223880597014
6 0.07462686567164178
3 0.07462686567164178
0 0.07462686567164178
doc : 29
9 0.3884462151394422
3 0.3237051792828685
6 0.09561752988047809
8 0.05876494023904382
4 0.043824701195219126
7 0.04083665338645418
1 0.021912350597609563
5 0.010956175298804782
0 0.010956175298804782
2 0.0049800796812749
doc : 30
3 0.6884306987399771
6 0.07445589919816724
4 0.06529209621993128
0 0.038946162657502864
1 0.03207331042382589
7 0.029782359679266898
9 0.025200458190148912
5 0.024054982817869417
2 0.01145475372279496
8 0.010309278350515464
doc : 31
4 0.6366782006920415
3 0.12975778546712805
1 0.04671280276816609
0 0.04671280276816609
7 0.039792387543252594
9 0.03114186851211073
2 0.03114186851211073
5 0.015570934256055364
8 0.01384083044982699
6 0.00865051903114187
doc : 32
6 0.7447701732090074
5 0.2250289157658751
0 0.012551584298382145
8 0.00908169239336865
3 0.006511402093358655
7 9.281603861147205E-4
9 4.141023261127215E-4
4 2.5702903000099955E-4
2 2.4274963944538846E-4
1 2.1419085833416628E-4
doc : 33
8 0.4126582278481013
6 0.369620253164557
5 0.06962025316455696
4 0.03164556962025317
0 0.03164556962025317
9 0.02278481012658228
7 0.020253164556962026
3 0.016455696202531647
1 0.016455696202531647
2 0.008860759493670886
doc : 34
0 0.4765013054830287
7 0.24281984334203655
4 0.09007832898172324
5 0.048302872062663184
3 0.037859007832898174
6 0.03524804177545692
1 0.02349869451697128
8 0.018276762402088774
9 0.014360313315926894
2 0.013054830287206266
doc : 35
0 0.7401129943502824
3 0.04896421845574388
6 0.04519774011299435
5 0.030131826741996232
7 0.026365348399246702
4 0.026365348399246702
1 0.02448210922787194
8 0.022598870056497175
2 0.022598870056497175
9 0.013182674199623351
doc : 36
9 0.19767441860465115
3 0.1744186046511628
1 0.10465116279069767
8 0.09302325581395349
5 0.09302325581395349
2 0.08139534883720931
4 0.06976744186046512
0 0.06976744186046512
7 0.05813953488372093
6 0.05813953488372093
doc : 37
1 0.6720257234726688
3 0.09217577706323687
7 0.08360128617363344
0 0.05680600214362272
6 0.02679528403001072
5 0.01822079314040729
4 0.01822079314040729
8 0.013933547695605574
9 0.00964630225080386
2 0.00857449088960343
doc : 38
1 0.761640798226164
3 0.08425720620842572
7 0.06097560975609756
0 0.028824833702882482
6 0.01662971175166297
5 0.014412416851441241
4 0.011086474501108647
2 0.008869179600886918
9 0.0066518847006651885
8 0.0066518847006651885
doc : 39
1 0.8750722961249277
0 0.03528050896471949
6 0.020242914979757085
7 0.016194331983805668
4 0.012724117987275881
3 0.012724117987275881
8 0.010410641989589357
2 0.007518796992481203
9 0.0063620589936379405
5 0.0034702139965297855
doc : 40
7 0.5400981996726678
3 0.1685761047463175
6 0.1260229132569558
0 0.04746317512274959
1 0.027823240589198037
9 0.024549918166939445
5 0.024549918166939445
4 0.02127659574468085
8 0.009819967266775777
2 0.009819967266775777
doc : 41
4 0.6261558784676354
6 0.14927344782034346
0 0.05680317040951123
3 0.04227212681638045
1 0.031704095112285335
8 0.02774108322324967
7 0.026420079260237782
9 0.017173051519154558
5 0.013210039630118891
2 0.009247027741083224
doc : 42
4 0.7765793528505394
0 0.07704160246533129
7 0.03543913713405239
6 0.030816640986132512
8 0.01694915254237288
3 0.01694915254237288
9 0.01386748844375963
1 0.01386748844375963
5 0.009244992295839754
2 0.009244992295839754
doc : 43
2 0.9582753824756606
8 0.010199350950394065
6 0.0050996754751970325
7 0.004636068613815485
4 0.004636068613815485
9 0.004172461752433936
1 0.004172461752433936
3 0.0032452480296708388
5 0.0027816411682892906
0 0.0027816411682892906
doc : 44
8 0.6939970717423134
6 0.1054172767203514
1 0.05124450951683748
3 0.036603221083455345
5 0.03513909224011713
7 0.02342606149341142
4 0.01903367496339678
0 0.016105417276720352
9 0.01171303074670571
2 0.007320644216691069
doc : 45
3 0.6823308270676691
6 0.08082706766917293
0 0.06578947368421052
1 0.05451127819548872
7 0.039473684210526314
4 0.022556390977443608
5 0.018796992481203006
9 0.013157894736842105
8 0.013157894736842105
2 0.009398496240601503
doc : 46
2 0.6189427312775331
7 0.07929515418502203
1 0.07709251101321586
3 0.05726872246696036
4 0.04185022026431719
0 0.03524229074889868
9 0.02863436123348018
8 0.026431718061674013
6 0.024229074889867842
5 0.011013215859030838
doc : 47
1 0.6613953488372093
3 0.14232558139534884
0 0.059534883720930236
6 0.03162790697674419
4 0.030697674418604652
8 0.017674418604651163
7 0.017674418604651163
9 0.014883720930232559
5 0.013023255813953489
2 0.011162790697674419
doc : 48
7 0.6682998530132288
8 0.10289073983341498
0 0.07839294463498285
6 0.04507594316511514
3 0.041156295933366
1 0.022048015678588925
4 0.019598236158745713
9 0.011758941695247428
5 0.006859382655560999
2 0.0039196472317491425
doc : 49
4 0.125
3 0.10714285714285714
2 0.10714285714285714
1 0.10714285714285714
0 0.10714285714285714
9 0.08928571428571427
8 0.08928571428571427
7 0.08928571428571427
6 0.08928571428571427
5 0.08928571428571427
