doc : 0
2 0.7638483965014577
7 0.043731778425655975
3 0.037900874635568516
9 0.026239067055393587
0 0.026239067055393587
6 0.023323615160349854
5 0.023323615160349854
1 0.023323615160349854
8 0.01749271137026239
4 0.014577259475218658
doc : 1
2 0.5830388692579506
0 0.1413427561837456
7 0.07420494699646643
1 0.04946996466431095
8 0.0353356890459364
3 0.03180212014134275
5 0.024734982332155476
9 0.021201413427561835
4 0.021201413427561835
6 0.0176678445229682
doc : 2
2 0.7727272727272727
6 0.03496503496503497
8 0.03146853146853147
9 0.027972027972027972
1 0.027972027972027972
7 0.024475524475524476
3 0.024475524475524476
0 0.02097902097902098
5 0.017482517482517484
4 0.017482517482517484
doc : 3
8 0.698340874811463
0 0.22322775263951733
5 0.030165912518853692
2 0.0130718954248366
7 0.008547008547008546
4 0.007541478129713423
3 0.0070387129210658615
6 0.005027652086475615
9 0.004524886877828054
1 0.0025138260432378077
doc : 4
2 0.8166666666666668
6 0.030000000000000002
0 0.030000000000000002
7 0.02
5 0.02
9 0.016666666666666666
8 0.016666666666666666
4 0.016666666666666666
3 0.016666666666666666
1 0.016666666666666666
doc : 5
2 0.8200000000000001
0 0.030000000000000002
7 0.02666666666666667
6 0.02
5 0.02
9 0.016666666666666666
8 0.016666666666666666
4 0.016666666666666666
3 0.016666666666666666
1 0.016666666666666666
doc : 6
0 0.8690807799442897
6 0.016713091922005572
2 0.016713091922005572
9 0.013927576601671309
8 0.013927576601671309
7 0.013927576601671309
5 0.013927576601671309
4 0.013927576601671309
3 0.013927576601671309
1 0.013927576601671309
doc : 7
7 0.7226027397260274
2 0.04794520547945205
8 0.04452054794520548
4 0.03767123287671233
3 0.030821917808219176
1 0.030821917808219176
5 0.0273972602739726
6 0.02054794520547945
0 0.02054794520547945
9 0.017123287671232876
doc : 8
9 0.8492063492063492
6 0.0380952380952381
5 0.022222222222222223
7 0.015873015873015872
2 0.015873015873015872
8 0.014285714285714285
4 0.014285714285714285
1 0.012698412698412698
0 0.009523809523809525
3 0.007936507936507936
doc : 9
9 0.2553191489361702
2 0.18085106382978722
6 0.10638297872340426
5 0.0851063829787234
4 0.07446808510638298
3 0.07446808510638298
0 0.06382978723404255
8 0.05319148936170213
7 0.05319148936170213
1 0.05319148936170213
doc : 10
1 0.375
9 0.31
2 0.08333333333333334
4 0.065
7 0.060000000000000005
6 0.04
8 0.025
3 0.02
5 0.011666666666666667
0 0.01
doc : 11
7 0.8077753779697625
2 0.04535637149028078
0 0.03023758099352052
9 0.021598272138228944
3 0.021598272138228944
8 0.017278617710583154
5 0.017278617710583154
6 0.012958963282937365
4 0.012958963282937365
1 0.012958963282937365
doc : 12
9 0.33009708737864074
6 0.19417475728155337
2 0.06796116504854369
0 0.06796116504854369
8 0.058252427184466014
7 0.058252427184466014
5 0.058252427184466014
4 0.058252427184466014
3 0.058252427184466014
1 0.04854368932038834
doc : 13
6 0.2207792207792208
9 0.18181818181818182
2 0.1038961038961039
5 0.07792207792207792
1 0.07792207792207792
0 0.07792207792207792
8 0.06493506493506494
7 0.06493506493506494
4 0.06493506493506494
3 0.06493506493506494
doc : 14
2 0.7330508474576272
9 0.06779661016949153
7 0.03389830508474576
8 0.029661016949152543
6 0.025423728813559324
3 0.025423728813559324
5 0.0211864406779661
4 0.0211864406779661
1 0.0211864406779661
0 0.0211864406779661
doc : 15
2 0.7207977207977209
6 0.05128205128205129
0 0.05128205128205129
7 0.04843304843304844
9 0.025641025641025644
3 0.025641025641025644
1 0.022792022792022793
8 0.019943019943019943
5 0.019943019943019943
4 0.014245014245014245
doc : 16
7 0.9107901444350043
2 0.016142735768903994
0 0.013593882752761258
6 0.011045029736618521
5 0.011045029736618521
3 0.009345794392523366
9 0.008496176720475786
4 0.008496176720475786
1 0.006796941376380629
8 0.004248088360237893
doc : 17
4 0.9215116279069767
5 0.011627906976744186
6 0.010174418604651164
9 0.00872093023255814
8 0.00872093023255814
1 0.00872093023255814
0 0.00872093023255814
7 0.007267441860465116
3 0.007267441860465116
2 0.007267441860465116
doc : 18
4 0.9215116279069767
5 0.013081395348837208
0 0.011627906976744186
6 0.00872093023255814
3 0.00872093023255814
9 0.007267441860465116
8 0.007267441860465116
7 0.007267441860465116
2 0.007267441860465116
1 0.007267441860465116
doc : 19
0 0.8619631901840491
9 0.015337423312883436
8 0.015337423312883436
7 0.015337423312883436
6 0.015337423312883436
5 0.015337423312883436
4 0.015337423312883436
3 0.015337423312883436
2 0.015337423312883436
1 0.015337423312883436
doc : 20
0 0.8753315649867374
2 0.015915119363395226
1 0.015915119363395226
9 0.01326259946949602
8 0.01326259946949602
7 0.01326259946949602
6 0.01326259946949602
5 0.01326259946949602
4 0.01326259946949602
3 0.01326259946949602
doc : 21
0 0.8756613756613756
4 0.015873015873015872
2 0.015873015873015872
9 0.013227513227513227
8 0.013227513227513227
7 0.013227513227513227
6 0.013227513227513227
5 0.013227513227513227
3 0.013227513227513227
1 0.013227513227513227
doc : 22
0 0.873015873015873
8 0.018518518518518517
3 0.015873015873015872
9 0.013227513227513227
7 0.013227513227513227
6 0.013227513227513227
5 0.013227513227513227
4 0.013227513227513227
2 0.013227513227513227
1 0.013227513227513227
doc : 23
0 0.8736842105263157
8 0.018421052631578946
2 0.015789473684210527
9 0.013157894736842105
7 0.013157894736842105
6 0.013157894736842105
5 0.013157894736842105
4 0.013157894736842105
3 0.013157894736842105
1 0.013157894736842105
doc : 24
0 0.8495297805642633
8 0.0219435736677116
3 0.018808777429467086
9 0.01567398119122257
7 0.01567398119122257
6 0.01567398119122257
5 0.01567398119122257
4 0.01567398119122257
2 0.01567398119122257
1 0.01567398119122257
doc : 25
0 0.873015873015873
8 0.015873015873015872
5 0.015873015873015872
1 0.015873015873015872
9 0.013227513227513227
7 0.013227513227513227
6 0.013227513227513227
4 0.013227513227513227
3 0.013227513227513227
2 0.013227513227513227
doc : 26
0 0.8766404199475065
8 0.015748031496062992
6 0.015748031496062992
9 0.013123359580052493
7 0.013123359580052493
5 0.013123359580052493
4 0.013123359580052493
3 0.013123359580052493
2 0.013123359580052493
1 0.013123359580052493
doc : 27
7 0.7666666666666667
2 0.04
1 0.03666666666666667
4 0.030000000000000002
8 0.02666666666666667
6 0.023333333333333334
3 0.023333333333333334
0 0.02
9 0.016666666666666666
5 0.016666666666666666
doc : 28
6 0.926448362720403
5 0.01964735516372796
9 0.014609571788413097
1 0.010579345088161208
4 0.007052896725440806
7 0.005037783375314861
3 0.004534005037783375
2 0.004534005037783375
0 0.004030226700251889
8 0.003526448362720403
doc : 29
8 0.7154308617234468
7 0.06412825651302605
2 0.052104208416833664
0 0.03607214428857715
6 0.03006012024048096
9 0.028056112224448895
5 0.022044088176352703
3 0.022044088176352703
4 0.01603206412825651
1 0.014028056112224447
doc : 30
0 0.8130434782608695
4 0.06086956521739131
7 0.026086956521739132
2 0.02463768115942029
1 0.015942028985507246
9 0.014492753623188406
6 0.014492753623188406
8 0.011594202898550725
3 0.010144927536231883
5 0.008695652173913044
doc : 31
0 0.8911290322580645
8 0.01814516129032258
7 0.012096774193548387
5 0.012096774193548387
4 0.012096774193548387
2 0.012096774193548387
1 0.012096774193548387
9 0.010080645161290322
6 0.010080645161290322
3 0.010080645161290322
doc : 32
5 0.7698270721526536
6 0.1246273106738223
2 0.02504472271914132
3 0.017889087656529516
8 0.014311270125223614
1 0.014311270125223614
9 0.013118664281454978
4 0.007751937984496124
7 0.007155635062611807
0 0.005963029218843172
doc : 33
6 0.7927461139896373
2 0.09455958549222798
3 0.02849740932642487
4 0.022020725388601038
8 0.014248704663212436
0 0.01295336787564767
7 0.011658031088082901
9 0.009067357512953369
5 0.007772020725388601
1 0.006476683937823835
doc : 34
2 0.7072243346007605
3 0.058935361216730035
7 0.043726235741444866
1 0.04182509505703422
0 0.04182509505703422
5 0.026615969581749048
4 0.026615969581749048
8 0.022813688212927757
9 0.017110266159695818
6 0.013307984790874524
doc : 35
7 0.8279569892473119
3 0.06451612903225806
5 0.016897081413210446
9 0.015360983102918587
0 0.015360983102918587
8 0.01228878648233487
6 0.01228878648233487
4 0.01228878648233487
2 0.01228878648233487
1 0.010752688172043012
doc : 36
1 0.900163666121113
3 0.016366612111292964
4 0.014729950900163666
8 0.011456628477905075
0 0.011456628477905075
9 0.009819967266775777
7 0.009819967266775777
5 0.009819967266775777
6 0.008183306055646482
2 0.008183306055646482
doc : 37
9 0.4512820512820513
6 0.20512820512820512
5 0.11794871794871795
2 0.05384615384615385
1 0.046153846153846156
7 0.041025641025641026
3 0.03076923076923077
4 0.023076923076923078
8 0.015384615384615385
0 0.015384615384615385
doc : 38
9 0.3301282051282051
2 0.16666666666666666
6 0.10256410256410256
8 0.08974358974358974
3 0.08974358974358974
5 0.08012820512820512
7 0.05448717948717949
0 0.035256410256410256
4 0.028846153846153844
1 0.022435897435897436
doc : 39
1 0.977577890757398
4 0.0043019163081736405
3 0.0035197497066875244
7 0.003128666405944466
8 0.0023464998044583495
9 0.002216138704210663
2 0.0019554165037152915
0 0.0019554165037152915
5 0.001564333202972233
6 0.001433972102724547
doc : 40
2 0.8144578313253013
5 0.03614457831325302
9 0.026506024096385545
3 0.024096385542168676
6 0.02168674698795181
4 0.01927710843373494
8 0.014457831325301207
7 0.014457831325301207
1 0.014457831325301207
0 0.014457831325301207
doc : 41
3 0.9470899470899471
2 0.010582010582010581
5 0.009826152683295541
9 0.006046863189720333
6 0.005291005291005291
8 0.0045351473922902496
7 0.0045351473922902496
1 0.0045351473922902496
4 0.003779289493575208
0 0.003779289493575208
doc : 42
3 0.8253783469150174
0 0.05587892898719441
2 0.05238649592549476
7 0.012805587892898719
8 0.011641443538998836
4 0.010477299185098952
6 0.009313154831199068
5 0.009313154831199068
9 0.006984866123399301
1 0.005820721769499418
doc : 43
0 0.8353413654618473
4 0.07429718875502007
7 0.012048192771084336
6 0.012048192771084336
5 0.012048192771084336
3 0.012048192771084336
1 0.012048192771084336
9 0.010040160642570281
8 0.010040160642570281
2 0.010040160642570281
doc : 44
5 0.5737704918032787
0 0.21402550091074682
8 0.17941712204007285
4 0.006830601092896175
2 0.005919854280510018
9 0.00546448087431694
6 0.004553734061930784
3 0.004553734061930784
7 0.00273224043715847
1 0.00273224043715847
doc : 45
0 0.8364008179959102
4 0.06339468302658487
2 0.018404907975460124
6 0.014314928425357875
3 0.014314928425357875
8 0.01226993865030675
9 0.010224948875255624
7 0.010224948875255624
5 0.010224948875255624
1 0.010224948875255624
doc : 46
5 0.12280701754385964
2 0.12280701754385964
8 0.10526315789473684
6 0.10526315789473684
3 0.10526315789473684
9 0.08771929824561403
7 0.08771929824561403
4 0.08771929824561403
1 0.08771929824561403
0 0.08771929824561403
doc : 47
3 0.1511627906976744
5 0.12790697674418605
7 0.11627906976744186
4 0.11627906976744186
6 0.10465116279069767
0 0.10465116279069767
9 0.08139534883720931
8 0.06976744186046512
1 0.06976744186046512
2 0.05813953488372093
doc : 48
9 0.909235668789809
3 0.014331210191082803
7 0.011146496815286625
5 0.011146496815286625
2 0.011146496815286625
1 0.009554140127388536
0 0.009554140127388536
8 0.007961783439490446
6 0.007961783439490446
4 0.007961783439490446
doc : 49
8 0.46969696969696967
1 0.2626262626262626
4 0.10437710437710437
7 0.0303030303030303
5 0.026936026936026935
3 0.02356902356902357
0 0.02356902356902357
9 0.0202020202020202
2 0.0202020202020202
6 0.018518518518518517
