doc : 0
5 0.38372093023255816
3 0.09302325581395349
1 0.08139534883720931
9 0.06976744186046512
7 0.06976744186046512
4 0.06976744186046512
8 0.05813953488372093
6 0.05813953488372093
2 0.05813953488372093
0 0.05813953488372093
doc : 1
5 0.44630872483221473
4 0.4060402684563758
9 0.031879194630872486
8 0.026845637583892617
6 0.02348993288590604
2 0.016778523489932886
3 0.013422818791946308
0 0.013422818791946308
7 0.01174496644295302
1 0.010067114093959731
doc : 2
4 0.8253424657534246
6 0.023972602739726026
5 0.023972602739726026
9 0.02054794520547945
0 0.02054794520547945
8 0.017123287671232876
7 0.017123287671232876
3 0.017123287671232876
2 0.017123287671232876
1 0.017123287671232876
doc : 3
4 0.7477477477477478
8 0.04054054054054054
5 0.036036036036036036
6 0.02702702702702703
3 0.02702702702702703
2 0.02702702702702703
0 0.02702702702702703
9 0.02252252252252252
7 0.02252252252252252
1 0.02252252252252252
doc : 4
4 0.8403908794788274
3 0.02280130293159609
8 0.01954397394136808
0 0.01954397394136808
9 0.016286644951140065
7 0.016286644951140065
6 0.016286644951140065
5 0.016286644951140065
2 0.016286644951140065
1 0.016286644951140065
doc : 5
4 0.8355704697986577
8 0.02348993288590604
7 0.020134228187919462
3 0.020134228187919462
9 0.016778523489932886
6 0.016778523489932886
5 0.016778523489932886
2 0.016778523489932886
1 0.016778523489932886
0 0.016778523489932886
doc : 6
4 0.8388157894736842
8 0.023026315789473683
5 0.019736842105263157
0 0.019736842105263157
9 0.01644736842105263
7 0.01644736842105263
6 0.01644736842105263
3 0.01644736842105263
2 0.01644736842105263
1 0.01644736842105263
doc : 7
4 0.8344370860927153
8 0.026490066225165563
5 0.023178807947019868
9 0.016556291390728478
7 0.016556291390728478
6 0.016556291390728478
3 0.016556291390728478
2 0.016556291390728478
1 0.016556291390728478
0 0.016556291390728478
doc : 8
5 0.8052738336713996
6 0.055780933062880324
9 0.04563894523326572
4 0.02231237322515213
8 0.018255578093306288
3 0.016227180527383367
0 0.012170385395537525
2 0.009127789046653144
1 0.008113590263691683
7 0.007099391480730223
doc : 9
6 0.7518796992481203
5 0.13345864661654133
8 0.022556390977443608
3 0.018796992481203006
4 0.015037593984962405
1 0.015037593984962405
9 0.013157894736842105
7 0.011278195488721804
2 0.009398496240601503
0 0.009398496240601503
doc : 10
5 0.7039800995024875
9 0.05472636815920398
8 0.0472636815920398
4 0.04477611940298507
3 0.03731343283582089
1 0.03482587064676617
0 0.02736318407960199
7 0.022388059701492536
6 0.014925373134328358
2 0.01243781094527363
doc : 11
5 0.37209302325581395
3 0.10465116279069767
0 0.09302325581395349
9 0.06976744186046512
8 0.06976744186046512
7 0.05813953488372093
6 0.05813953488372093
4 0.05813953488372093
2 0.05813953488372093
1 0.05813953488372093
doc : 12
1 0.9523809523809523
8 0.011505273250239693
4 0.007031000319590924
6 0.006711409395973154
3 0.006072227548737616
9 0.005113454777884308
5 0.0031959092361776927
7 0.0028763183125599234
2 0.002556727388942154
0 0.002556727388942154
doc : 13
9 0.49645390070921985
3 0.09929078014184398
8 0.07801418439716312
5 0.06382978723404255
1 0.05673758865248227
7 0.0425531914893617
4 0.0425531914893617
2 0.0425531914893617
0 0.0425531914893617
6 0.035460992907801414
doc : 14
3 0.6685499058380414
8 0.09416195856873823
4 0.06967984934086628
5 0.06779661016949153
6 0.022598870056497175
9 0.018832391713747645
0 0.018832391713747645
2 0.01694915254237288
7 0.011299435028248588
1 0.011299435028248588
doc : 15
3 0.6597222222222222
8 0.05555555555555555
4 0.05555555555555555
6 0.05208333333333333
5 0.034722222222222224
0 0.034722222222222224
1 0.03125
7 0.027777777777777776
9 0.024305555555555552
2 0.024305555555555552
doc : 16
3 0.8966480446927375
4 0.015363128491620113
8 0.013966480446927375
6 0.012569832402234637
5 0.0111731843575419
1 0.0111731843575419
0 0.0111731843575419
9 0.009776536312849162
7 0.009776536312849162
2 0.008379888268156424
doc : 17
4 0.8436482084690554
7 0.01954397394136808
5 0.01954397394136808
0 0.01954397394136808
9 0.016286644951140065
8 0.016286644951140065
6 0.016286644951140065
3 0.016286644951140065
2 0.016286644951140065
1 0.016286644951140065
doc : 18
4 0.8322147651006712
3 0.026845637583892617
8 0.020134228187919462
0 0.020134228187919462
9 0.016778523489932886
7 0.016778523489932886
6 0.016778523489932886
5 0.016778523489932886
2 0.016778523489932886
1 0.016778523489932886
doc : 19
6 0.821875
5 0.028125
4 0.025
0 0.021875000000000002
8 0.018750000000000003
3 0.018750000000000003
1 0.018750000000000003
9 0.015625
7 0.015625
2 0.015625
doc : 20
6 0.8369905956112852
3 0.0219435736677116
9 0.018808777429467086
8 0.018808777429467086
5 0.018808777429467086
4 0.018808777429467086
1 0.018808777429467086
7 0.01567398119122257
2 0.01567398119122257
0 0.01567398119122257
doc : 21
5 0.46413502109704635
4 0.270042194092827
6 0.050632911392405056
0 0.050632911392405056
1 0.03375527426160337
8 0.02953586497890295
3 0.02953586497890295
9 0.025316455696202528
7 0.025316455696202528
2 0.02109704641350211
doc : 22
5 0.515625
4 0.10416666666666666
8 0.07291666666666666
6 0.07291666666666666
3 0.05208333333333333
0 0.05208333333333333
1 0.041666666666666664
9 0.03645833333333333
7 0.026041666666666664
2 0.026041666666666664
doc : 23
4 0.7896678966789668
8 0.03690036900369004
0 0.02952029520295203
7 0.025830258302583026
9 0.02214022140221402
3 0.02214022140221402
6 0.01845018450184502
5 0.01845018450184502
2 0.01845018450184502
1 0.01845018450184502
doc : 24
4 0.8209876543209876
5 0.033950617283950615
3 0.024691358024691357
0 0.021604938271604937
9 0.018518518518518517
1 0.018518518518518517
8 0.015432098765432098
7 0.015432098765432098
6 0.015432098765432098
2 0.015432098765432098
doc : 25
4 0.7729257641921397
8 0.034934497816593885
9 0.026200873362445413
6 0.026200873362445413
5 0.026200873362445413
3 0.026200873362445413
7 0.021834061135371178
2 0.021834061135371178
1 0.021834061135371178
0 0.021834061135371178
doc : 26
4 0.632183908045977
5 0.11877394636015325
8 0.06896551724137931
6 0.034482758620689655
9 0.026819923371647507
2 0.026819923371647507
0 0.026819923371647507
3 0.022988505747126436
1 0.022988505747126436
7 0.019157088122605363
doc : 27
3 0.888268156424581
4 0.019553072625698324
8 0.018156424581005588
9 0.015363128491620113
6 0.013966480446927375
5 0.0111731843575419
1 0.009776536312849162
7 0.008379888268156424
0 0.008379888268156424
2 0.006983240223463688
doc : 28
5 0.3488372093023256
3 0.10465116279069767
8 0.08139534883720931
6 0.08139534883720931
9 0.06976744186046512
1 0.06976744186046512
0 0.06976744186046512
7 0.05813953488372093
4 0.05813953488372093
2 0.05813953488372093
doc : 29
9 0.8245614035087718
4 0.045112781954887216
0 0.02756892230576441
6 0.017543859649122806
5 0.017543859649122806
8 0.015037593984962405
2 0.015037593984962405
7 0.012531328320802004
3 0.012531328320802004
1 0.012531328320802004
doc : 30
9 0.8291457286432161
4 0.05025125628140704
8 0.017587939698492462
5 0.017587939698492462
6 0.01507537688442211
3 0.01507537688442211
2 0.01507537688442211
1 0.01507537688442211
7 0.01256281407035176
0 0.01256281407035176
doc : 31
8 0.8977853492333902
3 0.020442930153321978
4 0.017035775127768313
0 0.013628620102214651
9 0.008517887563884156
7 0.008517887563884156
6 0.008517887563884156
5 0.008517887563884156
2 0.008517887563884156
1 0.008517887563884156
doc : 32
8 0.9046793760831888
4 0.01733102253032929
3 0.012131715771230503
0 0.012131715771230503
1 0.010398613518197573
9 0.008665511265164644
7 0.008665511265164644
6 0.008665511265164644
5 0.008665511265164644
2 0.008665511265164644
doc : 33
8 0.8931159420289855
4 0.018115942028985508
3 0.014492753623188406
0 0.014492753623188406
9 0.012681159420289856
6 0.010869565217391304
7 0.009057971014492754
5 0.009057971014492754
2 0.009057971014492754
1 0.009057971014492754
doc : 34
2 0.5076495132127955
0 0.39221140472878996
4 0.018080667593880387
7 0.016689847009735744
8 0.015299026425591097
6 0.011126564673157162
3 0.011126564673157162
1 0.011126564673157162
9 0.008344923504867872
5 0.008344923504867872
doc : 35
0 0.9020217729393468
6 0.015552099533437013
4 0.015552099533437013
8 0.01088646967340591
3 0.01088646967340591
2 0.01088646967340591
5 0.00933125972006221
1 0.00933125972006221
9 0.0077760497667185065
7 0.0077760497667185065
doc : 36
2 0.7931754874651811
0 0.16086350974930363
9 0.00766016713091922
7 0.006963788300835654
4 0.006267409470752089
1 0.006267409470752089
3 0.005571030640668524
8 0.004874651810584958
6 0.004178272980501393
5 0.004178272980501393
doc : 37
7 0.6938986556359876
0 0.23474663908996898
2 0.017580144777662877
4 0.011375387797311273
9 0.009307135470527405
8 0.009307135470527405
6 0.007238883143743538
5 0.006204756980351603
3 0.005170630816959669
1 0.005170630816959669
doc : 38
5 0.5704225352112676
1 0.06338028169014084
3 0.056338028169014086
7 0.04929577464788733
6 0.04929577464788733
0 0.04929577464788733
9 0.04225352112676056
8 0.04225352112676056
4 0.04225352112676056
2 0.035211267605633804
doc : 39
5 0.3372093023255814
3 0.10465116279069767
9 0.08139534883720931
0 0.08139534883720931
8 0.06976744186046512
6 0.06976744186046512
4 0.06976744186046512
1 0.06976744186046512
7 0.05813953488372093
2 0.05813953488372093
doc : 40
5 0.3372093023255814
0 0.11627906976744186
3 0.10465116279069767
9 0.06976744186046512
4 0.06976744186046512
1 0.06976744186046512
8 0.05813953488372093
7 0.05813953488372093
6 0.05813953488372093
2 0.05813953488372093
doc : 41
0 0.8211586901763224
5 0.027707808564231738
4 0.025188916876574305
8 0.022670025188916875
9 0.020151133501259445
2 0.020151133501259445
3 0.017632241813602016
1 0.017632241813602016
6 0.015113350125944584
7 0.012594458438287152
doc : 42
0 0.8700440528634362
8 0.024229074889867842
9 0.01762114537444934
6 0.015418502202643174
7 0.013215859030837006
3 0.013215859030837006
2 0.013215859030837006
5 0.011013215859030838
4 0.011013215859030838
1 0.011013215859030838
doc : 43
7 0.5875968992248062
0 0.32248062015503876
8 0.018604651162790697
5 0.012403100775193798
2 0.012403100775193798
6 0.010852713178294573
9 0.009302325581395349
4 0.009302325581395349
3 0.009302325581395349
1 0.007751937984496124
doc : 44
0 0.9132653061224489
9 0.015306122448979591
8 0.01020408163265306
4 0.01020408163265306
5 0.008928571428571428
3 0.008928571428571428
2 0.008928571428571428
1 0.008928571428571428
7 0.007653061224489796
6 0.007653061224489796
doc : 45
7 0.737962962962963
0 0.21574074074074076
4 0.008333333333333333
3 0.007407407407407408
9 0.006481481481481482
1 0.005555555555555556
8 0.004629629629629629
6 0.004629629629629629
5 0.004629629629629629
2 0.004629629629629629
doc : 46
8 0.8383838383838385
5 0.04924242424242425
9 0.02777777777777778
3 0.02398989898989899
4 0.01388888888888889
0 0.012626262626262628
6 0.010101010101010102
7 0.00883838383838384
2 0.00883838383838384
1 0.006313131313131314
doc : 47
8 0.6284153005464481
6 0.07650273224043716
5 0.06557377049180328
3 0.06375227686703097
9 0.04735883424408015
4 0.04007285974499089
2 0.03278688524590164
0 0.018214936247723135
7 0.014571948998178506
1 0.012750455373406192
doc : 48
9 0.6910229645093945
4 0.06471816283924843
3 0.050104384133611686
8 0.03549060542797494
5 0.03549060542797494
6 0.033402922755741124
1 0.033402922755741124
7 0.022964509394572022
0 0.018789144050104383
2 0.014613778705636741
doc : 49
5 0.3372093023255814
0 0.11627906976744186
3 0.10465116279069767
8 0.06976744186046512
6 0.06976744186046512
4 0.06976744186046512
9 0.05813953488372093
7 0.05813953488372093
2 0.05813953488372093
1 0.05813953488372093
