doc : 0
5 0.6288659793814433
6 0.06529209621993128
4 0.061855670103092786
2 0.044673539518900345
7 0.037800687285223365
8 0.03436426116838488
1 0.03436426116838488
9 0.030927835051546393
3 0.030927835051546393
0 0.030927835051546393
doc : 1
7 0.38848920863309355
5 0.10791366906474821
6 0.07913669064748202
1 0.07913669064748202
9 0.07194244604316546
0 0.07194244604316546
3 0.05755395683453238
2 0.05755395683453238
8 0.05035971223021583
4 0.03597122302158273
doc : 2
5 0.5855855855855856
0 0.11261261261261261
2 0.09009009009009009
4 0.04054054054054054
7 0.036036036036036036
8 0.03153153153153153
6 0.02702702702702703
3 0.02702702702702703
1 0.02702702702702703
9 0.02252252252252252
doc : 3
7 0.7289256198347107
0 0.18347107438016527
9 0.01818181818181818
2 0.013223140495867768
1 0.011570247933884297
6 0.009917355371900825
4 0.009917355371900825
8 0.008264462809917356
5 0.008264462809917356
3 0.008264462809917356
doc : 4
2 0.7023554603854391
0 0.2194860813704497
4 0.017130620985010708
1 0.01284796573875803
5 0.011777301927194861
3 0.010706638115631693
8 0.007494646680942184
9 0.006423982869379015
6 0.006423982869379015
7 0.005353319057815846
doc : 5
2 0.6214953271028038
0 0.2834890965732087
1 0.017133956386292833
7 0.01557632398753894
4 0.014018691588785047
9 0.010903426791277258
3 0.010903426791277258
6 0.009345794392523364
5 0.009345794392523364
8 0.00778816199376947
doc : 6
3 0.38271604938271603
7 0.19753086419753085
6 0.12345679012345678
4 0.06172839506172839
2 0.04938271604938271
8 0.043209876543209874
5 0.043209876543209874
0 0.037037037037037035
9 0.030864197530864196
1 0.030864197530864196
doc : 7
6 0.5850202429149798
1 0.11740890688259109
3 0.06275303643724696
4 0.05263157894736842
7 0.04048582995951417
2 0.032388663967611336
9 0.03036437246963563
5 0.03036437246963563
8 0.02834008097165992
0 0.020242914979757085
doc : 8
3 0.7513980681240467
1 0.21657346212506354
6 0.006100660904931368
2 0.006100660904931368
8 0.0035587188612099642
7 0.0035587188612099642
4 0.0035587188612099642
9 0.003050330452465684
5 0.003050330452465684
0 0.003050330452465684
doc : 9
0 0.8762254901960784
2 0.051470588235294115
4 0.012254901960784314
6 0.011029411764705881
5 0.00980392156862745
1 0.00980392156862745
9 0.007352941176470588
8 0.007352941176470588
7 0.007352941176470588
3 0.007352941176470588
doc : 10
2 0.634941329856584
0 0.288135593220339
4 0.01694915254237288
7 0.011734028683181226
3 0.010430247718383311
9 0.007822685788787483
8 0.007822685788787483
6 0.007822685788787483
1 0.007822685788787483
5 0.00651890482398957
doc : 11
2 0.8895833333333334
5 0.027083333333333334
0 0.022222222222222223
1 0.011111111111111112
9 0.010416666666666668
8 0.009027777777777779
7 0.009027777777777779
4 0.008333333333333333
3 0.0076388888888888895
6 0.005555555555555556
doc : 12
4 0.3247863247863248
5 0.2820512820512821
7 0.10683760683760685
8 0.07264957264957266
0 0.05128205128205129
6 0.042735042735042736
9 0.03418803418803419
2 0.03418803418803419
3 0.025641025641025644
1 0.025641025641025644
doc : 13
5 0.7384105960264901
2 0.04304635761589404
7 0.039735099337748346
4 0.033112582781456956
0 0.029801324503311258
9 0.026490066225165563
6 0.026490066225165563
3 0.023178807947019868
8 0.019867549668874173
1 0.019867549668874173
doc : 14
5 0.7609942638623327
4 0.06118546845124283
9 0.03632887189292543
2 0.03632887189292543
1 0.02294455066921606
7 0.021032504780114723
3 0.021032504780114723
8 0.019120458891013385
0 0.01147227533460803
6 0.009560229445506692
doc : 15
2 0.3689167974882261
0 0.2778649921507065
5 0.2025117739403454
7 0.04081632653061225
6 0.02197802197802198
9 0.020408163265306124
8 0.01883830455259027
4 0.01883830455259027
3 0.015698587127158558
1 0.0141287284144427
doc : 16
6 0.7297687861271676
1 0.1445086705202312
3 0.033236994219653176
4 0.026011560693641616
9 0.015895953757225433
7 0.013005780346820808
2 0.011560693641618497
8 0.010115606936416185
5 0.008670520231213872
0 0.0072254335260115606
doc : 17
5 0.35000000000000003
7 0.19722222222222224
8 0.08611111111111111
4 0.08055555555555556
2 0.06944444444444445
0 0.058333333333333334
9 0.04722222222222222
6 0.04722222222222222
1 0.04166666666666667
3 0.022222222222222223
doc : 18
8 0.6674418604651162
0 0.06976744186046512
6 0.044186046511627906
5 0.04186046511627907
1 0.037209302325581395
2 0.03255813953488372
7 0.030232558139534883
3 0.030232558139534883
9 0.027906976744186046
4 0.018604651162790697
doc : 19
6 0.5217391304347827
1 0.2835020845741513
3 0.0798094103633115
0 0.07623585467540203
5 0.008338296605122097
4 0.007742703990470519
7 0.0071471113758189405
9 0.006551518761167362
2 0.004764740917212627
8 0.004169148302561048
doc : 20
4 0.8256410256410256
9 0.035897435897435895
5 0.02564102564102564
8 0.018803418803418803
7 0.018803418803418803
0 0.018803418803418803
1 0.017094017094017096
6 0.015384615384615385
3 0.013675213675213675
2 0.010256410256410256
doc : 21
3 0.8776978417266187
1 0.020143884892086333
6 0.01870503597122302
9 0.014388489208633094
5 0.014388489208633094
4 0.012949640287769784
2 0.012949640287769784
0 0.012949640287769784
8 0.008633093525179856
7 0.007194244604316547
doc : 22
3 0.8821917808219178
5 0.01780821917808219
4 0.01780821917808219
1 0.01780821917808219
6 0.0136986301369863
2 0.0136986301369863
9 0.012328767123287671
7 0.009589041095890411
0 0.008219178082191782
8 0.00684931506849315
doc : 23
3 0.89501312335958
9 0.02099737532808399
4 0.014435695538057743
6 0.013123359580052493
5 0.013123359580052493
1 0.011811023622047244
8 0.009186351706036745
2 0.009186351706036745
7 0.006561679790026247
0 0.006561679790026247
doc : 24
1 0.8415470991890206
6 0.035558328134747345
9 0.032439176543980035
3 0.031815346225826574
7 0.014971927635683094
4 0.014348097317529632
0 0.012476606363069246
8 0.007485963817841547
2 0.0056144728633811605
5 0.0037429819089207735
doc : 25
6 0.6832844574780058
4 0.09824046920821114
3 0.093841642228739
1 0.0469208211143695
7 0.020527859237536656
9 0.013196480938416423
2 0.013196480938416423
8 0.011730205278592375
5 0.011730205278592375
0 0.007331378299120235
doc : 26
0 0.8685612788632328
2 0.026642984014209593
1 0.019538188277087035
3 0.015985790408525755
4 0.014209591474245116
7 0.012433392539964477
6 0.012433392539964477
5 0.012433392539964477
9 0.008880994671403197
8 0.008880994671403197
doc : 27
4 0.7112970711297071
3 0.05439330543933054
9 0.03765690376569037
7 0.03765690376569037
6 0.03347280334728033
2 0.03347280334728033
8 0.025104602510460247
1 0.025104602510460247
5 0.02092050209205021
0 0.02092050209205021
doc : 28
5 0.7644539614561028
0 0.04282655246252677
2 0.034261241970021415
9 0.029978586723768737
7 0.029978586723768737
4 0.029978586723768737
3 0.021413276231263385
1 0.017130620985010708
8 0.014989293361884369
6 0.014989293361884369
doc : 29
6 0.5101351351351351
9 0.17004504504504506
1 0.10022522522522523
5 0.05855855855855856
3 0.041666666666666664
4 0.039414414414414414
7 0.024774774774774775
2 0.024774774774774775
0 0.019144144144144143
8 0.01126126126126126
doc : 30
9 0.9243243243243244
3 0.010810810810810811
0 0.010810810810810811
5 0.00945945945945946
2 0.00945945945945946
1 0.008108108108108109
8 0.006756756756756757
7 0.006756756756756757
6 0.006756756756756757
4 0.006756756756756757
doc : 31
9 0.9135135135135135
6 0.013513513513513514
1 0.013513513513513514
4 0.012162162162162163
3 0.010810810810810811
7 0.008108108108108109
2 0.008108108108108109
8 0.006756756756756757
5 0.006756756756756757
0 0.006756756756756757
doc : 32
9 0.8596273291925466
1 0.037267080745341616
3 0.03354037267080746
6 0.01987577639751553
5 0.014906832298136646
4 0.007453416149068323
2 0.007453416149068323
0 0.007453416149068323
8 0.006211180124223603
7 0.006211180124223603
doc : 33
0 0.891651865008881
5 0.015985790408525755
4 0.014209591474245116
9 0.012433392539964477
7 0.012433392539964477
6 0.012433392539964477
3 0.010657193605683837
2 0.010657193605683837
1 0.010657193605683837
8 0.008880994671403197
doc : 34
6 0.5437415881561238
1 0.22678331090174966
0 0.10497981157469717
3 0.08882907133243607
9 0.010767160161507403
7 0.005383580080753701
2 0.005383580080753701
8 0.004710632570659489
5 0.004710632570659489
4 0.004710632570659489
doc : 35
3 0.879458794587946
9 0.02706027060270603
6 0.01845018450184502
2 0.01845018450184502
1 0.013530135301353014
4 0.011070110701107012
5 0.00984009840098401
7 0.008610086100861008
8 0.007380073800738008
0 0.006150061500615006
doc : 36
8 0.9182590233545648
5 0.014861995753715499
6 0.012738853503184714
7 0.009554140127388535
2 0.009554140127388535
3 0.008492569002123142
9 0.0074309978768577496
0 0.0074309978768577496
1 0.006369426751592357
4 0.005307855626326964
doc : 37
1 0.20640569395017794
3 0.199288256227758
6 0.18149466192170818
4 0.12455516014234874
8 0.10320284697508897
9 0.07473309608540925
7 0.042704626334519574
5 0.028469750889679714
2 0.021352313167259787
0 0.01779359430604982
doc : 38
6 0.6352
3 0.1184
1 0.096
5 0.04
9 0.024
4 0.024
8 0.0176
0 0.0176
7 0.016
2 0.0112
doc : 39
9 0.9198369565217391
1 0.012228260869565216
6 0.010869565217391304
0 0.010869565217391304
7 0.009510869565217392
5 0.008152173913043478
4 0.008152173913043478
8 0.006793478260869565
3 0.006793478260869565
2 0.006793478260869565
doc : 40
3 0.5736961451247166
1 0.20408163265306123
0 0.06802721088435375
6 0.04081632653061225
7 0.0272108843537415
5 0.022675736961451247
9 0.018140589569160998
4 0.018140589569160998
8 0.015873015873015872
2 0.011337868480725623
doc : 41
3 0.47099447513812154
1 0.4530386740331491
7 0.012430939226519336
6 0.011049723756906077
5 0.009668508287292817
4 0.009668508287292817
2 0.009668508287292817
9 0.008287292817679558
0 0.008287292817679558
8 0.006906077348066298
doc : 42
1 0.46121883656509693
3 0.45290858725761773
6 0.015235457063711912
4 0.013850415512465374
7 0.0110803324099723
0 0.0110803324099723
8 0.009695290858725761
9 0.008310249307479225
5 0.008310249307479225
2 0.008310249307479225
doc : 43
3 0.5034722222222222
1 0.4305555555555555
9 0.011574074074074073
6 0.010416666666666666
7 0.009259259259259259
0 0.008101851851851851
8 0.006944444444444444
5 0.006944444444444444
4 0.006944444444444444
2 0.005787037037037037
doc : 44
3 0.8903225806451613
9 0.01806451612903226
2 0.015483870967741935
6 0.014193548387096775
1 0.012903225806451613
5 0.01161290322580645
4 0.01032258064516129
0 0.01032258064516129
8 0.00903225806451613
7 0.007741935483870968
doc : 45
9 0.8729559748427672
1 0.031446540880503145
3 0.025157232704402514
6 0.02012578616352201
4 0.010062893081761006
7 0.00880503144654088
5 0.00880503144654088
0 0.00880503144654088
2 0.007547169811320755
8 0.006289308176100628
doc : 46
5 0.3026874115983027
3 0.2164073550212164
6 0.17114568599717114
7 0.08910891089108912
9 0.07637906647807638
1 0.07496463932107497
8 0.021216407355021217
0 0.019801980198019802
4 0.014144271570014145
2 0.014144271570014145
doc : 47
4 0.6825396825396826
6 0.06746031746031746
3 0.05555555555555555
7 0.04365079365079365
5 0.03571428571428571
9 0.023809523809523808
8 0.023809523809523808
1 0.023809523809523808
0 0.023809523809523808
2 0.01984126984126984
doc : 48
7 0.7574626865671642
5 0.04477611940298507
3 0.033582089552238806
4 0.029850746268656716
2 0.026119402985074626
0 0.026119402985074626
9 0.022388059701492536
8 0.022388059701492536
6 0.018656716417910446
1 0.018656716417910446
doc : 49
7 0.511737089201878
6 0.0892018779342723
0 0.0892018779342723
9 0.06572769953051644
8 0.056338028169014086
2 0.051643192488262914
1 0.046948356807511735
4 0.03755868544600939
5 0.028169014084507043
3 0.023474178403755867
