doc : 0
7 0.7886178861788619
4 0.032520325203252036
0 0.02845528455284553
5 0.024390243902439025
3 0.024390243902439025
9 0.020325203252032523
8 0.020325203252032523
6 0.020325203252032523
2 0.020325203252032523
1 0.020325203252032523
doc : 1
7 0.7804878048780488
4 0.02845528455284553
3 0.02845528455284553
1 0.02845528455284553
6 0.024390243902439025
5 0.024390243902439025
0 0.024390243902439025
9 0.020325203252032523
8 0.020325203252032523
2 0.020325203252032523
doc : 2
7 0.5056179775280899
8 0.11235955056179775
0 0.07303370786516854
5 0.06741573033707865
2 0.05056179775280899
4 0.0449438202247191
3 0.03932584269662921
1 0.03932584269662921
9 0.033707865168539325
6 0.033707865168539325
doc : 3
4 0.4069767441860465
6 0.08139534883720931
5 0.08139534883720931
8 0.06976744186046512
1 0.06976744186046512
9 0.05813953488372093
7 0.05813953488372093
3 0.05813953488372093
2 0.05813953488372093
0 0.05813953488372093
doc : 4
4 0.45348837209302323
0 0.08139534883720931
9 0.05813953488372093
8 0.05813953488372093
7 0.05813953488372093
6 0.05813953488372093
5 0.05813953488372093
3 0.05813953488372093
2 0.05813953488372093
1 0.05813953488372093
doc : 5
4 0.4069767441860465
5 0.08139534883720931
0 0.08139534883720931
8 0.06976744186046512
2 0.06976744186046512
9 0.05813953488372093
7 0.05813953488372093
6 0.05813953488372093
3 0.05813953488372093
1 0.05813953488372093
doc : 6
8 0.39748953974895396
9 0.1715481171548117
4 0.09623430962343095
0 0.09623430962343095
2 0.06694560669456066
7 0.03765690376569037
6 0.03765690376569037
5 0.03765690376569037
1 0.03347280334728033
3 0.025104602510460247
doc : 7
4 0.5038759689922481
2 0.07751937984496124
5 0.06976744186046512
3 0.06201550387596899
0 0.06201550387596899
9 0.046511627906976744
8 0.046511627906976744
7 0.046511627906976744
1 0.046511627906976744
6 0.03875968992248062
doc : 8
5 0.837471783295711
8 0.024830699774266364
0 0.02257336343115124
1 0.020316027088036117
7 0.01805869074492099
3 0.01805869074492099
9 0.015801354401805866
4 0.015801354401805866
6 0.013544018058690745
2 0.013544018058690745
doc : 9
5 0.8513513513513513
7 0.02702702702702703
8 0.02027027027027027
9 0.018018018018018018
4 0.018018018018018018
3 0.015765765765765764
2 0.013513513513513514
0 0.013513513513513514
6 0.01126126126126126
1 0.01126126126126126
doc : 10
3 0.950592885375494
8 0.00691699604743083
0 0.00691699604743083
1 0.005928853754940711
9 0.004940711462450592
7 0.004940711462450592
6 0.004940711462450592
5 0.004940711462450592
4 0.004940711462450592
2 0.004940711462450592
doc : 11
3 0.9487179487179487
5 0.008205128205128205
1 0.006153846153846154
0 0.006153846153846154
9 0.005128205128205128
8 0.005128205128205128
7 0.005128205128205128
6 0.005128205128205128
4 0.005128205128205128
2 0.005128205128205128
doc : 12
3 0.951819075712881
8 0.00688298918387414
5 0.0058997050147492625
2 0.0058997050147492625
9 0.004916420845624386
7 0.004916420845624386
6 0.004916420845624386
4 0.004916420845624386
1 0.004916420845624386
0 0.004916420845624386
doc : 13
3 0.952755905511811
7 0.006889763779527559
0 0.005905511811023622
9 0.004921259842519685
8 0.004921259842519685
6 0.004921259842519685
5 0.004921259842519685
4 0.004921259842519685
2 0.004921259842519685
1 0.004921259842519685
doc : 14
4 0.45348837209302323
8 0.06976744186046512
6 0.06976744186046512
9 0.05813953488372093
7 0.05813953488372093
5 0.05813953488372093
3 0.05813953488372093
2 0.05813953488372093
1 0.05813953488372093
0 0.05813953488372093
doc : 15
7 0.9066366704161981
8 0.02362204724409449
6 0.014623172103487066
5 0.010123734533183354
3 0.010123734533183354
9 0.008998875140607425
0 0.007874015748031496
2 0.006749156355455569
4 0.005624296962879641
1 0.005624296962879641
doc : 16
0 0.8878878878878879
5 0.023023023023023025
4 0.015015015015015015
8 0.014014014014014014
7 0.014014014014014014
6 0.012012012012012012
9 0.011011011011011011
2 0.01001001001001001
3 0.007007007007007007
1 0.006006006006006006
doc : 17
8 0.3508771929824561
0 0.22456140350877193
4 0.12631578947368421
5 0.07719298245614035
7 0.05964912280701754
3 0.042105263157894736
2 0.042105263157894736
9 0.03508771929824561
6 0.02456140350877193
1 0.017543859649122806
doc : 18
4 0.3953488372093023
8 0.09302325581395349
5 0.06976744186046512
3 0.06976744186046512
2 0.06976744186046512
1 0.06976744186046512
9 0.05813953488372093
7 0.05813953488372093
6 0.05813953488372093
0 0.05813953488372093
doc : 19
6 0.831715210355987
1 0.10679611650485436
5 0.010787486515641855
8 0.009708737864077669
0 0.008629989212513484
4 0.007551240560949298
2 0.007551240560949298
9 0.006472491909385113
7 0.005393743257820927
3 0.005393743257820927
doc : 20
0 0.8203592814371258
9 0.02694610778443114
4 0.02694610778443114
8 0.02095808383233533
6 0.02095808383233533
5 0.017964071856287428
2 0.017964071856287428
1 0.017964071856287428
7 0.014970059880239521
3 0.014970059880239521
doc : 21
0 0.8363636363636363
4 0.02727272727272727
7 0.024242424242424242
6 0.01818181818181818
2 0.01818181818181818
9 0.015151515151515152
8 0.015151515151515152
5 0.015151515151515152
3 0.015151515151515152
1 0.015151515151515152
doc : 22
6 0.625
5 0.11403508771929824
0 0.09429824561403508
8 0.041666666666666664
9 0.02631578947368421
3 0.02631578947368421
7 0.019736842105263157
4 0.019736842105263157
2 0.019736842105263157
1 0.013157894736842105
doc : 23
0 0.8916363636363636
6 0.02327272727272727
4 0.01818181818181818
1 0.017454545454545452
8 0.015272727272727271
5 0.012363636363636363
9 0.006545454545454545
2 0.006545454545454545
7 0.004363636363636363
3 0.004363636363636363
doc : 24
4 0.7032258064516129
0 0.11612903225806452
6 0.0929032258064516
1 0.02967741935483871
5 0.014193548387096775
9 0.01032258064516129
8 0.00903225806451613
2 0.00903225806451613
7 0.007741935483870968
3 0.007741935483870968
doc : 25
1 0.9335539714867617
0 0.029786150712830955
6 0.01731160896130346
9 0.004582484725050916
8 0.0038187372708757632
5 0.003054989816700611
4 0.002291242362525458
7 0.002036659877800407
2 0.002036659877800407
3 0.0015274949083503055
doc : 26
1 0.9447756510825227
0 0.02541575149042987
6 0.006903043614684656
4 0.005334170065892689
8 0.003765296517100721
5 0.003765296517100721
9 0.002823972387825541
2 0.002823972387825541
7 0.0025101976780671476
3 0.0018826482585503606
doc : 27
0 0.5548387096774193
4 0.0967741935483871
8 0.0935483870967742
5 0.07096774193548387
2 0.03870967741935484
7 0.03225806451612903
6 0.03225806451612903
3 0.03225806451612903
1 0.02903225806451613
9 0.01935483870967742
doc : 28
4 0.5168067226890756
5 0.17857142857142858
7 0.06302521008403361
2 0.052521008403361345
8 0.04621848739495798
0 0.03361344537815126
6 0.031512605042016806
9 0.0273109243697479
3 0.0273109243697479
1 0.02310924369747899
doc : 29
2 0.8624100719424461
9 0.03147482014388489
6 0.024280575539568347
1 0.018884892086330936
8 0.0170863309352518
7 0.013489208633093526
4 0.009892086330935253
5 0.008992805755395683
3 0.007194244604316547
0 0.006294964028776979
doc : 30
2 0.34732824427480913
9 0.24427480916030533
4 0.1412213740458015
7 0.05725190839694656
8 0.05343511450381679
6 0.04198473282442748
5 0.030534351145038167
3 0.030534351145038167
1 0.030534351145038167
0 0.022900763358778626
doc : 31
0 0.4224137931034483
6 0.34913793103448276
4 0.04741379310344827
1 0.03879310344827586
8 0.034482758620689655
9 0.021551724137931036
7 0.021551724137931036
5 0.021551724137931036
3 0.021551724137931036
2 0.021551724137931036
doc : 32
0 0.4043478260869565
6 0.33043478260869563
4 0.05652173913043478
5 0.0391304347826087
7 0.034782608695652174
3 0.034782608695652174
2 0.030434782608695653
1 0.026086956521739132
9 0.021739130434782608
8 0.021739130434782608
doc : 33
0 0.6887115165336374
6 0.09236031927023945
1 0.05017103762827822
9 0.04446978335233752
4 0.04446978335233752
8 0.018244013683010263
3 0.01710376282782212
2 0.01596351197263398
7 0.014823261117445839
5 0.013683010262257697
doc : 34
5 0.585
0 0.11
4 0.09875
8 0.06125
9 0.04625
2 0.0275
6 0.02625
7 0.025
1 0.0125
3 0.0075
doc : 35
8 0.5177304964539007
4 0.09929078014184398
9 0.09219858156028368
0 0.05673758865248227
5 0.05319148936170213
7 0.0425531914893617
6 0.03900709219858156
2 0.035460992907801414
3 0.031914893617021274
1 0.031914893617021274
doc : 36
8 0.3283582089552239
0 0.20398009950248755
1 0.14925373134328357
4 0.1144278606965174
5 0.09950248756218905
2 0.02736318407960199
7 0.02487562189054726
6 0.022388059701492536
9 0.017412935323383085
3 0.01243781094527363
doc : 37
8 0.526605504587156
9 0.23486238532110093
4 0.060550458715596334
5 0.04036697247706422
0 0.03486238532110092
2 0.027522935779816515
7 0.023853211009174313
6 0.01834862385321101
3 0.01651376146788991
1 0.01651376146788991
doc : 38
9 0.8977505112474439
5 0.016359918200409
8 0.015337423312883437
2 0.015337423312883437
6 0.013292433537832313
7 0.011247443762781187
4 0.009202453987730062
3 0.009202453987730062
0 0.0071574642126789375
1 0.005112474437627812
doc : 39
0 0.7539267015706806
1 0.06282722513089006
6 0.044502617801047126
8 0.02617801047120419
7 0.02356020942408377
4 0.02356020942408377
5 0.018324607329842934
3 0.018324607329842934
9 0.015706806282722516
2 0.013089005235602094
doc : 40
0 0.7671957671957672
6 0.06084656084656084
1 0.05026455026455026
4 0.023809523809523808
8 0.018518518518518517
5 0.018518518518518517
7 0.015873015873015872
3 0.015873015873015872
2 0.015873015873015872
9 0.013227513227513227
doc : 41
4 0.6965399886557005
0 0.17867271695972775
1 0.032898468519568916
9 0.024390243902439025
8 0.02268859897901305
5 0.016449234259784458
6 0.009075439591605219
7 0.008508224617129892
2 0.005672149744753262
3 0.005104934770277935
doc : 42
0 0.5924764890282131
1 0.12539184952978055
8 0.07836990595611285
6 0.04702194357366771
5 0.04075235109717868
9 0.034482758620689655
7 0.025078369905956112
3 0.0219435736677116
4 0.018808777429467086
2 0.01567398119122257
doc : 43
0 0.5078369905956113
8 0.21003134796238243
9 0.06896551724137931
6 0.0438871473354232
5 0.0438871473354232
2 0.034482758620689655
1 0.028213166144200625
3 0.025078369905956112
7 0.0219435736677116
4 0.01567398119122257
doc : 44
2 0.6981132075471698
9 0.08962264150943396
4 0.03773584905660377
0 0.03537735849056604
1 0.0330188679245283
6 0.02830188679245283
7 0.023584905660377357
8 0.02122641509433962
5 0.018867924528301886
3 0.014150943396226415
doc : 45
4 0.5513307984790875
9 0.24334600760456274
7 0.060836501901140684
2 0.03612167300380228
8 0.028517110266159697
0 0.022813688212927757
5 0.019011406844106463
6 0.015209125475285171
1 0.013307984790874524
3 0.009505703422053232
doc : 46
8 0.8494623655913978
7 0.051373954599761046
5 0.025089605734767022
2 0.015531660692951015
0 0.015531660692951015
9 0.01075268817204301
4 0.01075268817204301
1 0.008363201911589008
6 0.007168458781362007
3 0.005973715651135005
doc : 47
5 0.9326287978863936
6 0.009247027741083224
9 0.007926023778071334
2 0.007926023778071334
1 0.007926023778071334
0 0.007926023778071334
8 0.0066050198150594455
7 0.0066050198150594455
4 0.0066050198150594455
3 0.0066050198150594455
doc : 48
9 0.8906171600602106
2 0.032112393376818864
8 0.02960361264425489
7 0.01053687907676869
6 0.009031610637230306
5 0.007526342197691921
4 0.007024586051179126
3 0.005017561465127948
1 0.005017561465127948
0 0.003512293025589563
doc : 49
4 0.555793991416309
0 0.08583690987124463
7 0.07939914163090128
5 0.07725321888412018
9 0.06437768240343347
8 0.045064377682403435
2 0.03862660944206009
6 0.02145922746781116
1 0.017167381974248927
3 0.015021459227467811
