doc : 0
5 0.3333333333333333
9 0.08641975308641975
0 0.08641975308641975
8 0.07407407407407407
7 0.07407407407407407
6 0.07407407407407407
4 0.07407407407407407
2 0.07407407407407407
3 0.06172839506172839
1 0.06172839506172839
doc : 1
0 0.319672131147541
5 0.2540983606557377
1 0.12295081967213116
7 0.09836065573770492
9 0.04918032786885246
6 0.04098360655737705
3 0.04098360655737705
2 0.03278688524590164
8 0.020491803278688527
4 0.020491803278688527
doc : 2
5 0.7534626038781164
0 0.06371191135734072
3 0.027700831024930747
2 0.027700831024930747
8 0.024930747922437674
1 0.024930747922437674
9 0.0221606648199446
7 0.0221606648199446
6 0.01662049861495845
4 0.01662049861495845
doc : 3
0 0.29411764705882354
5 0.2815126050420168
7 0.08403361344537814
1 0.08403361344537814
6 0.0546218487394958
4 0.05042016806722689
3 0.04201680672268907
2 0.04201680672268907
9 0.03361344537815126
8 0.03361344537815126
doc : 4
5 0.36000000000000004
9 0.08
7 0.08
1 0.08
8 0.06666666666666667
6 0.06666666666666667
4 0.06666666666666667
3 0.06666666666666667
2 0.06666666666666667
0 0.06666666666666667
doc : 5
6 0.312
5 0.28800000000000003
9 0.064
4 0.064
8 0.048
3 0.048
1 0.048
0 0.048
7 0.04
2 0.04
doc : 6
9 0.6544850498338871
5 0.09966777408637874
0 0.059800664451827246
3 0.04318936877076412
6 0.03322259136212625
2 0.029900332225913623
1 0.023255813953488372
8 0.019933554817275746
7 0.019933554817275746
4 0.016611295681063124
doc : 7
5 0.3424657534246575
8 0.0958904109589041
9 0.0821917808219178
7 0.0684931506849315
6 0.0684931506849315
4 0.0684931506849315
3 0.0684931506849315
2 0.0684931506849315
1 0.0684931506849315
0 0.0684931506849315
doc : 8
5 0.5287769784172662
4 0.14388489208633093
3 0.06474820143884892
1 0.06474820143884892
9 0.04316546762589928
0 0.04316546762589928
7 0.03597122302158273
8 0.02877697841726619
6 0.02877697841726619
2 0.017985611510791366
doc : 9
0 0.9405052974735126
9 0.012224938875305623
8 0.007334963325183374
6 0.006519967400162999
2 0.006519967400162999
5 0.005704971475142624
3 0.005704971475142624
1 0.005704971475142624
7 0.004889975550122249
4 0.004889975550122249
doc : 10
6 0.9426546391752577
5 0.010309278350515464
0 0.008376288659793814
8 0.007087628865979381
7 0.006443298969072165
2 0.006443298969072165
9 0.005798969072164949
1 0.005154639175257732
4 0.004510309278350515
3 0.0032216494845360823
doc : 11
5 0.5940170940170941
1 0.09401709401709403
6 0.07692307692307693
4 0.047008547008547015
9 0.03418803418803419
8 0.03418803418803419
0 0.03418803418803419
7 0.02991452991452992
2 0.02991452991452992
3 0.025641025641025644
doc : 12
5 0.296
6 0.248
8 0.096
0 0.07200000000000001
4 0.056
3 0.056
7 0.048
1 0.048
9 0.04
2 0.04
doc : 13
3 0.7450682852807284
5 0.07587253414264036
0 0.05311077389984826
1 0.04400606980273141
6 0.027314112291350532
8 0.013657056145675266
9 0.012139605462822459
7 0.010622154779969651
2 0.010622154779969651
4 0.007587253414264037
doc : 14
5 0.3228346456692913
6 0.2755905511811024
0 0.08661417322834646
9 0.05511811023622047
4 0.047244094488188976
2 0.047244094488188976
1 0.047244094488188976
8 0.03937007874015748
7 0.03937007874015748
3 0.03937007874015748
doc : 15
5 0.4861878453038674
0 0.09392265193370165
4 0.0718232044198895
2 0.06077348066298342
6 0.055248618784530384
1 0.055248618784530384
7 0.049723756906077346
3 0.049723756906077346
9 0.03867403314917127
8 0.03867403314917127
doc : 16
5 0.312
6 0.264
9 0.064
4 0.064
1 0.064
0 0.064
2 0.048
8 0.04
7 0.04
3 0.04
doc : 17
5 0.3495145631067961
2 0.09708737864077668
9 0.08737864077669902
8 0.08737864077669902
7 0.06796116504854369
6 0.06796116504854369
1 0.06796116504854369
0 0.06796116504854369
4 0.058252427184466014
3 0.04854368932038834
doc : 18
5 0.4375
7 0.09375
8 0.0703125
6 0.0703125
4 0.0703125
1 0.0625
9 0.0546875
2 0.0546875
3 0.046875
0 0.0390625
doc : 19
6 0.9381443298969072
5 0.018685567010309278
7 0.006443298969072165
2 0.006443298969072165
4 0.005798969072164949
0 0.005798969072164949
9 0.005154639175257732
8 0.005154639175257732
3 0.004510309278350515
1 0.003865979381443299
doc : 20
5 0.4051724137931034
4 0.09482758620689655
7 0.08620689655172414
6 0.08620689655172414
2 0.06034482758620689
1 0.06034482758620689
0 0.06034482758620689
8 0.05172413793103448
3 0.05172413793103448
9 0.04310344827586207
doc : 21
5 0.6645569620253164
6 0.04430379746835443
1 0.04430379746835443
9 0.0379746835443038
8 0.0379746835443038
7 0.0379746835443038
0 0.0379746835443038
4 0.03164556962025317
3 0.03164556962025317
2 0.03164556962025317
doc : 22
5 0.6198630136986301
1 0.07534246575342465
0 0.07534246575342465
6 0.07191780821917808
7 0.030821917808219176
4 0.030821917808219176
9 0.023972602739726026
8 0.023972602739726026
3 0.023972602739726026
2 0.023972602739726026
doc : 23
9 0.6925675675675677
5 0.08108108108108109
6 0.04391891891891892
0 0.04391891891891892
3 0.030405405405405407
1 0.030405405405405407
7 0.02364864864864865
8 0.02027027027027027
4 0.016891891891891893
2 0.016891891891891893
doc : 24
2 0.6434262948207171
5 0.06374501992031872
8 0.045816733067729085
3 0.045816733067729085
7 0.04183266932270916
6 0.04183266932270916
4 0.04183266932270916
0 0.029880478087649404
1 0.02589641434262948
9 0.0199203187250996
doc : 25
0 0.8617623282134195
5 0.03799514955537591
6 0.026677445432497976
8 0.018593371059013743
3 0.012934518997574777
9 0.012126111560226353
4 0.008892481810832659
2 0.008084074373484235
7 0.007275666936135812
1 0.005658852061438965
doc : 26
5 0.23750000000000002
0 0.15625
8 0.10625000000000001
2 0.10625000000000001
3 0.08750000000000001
7 0.07500000000000001
6 0.07500000000000001
9 0.06875
4 0.043750000000000004
1 0.043750000000000004
doc : 27
2 0.7493333333333333
1 0.04133333333333333
4 0.03866666666666667
8 0.03733333333333333
7 0.028
3 0.026666666666666665
0 0.025333333333333333
9 0.021333333333333333
6 0.018666666666666665
5 0.013333333333333332
doc : 28
2 0.8212180746561886
0 0.03732809430255402
9 0.021611001964636542
6 0.019646365422396856
5 0.019646365422396856
8 0.01768172888015717
7 0.01768172888015717
4 0.01768172888015717
3 0.013752455795677798
1 0.013752455795677798
doc : 29
9 0.8429752066115703
7 0.01928374655647383
6 0.01928374655647383
5 0.01928374655647383
0 0.01928374655647383
8 0.01652892561983471
3 0.01652892561983471
2 0.01652892561983471
1 0.01652892561983471
4 0.013774104683195593
doc : 30
2 0.8157894736842105
1 0.04035087719298246
3 0.031578947368421054
4 0.021052631578947368
9 0.01929824561403509
5 0.017543859649122806
8 0.015789473684210527
7 0.014035087719298246
6 0.012280701754385965
0 0.012280701754385965
doc : 31
0 0.9426229508196722
9 0.009016393442622951
8 0.00819672131147541
5 0.007377049180327869
7 0.006557377049180328
6 0.006557377049180328
2 0.005737704918032787
3 0.0049180327868852455
1 0.0049180327868852455
4 0.004098360655737705
doc : 32
9 0.8209366391184574
0 0.03305785123966942
8 0.024793388429752067
6 0.02203856749311295
4 0.02203856749311295
3 0.01928374655647383
7 0.01652892561983471
5 0.013774104683195593
2 0.013774104683195593
1 0.013774104683195593
doc : 33
9 0.839541547277937
8 0.028653295128939826
6 0.020057306590257878
2 0.020057306590257878
0 0.020057306590257878
7 0.014326647564469913
5 0.014326647564469913
4 0.014326647564469913
3 0.014326647564469913
1 0.014326647564469913
doc : 34
9 0.8379888268156425
6 0.02793296089385475
8 0.0223463687150838
5 0.019553072625698324
1 0.019553072625698324
7 0.01675977653631285
4 0.013966480446927375
3 0.013966480446927375
2 0.013966480446927375
0 0.013966480446927375
doc : 35
9 0.8347107438016529
0 0.024793388429752067
8 0.02203856749311295
6 0.02203856749311295
3 0.02203856749311295
2 0.01652892561983471
1 0.01652892561983471
7 0.013774104683195593
5 0.013774104683195593
4 0.013774104683195593
doc : 36
5 0.5679012345679012
0 0.09876543209876543
2 0.09382716049382715
8 0.08888888888888889
7 0.03950617283950617
9 0.0345679012345679
6 0.027160493827160494
3 0.01728395061728395
1 0.01728395061728395
4 0.014814814814814815
doc : 37
2 0.799554565701559
8 0.035634743875278395
6 0.03340757238307349
4 0.026726057906458794
0 0.024498886414253896
3 0.020044543429844096
9 0.015590200445434297
7 0.015590200445434297
1 0.015590200445434297
5 0.013363028953229397
doc : 38
5 0.44158878504672894
0 0.1822429906542056
7 0.12383177570093457
2 0.07009345794392523
1 0.04672897196261682
4 0.04205607476635514
3 0.02803738317757009
9 0.02336448598130841
8 0.02102803738317757
6 0.02102803738317757
doc : 39
2 0.8200934579439252
9 0.02570093457943925
4 0.02570093457943925
3 0.02570093457943925
8 0.02336448598130841
6 0.018691588785046728
0 0.018691588785046728
7 0.014018691588785045
5 0.014018691588785045
1 0.014018691588785045
doc : 40
9 0.5576036866359447
0 0.0967741935483871
8 0.05529953917050691
3 0.05529953917050691
6 0.04608294930875576
4 0.04608294930875576
1 0.04608294930875576
7 0.03686635944700461
5 0.03225806451612903
2 0.027649769585253454
doc : 41
9 0.7016949152542372
0 0.08813559322033898
8 0.03728813559322034
7 0.02711864406779661
5 0.02711864406779661
3 0.02711864406779661
1 0.02711864406779661
6 0.023728813559322035
4 0.020338983050847456
2 0.020338983050847456
doc : 42
4 0.6265938069216758
2 0.08561020036429873
7 0.07103825136612021
8 0.04918032786885246
9 0.04371584699453552
6 0.03642987249544627
5 0.029143897996357013
3 0.02185792349726776
1 0.020036429872495445
0 0.01639344262295082
doc : 43
2 0.3684210526315789
5 0.11961722488038277
1 0.10526315789473684
6 0.08612440191387559
8 0.07655502392344497
4 0.06220095693779904
9 0.057416267942583726
7 0.05263157894736842
0 0.03827751196172249
3 0.03349282296650718
doc : 44
9 0.8587196467991169
6 0.019867549668874173
8 0.017660044150110375
0 0.017660044150110375
7 0.015452538631346577
5 0.015452538631346577
4 0.015452538631346577
3 0.013245033112582781
2 0.013245033112582781
1 0.013245033112582781
doc : 45
9 0.8424821002386635
5 0.026252983293556086
0 0.021479713603818618
6 0.01909307875894988
3 0.01909307875894988
7 0.016706443914081145
8 0.014319809069212411
2 0.014319809069212411
1 0.014319809069212411
4 0.011933174224343677
doc : 46
7 0.7012622720897616
8 0.17812061711079943
0 0.029453015427769985
2 0.025245441795231416
9 0.014025245441795231
4 0.014025245441795231
6 0.011220196353436185
1 0.011220196353436185
5 0.008415147265077139
3 0.0070126227208976155
doc : 47
0 0.38650306748466257
8 0.12883435582822086
7 0.08895705521472393
4 0.08282208588957056
5 0.07975460122699386
2 0.07668711656441718
1 0.0736196319018405
9 0.03067484662576687
6 0.027607361963190184
3 0.024539877300613498
doc : 48
4 0.5383064516129032
2 0.10282258064516128
7 0.07459677419354839
8 0.06048387096774194
9 0.05846774193548387
5 0.05241935483870967
1 0.03225806451612903
6 0.03024193548387097
3 0.03024193548387097
0 0.020161290322580645
doc : 49
0 0.9388753056234719
9 0.008964955175224124
5 0.008149959250203748
2 0.008149959250203748
1 0.008149959250203748
8 0.006519967400162999
6 0.006519967400162999
3 0.005704971475142624
7 0.004889975550122249
4 0.004074979625101874
doc : 50
8 0.4542728635682159
5 0.2128935532233883
0 0.17391304347826086
9 0.04047976011994003
7 0.037481259370314844
1 0.020989505247376312
4 0.017991004497751123
2 0.01649175412293853
6 0.013493253373313342
3 0.01199400299850075
doc : 51
9 0.8699551569506726
0 0.020179372197309416
8 0.017937219730941704
5 0.017937219730941704
6 0.013452914798206279
3 0.013452914798206279
2 0.013452914798206279
7 0.011210762331838564
4 0.011210762331838564
1 0.011210762331838564
doc : 52
9 0.8656036446469247
0 0.02050113895216401
8 0.018223234624145785
6 0.018223234624145785
5 0.01366742596810934
4 0.01366742596810934
3 0.01366742596810934
2 0.01366742596810934
7 0.011389521640091115
1 0.011389521640091115
doc : 53
8 0.9041916167664671
5 0.015568862275449102
3 0.011976047904191617
9 0.010778443113772455
2 0.010778443113772455
7 0.009580838323353293
6 0.009580838323353293
4 0.009580838323353293
0 0.009580838323353293
1 0.008383233532934131
doc : 54
8 0.8960674157303371
6 0.019662921348314606
7 0.012640449438202247
9 0.011235955056179775
5 0.011235955056179775
4 0.011235955056179775
3 0.011235955056179775
2 0.009831460674157303
0 0.009831460674157303
1 0.007022471910112359
doc : 55
1 0.3758389261744966
9 0.23355704697986576
0 0.16375838926174496
8 0.04161073825503356
7 0.038926174496644296
6 0.038926174496644296
5 0.03758389261744966
3 0.03087248322147651
4 0.028187919463087248
2 0.010738255033557046
doc : 56
0 0.44827586206896547
8 0.43368700265251986
7 0.021220159151193633
6 0.01989389920424403
1 0.015915119363395226
2 0.014588859416445622
9 0.01326259946949602
3 0.011936339522546418
5 0.010610079575596816
4 0.010610079575596816
doc : 57
4 0.6774847870182555
8 0.06896551724137931
0 0.04665314401622718
6 0.04259634888438134
3 0.04259634888438134
9 0.030425963488843813
2 0.02636916835699797
5 0.02434077079107505
7 0.02028397565922921
1 0.02028397565922921
doc : 58
4 0.6203840472673561
8 0.10782865583456426
9 0.07237813884785821
0 0.054652880354505176
6 0.041358936484490405
3 0.033973412112259974
2 0.026587887740029542
7 0.019202363367799114
1 0.013293943870014771
5 0.010339734121122601
doc : 59
7 0.6714285714285714
8 0.15454545454545454
0 0.08701298701298701
4 0.01948051948051948
1 0.015584415584415584
9 0.012987012987012988
3 0.011688311688311689
5 0.01038961038961039
2 0.00909090909090909
6 0.007792207792207792
doc : 60
0 0.318359375
8 0.24609375
4 0.19921875
7 0.0390625
3 0.0390625
1 0.0390625
9 0.03515625
2 0.033203125
5 0.02734375
6 0.0234375
doc : 61
0 0.5420118343195266
1 0.2153846153846154
9 0.0757396449704142
8 0.047337278106508875
3 0.040236686390532544
4 0.01775147928994083
6 0.016568047337278107
5 0.015384615384615385
2 0.015384615384615385
7 0.014201183431952664
doc : 62
9 0.8654708520179372
6 0.02242152466367713
5 0.017937219730941704
0 0.017937219730941704
3 0.01569506726457399
8 0.013452914798206279
2 0.013452914798206279
7 0.011210762331838564
4 0.011210762331838564
1 0.011210762331838564
doc : 63
0 0.8975650713685978
5 0.01847187237615449
9 0.017632241813602016
6 0.014273719563392108
8 0.01343408900083963
7 0.0109151973131822
1 0.009235936188077245
2 0.008396305625524769
4 0.005037783375314861
3 0.005037783375314861
doc : 64
0 0.9356589147286821
8 0.011627906976744186
9 0.009302325581395349
3 0.009302325581395349
7 0.008527131782945736
6 0.0069767441860465115
5 0.005426356589147287
4 0.004651162790697674
1 0.004651162790697674
2 0.003875968992248062
doc : 65
0 0.34161490683229817
1 0.2124223602484472
8 0.15279503105590062
9 0.06832298136645963
2 0.06708074534161491
5 0.040993788819875775
6 0.034782608695652174
3 0.034782608695652174
7 0.02360248447204969
4 0.02360248447204969
doc : 66
0 0.3772357723577236
9 0.13333333333333333
1 0.12682926829268293
8 0.10894308943089431
3 0.1008130081300813
5 0.05365853658536585
7 0.029268292682926828
2 0.027642276422764227
4 0.026016260162601626
6 0.016260162601626015
doc : 67
5 0.4577946768060836
8 0.2722433460076045
2 0.06692015209125475
7 0.05019011406844106
0 0.04714828897338403
9 0.02965779467680608
1 0.02965779467680608
4 0.022053231939163497
6 0.012167300380228136
3 0.012167300380228136
doc : 68
7 0.18478260869565216
0 0.1793478260869565
9 0.1358695652173913
5 0.09239130434782608
6 0.08152173913043478
2 0.08152173913043478
1 0.07608695652173914
3 0.06521739130434782
8 0.059782608695652176
4 0.043478260869565216
doc : 69
0 0.9111282843894899
9 0.0285935085007728
5 0.00927357032457496
3 0.00927357032457496
7 0.008500772797527048
8 0.0077279752704791345
2 0.006955177743431221
1 0.006955177743431221
6 0.0061823802163833074
4 0.005409582689335394
doc : 70
9 0.5545454545454546
8 0.08863636363636364
2 0.06818181818181818
3 0.0659090909090909
0 0.05227272727272727
1 0.049999999999999996
6 0.045454545454545456
7 0.029545454545454545
4 0.024999999999999998
5 0.020454545454545454
doc : 71
7 0.7842323651452282
5 0.03941908713692946
1 0.03112033195020747
6 0.029045643153526972
2 0.029045643153526972
9 0.01867219917012448
3 0.01867219917012448
0 0.01867219917012448
4 0.016597510373443983
8 0.014522821576763486
doc : 72
9 0.6714285714285715
7 0.09047619047619049
0 0.05238095238095239
5 0.03333333333333334
6 0.028571428571428574
3 0.028571428571428574
8 0.02380952380952381
4 0.02380952380952381
2 0.02380952380952381
1 0.02380952380952381
doc : 73
9 0.680952380952381
7 0.09047619047619049
0 0.0380952380952381
5 0.03333333333333334
1 0.03333333333333334
2 0.028571428571428574
8 0.02380952380952381
6 0.02380952380952381
4 0.02380952380952381
3 0.02380952380952381
doc : 74
2 0.562015503875969
7 0.07751937984496124
5 0.07364341085271317
8 0.06976744186046512
1 0.050387596899224806
4 0.046511627906976744
6 0.03875968992248062
0 0.031007751937984496
3 0.027131782945736434
9 0.023255813953488372
doc : 75
7 0.6962616822429906
4 0.0514018691588785
2 0.04205607476635514
9 0.037383177570093455
5 0.03271028037383177
1 0.03271028037383177
0 0.03271028037383177
6 0.02803738317757009
8 0.02336448598130841
3 0.02336448598130841
doc : 76
7 0.3076923076923077
4 0.11538461538461538
8 0.08974358974358974
6 0.07692307692307693
1 0.07692307692307693
0 0.07692307692307693
9 0.0641025641025641
5 0.0641025641025641
3 0.0641025641025641
2 0.0641025641025641
doc : 77
7 0.5335820895522388
5 0.1417910447761194
4 0.06343283582089553
6 0.055970149253731345
1 0.05223880597014925
2 0.041044776119402986
9 0.029850746268656716
8 0.029850746268656716
0 0.029850746268656716
3 0.022388059701492536
doc : 78
7 0.6757990867579908
4 0.0639269406392694
8 0.0547945205479452
2 0.0410958904109589
1 0.0410958904109589
6 0.0319634703196347
9 0.0228310502283105
5 0.0228310502283105
3 0.0228310502283105
0 0.0228310502283105
doc : 79
0 0.7928779069767442
5 0.06540697674418605
3 0.036337209302325583
6 0.023982558139534885
8 0.020348837209302327
9 0.015988372093023256
4 0.013081395348837208
2 0.012354651162790697
7 0.010174418604651164
1 0.00944767441860465
doc : 80
5 0.2606060606060606
2 0.19393939393939394
7 0.15151515151515152
4 0.11515151515151516
8 0.06666666666666667
1 0.048484848484848485
0 0.048484848484848485
9 0.04242424242424243
3 0.04242424242424243
6 0.030303030303030304
doc : 81
7 0.8208469055374593
4 0.02931596091205212
1 0.026058631921824105
9 0.02280130293159609
2 0.01954397394136808
8 0.016286644951140065
6 0.016286644951140065
5 0.016286644951140065
3 0.016286644951140065
0 0.016286644951140065
doc : 82
1 0.1933534743202417
0 0.17522658610271905
2 0.17220543806646527
5 0.1148036253776435
8 0.08459214501510574
3 0.060422960725075525
7 0.054380664652567974
6 0.0513595166163142
4 0.04833836858006042
9 0.045317220543806644
doc : 83
4 0.28059701492537314
8 0.17313432835820897
2 0.14029850746268657
3 0.08656716417910448
9 0.0746268656716418
0 0.0626865671641791
6 0.05074626865671642
7 0.04776119402985075
5 0.04776119402985075
1 0.03582089552238806
doc : 84
8 0.9030898876404494
6 0.018258426966292134
0 0.01544943820224719
7 0.009831460674157303
5 0.009831460674157303
3 0.009831460674157303
9 0.008426966292134831
4 0.008426966292134831
2 0.008426966292134831
1 0.008426966292134831
doc : 85
5 0.34400000000000003
6 0.272
4 0.064
9 0.056
7 0.048
1 0.048
0 0.048
8 0.04
3 0.04
2 0.04
doc : 86
4 0.2911392405063291
0 0.13924050632911392
7 0.12025316455696203
5 0.08860759493670886
9 0.08227848101265822
6 0.0759493670886076
1 0.06329113924050633
8 0.05063291139240506
3 0.04430379746835443
2 0.04430379746835443
doc : 87
1 0.92
2 0.021333333333333336
0 0.008888888888888889
5 0.008
4 0.008
3 0.008
9 0.0071111111111111115
7 0.0071111111111111115
8 0.006222222222222223
6 0.005333333333333334
doc : 88
3 0.7052096569250318
6 0.06480304955527319
8 0.050825921219822115
9 0.04828462515883101
7 0.04828462515883101
2 0.02795425667090216
0 0.016518424396442185
4 0.015247776365946633
1 0.012706480304955529
5 0.010165184243964422
doc : 89
6 0.8714524207011687
1 0.03005008347245409
5 0.018363939899833055
3 0.015025041736227046
4 0.01335559265442404
2 0.011686143572621035
0 0.011686143572621035
8 0.01001669449081803
7 0.01001669449081803
9 0.008347245409015025
doc : 90
8 0.893
4 0.019
7 0.016
3 0.015
2 0.014
6 0.012
1 0.01
9 0.008
5 0.007
0 0.006
doc : 91
8 0.9093816631130064
6 0.014925373134328358
4 0.01279317697228145
2 0.01279317697228145
5 0.009594882729211086
0 0.009594882729211086
3 0.008528784648187633
1 0.008528784648187633
7 0.007462686567164179
9 0.006396588486140725
doc : 92
8 0.8995859213250518
4 0.017598343685300208
2 0.015527950310559008
0 0.015527950310559008
9 0.013457556935817806
6 0.010351966873706004
7 0.007246376811594204
3 0.007246376811594204
1 0.007246376811594204
5 0.006211180124223603
doc : 93
6 0.8697829716193657
1 0.03171953255425709
2 0.015025041736227046
7 0.01335559265442404
9 0.011686143572621035
8 0.011686143572621035
5 0.011686143572621035
4 0.011686143572621035
3 0.011686143572621035
0 0.011686143572621035
doc : 94
3 0.7882653061224489
9 0.049744897959183666
0 0.03954081632653061
2 0.028061224489795915
8 0.019132653061224487
4 0.017857142857142856
5 0.016581632653061222
1 0.016581632653061222
6 0.012755102040816325
7 0.011479591836734693
doc : 95
3 0.956369982547993
9 0.010471204188481674
0 0.008144269924374637
8 0.005235602094240837
5 0.004072134962187318
4 0.003490401396160558
2 0.003490401396160558
7 0.0029086678301337987
6 0.0029086678301337987
1 0.0029086678301337987
doc : 96
9 0.7574850299401198
3 0.04790419161676647
4 0.04191616766467066
0 0.02694610778443114
8 0.023952095808383235
6 0.023952095808383235
5 0.023952095808383235
2 0.02095808383233533
1 0.017964071856287428
7 0.014970059880239521
doc : 97
9 0.17164179104477612
8 0.11940298507462686
4 0.11940298507462686
0 0.11194029850746269
3 0.1044776119402985
5 0.09701492537313433
7 0.08955223880597014
1 0.08208955223880597
6 0.05223880597014925
2 0.05223880597014925
doc : 98
7 0.6341107871720116
5 0.18075801749271136
1 0.03571428571428571
4 0.033527696793002916
6 0.03279883381924198
0 0.03134110787172011
3 0.016763848396501458
8 0.013848396501457725
2 0.013848396501457725
9 0.007288629737609329
doc : 99
4 0.6361788617886179
2 0.09552845528455285
1 0.0467479674796748
8 0.04471544715447155
5 0.03861788617886179
7 0.03658536585365854
6 0.03658536585365854
9 0.02845528455284553
3 0.024390243902439025
0 0.012195121951219513
