doc : 0
9 0.7899543378995433
6 0.0273972602739726
8 0.0228310502283105
7 0.0228310502283105
5 0.0228310502283105
4 0.0228310502283105
3 0.0228310502283105
2 0.0228310502283105
1 0.0228310502283105
0 0.0228310502283105
doc : 1
9 0.5098039215686274
5 0.06862745098039216
4 0.058823529411764705
3 0.058823529411764705
0 0.058823529411764705
8 0.049019607843137254
7 0.049019607843137254
6 0.049019607843137254
2 0.049019607843137254
1 0.049019607843137254
doc : 2
4 0.5722978846711099
3 0.2706461895102869
1 0.07534048101999422
8 0.04332077658649667
2 0.011735728774268329
0 0.011156186612576066
5 0.007099391480730224
7 0.005070993914807302
6 0.0017386264850767896
9 0.0015937409446537237
doc : 3
5 0.4867753139193161
3 0.40502270905690624
1 0.08175260486240984
8 0.006411969008816458
4 0.005076142131979696
2 0.004274646005877639
6 0.0034731498797755814
0 0.002671653753673524
9 0.0024044883783061717
7 0.0021373230029388193
doc : 4
5 0.6208639705882353
3 0.24402573529411764
2 0.04917279411764706
7 0.024816176470588234
0 0.021599264705882353
1 0.012408088235294117
8 0.009191176470588236
9 0.006433823529411764
6 0.006433823529411764
4 0.00505514705882353
doc : 5
0 0.8256772673733804
3 0.10011778563015311
2 0.01884570082449941
4 0.010600706713780918
8 0.009422850412249705
7 0.009422850412249705
5 0.007067137809187279
1 0.007067137809187279
9 0.005889281507656065
6 0.005889281507656065
doc : 6
9 0.8683812405446294
1 0.027231467473524965
7 0.018154311649016642
2 0.01664145234493192
5 0.015128593040847202
6 0.013615733736762482
4 0.01059001512859304
3 0.01059001512859304
0 0.01059001512859304
8 0.009077155824508321
doc : 7
9 0.6137787056367432
5 0.23173277661795405
3 0.037578288100208766
8 0.022964509394572022
7 0.022964509394572022
1 0.018789144050104383
0 0.016701461377870562
4 0.014613778705636741
6 0.010438413361169102
2 0.010438413361169102
doc : 8
2 0.2692307692307692
3 0.23846153846153847
0 0.19692307692307692
4 0.1123076923076923
8 0.05692307692307692
7 0.043076923076923075
1 0.03538461538461538
5 0.023076923076923078
6 0.015384615384615385
9 0.00923076923076923
doc : 9
9 0.7899543378995433
7 0.0273972602739726
8 0.0228310502283105
6 0.0228310502283105
5 0.0228310502283105
4 0.0228310502283105
3 0.0228310502283105
2 0.0228310502283105
1 0.0228310502283105
0 0.0228310502283105
doc : 10
3 0.5316856780735107
4 0.24017743979721165
0 0.07034220532319391
2 0.06653992395437262
8 0.025348542458808618
7 0.024714828897338403
1 0.018377693282636248
9 0.010773130544993662
5 0.007604562737642585
6 0.004435994930291508
doc : 11
0 0.8921875
3 0.026562500000000003
8 0.015625
7 0.010937500000000001
4 0.010937500000000001
9 0.009375000000000001
2 0.009375000000000001
1 0.009375000000000001
6 0.0078125
5 0.0078125
doc : 12
3 0.6191345151199166
1 0.2802398331595412
4 0.043274244004171014
8 0.011991657977059438
7 0.011991657977059438
5 0.011209593326381648
2 0.009124087591240877
0 0.006777893639207508
6 0.0044316996871741395
9 0.0018248175182481751
doc : 13
3 0.5083969465648855
4 0.23587786259541985
1 0.19541984732824427
0 0.01450381679389313
2 0.012977099236641221
7 0.00916030534351145
8 0.007633587786259542
5 0.0061068702290076335
6 0.0053435114503816794
9 0.004580152671755725
doc : 14
7 0.669710806697108
3 0.0745814307458143
0 0.0593607305936073
2 0.0532724505327245
8 0.0380517503805175
5 0.0350076103500761
1 0.0273972602739726
6 0.015220700152207
9 0.0136986301369863
4 0.0136986301369863
doc : 15
9 0.8261904761904763
0 0.028571428571428574
3 0.026190476190476195
8 0.02142857142857143
2 0.01904761904761905
7 0.01666666666666667
6 0.01666666666666667
1 0.01666666666666667
5 0.014285714285714287
4 0.014285714285714287
doc : 16
2 0.6547169811320754
3 0.2669811320754717
0 0.019339622641509433
7 0.01509433962264151
4 0.012735849056603774
5 0.01179245283018868
8 0.007075471698113208
6 0.006603773584905661
9 0.0028301886792452833
1 0.0028301886792452833
doc : 17
9 0.7945205479452054
8 0.0228310502283105
7 0.0228310502283105
6 0.0228310502283105
5 0.0228310502283105
4 0.0228310502283105
3 0.0228310502283105
2 0.0228310502283105
1 0.0228310502283105
0 0.0228310502283105
doc : 18
0 0.44345238095238093
3 0.2648809523809524
8 0.0625
7 0.0625
2 0.050595238095238096
6 0.02976190476190476
5 0.023809523809523808
4 0.023809523809523808
1 0.023809523809523808
9 0.01488095238095238
doc : 19
0 0.46518105849582175
3 0.2646239554317549
6 0.06685236768802229
2 0.052924791086350974
8 0.03899721448467967
7 0.036211699164345405
5 0.025069637883008356
1 0.022284122562674095
9 0.013927576601671309
4 0.013927576601671309
doc : 20
3 0.4574290484140234
2 0.22370617696160267
4 0.12186978297161936
7 0.05676126878130217
8 0.04006677796327212
0 0.0333889816360601
6 0.02337228714524207
1 0.018363939899833055
5 0.01335559265442404
9 0.011686143572621035
doc : 21
3 0.19262295081967215
0 0.18852459016393444
7 0.18032786885245902
2 0.10655737704918034
4 0.0860655737704918
6 0.06557377049180328
8 0.06147540983606558
1 0.05737704918032787
9 0.036885245901639344
5 0.02459016393442623
doc : 22
7 0.7385321100917431
3 0.15137614678899083
0 0.02981651376146789
2 0.016055045871559634
6 0.014908256880733946
4 0.013761467889908258
8 0.01261467889908257
1 0.009174311926605505
5 0.008027522935779817
9 0.005733944954128441
doc : 23
9 0.49673202614379086
1 0.10457516339869281
0 0.09803921568627451
6 0.06535947712418301
5 0.05228758169934641
7 0.0392156862745098
3 0.0392156862745098
2 0.0392156862745098
8 0.032679738562091505
4 0.032679738562091505
doc : 24
9 0.7945205479452054
8 0.0228310502283105
7 0.0228310502283105
6 0.0228310502283105
5 0.0228310502283105
4 0.0228310502283105
3 0.0228310502283105
2 0.0228310502283105
1 0.0228310502283105
0 0.0228310502283105
doc : 25
9 0.37209302325581395
5 0.10465116279069767
1 0.09302325581395349
8 0.06976744186046512
2 0.06976744186046512
7 0.05813953488372093
6 0.05813953488372093
4 0.05813953488372093
3 0.05813953488372093
0 0.05813953488372093
doc : 26
0 0.7920918367346939
3 0.1211734693877551
4 0.02933673469387755
8 0.011479591836734693
6 0.008928571428571428
9 0.007653061224489796
5 0.007653061224489796
2 0.007653061224489796
1 0.007653061224489796
7 0.0063775510204081625
doc : 27
8 0.7186581128040631
3 0.26263031275060145
2 0.0037423148890670943
0 0.0036086607858861267
4 0.0032076984763432237
7 0.002673082063619353
5 0.0024057738572574178
1 0.0013365410318096765
6 9.355787222667736E-4
9 8.019246190858059E-4
doc : 28
0 0.48161764705882354
3 0.2867647058823529
2 0.07536764705882353
7 0.04963235294117647
8 0.029411764705882353
6 0.025735294117647058
4 0.016544117647058824
5 0.014705882352941176
1 0.011029411764705881
9 0.009191176470588236
doc : 29
0 0.44545454545454544
3 0.25227272727272726
2 0.08863636363636364
7 0.05454545454545454
8 0.045454545454545456
6 0.04318181818181818
5 0.020454545454545454
4 0.020454545454545454
9 0.015909090909090907
1 0.013636363636363636
doc : 30
1 0.4055232558139535
3 0.37209302325581395
4 0.10319767441860465
5 0.040697674418604654
2 0.0188953488372093
6 0.015988372093023256
9 0.014534883720930232
8 0.010174418604651164
7 0.010174418604651164
0 0.00872093023255814
doc : 31
7 0.673992673992674
3 0.15384615384615385
0 0.06043956043956044
2 0.031135531135531136
4 0.018315018315018316
8 0.016483516483516484
6 0.016483516483516484
9 0.010989010989010988
5 0.009157509157509158
1 0.009157509157509158
doc : 32
9 0.7899543378995433
7 0.0273972602739726
8 0.0228310502283105
6 0.0228310502283105
5 0.0228310502283105
4 0.0228310502283105
3 0.0228310502283105
2 0.0228310502283105
1 0.0228310502283105
0 0.0228310502283105
doc : 33
2 0.3642930856553147
3 0.2961816305469556
0 0.17956656346749225
4 0.06398348813209494
7 0.04747162022703818
8 0.017543859649122806
5 0.009287925696594427
6 0.008255933952528379
1 0.008255933952528379
9 0.005159958720330237
doc : 34
6 0.901355421686747
9 0.027861445783132533
2 0.024849397590361446
4 0.008283132530120483
3 0.007530120481927711
0 0.007530120481927711
8 0.00677710843373494
7 0.006024096385542169
5 0.006024096385542169
1 0.0037650602409638554
doc : 35
2 0.444015444015444
0 0.18532818532818535
3 0.07722007722007722
9 0.0501930501930502
6 0.0501930501930502
4 0.0501930501930502
7 0.04247104247104247
1 0.03861003861003861
8 0.03088803088803089
5 0.03088803088803089
doc : 36
1 0.5961783439490446
3 0.30318471337579617
5 0.016560509554140127
6 0.015286624203821656
4 0.015286624203821656
7 0.014012738853503183
2 0.012738853503184712
8 0.01019108280254777
0 0.008917197452229299
9 0.007643312101910828
doc : 37
1 0.5791366906474821
3 0.19784172661870505
5 0.09892086330935253
8 0.02877697841726619
0 0.025179856115107917
2 0.02158273381294964
7 0.014388489208633094
6 0.014388489208633094
4 0.01079136690647482
9 0.008992805755395683
doc : 38
3 0.44576271186440675
4 0.31525423728813556
0 0.06779661016949153
8 0.0423728813559322
7 0.03728813559322034
5 0.03559322033898305
6 0.022033898305084745
2 0.011864406779661017
1 0.011864406779661017
9 0.010169491525423728
doc : 39
7 0.5346534653465347
3 0.11633663366336634
5 0.06435643564356436
0 0.05693069306930693
9 0.04455445544554455
2 0.04455445544554455
1 0.04207920792079208
8 0.039603960396039604
4 0.03712871287128713
6 0.019801980198019802
doc : 40
6 0.7344105598543469
3 0.24169321802457897
0 0.005917159763313609
7 0.004096495220755576
2 0.0036413290851160674
5 0.0027309968138370506
8 0.002048247610377788
1 0.002048247610377788
9 0.0018206645425580337
4 0.0015930814747382796
doc : 41
9 0.7945205479452054
8 0.0228310502283105
7 0.0228310502283105
6 0.0228310502283105
5 0.0228310502283105
4 0.0228310502283105
3 0.0228310502283105
2 0.0228310502283105
1 0.0228310502283105
0 0.0228310502283105
doc : 42
9 0.7899543378995433
1 0.0273972602739726
8 0.0228310502283105
7 0.0228310502283105
6 0.0228310502283105
5 0.0228310502283105
4 0.0228310502283105
3 0.0228310502283105
2 0.0228310502283105
0 0.0228310502283105
doc : 43
9 0.32558139534883723
5 0.09302325581395349
1 0.09302325581395349
6 0.08139534883720931
0 0.08139534883720931
8 0.06976744186046512
7 0.06976744186046512
2 0.06976744186046512
4 0.05813953488372093
3 0.05813953488372093
doc : 44
0 0.4295612009237875
3 0.22401847575057737
7 0.12009237875288684
6 0.046189376443418015
2 0.04387990762124711
8 0.04157043879907621
1 0.03464203233256351
5 0.023094688221709007
9 0.020785219399538105
4 0.016166281755196306
doc : 45
6 0.7416452442159382
9 0.13881748071979433
2 0.025706940874035987
7 0.02313624678663239
0 0.01799485861182519
4 0.014138817480719794
5 0.012853470437017993
8 0.010282776349614395
1 0.008997429305912595
3 0.006426735218508997
doc : 46
2 0.4748953974895397
0 0.202928870292887
3 0.18828451882845187
4 0.02719665271966527
1 0.02615062761506276
7 0.02092050209205021
6 0.02092050209205021
8 0.015690376569037656
5 0.015690376569037656
9 0.007322175732217572
doc : 47
0 0.3525423728813559
2 0.21016949152542372
8 0.07457627118644068
7 0.07457627118644068
3 0.07457627118644068
4 0.06779661016949153
1 0.06101694915254237
5 0.030508474576271184
9 0.02711864406779661
6 0.02711864406779661
doc : 48
3 0.4704010184595798
7 0.31317632081476765
4 0.05092297899427116
5 0.04901336728198599
8 0.030553787396562698
2 0.02482495225970719
6 0.020369191597708464
0 0.017186505410566516
1 0.014640356460852958
9 0.008911521323997453
doc : 49
4 0.43079922027290446
3 0.3567251461988304
0 0.06237816764132553
7 0.029239766081871343
5 0.025341130604288498
8 0.021442495126705652
2 0.021442495126705652
6 0.01949317738791423
1 0.01949317738791423
9 0.01364522417153996
