doc : 0
9 0.5353159851301115
4 0.25464684014869887
2 0.05947955390334572
1 0.040892193308550186
0 0.03531598513011152
7 0.020446096654275093
8 0.016728624535315983
5 0.013011152416356878
3 0.013011152416356878
6 0.011152416356877323
doc : 1
9 0.7111984282907662
0 0.12966601178781925
2 0.029469548133595282
1 0.027504911591355596
4 0.02554027504911591
6 0.021611001964636542
7 0.015717092337917484
8 0.013752455795677798
3 0.013752455795677798
5 0.011787819253438112
doc : 2
9 0.7839335180055401
2 0.06371191135734072
4 0.0332409972299169
3 0.0221606648199446
8 0.019390581717451522
0 0.019390581717451522
5 0.01662049861495845
7 0.013850415512465374
6 0.013850415512465374
1 0.013850415512465374
doc : 3
9 0.7914285714285715
2 0.06571428571428571
1 0.025714285714285714
3 0.02
0 0.02
6 0.017142857142857144
4 0.017142857142857144
8 0.014285714285714285
7 0.014285714285714285
5 0.014285714285714285
doc : 4
9 0.7698019801980198
2 0.10643564356435643
4 0.022277227722772276
8 0.017326732673267328
0 0.017326732673267328
6 0.01485148514851485
3 0.01485148514851485
7 0.012376237623762377
5 0.012376237623762377
1 0.012376237623762377
doc : 5
4 0.49691358024691357
7 0.09259259259259259
0 0.07716049382716049
3 0.07407407407407407
9 0.06172839506172839
8 0.05555555555555555
2 0.046296296296296294
1 0.033950617283950615
6 0.030864197530864196
5 0.030864197530864196
doc : 6
4 0.4551282051282051
1 0.14102564102564102
2 0.07692307692307693
3 0.07051282051282051
6 0.05769230769230769
9 0.05128205128205128
8 0.038461538461538464
7 0.038461538461538464
0 0.038461538461538464
5 0.03205128205128205
doc : 7
2 0.8024691358024691
0 0.047839506172839504
9 0.043209876543209874
6 0.023148148148148147
5 0.018518518518518517
4 0.018518518518518517
1 0.013888888888888888
3 0.012345679012345678
7 0.010802469135802469
8 0.009259259259259259
doc : 8
7 0.9515317786922725
9 0.02194787379972565
4 0.00594421582075903
1 0.004572473708276177
0 0.003657978966620942
8 0.0027434842249657062
5 0.0027434842249657062
6 0.0022862368541380885
3 0.0022862368541380885
2 0.0022862368541380885
doc : 9
7 0.9422418012726383
9 0.016152716593245228
4 0.00783162016642193
5 0.006852667645619188
2 0.006852667645619188
0 0.005873715124816447
8 0.003915810083210965
6 0.003915810083210965
3 0.003915810083210965
1 0.002447381302006853
doc : 10
8 0.3521739130434783
0 0.14347826086956522
6 0.1391304347826087
4 0.10434782608695653
3 0.0782608695652174
9 0.06521739130434782
1 0.0391304347826087
7 0.034782608695652174
5 0.021739130434782608
2 0.021739130434782608
doc : 11
8 0.45833333333333337
0 0.16287878787878787
9 0.09090909090909091
4 0.07196969696969698
7 0.04924242424242424
3 0.04924242424242424
1 0.03787878787878788
6 0.030303030303030304
5 0.026515151515151516
2 0.022727272727272728
doc : 12
8 0.6346801346801346
7 0.1919191919191919
9 0.03198653198653199
3 0.0303030303030303
4 0.028619528619528618
1 0.02356902356902357
5 0.018518518518518517
0 0.018518518518518517
2 0.011784511784511785
6 0.0101010101010101
doc : 13
9 0.35714285714285715
4 0.24761904761904763
8 0.0761904761904762
0 0.06190476190476191
7 0.05238095238095239
3 0.04761904761904762
2 0.04285714285714286
1 0.04285714285714286
5 0.0380952380952381
6 0.03333333333333334
doc : 14
2 0.5583482944344704
9 0.289048473967684
4 0.04308797127468582
3 0.01974865350089767
0 0.01974865350089767
6 0.01615798922800718
5 0.01615798922800718
8 0.01436265709156194
1 0.012567324955116697
7 0.010771992818671455
doc : 15
0 0.8787878787878789
4 0.01965601965601966
3 0.01965601965601966
1 0.01965601965601966
5 0.015561015561015561
9 0.014742014742014743
2 0.010647010647010648
6 0.00982800982800983
8 0.005733005733005734
7 0.005733005733005734
doc : 16
4 0.4768339768339768
0 0.2007722007722008
6 0.08590733590733592
3 0.052123552123552123
1 0.0501930501930502
8 0.04633204633204634
2 0.03667953667953668
9 0.0250965250965251
5 0.013513513513513514
7 0.01254826254826255
doc : 17
8 0.8761706555671177
4 0.024973985431841834
3 0.01664932362122789
5 0.01352757544224766
9 0.012486992715920917
0 0.012486992715920917
7 0.011446409989594173
6 0.011446409989594173
2 0.010405827263267432
1 0.010405827263267432
doc : 18
0 0.6977225672877847
4 0.10766045548654245
9 0.035196687370600416
3 0.031055900621118016
8 0.028985507246376815
2 0.026915113871635612
7 0.02277432712215321
1 0.020703933747412008
6 0.014492753623188408
5 0.014492753623188408
doc : 19
3 0.830379746835443
8 0.035443037974683546
7 0.020253164556962026
0 0.020253164556962026
1 0.017721518987341773
9 0.01518987341772152
6 0.01518987341772152
5 0.01518987341772152
4 0.01518987341772152
2 0.01518987341772152
doc : 20
3 0.8250000000000001
8 0.0375
9 0.025
1 0.0225
4 0.0175
0 0.0175
7 0.015
6 0.015
5 0.0125
2 0.0125
doc : 21
5 0.8995726495726497
1 0.01495726495726496
9 0.010683760683760684
8 0.010683760683760684
7 0.010683760683760684
6 0.010683760683760684
4 0.010683760683760684
3 0.010683760683760684
2 0.010683760683760684
0 0.010683760683760684
doc : 22
4 0.5428571428571428
2 0.13246753246753246
0 0.09610389610389611
1 0.06233766233766234
9 0.05974025974025974
3 0.03116883116883117
7 0.023376623376623377
6 0.02077922077922078
8 0.01818181818181818
5 0.012987012987012988
doc : 23
7 0.9561975768872321
9 0.019105312208760484
4 0.004193849021435228
8 0.003727865796831314
5 0.0032618825722274
2 0.0032618825722274
6 0.0027958993476234857
0 0.0027958993476234857
3 0.002329916123019571
1 0.002329916123019571
doc : 24
0 0.5170731707317073
1 0.12195121951219512
8 0.07073170731707316
4 0.06341463414634146
6 0.06097560975609756
3 0.05365853658536585
9 0.041463414634146344
5 0.029268292682926828
2 0.024390243902439025
7 0.01707317073170732
doc : 25
3 0.11320754716981132
2 0.11320754716981132
1 0.11320754716981132
9 0.09433962264150943
8 0.09433962264150943
7 0.09433962264150943
6 0.09433962264150943
5 0.09433962264150943
4 0.09433962264150943
0 0.09433962264150943
doc : 26
4 0.4206896551724138
1 0.1103448275862069
3 0.07586206896551724
6 0.06896551724137931
5 0.06896551724137931
2 0.06206896551724138
9 0.05517241379310345
0 0.05517241379310345
7 0.04827586206896552
8 0.034482758620689655
doc : 27
1 0.8916734033953112
4 0.03233629749393694
9 0.012934518997574777
2 0.012934518997574777
3 0.01131770412287793
0 0.01131770412287793
6 0.008892481810832659
5 0.008084074373484235
7 0.005658852061438965
8 0.004850444624090541
doc : 28
4 0.6266968325791856
5 0.1085972850678733
9 0.056561085972850686
8 0.05429864253393665
3 0.05429864253393665
0 0.03393665158371041
6 0.01809954751131222
2 0.01809954751131222
1 0.01809954751131222
7 0.011312217194570137
doc : 29
7 0.9518619436875567
9 0.01907356948228883
2 0.005449591280653951
5 0.004087193460490463
0 0.004087193460490463
8 0.0036330608537693005
4 0.0036330608537693005
1 0.003178928247048138
6 0.0027247956403269754
3 0.0022706630336058126
doc : 30
3 0.7994409503843466
8 0.06708595387840671
0 0.039832285115303984
9 0.023060796645702306
1 0.016771488469601678
4 0.013277428371767994
2 0.013277428371767994
7 0.011180992313067784
5 0.009783368273934312
6 0.006289308176100628
doc : 31
8 0.34523809523809523
0 0.11904761904761904
9 0.09523809523809523
4 0.08333333333333333
3 0.08333333333333333
5 0.07738095238095238
1 0.07142857142857142
7 0.047619047619047616
6 0.041666666666666664
2 0.03571428571428571
doc : 32
1 0.7746341463414634
8 0.07707317073170732
0 0.037073170731707315
4 0.029268292682926828
5 0.02146341463414634
6 0.0175609756097561
9 0.015609756097560976
3 0.014634146341463414
7 0.006829268292682927
2 0.005853658536585366
doc : 33
5 0.8913934426229508
6 0.014344262295081968
3 0.014344262295081968
0 0.014344262295081968
2 0.012295081967213115
1 0.012295081967213115
9 0.010245901639344263
8 0.010245901639344263
7 0.010245901639344263
4 0.010245901639344263
doc : 34
2 0.3412698412698413
9 0.2222222222222222
3 0.07142857142857142
8 0.06349206349206349
1 0.06349206349206349
7 0.05555555555555555
4 0.05555555555555555
5 0.047619047619047616
6 0.03968253968253968
0 0.03968253968253968
doc : 35
6 0.9448275862068966
2 0.012260536398467433
8 0.011111111111111112
1 0.006513409961685824
3 0.005363984674329502
0 0.005363984674329502
9 0.004980842911877395
4 0.004980842911877395
5 0.002681992337164751
7 0.0019157088122605365
doc : 36
5 0.6885813148788927
3 0.07093425605536333
8 0.06228373702422146
4 0.050173010380622836
1 0.04671280276816609
0 0.02249134948096886
6 0.01730103806228374
9 0.015570934256055364
7 0.015570934256055364
2 0.010380622837370242
doc : 37
2 0.9619530754597336
9 0.0050729232720355105
6 0.0050729232720355105
4 0.0050729232720355105
1 0.0050729232720355105
7 0.003804692454026633
3 0.003804692454026633
0 0.003804692454026633
8 0.0031705770450221942
5 0.0031705770450221942
doc : 38
7 0.9341598973920479
0 0.012825994014536126
2 0.010688328345446772
4 0.0072680632749038045
9 0.006412997007268063
5 0.006412997007268063
1 0.006412997007268063
8 0.005985463873450192
3 0.005985463873450192
6 0.0038477982043608376
doc : 39
1 0.7271468144044322
4 0.07756232686980609
5 0.04016620498614958
3 0.037396121883656507
6 0.027700831024930747
8 0.02631578947368421
0 0.024930747922437674
9 0.015235457063711912
2 0.015235457063711912
7 0.008310249307479225
doc : 40
4 0.5892307692307692
1 0.1523076923076923
8 0.07538461538461538
2 0.04
3 0.03230769230769231
0 0.02923076923076923
9 0.027692307692307693
6 0.027692307692307693
5 0.016923076923076923
7 0.00923076923076923
doc : 41
1 0.8636363636363636
4 0.024350649350649352
2 0.022727272727272728
9 0.01948051948051948
0 0.016233766233766236
8 0.012987012987012988
6 0.011363636363636364
3 0.011363636363636364
5 0.00974025974025974
7 0.008116883116883118
doc : 42
9 0.7297297297297298
2 0.060810810810810814
6 0.030405405405405407
4 0.030405405405405407
1 0.030405405405405407
8 0.02702702702702703
7 0.02364864864864865
3 0.02364864864864865
0 0.02364864864864865
5 0.02027027027027027
doc : 43
9 0.7146067415730337
2 0.1303370786516854
1 0.035955056179775284
3 0.022471910112359553
6 0.020224719101123598
4 0.020224719101123598
7 0.015730337078651686
5 0.015730337078651686
8 0.01348314606741573
0 0.011235955056179777
doc : 44
3 0.5879396984924623
1 0.11809045226130653
9 0.05527638190954774
5 0.04773869346733668
4 0.04020100502512563
6 0.03768844221105528
0 0.03768844221105528
8 0.032663316582914576
7 0.022613065326633167
2 0.020100502512562814
doc : 45
8 0.515
0 0.09
7 0.075
5 0.07
3 0.055
9 0.05
1 0.05
4 0.035
6 0.03
2 0.03
doc : 46
9 0.7703180212014135
2 0.0353356890459364
1 0.0353356890459364
3 0.03180212014134275
5 0.024734982332155476
8 0.021201413427561835
6 0.021201413427561835
4 0.021201413427561835
0 0.021201413427561835
7 0.0176678445229682
doc : 47
9 0.8013937282229965
3 0.027874564459930314
8 0.024390243902439025
1 0.024390243902439025
0 0.024390243902439025
6 0.020905923344947737
4 0.020905923344947737
2 0.020905923344947737
7 0.017421602787456445
5 0.017421602787456445
doc : 48
9 0.8090909090909091
2 0.045454545454545456
8 0.021212121212121213
6 0.021212121212121213
7 0.01818181818181818
3 0.01818181818181818
1 0.01818181818181818
0 0.01818181818181818
5 0.015151515151515152
4 0.015151515151515152
doc : 49
4 0.3617021276595745
1 0.1276595744680851
3 0.1021276595744681
5 0.09361702127659574
2 0.06808510638297872
0 0.06808510638297872
6 0.06382978723404255
8 0.059574468085106386
9 0.03404255319148936
7 0.02127659574468085
