doc : 0
1 0.9132492113564669
9 0.016561514195583597
3 0.012618296529968454
5 0.011829652996845425
7 0.01025236593059937
4 0.00946372239747634
0 0.007886435331230283
6 0.007097791798107256
8 0.006309148264984227
2 0.00473186119873817
doc : 1
1 0.8693877551020409
9 0.020408163265306124
7 0.020408163265306124
3 0.020408163265306124
4 0.014285714285714287
2 0.014285714285714287
8 0.010204081632653062
6 0.010204081632653062
5 0.010204081632653062
0 0.010204081632653062
doc : 2
1 0.8816326530612246
2 0.018367346938775512
7 0.0163265306122449
8 0.014285714285714287
6 0.014285714285714287
3 0.012244897959183675
0 0.012244897959183675
9 0.010204081632653062
5 0.010204081632653062
4 0.010204081632653062
doc : 3
1 0.9148264984227129
9 0.01813880126182965
8 0.013406940063091483
6 0.00946372239747634
7 0.008675078864353312
3 0.008675078864353312
5 0.007886435331230283
2 0.007097791798107256
0 0.007097791798107256
4 0.00473186119873817
doc : 4
1 0.8933623503808488
7 0.025027203482045703
8 0.014145810663764961
4 0.014145810663764961
3 0.01088139281828074
6 0.009793253536452665
9 0.008705114254624592
5 0.008705114254624592
2 0.008705114254624592
0 0.006528835690968444
doc : 5
1 0.9143167028199567
6 0.01735357917570499
3 0.013015184381778743
8 0.009761388286334056
5 0.009761388286334056
9 0.008676789587852495
7 0.007592190889370933
0 0.007592190889370933
4 0.0065075921908893716
2 0.005422993492407809
doc : 6
1 0.9110512129380054
3 0.01482479784366577
5 0.013477088948787063
6 0.012129380053908356
2 0.01078167115902965
4 0.009433962264150945
0 0.008086253369272238
9 0.006738544474393531
8 0.006738544474393531
7 0.006738544474393531
doc : 7
1 0.9420505200594353
9 0.008172362555720653
0 0.008172362555720653
8 0.007429420505200594
7 0.007429420505200594
3 0.006686478454680535
5 0.005943536404160475
2 0.005200594353640416
6 0.004457652303120356
4 0.004457652303120356
doc : 8
1 0.8747433264887065
8 0.026694045174537988
6 0.01642710472279261
4 0.014373716632443533
2 0.014373716632443533
9 0.012320328542094456
7 0.01026694045174538
5 0.01026694045174538
3 0.01026694045174538
0 0.01026694045174538
doc : 9
1 0.9187082405345212
8 0.013363028953229397
3 0.012249443207126948
7 0.011135857461024499
4 0.011135857461024499
9 0.007795100222717149
6 0.007795100222717149
2 0.006681514476614699
5 0.005567928730512249
0 0.005567928730512249
doc : 10
1 0.9472511144130757
8 0.008915304606240713
9 0.006686478454680535
7 0.006686478454680535
3 0.005943536404160475
0 0.005943536404160475
6 0.005200594353640416
4 0.005200594353640416
5 0.004457652303120356
2 0.003714710252600297
doc : 11
1 0.908355795148248
6 0.016172506738544475
3 0.01482479784366577
4 0.01078167115902965
2 0.01078167115902965
5 0.009433962264150945
8 0.008086253369272238
7 0.008086253369272238
9 0.006738544474393531
0 0.006738544474393531
doc : 12
3 0.470326409495549
6 0.16617210682492584
7 0.10534124629080119
9 0.08605341246290801
1 0.06379821958456973
4 0.050445103857566766
8 0.017804154302670624
5 0.017804154302670624
2 0.013353115727002967
0 0.008902077151335312
doc : 13
3 0.45711592836946274
6 0.15645617342130066
9 0.15457115928369464
1 0.10744580584354382
8 0.0471253534401508
4 0.024505183788878417
7 0.019792648444863337
5 0.012252591894439209
2 0.012252591894439209
0 0.008482563619227144
doc : 14
3 0.46153846153846156
6 0.12474012474012475
9 0.12266112266112267
1 0.11954261954261955
8 0.04365904365904366
7 0.04261954261954262
2 0.033264033264033266
4 0.029106029106029108
5 0.016632016632016633
0 0.006237006237006237
doc : 15
1 0.8652515995158223
9 0.09830537783157531
8 0.014914404288431611
5 0.007543662458931351
6 0.004863392702749439
2 0.0038258689261628917
0 0.003393567352585164
7 0.00131851979941207
3 4.106864948988415E-4
4 1.7292062943109114E-4
doc : 16
9 0.9382762046696473
1 0.013226527570789865
0 0.010307998012916045
7 0.010121708892200695
3 0.007762046696472926
6 0.007513661202185792
8 0.006333830104321907
5 0.0026701440635866864
2 0.00254595131644312
4 0.0012419274714356682
doc : 17
2 0.6180512179887571
9 0.3377264209868832
0 0.012804497189256714
7 0.007995003123048095
5 0.005808869456589631
1 0.005184259837601499
8 0.003997501561524047
6 0.003872579637726421
4 0.002623360399750156
3 0.0019362898188632104
doc : 18
1 0.9429695181907571
7 0.008849557522123894
6 0.008849557522123894
9 0.00688298918387414
5 0.0058997050147492625
2 0.0058997050147492625
0 0.0058997050147492625
8 0.004916420845624386
4 0.004916420845624386
3 0.004916420845624386
doc : 19
8 0.5654380341880343
1 0.18803418803418806
9 0.1792200854700855
6 0.01655982905982906
7 0.016292735042735044
5 0.015491452991452994
3 0.006143162393162394
2 0.006143162393162394
4 0.0034722222222222225
0 0.0032051282051282055
doc : 20
1 0.9186550976138829
9 0.013015184381778743
6 0.013015184381778743
8 0.009761388286334056
2 0.008676789587852495
7 0.007592190889370933
4 0.007592190889370933
3 0.007592190889370933
0 0.007592190889370933
5 0.0065075921908893716
doc : 21
7 0.7217790187475069
1 0.189270043877144
3 0.03560031910650179
6 0.030115676106900677
4 0.011966493817311527
8 0.003789389708815317
5 0.002991623454327882
2 0.002293577981651376
9 0.0010969285999202234
0 0.0010969285999202234
doc : 22
9 0.11666666666666667
3 0.11666666666666667
8 0.1
6 0.1
4 0.1
2 0.1
1 0.1
0 0.1
7 0.08333333333333333
5 0.08333333333333333
doc : 23
9 0.8362831858407079
1 0.10038716814159292
7 0.018528761061946904
5 0.014103982300884955
6 0.011615044247787611
8 0.0055309734513274336
2 0.0055309734513274336
3 0.004148230088495575
4 0.002488938053097345
0 0.0013827433628318584
doc : 24
7 0.8353733566478856
9 0.041901431254452434
6 0.03322323683699242
1 0.03257561038792824
5 0.02350884010102973
8 0.012628715756751507
0 0.007965805323489412
3 0.007577229454050904
4 0.0028495563758823912
2 0.0023962178615374655
doc : 25
2 0.7020507257606281
9 0.24190299085696573
8 0.023141691203058007
1 0.008523167518983419
6 0.007438400743840074
0 0.007025156258071181
7 0.0051655560721111625
5 0.0025827780360555812
3 0.0014463557001911254
4 7.231778500955627E-4
doc : 26
3 0.789405684754522
0 0.11541774332472007
1 0.04392764857881137
9 0.012919896640826873
5 0.012919896640826873
8 0.00904392764857881
7 0.006675279931093884
4 0.0034453057708871662
6 0.003229974160206718
2 0.0030146425495262705
doc : 27
2 0.89351403678606
3 0.0500161342368506
6 0.020974507905776055
1 0.013552758954501452
7 0.005162955792191029
8 0.004194901581155212
9 0.0035495321071313327
5 0.0035495321071313327
4 0.003226847370119393
0 0.002258793159083575
doc : 28
3 0.8660714285714285
1 0.049107142857142856
7 0.027777777777777776
2 0.013392857142857142
6 0.010416666666666666
5 0.008432539682539682
8 0.007936507936507936
0 0.006944444444444444
9 0.006448412698412698
4 0.003472222222222222
doc : 29
6 0.5976569594962765
9 0.25846097959677905
1 0.11258097717503178
7 0.01080704728461585
5 0.010201610461948295
0 0.004722407216806926
8 0.003390446206938306
2 0.0010292425985348429
4 8.173397106011987E-4
3 3.3299025246715506E-4
doc : 30
5 0.6042108699200262
9 0.3418747619824819
1 0.017953321364452424
6 0.010064740764920298
7 0.00832381263260976
0 0.0072901365540503785
8 0.003971492301833415
2 0.0023937761819269898
4 0.0021761601653881727
3 0.001740928132310538
doc : 31
3 0.9591419816138916
1 0.017364657814096015
6 0.004766768811712631
7 0.004085801838610827
8 0.002723867892407218
2 0.002723867892407218
9 0.0023833844058563157
4 0.0023833844058563157
0 0.0023833844058563157
5 0.0020429009193054133
doc : 32
1 0.9478260869565217
8 0.007729468599033816
7 0.006763285024154589
6 0.006763285024154589
5 0.005797101449275362
3 0.005797101449275362
9 0.004830917874396135
4 0.004830917874396135
2 0.004830917874396135
0 0.004830917874396135
doc : 33
9 0.5609710896960711
5 0.3686063750926612
1 0.02464788732394366
6 0.015937731653076354
7 0.012416604892512973
8 0.006486286137879911
2 0.005744996293550778
4 0.002223869532987398
0 0.0016679021497405485
3 0.0012972572275759822
doc : 34
5 0.7332624867162593
1 0.09564293304994687
0 0.040382571732199786
3 0.03400637619553666
7 0.024442082890541974
6 0.020191285866099893
2 0.01700318809776833
4 0.01487778958554729
8 0.011689691817215728
9 0.008501594048884165
doc : 35
6 0.42629904559915166
5 0.29586426299045604
9 0.16755037115588547
7 0.028632025450689293
8 0.025450689289501595
1 0.02014846235418876
2 0.01484623541887593
4 0.007423117709437965
3 0.007423117709437965
0 0.006362672322375399
doc : 36
3 0.6908271908271909
1 0.18837018837018837
6 0.05610155610155611
9 0.019246519246519246
7 0.01678951678951679
8 0.00982800982800983
4 0.006552006552006552
5 0.0045045045045045045
2 0.0045045045045045045
0 0.003276003276003276
doc : 37
6 0.5639324487334137
1 0.30820265379975875
3 0.030458383594692398
7 0.030156815440289503
9 0.02382388419782871
8 0.015078407720144751
4 0.009650180940892641
0 0.008745476477683955
2 0.006634499396863691
5 0.0033172496984318453
doc : 38
5 0.599290780141844
9 0.3461325354609929
1 0.018395390070921985
7 0.011026152482269503
0 0.010139627659574468
8 0.0070921985815602835
6 0.00387854609929078
4 0.0016622340425531915
2 0.0012743794326241134
3 0.0011081560283687942
doc : 39
7 0.9886140005622716
0 0.005201012088838909
9 0.0019210945553368945
8 0.0014525349076937493
1 9.371192952862899E-4
4 5.154156124074595E-4
6 4.6855964764314496E-4
5 3.279917533502015E-4
3 2.81135788585887E-4
2 2.81135788585887E-4
doc : 40
3 0.8135823429541597
9 0.06621392190152801
7 0.04040747028862479
6 0.01595925297113752
4 0.015280135823429542
5 0.012903225806451613
0 0.010865874363327675
2 0.009847198641765705
8 0.008149405772495757
1 0.006791171477079796
doc : 41
6 0.7927738798961382
9 0.1265675929506657
5 0.04751118722722501
1 0.011767305673719683
8 0.00790011601568974
0 0.004088171924203083
4 0.003811944091486658
7 0.0035357162587702335
2 0.0012154024639522679
3 8.286834981492734E-4
doc : 42
9 0.8448932487016734
1 0.09036353144835545
7 0.019272937103289093
5 0.017195614541257932
6 0.012117714945181764
8 0.006347374495095211
4 0.004270051933064051
2 0.003577611079053664
0 0.001154068090017311
3 8.078476630121176E-4
doc : 43
3 0.47561501942166595
1 0.19939577039274925
6 0.1294777729823047
7 0.08631851532153648
9 0.035822183858437634
4 0.03323262839879154
8 0.02589555459646094
5 0.0073370738023306
2 0.004747518342684506
0 0.0021579628830384117
doc : 44
8 0.9935262040991752
0 0.002874257931071534
1 9.401778279205952E-4
9 7.790044859913504E-4
7 4.297955784779864E-4
2 3.760711311682381E-4
6 3.223466838584898E-4
4 2.6862223654874147E-4
3 2.6862223654874147E-4
5 2.148977892389932E-4
doc : 45
8 0.992689309893611
0 0.0037264607157080276
9 0.0012800819252432156
7 8.818342151675486E-4
5 2.844626500540479E-4
4 2.844626500540479E-4
6 2.560163850486431E-4
1 2.560163850486431E-4
3 1.9912385503783356E-4
2 1.4223132502702395E-4
doc : 46
7 0.9892143147253938
0 0.004648224197842863
1 0.0013989800983798908
9 0.0012635949275689336
8 0.0012635949275689336
5 5.866690735141477E-4
6 4.512839027031906E-4
4 4.0615551243287153E-4
2 4.0615551243287153E-4
3 3.6102712216255246E-4
doc : 47
3 0.5087271750805585
9 0.39970461868958107
7 0.05263157894736842
6 0.01248657357679914
2 0.007250268528464017
8 0.006176154672395274
4 0.004296455424274973
5 0.002953813104189044
1 0.002953813104189044
0 0.002819548872180451
doc : 48
4 0.990898039337926
1 0.002150805772887379
8 0.0017767525949939217
6 0.0014026994171004645
7 9.039618465758549E-4
9 7.792774539447026E-4
3 6.23421963155762E-4
0 5.92250864997974E-4
5 4.987375705246096E-4
2 3.740531778934572E-4
doc : 49
0 0.99970696408815
5 4.1862273121430494E-5
9 3.5881948389797567E-5
3 3.5881948389797567E-5
8 2.990162365816464E-5
7 2.990162365816464E-5
6 2.990162365816464E-5
4 2.990162365816464E-5
2 2.990162365816464E-5
1 2.990162365816464E-5
