doc : 0
4 0.9556962025316456
5 0.006329113924050633
9 0.0054249547920434
2 0.0054249547920434
8 0.0045207956600361665
7 0.0045207956600361665
6 0.0045207956600361665
3 0.0045207956600361665
1 0.0045207956600361665
0 0.0045207956600361665
doc : 1
9 0.8647798742138365
6 0.026205450733752623
2 0.01886792452830189
4 0.017819706498951784
5 0.014675052410901468
3 0.013626834381551364
0 0.013626834381551364
8 0.011530398322851153
7 0.010482180293501049
1 0.008385744234800839
doc : 2
9 0.5730337078651685
8 0.07865168539325842
6 0.07865168539325842
4 0.06741573033707865
7 0.03745318352059925
0 0.03745318352059925
5 0.033707865168539325
2 0.033707865168539325
3 0.0299625468164794
1 0.0299625468164794
doc : 3
9 0.11538461538461539
4 0.11538461538461539
8 0.09615384615384616
7 0.09615384615384616
6 0.09615384615384616
5 0.09615384615384616
3 0.09615384615384616
2 0.09615384615384616
1 0.09615384615384616
0 0.09615384615384616
doc : 4
1 0.9299634591961022
3 0.01766138855054811
6 0.010962241169305723
5 0.0097442143727162
7 0.007308160779537149
8 0.005481120584652862
2 0.005481120584652862
4 0.0048721071863581
9 0.004263093788063338
0 0.004263093788063338
doc : 5
7 0.8292046936114732
4 0.04302477183833116
2 0.024771838331160364
3 0.01955671447196871
5 0.018252933507170794
1 0.018252933507170794
6 0.01303780964797914
8 0.011734028683181226
0 0.011734028683181226
9 0.010430247718383311
doc : 6
0 0.8395348837209302
7 0.03255813953488372
3 0.020930232558139535
4 0.018604651162790697
2 0.018604651162790697
9 0.01627906976744186
8 0.01627906976744186
6 0.013953488372093023
5 0.011627906976744186
1 0.011627906976744186
doc : 7
0 0.9557242251739405
3 0.008222643896268185
5 0.006325110689437065
4 0.005060088551549652
2 0.005060088551549652
1 0.005060088551549652
8 0.003795066413662239
7 0.003795066413662239
6 0.003795066413662239
9 0.0031625553447185324
doc : 8
5 0.9598796389167502
4 0.007021063189568706
3 0.006018054162487463
8 0.0050150451354062184
6 0.0050150451354062184
9 0.004012036108324975
2 0.003510531594784353
0 0.003510531594784353
7 0.0030090270812437314
1 0.0030090270812437314
doc : 9
3 0.3275862068965517
6 0.12931034482758622
7 0.10344827586206896
8 0.08620689655172414
4 0.08620689655172414
2 0.07758620689655173
1 0.05172413793103448
0 0.05172413793103448
9 0.04310344827586207
5 0.04310344827586207
doc : 10
4 0.95750452079566
7 0.0054249547920434
2 0.0054249547920434
9 0.0045207956600361665
8 0.0045207956600361665
6 0.0045207956600361665
5 0.0045207956600361665
3 0.0045207956600361665
1 0.0045207956600361665
0 0.0045207956600361665
doc : 11
2 0.36627906976744184
7 0.1569767441860465
3 0.08139534883720931
8 0.06976744186046512
6 0.06976744186046512
4 0.06395348837209303
0 0.06395348837209303
5 0.05232558139534883
9 0.040697674418604654
1 0.03488372093023256
doc : 12
1 0.9416157501697217
8 0.013577732518669382
3 0.008146639511201629
5 0.00746775288526816
7 0.006788866259334691
6 0.005431093007467753
0 0.005431093007467753
4 0.004073319755600814
2 0.004073319755600814
9 0.0033944331296673455
doc : 13
0 0.46226415094339623
4 0.09433962264150943
1 0.07547169811320754
8 0.05660377358490566
5 0.05660377358490566
3 0.05660377358490566
2 0.05660377358490566
9 0.04716981132075471
7 0.04716981132075471
6 0.04716981132075471
doc : 14
0 0.4141414141414142
4 0.11111111111111112
3 0.07070707070707072
8 0.06060606060606061
7 0.06060606060606061
6 0.06060606060606061
5 0.06060606060606061
2 0.06060606060606061
9 0.05050505050505051
1 0.05050505050505051
doc : 15
9 0.5157593123209169
7 0.17765042979942694
3 0.0659025787965616
1 0.05730659025787965
4 0.045845272206303724
0 0.040114613180515755
8 0.03151862464183381
6 0.025787965616045846
2 0.022922636103151862
5 0.017191977077363897
doc : 16
9 0.1
8 0.1
7 0.1
6 0.1
5 0.1
4 0.1
3 0.1
2 0.1
1 0.1
0 0.1
doc : 17
3 0.6816608996539792
4 0.051903114186851215
9 0.04844290657439446
1 0.04498269896193772
2 0.03806228373702422
8 0.03460207612456748
7 0.03460207612456748
6 0.02422145328719723
5 0.020761245674740483
0 0.020761245674740483
doc : 18
3 0.13636363636363635
6 0.11363636363636365
4 0.11363636363636365
7 0.10227272727272728
2 0.10227272727272728
9 0.09090909090909091
1 0.09090909090909091
0 0.09090909090909091
8 0.07954545454545454
5 0.07954545454545454
doc : 19
6 0.7189014539579968
8 0.07269789983844911
4 0.038772213247172865
7 0.033925686591276254
1 0.030694668820678516
2 0.029079159935379646
3 0.024232633279483037
0 0.0210016155088853
9 0.01615508885298869
5 0.014539579967689823
doc : 20
4 0.9529837251356238
7 0.007233273056057866
8 0.006329113924050633
9 0.0054249547920434
3 0.0054249547920434
6 0.0045207956600361665
5 0.0045207956600361665
2 0.0045207956600361665
1 0.0045207956600361665
0 0.0045207956600361665
doc : 21
6 0.8496605237633366
3 0.03588748787584869
9 0.026188166828322017
7 0.023278370514064017
8 0.016488845780795344
5 0.012609117361784675
4 0.012609117361784675
1 0.009699321047526674
2 0.006789524733268671
0 0.006789524733268671
doc : 22
9 0.7135678391959799
2 0.135678391959799
6 0.03350083752093802
3 0.031825795644891124
8 0.021775544388609715
7 0.015912897822445562
5 0.01256281407035176
4 0.01256281407035176
0 0.01256281407035176
1 0.010050251256281407
doc : 23
2 0.5128205128205128
4 0.18717948717948718
7 0.08461538461538462
0 0.06666666666666667
1 0.03076923076923077
9 0.028205128205128206
8 0.02564102564102564
6 0.02564102564102564
3 0.023076923076923078
5 0.015384615384615385
doc : 24
7 0.4306930693069307
8 0.18811881188118812
3 0.07425742574257425
4 0.06930693069306931
6 0.06435643564356436
1 0.039603960396039604
0 0.039603960396039604
2 0.034653465346534656
9 0.0297029702970297
5 0.0297029702970297
doc : 25
8 0.5193798449612403
6 0.09302325581395349
3 0.07751937984496124
7 0.06201550387596899
1 0.046511627906976744
0 0.046511627906976744
9 0.03875968992248062
5 0.03875968992248062
4 0.03875968992248062
2 0.03875968992248062
doc : 26
6 0.4943820224719101
3 0.09550561797752809
1 0.07303370786516854
8 0.06741573033707865
7 0.06179775280898876
5 0.0449438202247191
4 0.0449438202247191
0 0.0449438202247191
2 0.03932584269662921
9 0.033707865168539325
doc : 27
7 0.7855887521968365
8 0.03339191564147627
3 0.03163444639718805
2 0.028119507908611598
5 0.02636203866432337
4 0.02636203866432337
0 0.02460456942003515
9 0.015817223198594025
1 0.015817223198594025
6 0.012302284710017574
doc : 28
8 0.769433465085639
6 0.08300395256916997
1 0.02766798418972332
2 0.023715415019762848
7 0.022397891963109356
4 0.019762845849802372
3 0.01844532279314888
9 0.013175230566534916
5 0.011857707509881424
0 0.010540184453227932
doc : 29
3 0.5613496932515337
8 0.09202453987730061
1 0.0736196319018405
7 0.05521472392638037
5 0.052147239263803685
9 0.046012269938650305
4 0.03374233128834356
2 0.03374233128834356
0 0.027607361963190184
6 0.024539877300613498
doc : 30
6 0.16666666666666669
2 0.15555555555555556
4 0.11111111111111112
8 0.1
3 0.1
1 0.1
9 0.07777777777777778
7 0.07777777777777778
5 0.05555555555555556
0 0.05555555555555556
doc : 31
4 0.945750452079566
7 0.009945750452079566
3 0.007233273056057866
6 0.006329113924050633
5 0.006329113924050633
8 0.0054249547920434
1 0.0054249547920434
9 0.0045207956600361665
2 0.0045207956600361665
0 0.0045207956600361665
doc : 32
2 0.8067632850241546
5 0.03542673107890499
7 0.033816425120772944
6 0.024154589371980676
4 0.024154589371980676
1 0.01932367149758454
0 0.017713365539452495
8 0.014492753623188406
3 0.01288244766505636
9 0.011272141706924315
doc : 33
2 0.6717948717948717
7 0.04871794871794872
3 0.04871794871794872
4 0.046153846153846156
1 0.038461538461538464
5 0.035897435897435895
9 0.03333333333333333
6 0.03076923076923077
8 0.028205128205128206
0 0.017948717948717947
doc : 34
2 0.49500998003992014
4 0.18163672654690619
7 0.09381237524950099
3 0.09381237524950099
6 0.04391217564870259
8 0.0279441117764471
5 0.02395209580838323
9 0.015968063872255488
1 0.011976047904191616
0 0.011976047904191616
doc : 35
8 0.6895424836601307
5 0.08496732026143791
1 0.0392156862745098
7 0.032679738562091505
6 0.032679738562091505
3 0.032679738562091505
9 0.026143790849673203
2 0.022875816993464054
4 0.0196078431372549
0 0.0196078431372549
doc : 36
1 0.9406207827260459
5 0.010121457489878543
7 0.008097165991902834
4 0.007422402159244264
2 0.007422402159244264
3 0.0067476383265856945
0 0.0067476383265856945
8 0.004723346828609986
9 0.004048582995951417
6 0.004048582995951417
doc : 37
2 0.8877995642701526
4 0.02396514161220044
6 0.017429193899782137
3 0.01525054466230937
7 0.014161220043572986
8 0.01198257080610022
9 0.007625272331154685
5 0.007625272331154685
1 0.007625272331154685
0 0.006535947712418302
doc : 38
7 0.8615160349854227
5 0.03206997084548105
6 0.023323615160349854
4 0.018950437317784258
1 0.013119533527696793
9 0.011661807580174927
3 0.011661807580174927
2 0.01020408163265306
0 0.01020408163265306
8 0.007288629737609329
doc : 39
7 0.6828828828828829
3 0.07207207207207207
4 0.055855855855855854
6 0.04504504504504504
5 0.03423423423423423
8 0.032432432432432434
1 0.02882882882882883
2 0.023423423423423424
0 0.016216216216216217
9 0.009009009009009009
doc : 40
9 0.8734593262119966
7 0.031224322103533278
3 0.02629416598192276
6 0.016433853738701723
4 0.012325390304026294
1 0.012325390304026294
2 0.009038619556285949
8 0.007395234182415776
5 0.00657354149548069
0 0.0049301561216105174
doc : 41
3 0.7445589919816724
1 0.15463917525773196
5 0.01718213058419244
2 0.014891179839633449
8 0.013745704467353952
6 0.013745704467353952
4 0.013745704467353952
7 0.01145475372279496
9 0.008018327605956473
0 0.008018327605956473
doc : 42
4 0.9529837251356238
7 0.006329113924050633
3 0.006329113924050633
5 0.0054249547920434
2 0.0054249547920434
1 0.0054249547920434
9 0.0045207956600361665
8 0.0045207956600361665
6 0.0045207956600361665
0 0.0045207956600361665
doc : 43
8 0.7474275023386342
5 0.1627689429373246
3 0.02432179607109448
4 0.014967259120673527
6 0.013096351730589336
7 0.009354536950420954
1 0.009354536950420954
9 0.006548175865294668
2 0.006548175865294668
0 0.005612722170252573
doc : 44
3 0.16666666666666669
1 0.13636363636363635
7 0.10606060606060606
4 0.10606060606060606
5 0.09090909090909091
2 0.09090909090909091
9 0.07575757575757576
8 0.07575757575757576
6 0.07575757575757576
0 0.07575757575757576
doc : 45
3 0.3235294117647059
2 0.10294117647058823
8 0.09558823529411764
7 0.09558823529411764
0 0.08088235294117647
6 0.0661764705882353
4 0.0661764705882353
1 0.0661764705882353
5 0.058823529411764705
9 0.044117647058823525
doc : 46
3 0.6504854368932039
7 0.06472491909385114
1 0.05825242718446602
4 0.04854368932038835
5 0.042071197411003236
2 0.03559870550161812
0 0.03236245954692557
6 0.025889967637540454
8 0.022653721682847898
9 0.01941747572815534
doc : 47
3 0.41447368421052627
8 0.11184210526315788
5 0.08552631578947367
2 0.07236842105263158
9 0.06578947368421052
4 0.06578947368421052
6 0.05263157894736842
1 0.05263157894736842
7 0.046052631578947366
0 0.03289473684210526
doc : 48
8 0.5064456721915286
7 0.1675874769797422
6 0.08287292817679558
4 0.07550644567219153
5 0.034990791896869246
2 0.029465930018416207
1 0.029465930018416207
3 0.02578268876611418
0 0.02578268876611418
9 0.022099447513812154
doc : 49
5 0.901833872707659
4 0.019417475728155338
8 0.017259978425026967
3 0.012944983818770225
1 0.01186623516720604
2 0.008629989212513484
9 0.007551240560949298
7 0.007551240560949298
6 0.006472491909385113
0 0.006472491909385113
