doc : 0
1 0.6408668730650156
4 0.07430340557275542
8 0.05572755417956657
0 0.052631578947368425
2 0.03405572755417957
9 0.030959752321981428
7 0.030959752321981428
5 0.027863777089783284
3 0.027863777089783284
6 0.02476780185758514
doc : 1
8 0.5434083601286174
4 0.15434083601286175
1 0.09646302250803858
5 0.06109324758842444
9 0.03215434083601286
2 0.028938906752411574
7 0.022508038585209004
0 0.022508038585209004
6 0.01929260450160772
3 0.01929260450160772
doc : 2
2 0.36445783132530124
8 0.3072289156626506
4 0.10240963855421688
1 0.08433734939759037
5 0.03614457831325302
3 0.02710843373493976
0 0.024096385542168676
6 0.021084337349397592
9 0.01807228915662651
7 0.015060240963855422
doc : 3
2 0.29571984435797666
1 0.24124513618677043
8 0.16731517509727628
4 0.07392996108949416
0 0.04669260700389105
5 0.042801556420233464
7 0.038910505836575876
3 0.03501945525291829
9 0.0311284046692607
6 0.027237354085603113
doc : 4
2 0.27835051546391754
0 0.12371134020618557
9 0.1134020618556701
5 0.08247422680412371
7 0.07216494845360824
4 0.07216494845360824
3 0.07216494845360824
8 0.061855670103092786
6 0.061855670103092786
1 0.061855670103092786
doc : 5
1 0.798728813559322
4 0.0635593220338983
9 0.0211864406779661
8 0.019067796610169493
7 0.019067796610169493
3 0.019067796610169493
6 0.01694915254237288
5 0.014830508474576272
0 0.014830508474576272
2 0.012711864406779662
doc : 6
1 0.2613065326633166
8 0.21105527638190955
4 0.11055276381909548
5 0.10050251256281408
9 0.07035175879396985
3 0.07035175879396985
6 0.06532663316582915
7 0.04020100502512563
0 0.04020100502512563
2 0.03015075376884422
doc : 7
3 0.18110236220472442
5 0.14960629921259844
1 0.13385826771653542
2 0.12598425196850394
6 0.07874015748031496
4 0.07874015748031496
9 0.07086614173228346
8 0.07086614173228346
7 0.07086614173228346
0 0.03937007874015748
doc : 8
2 0.7175732217573221
4 0.09414225941422594
9 0.0397489539748954
1 0.0397489539748954
5 0.025104602510460247
8 0.023012552301255228
0 0.02092050209205021
3 0.014644351464435145
7 0.012552301255230124
6 0.012552301255230124
doc : 9
3 0.6904761904761906
5 0.05714285714285715
8 0.04761904761904762
4 0.0380952380952381
9 0.03333333333333334
1 0.03333333333333334
2 0.028571428571428574
7 0.02380952380952381
6 0.02380952380952381
0 0.02380952380952381
doc : 10
6 0.4449152542372881
2 0.16101694915254236
5 0.11440677966101695
8 0.0635593220338983
7 0.046610169491525424
4 0.0423728813559322
1 0.038135593220338986
3 0.03389830508474576
9 0.029661016949152543
0 0.025423728813559324
doc : 11
4 0.8048780487804879
1 0.041811846689895474
6 0.020905923344947737
3 0.020905923344947737
2 0.020905923344947737
0 0.020905923344947737
9 0.017421602787456445
8 0.017421602787456445
7 0.017421602787456445
5 0.017421602787456445
doc : 12
4 0.8070175438596492
1 0.03859649122807018
9 0.021052631578947368
8 0.021052631578947368
3 0.021052631578947368
2 0.021052631578947368
7 0.017543859649122806
6 0.017543859649122806
5 0.017543859649122806
0 0.017543859649122806
doc : 13
4 0.8245614035087719
7 0.021052631578947368
6 0.021052631578947368
3 0.021052631578947368
2 0.021052631578947368
0 0.021052631578947368
9 0.017543859649122806
8 0.017543859649122806
5 0.017543859649122806
1 0.017543859649122806
doc : 14
4 0.8245614035087719
9 0.02456140350877193
7 0.021052631578947368
2 0.021052631578947368
1 0.021052631578947368
8 0.017543859649122806
6 0.017543859649122806
5 0.017543859649122806
3 0.017543859649122806
0 0.017543859649122806
doc : 15
4 0.7842465753424657
1 0.0547945205479452
8 0.023972602739726026
9 0.02054794520547945
7 0.02054794520547945
6 0.02054794520547945
3 0.02054794520547945
2 0.02054794520547945
5 0.017123287671232876
0 0.017123287671232876
doc : 16
9 0.4423076923076923
5 0.1794871794871795
3 0.07692307692307693
2 0.0641025641025641
4 0.04487179487179487
8 0.038461538461538464
7 0.038461538461538464
6 0.038461538461538464
1 0.038461538461538464
0 0.038461538461538464
doc : 17
7 0.6292286874154263
4 0.17185385656292287
0 0.050067658998646826
1 0.04330175913396482
2 0.028416779431664412
8 0.024357239512855212
5 0.018944519621109608
6 0.012178619756427606
3 0.012178619756427606
9 0.009472259810554804
doc : 18
9 0.820403825717322
5 0.03719447396386822
1 0.036131774707757705
4 0.025504782146652496
2 0.01912858660998937
7 0.018065887353878853
0 0.013815090329436768
8 0.010626992561105206
3 0.010626992561105206
6 0.008501594048884165
doc : 19
9 0.7216035634743875
4 0.06904231625835189
1 0.0378619153674833
5 0.03340757238307349
6 0.028953229398663696
3 0.026726057906458794
0 0.026726057906458794
2 0.024498886414253896
8 0.017817371937639197
7 0.013363028953229397
doc : 20
3 0.6962457337883959
1 0.09897610921501707
4 0.030716723549488054
8 0.027303754266211604
7 0.027303754266211604
5 0.027303754266211604
2 0.027303754266211604
9 0.023890784982935155
0 0.023890784982935155
6 0.017064846416382253
doc : 21
4 0.8140350877192982
8 0.028070175438596492
1 0.028070175438596492
2 0.021052631578947368
0 0.021052631578947368
9 0.017543859649122806
7 0.017543859649122806
6 0.017543859649122806
5 0.017543859649122806
3 0.017543859649122806
doc : 22
4 0.8118466898954704
1 0.03484320557491289
9 0.024390243902439025
7 0.020905923344947737
2 0.020905923344947737
8 0.017421602787456445
6 0.017421602787456445
5 0.017421602787456445
3 0.017421602787456445
0 0.017421602787456445
doc : 23
4 0.8175438596491228
1 0.028070175438596492
7 0.021052631578947368
5 0.021052631578947368
3 0.021052631578947368
2 0.021052631578947368
9 0.017543859649122806
8 0.017543859649122806
6 0.017543859649122806
0 0.017543859649122806
doc : 24
4 0.7958477508650519
1 0.03114186851211073
5 0.02768166089965398
2 0.02768166089965398
8 0.02422145328719723
9 0.020761245674740483
6 0.020761245674740483
7 0.01730103806228374
3 0.01730103806228374
0 0.01730103806228374
doc : 25
9 0.41025641025641024
5 0.20512820512820512
3 0.07051282051282051
2 0.0641025641025641
1 0.05769230769230769
7 0.05128205128205128
8 0.04487179487179487
6 0.03205128205128205
4 0.03205128205128205
0 0.03205128205128205
doc : 26
2 0.446985446985447
8 0.13305613305613306
1 0.10602910602910603
0 0.07276507276507277
4 0.060291060291060294
3 0.04573804573804574
9 0.0395010395010395
7 0.037422037422037424
5 0.031185031185031187
6 0.02702702702702703
doc : 27
8 0.3881401617250674
3 0.19676549865229112
2 0.11051212938005392
1 0.07547169811320756
4 0.0646900269541779
5 0.04851752021563342
7 0.02964959568733154
6 0.02964959568733154
0 0.02964959568733154
9 0.026954177897574125
doc : 28
2 0.4938271604938272
1 0.09465020576131689
7 0.08230452674897121
5 0.07818930041152264
3 0.0617283950617284
8 0.041152263374485604
0 0.041152263374485604
9 0.03703703703703704
4 0.03703703703703704
6 0.03292181069958848
doc : 29
1 0.1971830985915493
4 0.17605633802816903
5 0.16901408450704225
3 0.11971830985915494
8 0.06338028169014084
2 0.06338028169014084
0 0.06338028169014084
9 0.056338028169014086
6 0.04929577464788733
7 0.04225352112676056
doc : 30
7 0.48
4 0.17
1 0.07
5 0.05
3 0.05
9 0.045
0 0.04
2 0.035
8 0.03
6 0.03
doc : 31
7 0.5940959409594095
4 0.16974169741697417
1 0.05166051660516605
9 0.04059040590405904
5 0.02952029520295203
0 0.02952029520295203
6 0.025830258302583026
2 0.02214022140221402
8 0.01845018450184502
3 0.01845018450184502
doc : 32
7 0.7510638297872341
4 0.1
1 0.04680851063829787
9 0.019148936170212766
8 0.019148936170212766
6 0.014893617021276596
2 0.014893617021276596
5 0.012765957446808512
3 0.010638297872340425
0 0.010638297872340425
doc : 33
4 0.6338028169014085
3 0.13279678068410464
1 0.0824949698189135
9 0.04024144869215292
8 0.026156941649899398
6 0.026156941649899398
2 0.018108651911468814
7 0.014084507042253523
5 0.014084507042253523
0 0.012072434607645876
doc : 34
7 0.3225806451612903
4 0.2073732718894009
5 0.1152073732718894
9 0.059907834101382486
2 0.059907834101382486
3 0.05529953917050691
6 0.05069124423963134
8 0.04608294930875576
1 0.04608294930875576
0 0.03686635944700461
doc : 35
4 0.8153310104529616
1 0.027874564459930314
3 0.024390243902439025
7 0.020905923344947737
6 0.020905923344947737
2 0.020905923344947737
9 0.017421602787456445
8 0.017421602787456445
5 0.017421602787456445
0 0.017421602787456445
doc : 36
4 0.7619047619047619
1 0.047619047619047616
8 0.031746031746031744
2 0.027777777777777776
9 0.023809523809523808
7 0.023809523809523808
0 0.023809523809523808
6 0.01984126984126984
5 0.01984126984126984
3 0.01984126984126984
doc : 37
8 0.8597359735973598
1 0.036303630363036306
4 0.028052805280528052
9 0.013201320132013201
5 0.013201320132013201
3 0.011551155115511552
0 0.011551155115511552
2 0.009900990099009901
7 0.00825082508250825
6 0.00825082508250825
doc : 38
3 0.5947136563876652
8 0.11600587371512482
9 0.07929515418502202
7 0.05580029368575624
1 0.042584434654919234
4 0.035242290748898675
2 0.02202643171806167
6 0.020558002936857563
0 0.01908957415565345
5 0.014684287812041116
doc : 39
5 0.5576923076923077
3 0.16153846153846155
0 0.046153846153846156
2 0.04230769230769231
1 0.04230769230769231
9 0.038461538461538464
6 0.03461538461538462
8 0.03076923076923077
7 0.023076923076923078
4 0.023076923076923078
doc : 40
7 0.4471830985915493
9 0.11267605633802817
5 0.1056338028169014
1 0.10211267605633803
6 0.056338028169014086
2 0.0528169014084507
8 0.035211267605633804
3 0.03169014084507042
0 0.03169014084507042
4 0.024647887323943664
doc : 41
7 0.5339805825242718
4 0.17961165048543687
1 0.06796116504854369
8 0.04854368932038834
9 0.03398058252427184
2 0.03398058252427184
3 0.029126213592233007
6 0.02427184466019417
5 0.02427184466019417
0 0.02427184466019417
doc : 42
7 0.54337899543379
4 0.1598173515981735
1 0.091324200913242
8 0.0410958904109589
5 0.0365296803652968
6 0.0273972602739726
3 0.0273972602739726
2 0.0273972602739726
9 0.0228310502283105
0 0.0228310502283105
doc : 43
7 0.738095238095238
4 0.1292517006802721
1 0.047619047619047616
5 0.017006802721088433
9 0.015306122448979591
6 0.011904761904761904
3 0.011904761904761904
8 0.01020408163265306
2 0.01020408163265306
0 0.008503401360544217
doc : 44
9 0.8921319796954315
4 0.021573604060913704
3 0.017766497461928932
1 0.015228426395939085
7 0.012690355329949238
8 0.011421319796954314
0 0.01015228426395939
6 0.006345177664974619
5 0.006345177664974619
2 0.006345177664974619
doc : 45
6 0.9253880821231847
1 0.01502253380070105
8 0.01402103154732098
5 0.01101652478718077
0 0.008512769153730594
9 0.00600901352028042
4 0.00600901352028042
2 0.00600901352028042
7 0.004506760140210315
3 0.003505257886830245
doc : 46
9 0.3375
3 0.11666666666666667
2 0.10833333333333334
6 0.10416666666666667
5 0.10416666666666667
8 0.0625
1 0.05
0 0.05
7 0.03333333333333333
4 0.03333333333333333
doc : 47
3 0.8092369477911646
5 0.038152610441767064
9 0.028112449799196783
6 0.024096385542168672
2 0.024096385542168672
7 0.018072289156626505
0 0.018072289156626505
1 0.01606425702811245
8 0.014056224899598391
4 0.010040160642570281
doc : 48
7 0.59375
4 0.109375
1 0.08203125
5 0.05078125
8 0.046875
2 0.03125
9 0.0234375
3 0.0234375
6 0.01953125
0 0.01953125
doc : 49
8 0.8532423208191127
1 0.034129692832764506
4 0.027303754266211604
9 0.015358361774744027
7 0.015358361774744027
6 0.011945392491467578
2 0.011945392491467578
0 0.011945392491467578
3 0.010238907849829351
5 0.008532423208191127
doc : 50
4 0.8175438596491228
1 0.031578947368421054
9 0.021052631578947368
5 0.021052631578947368
2 0.021052631578947368
8 0.017543859649122806
7 0.017543859649122806
6 0.017543859649122806
3 0.017543859649122806
0 0.017543859649122806
doc : 51
4 0.37941176470588234
1 0.19411764705882353
7 0.18235294117647058
5 0.06470588235294117
6 0.041176470588235294
2 0.03823529411764706
3 0.03529411764705882
0 0.029411764705882353
9 0.01764705882352941
8 0.01764705882352941
doc : 52
0 0.42071197411003236
5 0.1262135922330097
2 0.1197411003236246
1 0.11003236245954694
9 0.05177993527508091
8 0.042071197411003236
7 0.042071197411003236
3 0.03236245954692557
4 0.02912621359223301
6 0.025889967637540454
doc : 53
1 0.8314855875831486
4 0.050997782705099776
5 0.022172949002217293
3 0.017738359201773836
2 0.017738359201773836
7 0.013303769401330377
0 0.013303769401330377
9 0.011086474501108647
8 0.011086474501108647
6 0.011086474501108647
doc : 54
9 0.8475274725274726
4 0.0521978021978022
1 0.02197802197802198
7 0.013736263736263738
5 0.012362637362637364
2 0.012362637362637364
8 0.01098901098901099
3 0.01098901098901099
0 0.009615384615384616
6 0.008241758241758242
doc : 55
5 0.9252232142857142
4 0.011160714285714284
1 0.011160714285714284
3 0.010044642857142856
2 0.008928571428571428
0 0.0078125
8 0.006696428571428571
7 0.006696428571428571
6 0.006696428571428571
9 0.005580357142857142
doc : 56
8 0.7788617886178861
4 0.08617886178861789
1 0.04065040650406504
9 0.026016260162601626
3 0.01788617886178862
0 0.011382113821138212
7 0.00975609756097561
6 0.00975609756097561
5 0.00975609756097561
2 0.00975609756097561
doc : 57
9 0.7051442910915934
5 0.05269761606022584
8 0.04516938519447929
3 0.04265997490589711
7 0.03262233375156838
2 0.030112923462986198
6 0.02760351317440401
4 0.02509410288582183
1 0.020075282308657464
0 0.018820577164366373
doc : 58
9 0.8927680798004988
4 0.02369077306733167
3 0.016209476309226933
7 0.01371571072319202
1 0.01371571072319202
8 0.008728179551122194
0 0.008728179551122194
6 0.007481296758104738
5 0.007481296758104738
2 0.007481296758104738
doc : 59
2 0.7816901408450705
9 0.035211267605633804
5 0.035211267605633804
8 0.024647887323943664
3 0.024647887323943664
4 0.02112676056338028
1 0.02112676056338028
0 0.02112676056338028
7 0.017605633802816902
6 0.017605633802816902
doc : 60
0 0.43808049535603716
3 0.3328173374613003
9 0.11145510835913314
4 0.021671826625386997
2 0.021671826625386997
8 0.020123839009287926
7 0.020123839009287926
1 0.017027863777089786
5 0.009287925696594427
6 0.007739938080495357
doc : 61
8 0.5424528301886792
4 0.07547169811320754
1 0.07075471698113207
5 0.06132075471698113
6 0.05660377358490566
2 0.051886792452830184
9 0.04245283018867924
0 0.03773584905660377
3 0.0330188679245283
7 0.02830188679245283
doc : 62
1 0.8256880733944955
4 0.05504587155963303
9 0.020642201834862386
2 0.01834862385321101
8 0.016055045871559634
3 0.016055045871559634
5 0.013761467889908258
7 0.011467889908256881
6 0.011467889908256881
0 0.011467889908256881
doc : 63
1 0.8056872037914693
4 0.05924170616113744
8 0.028436018957345974
7 0.02132701421800948
2 0.018957345971563982
9 0.014218009478672987
6 0.014218009478672987
5 0.014218009478672987
3 0.011848341232227489
0 0.011848341232227489
doc : 64
1 0.8214285714285715
4 0.06904761904761905
7 0.01666666666666667
3 0.01666666666666667
9 0.014285714285714287
8 0.014285714285714287
6 0.011904761904761906
5 0.011904761904761906
2 0.011904761904761906
0 0.011904761904761906
doc : 65
2 0.812807881773399
5 0.04269293924466338
1 0.029556650246305417
4 0.022988505747126436
7 0.02134646962233169
0 0.0180623973727422
9 0.014778325123152709
3 0.014778325123152709
8 0.013136288998357963
6 0.009852216748768473
doc : 66
1 0.8354755784061696
4 0.030848329048843187
5 0.02313624678663239
7 0.02056555269922879
3 0.01799485861182519
0 0.01799485861182519
8 0.015424164524421594
9 0.012853470437017993
6 0.012853470437017993
2 0.012853470437017993
doc : 67
1 0.8392857142857142
4 0.05803571428571428
2 0.017857142857142856
8 0.015625
5 0.013392857142857142
9 0.011160714285714284
7 0.011160714285714284
6 0.011160714285714284
3 0.011160714285714284
0 0.011160714285714284
doc : 68
1 0.8253968253968255
4 0.05668934240362812
9 0.018140589569160998
8 0.015873015873015872
7 0.015873015873015872
5 0.015873015873015872
3 0.01360544217687075
2 0.01360544217687075
0 0.01360544217687075
6 0.011337868480725623
doc : 69
1 0.7602739726027397
4 0.10730593607305935
8 0.02511415525114155
5 0.0228310502283105
2 0.0182648401826484
3 0.01598173515981735
9 0.0136986301369863
0 0.0136986301369863
7 0.01141552511415525
6 0.01141552511415525
doc : 70
1 0.8148936170212766
4 0.05319148936170213
3 0.023404255319148935
8 0.02127659574468085
7 0.019148936170212766
9 0.014893617021276596
2 0.014893617021276596
0 0.014893617021276596
6 0.012765957446808512
5 0.010638297872340425
doc : 71
1 0.8857142857142858
4 0.02689075630252101
7 0.015126050420168069
9 0.011764705882352941
5 0.011764705882352941
0 0.011764705882352941
8 0.010084033613445379
3 0.010084033613445379
6 0.008403361344537816
2 0.008403361344537816
doc : 72
1 0.8246013667425968
4 0.06378132118451024
8 0.018223234624145785
9 0.01594533029612756
7 0.01594533029612756
2 0.01594533029612756
6 0.011389521640091115
5 0.011389521640091115
3 0.011389521640091115
0 0.011389521640091115
doc : 73
0 0.937046004842615
1 0.012106537530266344
5 0.008878127522195318
2 0.008071025020177562
9 0.007263922518159806
8 0.00645682001614205
7 0.005649717514124294
6 0.004842615012106538
4 0.004842615012106538
3 0.004842615012106538
doc : 74
5 0.2975778546712803
0 0.1522491349480969
2 0.09688581314878893
1 0.09688581314878893
7 0.07612456747404844
3 0.07612456747404844
4 0.06920415224913495
6 0.06574394463667821
8 0.04498269896193772
9 0.02422145328719723
doc : 75
5 0.894972067039106
4 0.04022346368715084
1 0.012290502793296089
0 0.01005586592178771
6 0.007821229050279328
3 0.007821229050279328
9 0.0067039106145251395
8 0.0067039106145251395
7 0.0067039106145251395
2 0.0067039106145251395
doc : 76
0 0.8658183921341815
3 0.09311740890688258
1 0.006940427993059571
9 0.005205320994794678
8 0.005205320994794678
5 0.005205320994794678
4 0.005205320994794678
7 0.004626951995373048
2 0.004626951995373048
6 0.004048582995951417
doc : 77
9 0.6878612716763006
3 0.10867052023121387
4 0.10289017341040463
0 0.026589595375722544
7 0.018497109826589597
2 0.0161849710982659
8 0.013872832369942197
1 0.010404624277456647
6 0.00809248554913295
5 0.006936416184971098
doc : 78
0 0.8429423459244532
5 0.02783300198807157
4 0.021868787276341946
3 0.017892644135188866
2 0.017892644135188866
8 0.015904572564612324
7 0.015904572564612324
1 0.015904572564612324
9 0.011928429423459244
6 0.011928429423459244
doc : 79
0 0.8571428571428571
5 0.025396825396825397
8 0.023809523809523808
1 0.022222222222222223
9 0.015873015873015872
4 0.014285714285714285
7 0.011111111111111112
3 0.011111111111111112
2 0.011111111111111112
6 0.007936507936507936
doc : 80
7 0.6858490566037736
3 0.19056603773584907
5 0.046226415094339626
0 0.022641509433962266
2 0.012264150943396227
9 0.010377358490566037
8 0.009433962264150943
6 0.008490566037735849
4 0.007547169811320755
1 0.006603773584905661
doc : 81
0 0.45806451612903226
5 0.23225806451612904
3 0.054838709677419356
9 0.05161290322580645
1 0.041935483870967745
8 0.03870967741935484
2 0.03870967741935484
4 0.03225806451612903
7 0.02903225806451613
6 0.02258064516129032
doc : 82
9 0.392578125
3 0.35546875
0 0.0859375
5 0.0703125
7 0.0234375
6 0.01953125
1 0.015625
4 0.013671875
2 0.013671875
8 0.009765625
doc : 83
2 0.5150684931506849
8 0.13424657534246576
4 0.1315068493150685
7 0.04657534246575343
5 0.038356164383561646
1 0.03287671232876713
9 0.030136986301369864
0 0.030136986301369864
6 0.0273972602739726
3 0.0136986301369863
doc : 84
0 0.6434231378763867
5 0.06814580031695722
8 0.06180665610142631
1 0.06180665610142631
9 0.04120443740095087
4 0.03803486529318542
2 0.03486529318541997
3 0.022187004754358162
7 0.01584786053882726
6 0.012678288431061807
doc : 85
2 0.5384615384615385
1 0.11538461538461539
8 0.10817307692307693
4 0.05528846153846154
5 0.04807692307692308
7 0.038461538461538464
3 0.026442307692307696
0 0.026442307692307696
6 0.02403846153846154
9 0.019230769230769232
doc : 86
3 0.9224137931034482
2 0.014367816091954023
8 0.011494252873563218
9 0.009578544061302681
0 0.009578544061302681
6 0.008620689655172414
5 0.006704980842911877
4 0.006704980842911877
7 0.005747126436781609
1 0.004789272030651341
doc : 87
6 0.23636363636363636
2 0.22424242424242424
8 0.14545454545454545
3 0.09090909090909091
1 0.09090909090909091
5 0.05454545454545454
4 0.048484848484848485
0 0.04242424242424243
7 0.03636363636363636
9 0.030303030303030304
doc : 88
8 0.6452282157676349
1 0.1078838174273859
4 0.049792531120331954
9 0.03734439834024896
5 0.03734439834024896
7 0.03112033195020747
0 0.03112033195020747
2 0.026970954356846474
3 0.01867219917012448
6 0.014522821576763486
doc : 89
4 0.3323262839879154
1 0.22054380664652568
2 0.09969788519637462
7 0.09365558912386707
3 0.0755287009063444
5 0.0513595166163142
9 0.04229607250755287
8 0.03927492447129909
0 0.02416918429003021
6 0.021148036253776436
doc : 90
1 0.8101851851851851
4 0.0625
5 0.02546296296296296
8 0.018518518518518517
3 0.018518518518518517
2 0.016203703703703703
9 0.013888888888888888
7 0.011574074074074073
6 0.011574074074074073
0 0.011574074074074073
doc : 91
4 0.4603960396039604
1 0.25742574257425743
0 0.0594059405940594
8 0.04455445544554455
9 0.034653465346534656
6 0.034653465346534656
7 0.0297029702970297
2 0.0297029702970297
5 0.024752475247524754
3 0.024752475247524754
doc : 92
1 0.798611111111111
4 0.08333333333333333
8 0.018518518518518517
5 0.016203703703703703
3 0.016203703703703703
0 0.016203703703703703
7 0.013888888888888888
2 0.013888888888888888
9 0.011574074074074073
6 0.011574074074074073
doc : 93
1 0.8794326241134751
4 0.02304964539007092
3 0.015957446808510637
2 0.014184397163120567
0 0.014184397163120567
7 0.012411347517730497
9 0.010638297872340425
8 0.010638297872340425
5 0.010638297872340425
6 0.008865248226950354
doc : 94
1 0.8814159292035398
4 0.02654867256637168
5 0.01415929203539823
9 0.012389380530973451
8 0.012389380530973451
6 0.012389380530973451
7 0.010619469026548672
3 0.010619469026548672
2 0.010619469026548672
0 0.008849557522123894
doc : 95
1 0.8776595744680851
8 0.02127659574468085
3 0.017730496453900707
9 0.014184397163120567
5 0.014184397163120567
4 0.014184397163120567
7 0.010638297872340425
6 0.010638297872340425
2 0.010638297872340425
0 0.008865248226950354
doc : 96
1 0.822429906542056
4 0.04906542056074766
2 0.02570093457943925
3 0.018691588785046728
8 0.016355140186915886
5 0.016355140186915886
7 0.014018691588785045
0 0.014018691588785045
9 0.011682242990654205
6 0.011682242990654205
doc : 97
1 0.8131067961165048
4 0.06310679611650485
5 0.02427184466019417
9 0.01699029126213592
8 0.01699029126213592
3 0.014563106796116504
0 0.014563106796116504
7 0.012135922330097085
6 0.012135922330097085
2 0.012135922330097085
doc : 98
1 0.7941888619854722
4 0.09200968523002422
7 0.02179176755447942
9 0.014527845036319613
8 0.014527845036319613
2 0.014527845036319613
6 0.012106537530266345
5 0.012106537530266345
3 0.012106537530266345
0 0.012106537530266345
doc : 99
9 0.9108204518430439
4 0.030321046373365038
3 0.011890606420927466
5 0.009512485136741973
2 0.009512485136741973
8 0.008323424494649227
1 0.006539833531510107
6 0.005350772889417359
7 0.004161712247324614
0 0.00356718192627824
