doc : 0
6 0.8033596837944663
9 0.062252964426877465
4 0.03162055335968379
8 0.02766798418972332
2 0.02075098814229249
1 0.016798418972332016
5 0.01383399209486166
7 0.010869565217391304
0 0.007905138339920948
3 0.004940711462450592
doc : 1
4 0.7964426877470355
9 0.07905138339920947
2 0.03952569169960474
1 0.015810276679841896
6 0.01383399209486166
8 0.011857707509881422
5 0.011857707509881422
3 0.011857707509881422
7 0.009881422924901184
0 0.009881422924901184
doc : 2
4 0.7707509881422925
9 0.08102766798418971
2 0.06521739130434782
1 0.017786561264822132
6 0.011857707509881422
3 0.011857707509881422
0 0.011857707509881422
8 0.009881422924901184
7 0.009881422924901184
5 0.009881422924901184
doc : 3
4 0.75
9 0.04929577464788733
2 0.045774647887323945
1 0.03873239436619719
6 0.024647887323943664
8 0.02112676056338028
7 0.017605633802816902
5 0.017605633802816902
3 0.017605633802816902
0 0.017605633802816902
doc : 4
1 0.30192307692307696
9 0.22884615384615387
4 0.18461538461538463
2 0.17692307692307693
0 0.026923076923076925
8 0.019230769230769232
6 0.019230769230769232
5 0.019230769230769232
3 0.013461538461538462
7 0.009615384615384616
doc : 5
9 0.391025641025641
2 0.17307692307692307
7 0.07692307692307693
8 0.0641025641025641
6 0.05769230769230769
1 0.05769230769230769
4 0.05128205128205128
0 0.05128205128205128
5 0.04487179487179487
3 0.03205128205128205
doc : 6
9 0.6470588235294118
3 0.06209150326797386
7 0.049019607843137254
8 0.0392156862745098
1 0.0392156862745098
0 0.0392156862745098
4 0.03594771241830066
2 0.032679738562091505
6 0.029411764705882353
5 0.026143790849673203
doc : 7
9 0.5398773006134969
6 0.06748466257668712
1 0.06134969325153374
0 0.06134969325153374
7 0.05521472392638037
3 0.05521472392638037
2 0.049079754601226995
5 0.04294478527607362
4 0.03680981595092025
8 0.03067484662576687
doc : 8
1 0.6092233009708737
9 0.14441747572815533
4 0.11650485436893203
2 0.07645631067961164
6 0.012135922330097085
0 0.009708737864077669
8 0.00849514563106796
7 0.00849514563106796
3 0.00849514563106796
5 0.006067961165048543
doc : 9
3 0.7930825242718446
9 0.0345873786407767
0 0.03155339805825243
7 0.028519417475728153
8 0.025485436893203883
1 0.02427184466019417
2 0.01820388349514563
4 0.01699029126213592
6 0.01395631067961165
5 0.013349514563106795
doc : 10
9 0.6907216494845361
6 0.08247422680412371
5 0.041237113402061855
3 0.03436426116838488
0 0.03436426116838488
2 0.030927835051546393
7 0.024054982817869414
1 0.024054982817869414
8 0.020618556701030927
4 0.01718213058419244
doc : 11
2 0.6655052264808362
9 0.11149825783972125
1 0.041811846689895474
4 0.03832752613240418
6 0.027874564459930314
5 0.027874564459930314
7 0.024390243902439025
3 0.024390243902439025
8 0.020905923344947737
0 0.017421602787456445
doc : 12
2 0.8115671641791045
9 0.05783582089552239
4 0.03544776119402985
8 0.018656716417910446
5 0.016791044776119403
6 0.014925373134328358
7 0.013059701492537313
1 0.013059701492537313
3 0.009328358208955223
0 0.009328358208955223
doc : 13
0 0.5088495575221239
9 0.11504424778761062
2 0.10398230088495575
6 0.09513274336283185
4 0.07300884955752213
8 0.03761061946902655
1 0.024336283185840708
3 0.015486725663716814
7 0.01327433628318584
5 0.01327433628318584
doc : 14
7 0.8857142857142857
3 0.018095238095238095
8 0.015238095238095238
6 0.014285714285714285
1 0.013333333333333332
5 0.012380952380952381
4 0.012380952380952381
2 0.011428571428571429
9 0.010476190476190476
0 0.006666666666666666
doc : 15
7 0.8484076433121018
5 0.030573248407643312
9 0.025477707006369425
4 0.024203821656050954
3 0.014012738853503183
6 0.012738853503184712
2 0.012738853503184712
1 0.011464968152866241
8 0.01019108280254777
0 0.01019108280254777
doc : 16
9 0.4552845528455285
4 0.19918699186991873
2 0.10365853658536586
1 0.06504065040650407
6 0.06097560975609757
8 0.034552845528455285
7 0.02845528455284553
0 0.024390243902439025
5 0.016260162601626018
3 0.012195121951219513
doc : 17
9 0.4979591836734694
6 0.09387755102040818
1 0.07755102040816328
5 0.07346938775510205
0 0.05714285714285715
4 0.05306122448979592
2 0.05306122448979592
8 0.0326530612244898
7 0.0326530612244898
3 0.028571428571428574
doc : 18
9 0.39488636363636365
1 0.17329545454545456
2 0.12215909090909091
7 0.05397727272727273
6 0.05397727272727273
4 0.05397727272727273
3 0.048295454545454544
8 0.04261363636363637
5 0.02840909090909091
0 0.02840909090909091
doc : 19
3 0.5623215984776404
5 0.21693625118934348
8 0.11322549952426261
7 0.024738344433872503
9 0.019980970504281638
1 0.01807802093244529
4 0.013320647002854425
6 0.012369172216936251
2 0.009514747859181731
0 0.009514747859181731
doc : 20
9 0.5488322717622081
6 0.1305732484076433
2 0.11358811040339703
4 0.09341825902335456
1 0.041401273885350316
8 0.029723991507430998
0 0.013800424628450107
7 0.01167728237791932
3 0.009554140127388535
5 0.0074309978768577496
doc : 21
6 0.313953488372093
5 0.10465116279069767
9 0.08139534883720931
7 0.08139534883720931
3 0.08139534883720931
1 0.08139534883720931
8 0.06976744186046512
4 0.06976744186046512
2 0.05813953488372093
0 0.05813953488372093
doc : 22
6 0.27906976744186046
5 0.10465116279069767
3 0.09302325581395349
4 0.08139534883720931
2 0.08139534883720931
1 0.08139534883720931
9 0.06976744186046512
8 0.06976744186046512
7 0.06976744186046512
0 0.06976744186046512
doc : 23
6 0.44541484716157204
1 0.14410480349344978
7 0.09606986899563319
9 0.06550218340611354
8 0.05240174672489083
5 0.05240174672489083
3 0.043668122270742356
0 0.03930131004366812
4 0.034934497816593885
2 0.026200873362445413
doc : 24
4 0.760119940029985
5 0.05997001499250375
8 0.05547226386806597
1 0.0239880059970015
9 0.020989505247376312
3 0.020989505247376312
6 0.01649175412293853
2 0.01649175412293853
0 0.014992503748125937
7 0.010494752623688156
doc : 25
4 0.7353361945636624
1 0.05436337625178827
5 0.04864091559370529
8 0.04148783977110157
2 0.032904148783977114
7 0.02575107296137339
3 0.02145922746781116
9 0.01859799713876967
6 0.012875536480686695
0 0.008583690987124463
doc : 26
4 0.7233727810650887
8 0.1227810650887574
1 0.034023668639053255
3 0.02514792899408284
5 0.023668639053254437
6 0.01775147928994083
0 0.014792899408284023
7 0.013313609467455622
2 0.013313609467455622
9 0.011834319526627219
doc : 27
5 0.8020231213872832
8 0.04190751445086705
1 0.028901734104046242
0 0.026011560693641616
6 0.023121387283236993
2 0.02023121387283237
9 0.017341040462427744
7 0.015895953757225433
4 0.013005780346820808
3 0.011560693641618497
doc : 28
7 0.7119062307217767
5 0.09191856878470081
8 0.05058605798889575
3 0.040098704503392965
9 0.03763109191856879
6 0.016656384947563233
4 0.015422578655151141
0 0.01295496607032696
2 0.012338062924120914
1 0.010487353485502776
doc : 29
1 0.7313054499366286
4 0.11787072243346007
2 0.07224334600760456
5 0.013941698352344739
8 0.012674271229404309
7 0.012674271229404309
6 0.011406844106463877
0 0.011406844106463877
9 0.010139416983523447
3 0.0063371356147021544
doc : 30
4 0.844
2 0.044
8 0.016
6 0.016
3 0.016
9 0.014
5 0.014
0 0.014
7 0.012
1 0.01
doc : 31
4 0.7447916666666666
2 0.06597222222222222
8 0.046875
0 0.041666666666666664
9 0.026041666666666664
1 0.022569444444444444
5 0.015625
7 0.012152777777777776
6 0.012152777777777776
3 0.012152777777777776
doc : 32
8 0.4917452830188679
7 0.14150943396226415
6 0.1096698113207547
5 0.0660377358490566
4 0.04481132075471698
2 0.04245283018867924
1 0.036556603773584904
9 0.02240566037735849
3 0.02240566037735849
0 0.02240566037735849
doc : 33
2 0.866412213740458
1 0.022900763358778626
4 0.02099236641221374
5 0.01717557251908397
8 0.013358778625954198
7 0.013358778625954198
6 0.013358778625954198
9 0.011450381679389313
0 0.011450381679389313
3 0.009541984732824428
doc : 34
2 0.8507462686567164
1 0.033582089552238806
4 0.026119402985074626
5 0.016791044776119403
8 0.014925373134328358
0 0.014925373134328358
7 0.011194029850746268
6 0.011194029850746268
3 0.011194029850746268
9 0.009328358208955223
doc : 35
2 0.8677839851024208
4 0.0223463687150838
1 0.020484171322160148
9 0.0186219739292365
0 0.0148975791433892
7 0.01303538175046555
8 0.0111731843575419
6 0.0111731843575419
3 0.0111731843575419
5 0.00931098696461825
doc : 36
1 0.19230769230769232
3 0.17582417582417584
9 0.1208791208791209
8 0.1098901098901099
5 0.09340659340659341
6 0.08791208791208792
2 0.06593406593406594
0 0.06593406593406594
7 0.06043956043956045
4 0.027472527472527476
doc : 37
6 0.8557894736842105
4 0.030526315789473683
8 0.02631578947368421
9 0.024210526315789474
1 0.013684210526315788
2 0.01263157894736842
5 0.010526315789473684
0 0.009473684210526315
7 0.008421052631578947
3 0.008421052631578947
doc : 38
8 0.8560110230795729
5 0.0347915949018257
7 0.031002411298656565
9 0.021012745435756115
4 0.01756803306923872
0 0.012400964519462626
3 0.00930072338959697
6 0.00861178091629349
2 0.005511539786427834
1 0.0037891836031691355
doc : 39
0 0.8468149646107179
7 0.04499494438827098
5 0.024772497472194135
8 0.020222446916076844
6 0.01718907987866532
3 0.011122345803842266
9 0.010111223458038422
2 0.010111223458038422
4 0.008088978766430738
1 0.006572295247724975
doc : 40
7 0.4005602240896359
0 0.1988795518207283
8 0.11904761904761905
5 0.05042016806722689
9 0.04201680672268908
6 0.04201680672268908
1 0.04061624649859944
2 0.037815126050420166
3 0.036414565826330535
4 0.03221288515406163
doc : 41
4 0.7545271629778673
2 0.130784708249497
7 0.022132796780684107
5 0.01609657947686117
9 0.014084507042253523
6 0.014084507042253523
0 0.014084507042253523
3 0.012072434607645876
1 0.012072434607645876
8 0.01006036217303823
doc : 42
4 0.7706896551724138
2 0.05517241379310345
5 0.05344827586206896
8 0.022413793103448276
0 0.022413793103448276
9 0.01896551724137931
3 0.017241379310344827
6 0.013793103448275862
1 0.013793103448275862
7 0.01206896551724138
doc : 43
0 0.5321637426900585
2 0.15009746588693956
6 0.10526315789473684
4 0.06432748538011696
1 0.03508771929824561
8 0.02729044834307992
9 0.025341130604288498
7 0.023391812865497075
3 0.01949317738791423
5 0.017543859649122806
doc : 44
2 0.6953405017921147
4 0.05734767025089606
8 0.053763440860215055
6 0.035842293906810034
7 0.03225806451612903
1 0.03225806451612903
9 0.025089605734767026
3 0.025089605734767026
5 0.021505376344086023
0 0.021505376344086023
doc : 45
2 0.7293233082706767
1 0.03759398496240601
7 0.03383458646616541
6 0.03383458646616541
8 0.03007518796992481
5 0.03007518796992481
4 0.03007518796992481
3 0.03007518796992481
9 0.022556390977443608
0 0.022556390977443608
doc : 46
2 0.66
1 0.084
4 0.064
5 0.04
7 0.028
6 0.028
0 0.028
8 0.024
3 0.024
9 0.02
doc : 47
3 0.5206786850477201
5 0.17179215270413575
8 0.17073170731707318
2 0.025450689289501595
9 0.024390243902439025
1 0.02332979851537646
7 0.019088016967126194
6 0.016967126193001062
4 0.016967126193001062
0 0.010604453870625663
doc : 48
5 0.80990099009901
8 0.03762376237623762
7 0.033663366336633666
6 0.023762376237623763
2 0.019801980198019802
9 0.017821782178217824
3 0.015841584158415842
0 0.015841584158415842
4 0.013861386138613862
1 0.011881188118811881
doc : 49
5 0.8525695029486099
8 0.040438079191238416
7 0.031171019376579612
2 0.019376579612468407
0 0.012636899747262004
4 0.011794439764111203
6 0.010109519797809604
1 0.009267059814658803
3 0.006739679865206402
9 0.005897219882055602
