doc : 0
4 0.8263665594855305
5 0.02572347266881029
2 0.022508038585209004
9 0.01929260450160772
7 0.01929260450160772
1 0.01929260450160772
0 0.01929260450160772
8 0.01607717041800643
6 0.01607717041800643
3 0.01607717041800643
doc : 1
4 0.8528037383177569
2 0.03037383177570093
5 0.02102803738317757
1 0.018691588785046728
7 0.016355140186915886
0 0.014018691588785045
9 0.011682242990654205
8 0.011682242990654205
6 0.011682242990654205
3 0.011682242990654205
doc : 2
4 0.8446601941747572
2 0.03640776699029126
7 0.021844660194174755
1 0.019417475728155338
9 0.014563106796116504
5 0.014563106796116504
8 0.012135922330097085
6 0.012135922330097085
3 0.012135922330097085
0 0.012135922330097085
doc : 3
4 0.7731481481481481
9 0.027777777777777776
8 0.027777777777777776
5 0.027777777777777776
1 0.027777777777777776
7 0.023148148148148147
6 0.023148148148148147
3 0.023148148148148147
2 0.023148148148148147
0 0.023148148148148147
doc : 4
4 0.7479338842975207
1 0.06404958677685951
2 0.06198347107438017
9 0.024793388429752067
3 0.022727272727272728
7 0.01859504132231405
8 0.01652892561983471
0 0.01652892561983471
5 0.014462809917355372
6 0.012396694214876033
doc : 5
9 0.629757785467128
4 0.11764705882352941
8 0.0726643598615917
1 0.03806228373702422
0 0.03460207612456748
2 0.02768166089965398
3 0.02422145328719723
7 0.020761245674740483
6 0.01730103806228374
5 0.01730103806228374
doc : 6
9 0.6847826086956522
8 0.07608695652173914
4 0.043478260869565216
1 0.043478260869565216
5 0.028985507246376812
3 0.028985507246376812
7 0.025362318840579712
2 0.025362318840579712
0 0.025362318840579712
6 0.018115942028985508
doc : 7
8 0.968321513002364
4 0.007565011820330969
1 0.005200945626477541
9 0.003309692671394799
7 0.003309692671394799
0 0.0028368794326241132
6 0.002364066193853428
5 0.002364066193853428
3 0.002364066193853428
2 0.002364066193853428
doc : 8
8 0.9341507720254314
4 0.043142597638510444
1 0.004541326067211625
2 0.003178928247048138
7 0.0027247956403269754
5 0.0027247956403269754
0 0.0027247956403269754
9 0.0022706630336058126
6 0.0022706630336058126
3 0.0022706630336058126
doc : 9
4 0.59026369168357
2 0.15821501014198783
7 0.14198782961460446
1 0.028397565922920892
5 0.018255578093306288
6 0.016227180527383367
9 0.014198782961460446
0 0.012170385395537525
8 0.010141987829614604
3 0.010141987829614604
doc : 10
4 0.7216828478964402
5 0.1197411003236246
2 0.02912621359223301
3 0.025889967637540454
9 0.01941747572815534
8 0.01941747572815534
7 0.016181229773462785
6 0.016181229773462785
1 0.016181229773462785
0 0.016181229773462785
doc : 11
4 0.7626112759643917
5 0.04747774480712166
1 0.04154302670623146
2 0.032640949554896145
8 0.02967359050445104
7 0.02077151335311573
9 0.017804154302670624
6 0.017804154302670624
3 0.01483679525222552
0 0.01483679525222552
doc : 12
4 0.7632508833922261
1 0.045936395759717315
8 0.038869257950530034
0 0.03180212014134275
9 0.021201413427561835
6 0.021201413427561835
5 0.021201413427561835
2 0.021201413427561835
7 0.0176678445229682
3 0.0176678445229682
doc : 13
3 0.7430025445292622
8 0.058524173027989825
4 0.03816793893129771
1 0.03816793893129771
7 0.03053435114503817
9 0.025445292620865142
5 0.020356234096692113
2 0.017811704834605598
0 0.015267175572519085
6 0.012722646310432571
doc : 14
3 0.7686567164179104
8 0.05472636815920398
1 0.0472636815920398
2 0.029850746268656716
7 0.022388059701492536
4 0.022388059701492536
9 0.014925373134328358
6 0.014925373134328358
5 0.01243781094527363
0 0.01243781094527363
doc : 15
4 0.8428835489833642
1 0.04066543438077634
7 0.024029574861367836
8 0.018484288354898334
5 0.0166358595194085
0 0.0166358595194085
2 0.012939001848428836
9 0.009242144177449167
6 0.009242144177449167
3 0.009242144177449167
doc : 16
9 0.7352572145545796
1 0.1317440401505646
4 0.03889585947302383
8 0.03513174404015056
2 0.011292346298619823
0 0.011292346298619823
6 0.010037641154328732
5 0.010037641154328732
3 0.00878293601003764
7 0.0075282308657465494
doc : 17
2 0.19999999999999998
9 0.17272727272727273
7 0.15454545454545454
4 0.10909090909090909
1 0.09999999999999999
8 0.06363636363636363
5 0.05454545454545454
3 0.05454545454545454
6 0.045454545454545456
0 0.045454545454545456
doc : 18
4 0.5225225225225225
0 0.07807807807807808
7 0.07207207207207207
2 0.06906906906906907
1 0.06006006006006006
9 0.05105105105105105
8 0.04204204204204204
6 0.04204204204204204
3 0.03303303303303303
5 0.03003003003003003
doc : 19
7 0.8411214953271028
1 0.028037383177570093
5 0.018691588785046728
0 0.018691588785046728
9 0.01557632398753894
8 0.01557632398753894
6 0.01557632398753894
4 0.01557632398753894
3 0.01557632398753894
2 0.01557632398753894
doc : 20
7 0.8421052631578948
1 0.02476780185758514
4 0.021671826625386997
3 0.018575851393188854
9 0.015479876160990714
8 0.015479876160990714
6 0.015479876160990714
5 0.015479876160990714
2 0.015479876160990714
0 0.015479876160990714
doc : 21
7 0.8466453674121406
1 0.022364217252396165
4 0.019169329073482427
9 0.01597444089456869
8 0.01597444089456869
6 0.01597444089456869
5 0.01597444089456869
3 0.01597444089456869
2 0.01597444089456869
0 0.01597444089456869
doc : 22
4 0.7722419928825622
5 0.03202846975088968
2 0.03202846975088968
1 0.03202846975088968
7 0.02491103202846975
3 0.02491103202846975
9 0.021352313167259787
6 0.021352313167259787
0 0.021352313167259787
8 0.01779359430604982
doc : 23
4 0.7843137254901961
2 0.03529411764705882
7 0.03137254901960784
1 0.027450980392156862
8 0.023529411764705882
9 0.0196078431372549
6 0.0196078431372549
5 0.0196078431372549
3 0.0196078431372549
0 0.0196078431372549
doc : 24
4 0.5018248175182481
1 0.3613138686131387
9 0.03102189781021898
2 0.03102189781021898
7 0.016423357664233577
8 0.014598540145985401
5 0.014598540145985401
6 0.010948905109489052
3 0.009124087591240875
0 0.009124087591240875
doc : 25
9 0.5409836065573771
4 0.2529274004683841
8 0.08665105386416862
7 0.02810304449648712
1 0.023419203747072598
0 0.01873536299765808
3 0.01405152224824356
6 0.011709601873536299
5 0.011709601873536299
2 0.011709601873536299
doc : 26
1 0.9238451935081149
2 0.015605493133583021
4 0.01435705368289638
9 0.009363295880149813
8 0.008114856429463172
7 0.00749063670411985
5 0.0056179775280898875
3 0.0056179775280898875
6 0.004993757802746567
0 0.004993757802746567
doc : 27
8 0.932448262397501
5 0.02967590784849668
4 0.008199921905505662
2 0.006638032018742679
1 0.006247559547051933
7 0.00468566966028895
9 0.003904724716907458
0 0.003514252245216712
6 0.002733307301835221
3 0.001952362358453729
doc : 28
7 0.8473520249221184
4 0.024922118380062305
3 0.018691588785046728
9 0.01557632398753894
8 0.01557632398753894
6 0.01557632398753894
5 0.01557632398753894
2 0.01557632398753894
1 0.01557632398753894
0 0.01557632398753894
doc : 29
4 0.6893063583815029
3 0.06502890173410404
2 0.04335260115606936
1 0.04046242774566474
6 0.0361271676300578
5 0.0361271676300578
8 0.026011560693641616
7 0.026011560693641616
9 0.02167630057803468
0 0.015895953757225433
doc : 30
4 0.7437722419928825
2 0.10676156583629892
7 0.03380782918149466
5 0.028469750889679714
1 0.028469750889679714
3 0.01779359430604982
8 0.010676156583629894
6 0.010676156583629894
0 0.010676156583629894
9 0.00889679715302491
doc : 31
4 0.7852564102564102
2 0.05128205128205128
7 0.028846153846153844
5 0.02564102564102564
1 0.02564102564102564
3 0.019230769230769232
9 0.016025641025641024
8 0.016025641025641024
6 0.016025641025641024
0 0.016025641025641024
doc : 32
4 0.7572463768115942
7 0.05434782608695652
2 0.036231884057971016
1 0.028985507246376812
5 0.025362318840579712
8 0.021739130434782608
3 0.021739130434782608
9 0.018115942028985508
6 0.018115942028985508
0 0.018115942028985508
doc : 33
9 0.7095588235294118
8 0.06985294117647059
4 0.0625
0 0.029411764705882353
3 0.025735294117647058
1 0.025735294117647058
6 0.022058823529411763
7 0.01838235294117647
5 0.01838235294117647
2 0.01838235294117647
doc : 34
1 0.6304347826086957
8 0.2803203661327231
3 0.018306636155606407
7 0.016018306636155607
4 0.014874141876430207
9 0.010297482837528604
6 0.008009153318077803
5 0.008009153318077803
2 0.006864988558352403
0 0.006864988558352403
doc : 35
3 0.902127659574468
4 0.012765957446808512
9 0.010638297872340425
8 0.010638297872340425
7 0.010638297872340425
6 0.010638297872340425
5 0.010638297872340425
2 0.010638297872340425
1 0.010638297872340425
0 0.010638297872340425
doc : 36
3 0.896186440677966
8 0.012711864406779662
7 0.012711864406779662
4 0.012711864406779662
0 0.012711864406779662
9 0.01059322033898305
6 0.01059322033898305
5 0.01059322033898305
2 0.01059322033898305
1 0.01059322033898305
doc : 37
1 0.5067264573991032
4 0.3721973094170404
2 0.02914798206278027
5 0.017937219730941704
7 0.01569506726457399
3 0.013452914798206279
9 0.011210762331838564
8 0.011210762331838564
6 0.011210762331838564
0 0.011210762331838564
doc : 38
4 0.7865168539325843
2 0.05778491171749599
1 0.03691813804173355
7 0.028892455858747994
8 0.02728731942215088
5 0.016051364365971106
0 0.014446227929373997
3 0.012841091492776886
9 0.009630818619582664
6 0.009630818619582664
doc : 39
4 0.8541666666666666
8 0.027083333333333334
2 0.020833333333333332
1 0.01875
0 0.016666666666666666
7 0.014583333333333334
6 0.014583333333333334
9 0.0125
5 0.010416666666666666
3 0.010416666666666666
doc : 40
1 0.5782967032967034
8 0.33241758241758246
4 0.020604395604395608
3 0.013736263736263738
9 0.009615384615384616
7 0.009615384615384616
5 0.009615384615384616
0 0.009615384615384616
6 0.008241758241758242
2 0.008241758241758242
doc : 41
4 0.6405529953917051
7 0.059907834101382486
2 0.05529953917050691
1 0.05069124423963134
9 0.04608294930875576
5 0.041474654377880185
8 0.027649769585253454
3 0.027649769585253454
0 0.027649769585253454
6 0.02304147465437788
doc : 42
7 0.8769522006625651
2 0.09701845716990061
0 0.00473260766682442
4 0.003786086133459536
1 0.003786086133459536
6 0.003312825366777094
5 0.003312825366777094
9 0.00236630383341221
8 0.00236630383341221
3 0.00236630383341221
doc : 43
4 0.7305194805194806
2 0.061688311688311695
8 0.03896103896103896
7 0.03896103896103896
9 0.03571428571428572
1 0.022727272727272728
3 0.01948051948051948
0 0.01948051948051948
6 0.016233766233766236
5 0.016233766233766236
doc : 44
2 0.9789473684210527
4 0.0046315789473684215
7 0.004210526315789474
5 0.003368421052631579
3 0.0018947368421052633
1 0.0016842105263157896
0 0.0016842105263157896
9 0.0012631578947368421
6 0.0012631578947368421
8 0.0010526315789473684
doc : 45
4 0.2753623188405797
5 0.11594202898550725
6 0.08695652173913043
2 0.08695652173913043
9 0.07246376811594203
8 0.07246376811594203
7 0.07246376811594203
3 0.07246376811594203
1 0.07246376811594203
0 0.07246376811594203
doc : 46
4 0.2602739726027397
8 0.1095890410958904
7 0.0958904109589041
0 0.0958904109589041
2 0.0821917808219178
1 0.0821917808219178
9 0.0684931506849315
6 0.0684931506849315
5 0.0684931506849315
3 0.0684931506849315
doc : 47
1 0.828616352201258
4 0.12421383647798742
0 0.007861635220125786
2 0.007075471698113208
9 0.006289308176100629
3 0.006289308176100629
8 0.005503144654088051
5 0.005503144654088051
7 0.004716981132075472
6 0.003930817610062893
doc : 48
4 0.782258064516129
2 0.04032258064516129
7 0.028225806451612902
1 0.024193548387096774
0 0.024193548387096774
9 0.020161290322580645
8 0.020161290322580645
6 0.020161290322580645
5 0.020161290322580645
3 0.020161290322580645
doc : 49
4 0.757396449704142
2 0.05325443786982249
5 0.03254437869822485
7 0.029585798816568046
0 0.026627218934911243
8 0.023668639053254437
9 0.02071005917159763
3 0.02071005917159763
1 0.02071005917159763
6 0.014792899408284023
doc : 50
4 0.6077348066298343
1 0.08950276243093923
7 0.06298342541436465
2 0.059668508287292824
9 0.05524861878453039
0 0.04640883977900553
3 0.03756906077348066
5 0.015469613259668509
8 0.013259668508287293
6 0.012154696132596687
doc : 51
5 0.6510263929618768
8 0.11913489736070382
1 0.1158357771260997
2 0.06341642228739003
4 0.013196480938416423
7 0.010263929618768328
3 0.00879765395894428
6 0.00843108504398827
9 0.006964809384164223
0 0.002932551319648094
doc : 52
4 0.793103448275862
2 0.03761755485893417
7 0.028213166144200625
5 0.025078369905956112
1 0.025078369905956112
9 0.0219435736677116
8 0.018808777429467086
0 0.018808777429467086
6 0.01567398119122257
3 0.01567398119122257
doc : 53
4 0.6666666666666666
8 0.05128205128205128
9 0.04487179487179487
1 0.04487179487179487
7 0.03205128205128205
6 0.03205128205128205
5 0.03205128205128205
3 0.03205128205128205
2 0.03205128205128205
0 0.03205128205128205
doc : 54
4 0.6507666098807496
2 0.20442930153321975
1 0.030664395229982964
7 0.02555366269165247
5 0.022146507666098807
9 0.017035775127768313
0 0.015332197614991482
8 0.01192504258943782
3 0.01192504258943782
6 0.010221465076660989
doc : 55
7 0.3624161073825503
1 0.21476510067114093
4 0.13154362416107382
3 0.09798657718120805
2 0.06711409395973154
9 0.038926174496644296
8 0.02953020134228188
5 0.024161073825503355
0 0.020134228187919462
6 0.013422818791946308
doc : 56
1 0.9085673146148308
4 0.04247660187185025
2 0.010079193664506839
0 0.007919366450683946
8 0.007199424046076314
5 0.007199424046076314
9 0.004319654427645788
7 0.004319654427645788
6 0.004319654427645788
3 0.003599712023038157
doc : 57
0 0.5128292124347936
6 0.18240807498197548
9 0.11213367827303956
3 0.08965604987488866
5 0.05538826922261334
7 0.029432970015691926
2 0.00822766020611561
8 0.005767844268204758
1 0.0035200814283896683
4 6.361592942872895E-4
doc : 58
4 0.664804469273743
7 0.05027932960893855
1 0.05027932960893855
8 0.03910614525139665
0 0.03910614525139665
9 0.0335195530726257
3 0.0335195530726257
2 0.0335195530726257
6 0.02793296089385475
5 0.02793296089385475
doc : 59
4 0.5076142131979695
5 0.18020304568527917
8 0.08375634517766496
1 0.07360406091370558
2 0.03045685279187817
7 0.027918781725888322
3 0.027918781725888322
9 0.025380710659898477
6 0.025380710659898477
0 0.017766497461928932
doc : 60
4 0.7546468401486989
2 0.05947955390334572
1 0.03345724907063197
7 0.026022304832713755
0 0.026022304832713755
9 0.022304832713754646
6 0.022304832713754646
8 0.018587360594795536
5 0.018587360594795536
3 0.018587360594795536
doc : 61
5 0.7302904564315352
8 0.049792531120331954
9 0.03319502074688797
4 0.03319502074688797
3 0.03319502074688797
1 0.029045643153526972
7 0.024896265560165977
2 0.024896265560165977
6 0.02074688796680498
0 0.02074688796680498
doc : 62
5 0.7272727272727273
4 0.05371900826446281
3 0.03305785123966942
1 0.03305785123966942
8 0.028925619834710745
7 0.028925619834710745
6 0.028925619834710745
2 0.024793388429752067
9 0.02066115702479339
0 0.02066115702479339
doc : 63
5 0.7325102880658437
4 0.05761316872427984
3 0.03703703703703704
8 0.03292181069958848
7 0.02880658436213992
2 0.02469135802469136
0 0.02469135802469136
9 0.020576131687242802
6 0.020576131687242802
1 0.020576131687242802
