doc : 0
0 0.48672566371681414
3 0.41238938053097346
4 0.017699115044247787
1 0.01592920353982301
7 0.01415929203539823
9 0.012389380530973451
2 0.012389380530973451
5 0.010619469026548672
8 0.008849557522123894
6 0.008849557522123894
doc : 1
3 0.4514991181657848
0 0.3915343915343915
4 0.04585537918871252
6 0.02292768959435626
8 0.01763668430335097
7 0.015873015873015872
5 0.015873015873015872
2 0.015873015873015872
9 0.014109347442680775
1 0.008818342151675485
doc : 2
2 0.7942583732057416
4 0.07416267942583732
5 0.02631578947368421
6 0.019138755980861243
3 0.01674641148325359
1 0.01674641148325359
8 0.014354066985645932
7 0.014354066985645932
9 0.011961722488038277
0 0.011961722488038277
doc : 3
2 0.5120593692022264
0 0.31910946196660483
5 0.027829313543599257
9 0.025974025974025976
4 0.025974025974025976
7 0.020408163265306124
3 0.020408163265306124
6 0.01855287569573284
1 0.01855287569573284
8 0.011131725417439703
doc : 4
4 0.8033980582524272
9 0.029126213592233007
2 0.029126213592233007
7 0.02669902912621359
3 0.02427184466019417
0 0.02427184466019417
1 0.021844660194174755
8 0.01699029126213592
6 0.012135922330097085
5 0.012135922330097085
doc : 5
9 0.37250199840127896
0 0.2669864108713029
6 0.22941646682653877
4 0.029576338928856912
7 0.028776978417266185
3 0.019984012789768184
2 0.016786570743405275
5 0.01598721023181455
8 0.011191047162270184
1 0.008792965627498001
doc : 6
4 0.7784946236559139
5 0.05698924731182796
7 0.03333333333333333
3 0.03333333333333333
2 0.02795698924731183
9 0.016129032258064516
8 0.016129032258064516
6 0.016129032258064516
0 0.011827956989247311
1 0.00967741935483871
doc : 7
0 0.6548672566371682
3 0.07787610619469026
9 0.06725663716814159
1 0.061946902654867256
8 0.03008849557522124
6 0.02831858407079646
7 0.023008849557522124
5 0.019469026548672566
2 0.019469026548672566
4 0.017699115044247787
doc : 8
1 0.9614703277236493
0 0.007971656333038087
3 0.007528786536758193
5 0.0044286979627989375
2 0.0044286979627989375
9 0.003100088573959256
8 0.003100088573959256
7 0.003100088573959256
4 0.002657218777679362
6 0.0022143489813994687
doc : 9
1 0.9632418069087688
3 0.006200177147918512
0 0.006200177147918512
8 0.005314437555358724
9 0.003985828166519044
6 0.00354295837023915
5 0.00354295837023915
7 0.002657218777679362
4 0.002657218777679362
2 0.002657218777679362
doc : 10
5 0.8253968253968255
2 0.036281179138321996
7 0.031746031746031744
4 0.022675736961451247
3 0.018140589569160998
6 0.015873015873015872
9 0.01360544217687075
0 0.01360544217687075
8 0.011337868480725623
1 0.011337868480725623
doc : 11
0 0.46739130434782605
3 0.1902173913043478
6 0.059782608695652176
9 0.048913043478260865
2 0.048913043478260865
4 0.043478260869565216
8 0.03804347826086957
7 0.03804347826086957
5 0.03804347826086957
1 0.02717391304347826
doc : 12
3 0.6910994764397906
0 0.06806282722513089
1 0.041884816753926704
8 0.03664921465968587
5 0.03141361256544503
9 0.02617801047120419
7 0.02617801047120419
6 0.02617801047120419
4 0.02617801047120419
2 0.02617801047120419
doc : 13
3 0.6994818652849741
0 0.06217616580310881
8 0.046632124352331605
9 0.031088082901554404
5 0.031088082901554404
7 0.02590673575129534
6 0.02590673575129534
4 0.02590673575129534
2 0.02590673575129534
1 0.02590673575129534
doc : 14
4 0.7093425605536332
2 0.06228373702422146
3 0.04844290657439446
7 0.03806228373702422
0 0.03114186851211073
5 0.02768166089965398
9 0.02422145328719723
1 0.02422145328719723
8 0.01730103806228374
6 0.01730103806228374
doc : 15
3 0.6909871244635193
9 0.10300429184549356
0 0.045064377682403435
4 0.032188841201716736
2 0.032188841201716736
6 0.027896995708154508
5 0.02575107296137339
8 0.015021459227467811
1 0.015021459227467811
7 0.012875536480686695
doc : 16
8 0.4292237442922374
6 0.1232876712328767
7 0.0867579908675799
3 0.0776255707762557
4 0.0639269406392694
5 0.0547945205479452
9 0.045662100456621
0 0.045662100456621
2 0.0410958904109589
1 0.0319634703196347
doc : 17
7 0.9025787965616046
5 0.022922636103151862
4 0.017191977077363897
2 0.017191977077363897
8 0.007640878701050621
1 0.007640878701050621
9 0.006685768863419293
0 0.006685768863419293
6 0.0057306590257879654
3 0.0057306590257879654
doc : 18
8 0.8610421836228288
5 0.022332506203473945
2 0.017369727047146403
9 0.01488833746898263
7 0.01488833746898263
6 0.01488833746898263
4 0.01488833746898263
0 0.01488833746898263
3 0.012406947890818858
1 0.012406947890818858
doc : 19
5 0.8696343402225756
7 0.02384737678855326
4 0.01907790143084261
6 0.015898251192368842
9 0.014308426073131956
1 0.014308426073131956
2 0.012718600953895072
0 0.012718600953895072
8 0.009538950715421305
3 0.007949125596184421
doc : 20
5 0.7625
2 0.0375
7 0.03333333333333333
4 0.029166666666666667
9 0.025
6 0.025
1 0.025
8 0.020833333333333332
3 0.020833333333333332
0 0.020833333333333332
doc : 21
3 0.5559265442404007
9 0.15358931552587646
0 0.15191986644407346
4 0.028380634390651086
6 0.02671118530884808
7 0.025041736227045076
5 0.021702838063439065
8 0.015025041736227046
2 0.011686143572621035
1 0.01001669449081803
doc : 22
0 0.5911047345767576
3 0.24390243902439027
1 0.04447632711621234
8 0.030129124820659974
6 0.02295552367288379
9 0.017216642754662843
7 0.01291248206599713
5 0.01291248206599713
2 0.01291248206599713
4 0.011477761836441894
doc : 23
8 0.6783783783783784
3 0.07837837837837838
6 0.062162162162162166
9 0.03513513513513514
5 0.032432432432432434
4 0.032432432432432434
7 0.024324324324324326
0 0.021621621621621623
1 0.01891891891891892
2 0.016216216216216217
doc : 24
2 0.6030701754385964
4 0.23903508771929824
5 0.03070175438596491
0 0.02631578947368421
7 0.02412280701754386
9 0.021929824561403508
8 0.015350877192982455
6 0.015350877192982455
1 0.013157894736842105
3 0.010964912280701754
doc : 25
0 0.5563380281690141
4 0.08450704225352113
8 0.06690140845070423
6 0.0528169014084507
2 0.0528169014084507
9 0.04929577464788733
7 0.045774647887323945
3 0.04225352112676056
5 0.024647887323943664
1 0.024647887323943664
doc : 26
7 0.8090909090909091
0 0.05272727272727273
6 0.025454545454545455
3 0.025454545454545455
2 0.02
4 0.01818181818181818
9 0.012727272727272728
5 0.012727272727272728
1 0.012727272727272728
8 0.01090909090909091
doc : 27
8 0.55052790346908
4 0.12066365007541478
5 0.10407239819004525
7 0.08144796380090498
3 0.042232277526395176
9 0.025641025641025644
2 0.024132730015082957
0 0.02262443438914027
1 0.016591251885369532
6 0.012066365007541479
doc : 28
3 0.6666666666666666
0 0.08205128205128205
8 0.035897435897435895
5 0.035897435897435895
1 0.035897435897435895
6 0.03076923076923077
4 0.03076923076923077
2 0.03076923076923077
9 0.02564102564102564
7 0.02564102564102564
doc : 29
6 0.9117959617428267
3 0.01594048884165781
7 0.013815090329436768
2 0.013815090329436768
8 0.008501594048884165
0 0.008501594048884165
9 0.007438894792773645
5 0.007438894792773645
4 0.007438894792773645
1 0.005313496280552603
doc : 30
6 0.9159891598915989
3 0.013550135501355014
7 0.01084010840108401
9 0.009485094850948509
2 0.009485094850948509
0 0.009485094850948509
8 0.008130081300813007
5 0.008130081300813007
4 0.008130081300813007
1 0.006775067750677507
doc : 31
4 0.7831715210355987
7 0.02912621359223301
5 0.025889967637540454
3 0.025889967637540454
1 0.025889967637540454
0 0.025889967637540454
8 0.022653721682847898
2 0.022653721682847898
9 0.01941747572815534
6 0.01941747572815534
doc : 32
7 0.2529182879377432
5 0.21011673151750973
4 0.10505836575875487
2 0.09727626459143969
9 0.08949416342412451
6 0.08560311284046693
3 0.054474708171206226
0 0.04669260700389105
8 0.0311284046692607
1 0.027237354085603113
doc : 33
8 0.38571428571428573
5 0.16285714285714287
6 0.13714285714285715
4 0.06857142857142857
2 0.06571428571428571
0 0.05142857142857143
7 0.04857142857142857
9 0.02857142857142857
3 0.02857142857142857
1 0.022857142857142857
doc : 34
9 0.1111111111111111
7 0.1111111111111111
5 0.1111111111111111
3 0.1111111111111111
8 0.09259259259259259
6 0.09259259259259259
4 0.09259259259259259
2 0.09259259259259259
1 0.09259259259259259
0 0.09259259259259259
doc : 35
1 0.6603773584905661
3 0.1293800539083558
5 0.04582210242587601
7 0.03773584905660378
4 0.026954177897574125
2 0.02425876010781671
8 0.0215633423180593
6 0.0215633423180593
9 0.016172506738544475
0 0.016172506738544475
doc : 36
8 0.18333333333333332
2 0.11666666666666667
5 0.1
3 0.1
9 0.08333333333333333
7 0.08333333333333333
6 0.08333333333333333
4 0.08333333333333333
1 0.08333333333333333
0 0.08333333333333333
doc : 37
4 0.7893432465923172
5 0.04460966542750929
7 0.03593556381660471
9 0.030978934324659233
2 0.027261462205700124
0 0.027261462205700124
8 0.01734820322180917
3 0.013630731102850062
6 0.007434944237918215
1 0.006195786864931847
doc : 38
3 0.2204724409448819
8 0.19685039370078738
2 0.12598425196850394
9 0.08661417322834646
6 0.07874015748031496
0 0.07874015748031496
7 0.06299212598425197
5 0.05511811023622047
4 0.047244094488188976
1 0.047244094488188976
doc : 39
3 0.4354066985645933
4 0.16267942583732056
5 0.07655502392344497
2 0.06220095693779904
7 0.057416267942583726
0 0.057416267942583726
9 0.043062200956937795
1 0.03827751196172249
8 0.03349282296650718
6 0.03349282296650718
doc : 40
3 0.3055555555555555
4 0.22916666666666666
7 0.125
2 0.07638888888888888
1 0.05555555555555555
8 0.048611111111111105
5 0.048611111111111105
6 0.041666666666666664
9 0.034722222222222224
0 0.034722222222222224
doc : 41
6 0.5376344086021506
9 0.06989247311827958
4 0.06451612903225806
5 0.05913978494623656
7 0.05376344086021506
2 0.05376344086021506
3 0.048387096774193554
1 0.043010752688172046
0 0.03763440860215054
8 0.03225806451612903
doc : 42
6 0.5027624309392265
9 0.11049723756906077
0 0.08287292817679558
7 0.06077348066298342
3 0.055248618784530384
2 0.055248618784530384
5 0.03867403314917127
8 0.03314917127071823
4 0.03314917127071823
1 0.027624309392265192
doc : 43
5 0.5921787709497207
2 0.0558659217877095
0 0.0558659217877095
7 0.05027932960893855
3 0.05027932960893855
8 0.0446927374301676
6 0.0446927374301676
1 0.0446927374301676
4 0.0335195530726257
9 0.02793296089385475
doc : 44
2 0.7771929824561403
4 0.07894736842105263
5 0.04035087719298246
8 0.021052631578947368
7 0.017543859649122806
6 0.014035087719298246
3 0.014035087719298246
9 0.012280701754385965
1 0.012280701754385965
0 0.012280701754385965
doc : 45
4 0.7868852459016393
7 0.029508196721311476
5 0.029508196721311476
3 0.029508196721311476
6 0.022950819672131147
2 0.022950819672131147
1 0.022950819672131147
0 0.022950819672131147
9 0.01639344262295082
8 0.01639344262295082
doc : 46
9 0.8644470868014268
0 0.027348394768133173
3 0.022592152199762187
6 0.021403091557669437
4 0.01426872770511296
7 0.013079667063020214
1 0.010701545778834719
5 0.009512485136741973
2 0.009512485136741973
8 0.00713436385255648
doc : 47
0 0.6050632911392405
3 0.22025316455696203
2 0.04556962025316456
4 0.027848101265822784
9 0.02278481012658228
6 0.017721518987341773
1 0.017721518987341773
8 0.01518987341772152
5 0.01518987341772152
7 0.012658227848101266
doc : 48
5 0.6856581532416502
4 0.05697445972495088
8 0.04911591355599214
7 0.04715127701375245
2 0.045186640471512766
9 0.03143418467583497
0 0.023575638506876224
3 0.021611001964636542
6 0.019646365422396856
1 0.019646365422396856
doc : 49
9 0.686868686868687
5 0.07575757575757576
2 0.06313131313131314
4 0.04797979797979798
7 0.03535353535353536
8 0.022727272727272728
3 0.022727272727272728
6 0.015151515151515152
1 0.015151515151515152
0 0.015151515151515152
