doc : 0
7 0.647410358565737
0 0.08565737051792828
9 0.061752988047808766
1 0.04183266932270916
3 0.037848605577689244
8 0.03187250996015936
5 0.027888446215139442
4 0.02390438247011952
2 0.021912350597609563
6 0.0199203187250996
doc : 1
8 0.7894280762564991
7 0.049393414211438474
0 0.031195840554592718
9 0.028596187175043326
4 0.028596187175043326
6 0.020797227036395145
3 0.016464471403812825
5 0.015597920277296359
1 0.010398613518197573
2 0.009532062391681109
doc : 2
1 0.7206106870229008
0 0.11755725190839694
8 0.08295165394402036
6 0.02391857506361323
7 0.019338422391857506
9 0.014249363867684477
4 0.008142493638676845
5 0.0055979643765903305
3 0.004580152671755725
2 0.0030534351145038168
doc : 3
8 0.6805736636245111
0 0.1799217731421121
7 0.039765319426336376
6 0.030638852672750978
9 0.01694915254237288
2 0.01303780964797914
5 0.011734028683181226
4 0.011734028683181226
3 0.00847457627118644
1 0.007170795306388526
doc : 4
5 0.48264984227129337
0 0.22082018927444794
6 0.056782334384858045
7 0.04100946372239748
3 0.04100946372239748
1 0.04100946372239748
8 0.03785488958990536
4 0.03470031545741325
9 0.028391167192429023
2 0.015772870662460567
doc : 5
8 0.795330739299611
6 0.07704280155642024
7 0.03190661478599222
9 0.023346303501945526
4 0.023346303501945526
0 0.019455252918287938
3 0.010894941634241246
1 0.007003891050583658
2 0.0062256809338521405
5 0.005447470817120623
doc : 6
7 0.67
6 0.17666666666666667
8 0.02666666666666667
3 0.023333333333333334
9 0.02
5 0.016666666666666666
4 0.016666666666666666
2 0.016666666666666666
1 0.016666666666666666
0 0.016666666666666666
doc : 7
1 0.8953068592057762
7 0.03564981949458484
4 0.01444043321299639
0 0.012635379061371842
9 0.010379061371841155
3 0.007220216606498195
2 0.007220216606498195
8 0.006317689530685921
6 0.006317689530685921
5 0.004512635379061372
doc : 8
5 0.5404814004376368
3 0.424872355944566
8 0.005835156819839533
0 0.005835156819839533
2 0.005470459518599562
6 0.00437636761487965
9 0.0040116703136396795
1 0.0040116703136396795
4 0.0032822757111597373
7 0.0018234865061998542
doc : 9
0 0.6293018682399214
5 0.308259587020649
4 0.013274336283185842
7 0.01032448377581121
1 0.007866273352999017
9 0.007374631268436579
2 0.007374631268436579
8 0.00688298918387414
3 0.006391347099311702
6 0.0029498525073746312
doc : 10
9 0.8212877792378449
7 0.056504599211563734
0 0.03416557161629435
8 0.01576872536136662
6 0.01576872536136662
3 0.01576872536136662
4 0.01314060446780552
5 0.009198423127463863
2 0.009198423127463863
1 0.009198423127463863
doc : 11
9 0.5933333333333334
6 0.08666666666666667
1 0.05333333333333334
8 0.04666666666666667
7 0.04
3 0.04
0 0.04
5 0.03333333333333333
4 0.03333333333333333
2 0.03333333333333333
doc : 12
7 0.67
6 0.16666666666666669
8 0.03333333333333333
9 0.02
3 0.02
2 0.02
1 0.02
5 0.016666666666666666
4 0.016666666666666666
0 0.016666666666666666
doc : 13
7 0.30303030303030304
0 0.18181818181818182
8 0.12878787878787878
1 0.07575757575757576
5 0.06060606060606061
3 0.06060606060606061
6 0.05303030303030303
4 0.05303030303030303
9 0.045454545454545456
2 0.03787878787878788
doc : 14
3 0.8802698145025295
7 0.02023608768971332
6 0.01854974704890388
4 0.013490725126475547
0 0.013490725126475547
9 0.011804384485666104
8 0.011804384485666104
5 0.01011804384485666
2 0.01011804384485666
1 0.01011804384485666
doc : 15
3 0.8903878583473861
9 0.01517706576728499
8 0.01517706576728499
6 0.013490725126475547
4 0.013490725126475547
0 0.013490725126475547
1 0.011804384485666104
2 0.01011804384485666
7 0.008431703204047217
5 0.008431703204047217
doc : 16
5 0.8402024584237165
2 0.06796818510484454
0 0.025307302964569775
3 0.011569052783803326
7 0.010845986984815618
4 0.010845986984815618
9 0.01012292118582791
1 0.01012292118582791
6 0.0072306579898770785
8 0.005784526391901663
doc : 17
8 0.6237037037037036
4 0.1348148148148148
5 0.07555555555555556
0 0.038518518518518514
3 0.037037037037037035
6 0.023703703703703703
1 0.023703703703703703
7 0.019259259259259257
9 0.013333333333333332
2 0.01037037037037037
doc : 18
9 0.5800000000000001
6 0.08
8 0.05333333333333334
1 0.05333333333333334
0 0.04666666666666667
5 0.04
4 0.04
2 0.04
7 0.03333333333333333
3 0.03333333333333333
doc : 19
9 0.5755395683453237
1 0.07194244604316546
6 0.05755395683453238
8 0.04316546762589928
5 0.04316546762589928
4 0.04316546762589928
3 0.04316546762589928
2 0.04316546762589928
0 0.04316546762589928
7 0.03597122302158273
doc : 20
1 0.7522935779816514
6 0.039755351681957186
0 0.039755351681957186
9 0.03058103975535168
8 0.027522935779816515
3 0.027522935779816515
7 0.024464831804281346
5 0.021406727828746176
4 0.021406727828746176
2 0.01529051987767584
doc : 21
4 0.6754385964912281
0 0.09649122807017543
8 0.046052631578947366
5 0.046052631578947366
9 0.02412280701754386
7 0.02412280701754386
3 0.02412280701754386
2 0.02412280701754386
1 0.021929824561403508
6 0.017543859649122806
doc : 22
1 0.6887417218543046
6 0.0728476821192053
9 0.05077262693156733
8 0.046357615894039736
0 0.04194260485651214
4 0.02869757174392936
7 0.02207505518763797
3 0.017660044150110375
5 0.015452538631346577
2 0.015452538631346577
doc : 23
3 0.8956228956228955
6 0.016835016835016835
8 0.01515151515151515
4 0.013468013468013467
1 0.011784511784511785
9 0.0101010101010101
7 0.0101010101010101
2 0.0101010101010101
5 0.008417508417508417
0 0.008417508417508417
doc : 24
9 0.5894039735099338
6 0.09271523178807947
8 0.06622516556291391
1 0.046357615894039736
0 0.039735099337748346
7 0.033112582781456956
5 0.033112582781456956
4 0.033112582781456956
3 0.033112582781456956
2 0.033112582781456956
doc : 25
0 0.8824626865671642
5 0.018656716417910446
7 0.016791044776119403
8 0.014925373134328358
4 0.013059701492537313
9 0.011194029850746268
6 0.011194029850746268
3 0.011194029850746268
1 0.011194029850746268
2 0.009328358208955223
doc : 26
0 0.9408410548823949
4 0.008553100498930863
9 0.007840342124019958
7 0.007840342124019958
2 0.007840342124019958
8 0.007127583749109052
6 0.005702066999287242
5 0.005702066999287242
3 0.0042765502494654314
1 0.0042765502494654314
doc : 27
0 0.9294532627865961
5 0.012345679012345678
4 0.010582010582010581
7 0.008818342151675485
3 0.008818342151675485
1 0.007054673721340388
9 0.006172839506172839
6 0.006172839506172839
8 0.005291005291005291
2 0.005291005291005291
doc : 28
8 0.6829268292682927
6 0.11419068736141907
7 0.09201773835920177
0 0.031042128603104215
4 0.026607538802660754
1 0.01662971175166297
9 0.012195121951219513
2 0.011086474501108647
3 0.007760532150776054
5 0.005543237250554323
doc : 29
7 0.6242718446601941
8 0.09514563106796116
0 0.06699029126213592
9 0.05533980582524271
5 0.05339805825242718
4 0.027184466019417475
6 0.02524271844660194
3 0.02330097087378641
1 0.02330097087378641
2 0.005825242718446602
doc : 30
7 0.68
6 0.14333333333333334
8 0.030000000000000002
0 0.030000000000000002
3 0.023333333333333334
5 0.02
2 0.02
1 0.02
9 0.016666666666666666
4 0.016666666666666666
doc : 31
3 0.8838383838383838
6 0.021885521885521883
0 0.016835016835016835
7 0.01515151515151515
8 0.011784511784511785
4 0.011784511784511785
9 0.0101010101010101
2 0.0101010101010101
1 0.0101010101010101
5 0.008417508417508417
doc : 32
7 0.7528556593977155
0 0.060228452751817235
5 0.04569055036344756
9 0.037383177570093455
3 0.021806853582554516
1 0.020768431983385252
6 0.01973001038421599
4 0.017653167185877467
8 0.014537902388369679
2 0.009345794392523364
doc : 33
5 0.4114285714285714
3 0.36857142857142855
0 0.12714285714285714
6 0.02
7 0.015714285714285715
4 0.014285714285714285
8 0.012857142857142857
1 0.012857142857142857
9 0.01
2 0.007142857142857143
doc : 34
3 0.354978354978355
5 0.21212121212121213
6 0.09523809523809523
7 0.07792207792207792
8 0.05194805194805195
1 0.05194805194805195
9 0.047619047619047616
4 0.04329004329004329
2 0.03463203463203463
0 0.030303030303030304
doc : 35
7 0.7000000000000001
6 0.15000000000000002
8 0.02666666666666667
3 0.02
0 0.02
9 0.016666666666666666
5 0.016666666666666666
4 0.016666666666666666
2 0.016666666666666666
1 0.016666666666666666
doc : 36
9 0.9011925042589438
0 0.03236797274275979
5 0.02385008517887564
2 0.008517887563884156
4 0.006246450880181715
3 0.006246450880181715
7 0.0056785917092561046
6 0.0056785917092561046
1 0.0056785917092561046
8 0.004542873367404884
doc : 37
1 0.6899383983572895
6 0.07392197125256673
7 0.043121149897330596
8 0.039014373716632446
9 0.034907597535934295
0 0.03285420944558522
4 0.028747433264887066
3 0.028747433264887066
5 0.01642710472279261
2 0.012320328542094456
doc : 38
8 0.8986599664991625
6 0.02345058626465662
4 0.017587939698492462
0 0.01507537688442211
9 0.01340033500837521
3 0.009212730318257957
7 0.006700167504187605
5 0.005862646566164155
1 0.005862646566164155
2 0.0041876046901172526
doc : 39
0 0.9012559549588566
5 0.042009527934170635
9 0.012992637505413598
8 0.011260285838025118
2 0.008228670420095278
1 0.008228670420095278
4 0.006063230835859679
7 0.0043308791684712
3 0.0030316154179298397
6 0.00259852750108272
doc : 40
0 0.9452846975088968
9 0.00889679715302491
5 0.00800711743772242
6 0.007562277580071174
8 0.0071174377224199285
4 0.006672597864768683
7 0.006227758007117438
3 0.0035587188612099642
1 0.0035587188612099642
2 0.003113879003558719
doc : 41
4 0.7751605995717346
5 0.047109207708779445
8 0.036402569593147756
0 0.034261241970021415
2 0.021413276231263385
1 0.019271948608137045
9 0.017130620985010708
7 0.017130620985010708
3 0.017130620985010708
6 0.014989293361884369
doc : 42
8 0.7571090047393365
4 0.08175355450236968
6 0.037914691943127965
9 0.03199052132701422
7 0.023696682464454978
3 0.02014218009478673
0 0.02014218009478673
1 0.011848341232227489
5 0.008293838862559242
2 0.007109004739336493
doc : 43
7 0.6933333333333334
6 0.15333333333333335
9 0.023333333333333334
8 0.023333333333333334
3 0.02
0 0.02
5 0.016666666666666666
4 0.016666666666666666
2 0.016666666666666666
1 0.016666666666666666
doc : 44
3 0.9187779433681073
5 0.01788375558867362
0 0.01564828614008942
2 0.00894187779433681
9 0.007451564828614009
6 0.007451564828614009
1 0.007451564828614009
8 0.005961251862891207
4 0.005961251862891207
7 0.004470938897168405
doc : 45
6 0.38888888888888884
8 0.24537037037037035
4 0.08796296296296297
1 0.06944444444444445
9 0.046296296296296294
7 0.037037037037037035
5 0.037037037037037035
3 0.037037037037037035
0 0.027777777777777776
2 0.023148148148148147
doc : 46
3 0.9120715350223547
0 0.018628912071535022
5 0.012667660208643815
7 0.011177347242921014
2 0.009687034277198211
8 0.00819672131147541
1 0.00819672131147541
9 0.007451564828614009
4 0.007451564828614009
6 0.004470938897168405
doc : 47
4 0.8087121212121212
0 0.04924242424242424
9 0.026515151515151516
8 0.02462121212121212
7 0.020833333333333336
5 0.01893939393939394
1 0.017045454545454544
3 0.013257575757575758
2 0.011363636363636364
6 0.00946969696969697
doc : 48
9 0.840628507295174
7 0.03367003367003367
4 0.030303030303030304
8 0.02469135802469136
3 0.016835016835016835
1 0.015712682379349047
0 0.015712682379349047
6 0.008978675645342313
5 0.007856341189674524
2 0.0056116722783389455
doc : 49
2 0.9074410163339383
7 0.012704174228675136
1 0.012704174228675136
5 0.010889292196007259
4 0.010889292196007259
9 0.009074410163339382
8 0.009074410163339382
6 0.009074410163339382
3 0.009074410163339382
0 0.009074410163339382
doc : 50
0 0.7022900763358778
7 0.061068702290076333
8 0.04198473282442748
1 0.04198473282442748
5 0.03435114503816794
9 0.026717557251908396
3 0.026717557251908396
6 0.022900763358778626
4 0.022900763358778626
2 0.019083969465648856
doc : 51
4 0.5161290322580645
8 0.15161290322580645
7 0.1
5 0.05161290322580645
0 0.041935483870967745
9 0.035483870967741936
3 0.035483870967741936
1 0.025806451612903226
6 0.02258064516129032
2 0.01935483870967742
doc : 52
8 0.6808163265306123
6 0.1542857142857143
4 0.035102040816326535
1 0.031020408163265307
7 0.028571428571428574
0 0.0236734693877551
9 0.022040816326530613
3 0.009795918367346938
5 0.008979591836734694
2 0.005714285714285714
doc : 53
4 0.5718475073313783
6 0.1348973607038123
0 0.09970674486803519
8 0.07038123167155425
7 0.06451612903225806
3 0.01466275659824047
5 0.013196480938416423
1 0.011730205278592375
9 0.010263929618768328
2 0.00879765395894428
doc : 54
7 0.7939448712155446
0 0.07862629914143697
8 0.03976502485314053
4 0.028016267510167194
1 0.02078626299141437
6 0.013556258472661545
3 0.009489380930863081
9 0.00858563036601898
5 0.004518752824220516
2 0.0027112516945323093
doc : 55
6 0.8765133171912833
7 0.02179176755447942
8 0.014527845036319613
4 0.014527845036319613
9 0.012106537530266345
5 0.012106537530266345
3 0.012106537530266345
2 0.012106537530266345
1 0.012106537530266345
0 0.012106537530266345
doc : 56
6 0.8837772397094431
4 0.01694915254237288
7 0.014527845036319613
9 0.012106537530266345
8 0.012106537530266345
5 0.012106537530266345
3 0.012106537530266345
2 0.012106537530266345
1 0.012106537530266345
0 0.012106537530266345
doc : 57
5 0.6034985422740524
8 0.12439261418853255
0 0.07288629737609328
7 0.06511175898931
9 0.03984450923226433
4 0.031098153547133137
1 0.028182701652089404
3 0.014577259475218658
6 0.013605442176870748
2 0.006802721088435374
doc : 58
0 0.812007874015748
8 0.0625
5 0.03297244094488189
4 0.027066929133858268
7 0.018208661417322834
2 0.017716535433070866
9 0.013779527559055118
1 0.0063976377952755905
3 0.004921259842519685
6 0.0044291338582677165
doc : 59
0 0.9048428207306712
5 0.03058623619371283
7 0.0118946474086661
6 0.008496176720475786
4 0.008496176720475786
3 0.008496176720475786
2 0.008496176720475786
8 0.0076465590484282074
9 0.00594732370433305
1 0.005097706032285472
doc : 60
0 0.8811659192825112
5 0.023542600896860985
7 0.021300448430493273
8 0.014573991031390135
3 0.014573991031390135
2 0.013452914798206279
4 0.010089686098654708
9 0.007847533632286996
6 0.006726457399103139
1 0.006726457399103139
doc : 61
2 0.9526270456503014
5 0.008613264427217916
7 0.006029285099052541
6 0.00516795865633075
4 0.00516795865633075
3 0.00516795865633075
9 0.004306632213608958
8 0.004306632213608958
1 0.004306632213608958
0 0.004306632213608958
doc : 62
9 0.5771144278606964
3 0.1781094527363184
2 0.0626865671641791
7 0.06169154228855721
4 0.036815920398009946
1 0.026865671641791045
0 0.017910447761194027
5 0.014925373134328358
8 0.011940298507462685
6 0.011940298507462685
doc : 63
3 0.8141025641025642
8 0.042735042735042736
0 0.038461538461538464
5 0.019230769230769232
7 0.017094017094017096
4 0.01495726495726496
1 0.01495726495726496
9 0.012820512820512822
6 0.012820512820512822
2 0.012820512820512822
doc : 64
9 0.8810679611650485
4 0.01820388349514563
0 0.01699029126213592
8 0.014563106796116504
3 0.014563106796116504
7 0.013349514563106795
6 0.012135922330097085
2 0.010922330097087377
1 0.010922330097087377
5 0.007281553398058252
doc : 65
6 0.8861985472154964
4 0.014527845036319613
3 0.014527845036319613
9 0.012106537530266345
8 0.012106537530266345
7 0.012106537530266345
5 0.012106537530266345
2 0.012106537530266345
1 0.012106537530266345
0 0.012106537530266345
doc : 66
6 0.8861985472154964
9 0.014527845036319613
4 0.014527845036319613
8 0.012106537530266345
7 0.012106537530266345
5 0.012106537530266345
3 0.012106537530266345
2 0.012106537530266345
1 0.012106537530266345
0 0.012106537530266345
doc : 67
2 0.9358799454297408
7 0.008185538881309686
1 0.008185538881309686
9 0.0068212824010914054
8 0.0068212824010914054
6 0.0068212824010914054
5 0.0068212824010914054
4 0.0068212824010914054
3 0.0068212824010914054
0 0.0068212824010914054
doc : 68
8 0.39770114942528734
4 0.29195402298850576
6 0.0735632183908046
9 0.052873563218390804
0 0.05057471264367816
7 0.034482758620689655
3 0.029885057471264367
1 0.029885057471264367
5 0.020689655172413793
2 0.01839080459770115
doc : 69
4 0.6039783001808318
7 0.1717902350813743
9 0.0867992766726944
0 0.027124773960216998
8 0.023508137432188065
6 0.0216998191681736
1 0.0216998191681736
3 0.018083182640144666
5 0.0162748643761302
2 0.009041591320072333
doc : 70
4 0.4496951219512195
9 0.15091463414634146
8 0.10670731707317073
3 0.07164634146341464
7 0.054878048780487805
0 0.05030487804878049
6 0.0350609756097561
1 0.0350609756097561
5 0.024390243902439025
2 0.021341463414634148
doc : 71
4 0.46723044397463004
9 0.14799154334038056
0 0.12896405919661735
3 0.06342494714587738
5 0.054968287526427066
8 0.04016913319238901
1 0.03171247357293869
7 0.027484143763213533
6 0.027484143763213533
2 0.010570824524312896
doc : 72
4 0.5843881856540084
8 0.14135021097046413
7 0.08649789029535865
0 0.056962025316455694
6 0.040084388185654005
1 0.025316455696202528
9 0.02109704641350211
3 0.016877637130801686
2 0.016877637130801686
5 0.010548523206751054
doc : 73
6 0.8886198547215497
7 0.014527845036319613
9 0.012106537530266345
8 0.012106537530266345
5 0.012106537530266345
4 0.012106537530266345
3 0.012106537530266345
2 0.012106537530266345
1 0.012106537530266345
0 0.012106537530266345
doc : 74
6 0.8861985472154964
7 0.014527845036319613
4 0.014527845036319613
9 0.012106537530266345
8 0.012106537530266345
5 0.012106537530266345
3 0.012106537530266345
2 0.012106537530266345
1 0.012106537530266345
0 0.012106537530266345
doc : 75
0 0.3940298507462687
4 0.27164179104477615
5 0.08358208955223881
3 0.0626865671641791
6 0.04477611940298507
9 0.041791044776119404
1 0.041791044776119404
8 0.020895522388059702
7 0.020895522388059702
2 0.01791044776119403
doc : 76
2 0.9834663625997719
5 0.0034207525655644243
9 0.002280501710376283
7 0.0017103762827822121
4 0.0017103762827822121
3 0.0017103762827822121
8 0.0014253135689851768
6 0.0014253135689851768
1 0.0014253135689851768
0 0.0014253135689851768
doc : 77
3 0.15976331360946744
9 0.13609467455621302
5 0.1242603550295858
1 0.1242603550295858
8 0.10650887573964497
2 0.09467455621301775
0 0.07100591715976332
7 0.0650887573964497
4 0.0650887573964497
6 0.05325443786982249
doc : 78
3 0.7759388924252069
5 0.11712285168682367
4 0.018459579885423297
0 0.018459579885423297
8 0.015276893698281349
7 0.01400381922342457
9 0.010821133036282621
1 0.010821133036282621
2 0.010184595798854232
6 0.008911521323997453
doc : 79
3 0.8816793893129771
5 0.022900763358778626
8 0.015267175572519083
7 0.015267175572519083
6 0.013358778625954198
1 0.011450381679389313
0 0.011450381679389313
9 0.009541984732824428
4 0.009541984732824428
2 0.009541984732824428
doc : 80
9 0.24154589371980675
4 0.20289855072463767
8 0.12077294685990338
1 0.0966183574879227
6 0.08695652173913043
0 0.06763285024154589
7 0.05314009661835749
3 0.05314009661835749
5 0.03864734299516908
2 0.03864734299516908
doc : 81
9 0.8901647528706941
0 0.038941587618572145
5 0.022466300549176237
7 0.012481278082875687
4 0.010484273589615577
2 0.0064902646030953574
8 0.0054917623564653024
3 0.004992511233150275
1 0.0044932601098352475
6 0.00399400898652022
doc : 82
5 0.5375586854460094
8 0.1596244131455399
0 0.07511737089201878
4 0.0539906103286385
3 0.03990610328638498
6 0.035211267605633804
7 0.03286384976525822
9 0.028169014084507043
1 0.02112676056338028
2 0.01643192488262911
doc : 83
6 0.891041162227603
9 0.012106537530266345
8 0.012106537530266345
7 0.012106537530266345
5 0.012106537530266345
4 0.012106537530266345
3 0.012106537530266345
2 0.012106537530266345
1 0.012106537530266345
0 0.012106537530266345
doc : 84
6 0.8789346246973366
8 0.02179176755447942
9 0.014527845036319613
7 0.012106537530266345
5 0.012106537530266345
4 0.012106537530266345
3 0.012106537530266345
2 0.012106537530266345
1 0.012106537530266345
0 0.012106537530266345
doc : 85
3 0.8759541984732824
5 0.026717557251908396
8 0.015267175572519083
0 0.015267175572519083
7 0.013358778625954198
9 0.011450381679389313
6 0.011450381679389313
4 0.011450381679389313
2 0.009541984732824428
1 0.009541984732824428
doc : 86
3 0.6828358208955224
4 0.055970149253731345
7 0.05223880597014925
5 0.04477611940298507
9 0.041044776119402986
1 0.033582089552238806
2 0.026119402985074626
8 0.022388059701492536
6 0.022388059701492536
0 0.018656716417910446
doc : 87
0 0.6930946291560103
9 0.05370843989769821
7 0.05370843989769821
8 0.04603580562659847
4 0.04092071611253197
6 0.03836317135549872
3 0.023017902813299233
5 0.020460358056265986
2 0.015345268542199489
1 0.015345268542199489
doc : 88
5 0.5459940652818991
3 0.13353115727002968
9 0.09792284866468844
1 0.050445103857566766
6 0.04451038575667656
0 0.04154302670623146
4 0.032640949554896145
8 0.017804154302670624
7 0.017804154302670624
2 0.017804154302670624
doc : 89
2 0.8895348837209303
5 0.02180232558139535
7 0.0188953488372093
3 0.011627906976744186
0 0.011627906976744186
9 0.010174418604651164
4 0.010174418604651164
1 0.010174418604651164
6 0.00872093023255814
8 0.007267441860465116
doc : 90
6 0.8813559322033899
0 0.01694915254237288
9 0.014527845036319613
4 0.014527845036319613
8 0.012106537530266345
7 0.012106537530266345
5 0.012106537530266345
3 0.012106537530266345
2 0.012106537530266345
1 0.012106537530266345
doc : 91
7 0.68
6 0.16
8 0.02666666666666667
1 0.02666666666666667
9 0.02
5 0.02
4 0.016666666666666666
3 0.016666666666666666
2 0.016666666666666666
0 0.016666666666666666
doc : 92
5 0.1951219512195122
1 0.16585365853658537
8 0.11707317073170731
6 0.1024390243902439
9 0.09268292682926829
4 0.08292682926829269
0 0.08292682926829269
7 0.06829268292682927
3 0.06829268292682927
2 0.024390243902439025
doc : 93
3 0.7604327666151468
7 0.04945904173106646
0 0.04945904173106646
8 0.03554868624420402
5 0.023183925811437404
4 0.021638330757341576
9 0.02009273570324575
6 0.013910355486862442
2 0.013910355486862442
1 0.012364760432766615
doc : 94
3 0.8504672897196262
5 0.02336448598130841
4 0.018691588785046728
2 0.018691588785046728
8 0.016355140186915886
6 0.016355140186915886
0 0.016355140186915886
9 0.014018691588785045
1 0.014018691588785045
7 0.011682242990654205
doc : 95
8 0.13333333333333333
4 0.13333333333333333
6 0.1
2 0.1
1 0.1
0 0.1
9 0.08333333333333333
7 0.08333333333333333
5 0.08333333333333333
3 0.08333333333333333
doc : 96
9 0.7345454545454545
4 0.06363636363636363
3 0.03636363636363636
6 0.03090909090909091
7 0.02909090909090909
1 0.02727272727272727
8 0.023636363636363636
0 0.023636363636363636
5 0.02
2 0.01090909090909091
doc : 97
9 0.6533333333333333
6 0.060000000000000005
4 0.04
1 0.04
0 0.04
8 0.03333333333333333
7 0.03333333333333333
5 0.03333333333333333
3 0.03333333333333333
2 0.03333333333333333
doc : 98
7 0.6833333333333333
6 0.16
1 0.02666666666666667
0 0.02666666666666667
8 0.02
9 0.016666666666666666
5 0.016666666666666666
4 0.016666666666666666
3 0.016666666666666666
2 0.016666666666666666
doc : 99
6 0.8813559322033899
8 0.014527845036319613
7 0.014527845036319613
3 0.014527845036319613
0 0.014527845036319613
9 0.012106537530266345
5 0.012106537530266345
4 0.012106537530266345
2 0.012106537530266345
1 0.012106537530266345
