doc : 0
1 0.7214765100671141
2 0.060402684563758385
3 0.0436241610738255
9 0.03355704697986577
8 0.03355704697986577
7 0.030201342281879193
4 0.02348993288590604
0 0.020134228187919462
6 0.016778523489932886
5 0.016778523489932886
doc : 1
1 0.6936026936026936
4 0.09427609427609428
9 0.0606060606060606
2 0.03367003367003367
3 0.026936026936026935
6 0.02356902356902357
8 0.016835016835016835
7 0.016835016835016835
5 0.016835016835016835
0 0.016835016835016835
doc : 2
2 0.30275229357798167
1 0.18807339449541285
3 0.1559633027522936
7 0.07339449541284404
8 0.05963302752293578
4 0.05504587155963303
9 0.05045871559633028
6 0.045871559633027525
5 0.04128440366972477
0 0.027522935779816515
doc : 3
2 0.23880597014925373
6 0.11940298507462686
9 0.08955223880597014
1 0.08955223880597014
0 0.08955223880597014
8 0.07462686567164178
7 0.07462686567164178
5 0.07462686567164178
4 0.07462686567164178
3 0.07462686567164178
doc : 4
4 0.4574780058651026
9 0.18181818181818182
7 0.12609970674486803
1 0.0469208211143695
3 0.04105571847507331
2 0.04105571847507331
0 0.03812316715542522
6 0.02932551319648094
5 0.020527859237536656
8 0.01759530791788856
doc : 5
4 0.4158415841584158
3 0.16831683168316833
1 0.07920792079207921
9 0.06930693069306931
7 0.054455445544554455
6 0.04950495049504951
2 0.04950495049504951
5 0.04455445544554455
8 0.039603960396039604
0 0.0297029702970297
doc : 6
3 0.47744360902255634
4 0.09022556390977443
8 0.07894736842105263
6 0.06766917293233082
2 0.06766917293233082
9 0.05639097744360902
1 0.05263157894736842
7 0.045112781954887216
5 0.041353383458646614
0 0.022556390977443608
doc : 7
5 0.670571010248902
9 0.1390922401171303
4 0.0527086383601757
8 0.03367496339677892
3 0.02342606149341142
1 0.020497803806734993
7 0.01903367496339678
2 0.017569546120058566
0 0.013177159590043924
6 0.010248901903367497
doc : 8
5 0.6666666666666667
3 0.04666666666666667
6 0.04
2 0.04
0 0.04
9 0.03333333333333333
8 0.03333333333333333
7 0.03333333333333333
4 0.03333333333333333
1 0.03333333333333333
doc : 9
5 0.6866666666666668
6 0.04
3 0.04
9 0.03333333333333333
8 0.03333333333333333
7 0.03333333333333333
4 0.03333333333333333
2 0.03333333333333333
1 0.03333333333333333
0 0.03333333333333333
doc : 10
9 0.34285714285714286
2 0.1142857142857143
4 0.10476190476190478
3 0.1
7 0.0761904761904762
5 0.07142857142857144
1 0.06190476190476191
8 0.04761904761904762
6 0.04761904761904762
0 0.03333333333333334
doc : 11
5 0.68
9 0.04
7 0.04
3 0.04
8 0.03333333333333333
6 0.03333333333333333
4 0.03333333333333333
2 0.03333333333333333
1 0.03333333333333333
0 0.03333333333333333
doc : 12
1 0.7626459143968871
8 0.03501945525291829
4 0.03501945525291829
3 0.0311284046692607
2 0.027237354085603113
7 0.023346303501945526
6 0.023346303501945526
5 0.023346303501945526
9 0.019455252918287938
0 0.019455252918287938
doc : 13
1 0.6865671641791045
7 0.04477611940298507
9 0.03980099502487562
5 0.03980099502487562
8 0.03482587064676617
0 0.03482587064676617
6 0.029850746268656716
4 0.029850746268656716
3 0.029850746268656716
2 0.029850746268656716
doc : 14
5 0.567398119122257
9 0.11598746081504702
6 0.05329153605015674
3 0.04702194357366771
7 0.0438871473354232
2 0.0438871473354232
8 0.034482758620689655
4 0.034482758620689655
1 0.034482758620689655
0 0.025078369905956112
doc : 15
9 0.3055555555555556
4 0.11666666666666667
1 0.11666666666666667
2 0.10555555555555556
7 0.07222222222222223
8 0.06666666666666667
3 0.06666666666666667
6 0.061111111111111116
5 0.05555555555555556
0 0.03333333333333333
doc : 16
9 0.7541899441340782
7 0.0446927374301676
1 0.030726256983240226
0 0.030726256983240226
6 0.025139664804469275
5 0.025139664804469275
3 0.025139664804469275
2 0.025139664804469275
8 0.0223463687150838
4 0.01675977653631285
doc : 17
4 0.3153153153153153
9 0.14864864864864866
2 0.08558558558558559
0 0.07657657657657657
7 0.07207207207207207
5 0.07207207207207207
1 0.07207207207207207
6 0.06756756756756757
3 0.05855855855855856
8 0.03153153153153153
doc : 18
5 0.8051575931232091
2 0.04154727793696275
3 0.03151862464183381
6 0.027220630372492834
8 0.02148997134670487
9 0.01862464183381089
1 0.017191977077363897
7 0.012893982808022923
0 0.012893982808022923
4 0.011461318051575931
doc : 19
9 0.245
4 0.23500000000000001
7 0.155
1 0.07
8 0.06
3 0.06
6 0.055
2 0.045
0 0.04
5 0.035
doc : 20
4 0.29870129870129875
3 0.12987012987012989
7 0.1038961038961039
0 0.09090909090909091
9 0.08441558441558442
6 0.07792207792207792
1 0.07142857142857144
2 0.05844155844155845
8 0.05194805194805195
5 0.03246753246753247
doc : 21
4 0.271356783919598
9 0.22110552763819097
1 0.16080402010050251
2 0.09045226130653267
7 0.06030150753768844
5 0.05025125628140704
8 0.04020100502512563
3 0.04020100502512563
6 0.035175879396984924
0 0.03015075376884422
doc : 22
3 0.6938775510204082
8 0.07606679035250465
9 0.0686456400742115
2 0.04081632653061225
7 0.03153988868274583
6 0.022263450834879406
4 0.020408163265306124
0 0.016697588126159554
5 0.014842300556586271
1 0.014842300556586271
doc : 23
5 0.3963963963963964
6 0.12612612612612611
8 0.0990990990990991
7 0.06306306306306306
3 0.06306306306306306
9 0.05405405405405406
2 0.05405405405405406
0 0.05405405405405406
4 0.04504504504504504
1 0.04504504504504504
doc : 24
2 0.46405228758169936
0 0.10457516339869281
8 0.09150326797385622
7 0.06862745098039216
5 0.06535947712418301
4 0.05228758169934641
1 0.049019607843137254
6 0.042483660130718956
9 0.0392156862745098
3 0.022875816993464054
doc : 25
0 0.8575355016032982
2 0.03298213467704993
9 0.0233623453962437
7 0.021071919377004124
8 0.015116811726981219
6 0.01282638570774164
4 0.011910215300045808
5 0.010077874484654145
1 0.007787448465414567
3 0.007329363261566651
doc : 26
2 0.8181818181818182
5 0.05128205128205128
1 0.02564102564102564
7 0.023310023310023312
3 0.016317016317016316
9 0.013986013986013986
8 0.013986013986013986
4 0.013986013986013986
6 0.011655011655011656
0 0.011655011655011656
doc : 27
7 0.6600609756097561
8 0.08536585365853659
4 0.044207317073170736
9 0.041158536585365856
6 0.039634146341463415
3 0.038109756097560975
2 0.0350609756097561
5 0.022865853658536585
1 0.022865853658536585
0 0.010670731707317074
doc : 28
3 0.7425249169435216
8 0.08637873754152824
7 0.03488372093023256
5 0.026578073089700997
4 0.024916943521594685
1 0.023255813953488372
6 0.018272425249169437
9 0.014950166112956811
0 0.014950166112956811
2 0.013289036544850499
doc : 29
9 0.572972972972973
6 0.06756756756756757
7 0.06486486486486487
3 0.05945945945945946
4 0.051351351351351354
2 0.04864864864864865
8 0.043243243243243246
5 0.03513513513513514
0 0.032432432432432434
1 0.024324324324324326
doc : 30
9 0.5195402298850574
8 0.16781609195402297
7 0.0896551724137931
5 0.08275862068965517
3 0.029885057471264367
1 0.027586206896551724
6 0.022988505747126436
4 0.022988505747126436
2 0.022988505747126436
0 0.013793103448275862
doc : 31
6 0.922874671340929
5 0.013146362839614373
2 0.010517090271691499
1 0.009640666082383873
7 0.008764241893076249
9 0.007887817703768625
8 0.007011393514460999
4 0.007011393514460999
3 0.007011393514460999
0 0.006134969325153374
doc : 32
8 0.6287128712871287
7 0.09282178217821782
6 0.06311881188118812
9 0.050742574257425746
5 0.04702970297029703
2 0.03712871287128713
3 0.02599009900990099
4 0.023514851485148515
0 0.01608910891089109
1 0.01485148514851485
doc : 33
8 0.8643031784841075
9 0.02444987775061125
7 0.023227383863080684
4 0.019559902200488997
0 0.014669926650366748
6 0.013447432762836185
3 0.013447432762836185
5 0.011002444987775062
2 0.008557457212713936
1 0.007334963325183374
doc : 34
8 0.8335233751425314
7 0.046750285062713795
3 0.021664766248574687
2 0.018244013683010263
6 0.01596351197263398
9 0.014823261117445839
1 0.014823261117445839
4 0.013683010262257697
5 0.012542759407069556
0 0.00798175598631699
doc : 35
4 0.7970779220779222
9 0.048701298701298704
7 0.0275974025974026
6 0.025974025974025976
8 0.01948051948051948
3 0.01948051948051948
2 0.01948051948051948
5 0.014610389610389612
1 0.014610389610389612
0 0.012987012987012988
doc : 36
9 0.7161016949152542
6 0.0635593220338983
8 0.046610169491525424
4 0.03389830508474576
7 0.025423728813559324
5 0.025423728813559324
2 0.025423728813559324
3 0.0211864406779661
1 0.0211864406779661
0 0.0211864406779661
doc : 37
8 0.1320754716981132
9 0.11320754716981132
7 0.09433962264150943
6 0.09433962264150943
5 0.09433962264150943
4 0.09433962264150943
3 0.09433962264150943
2 0.09433962264150943
1 0.09433962264150943
0 0.09433962264150943
doc : 38
9 0.35000000000000003
8 0.1
3 0.1
6 0.08750000000000001
7 0.07500000000000001
5 0.06875
2 0.06875
4 0.05625
1 0.05625
0 0.037500000000000006
doc : 39
5 0.6733333333333333
8 0.04
6 0.04
3 0.04
0 0.04
9 0.03333333333333333
7 0.03333333333333333
4 0.03333333333333333
2 0.03333333333333333
1 0.03333333333333333
doc : 40
7 0.8169014084507042
5 0.04366197183098592
8 0.033802816901408454
2 0.02535211267605634
3 0.02112676056338028
1 0.015492957746478873
9 0.014084507042253521
6 0.011267605633802818
4 0.009859154929577466
0 0.008450704225352114
doc : 41
7 0.806547619047619
8 0.02976190476190476
6 0.02976190476190476
5 0.023809523809523808
4 0.020833333333333332
0 0.020833333333333332
9 0.017857142857142856
3 0.017857142857142856
1 0.017857142857142856
2 0.01488095238095238
doc : 42
0 0.7634252539912917
5 0.04934687953555878
6 0.03918722786647315
2 0.033381712626995644
7 0.023222060957910014
4 0.023222060957910014
3 0.02177068214804064
9 0.018867924528301886
1 0.015965166908563134
8 0.011611030478955007
doc : 43
5 0.6533333333333333
6 0.05333333333333334
2 0.04666666666666667
1 0.04
0 0.04
9 0.03333333333333333
8 0.03333333333333333
7 0.03333333333333333
4 0.03333333333333333
3 0.03333333333333333
doc : 44
5 0.6733333333333333
6 0.05333333333333334
1 0.04
9 0.03333333333333333
8 0.03333333333333333
7 0.03333333333333333
4 0.03333333333333333
3 0.03333333333333333
2 0.03333333333333333
0 0.03333333333333333
doc : 45
1 0.6864754098360656
4 0.13729508196721313
9 0.03278688524590164
3 0.03073770491803279
7 0.028688524590163935
6 0.020491803278688527
5 0.018442622950819672
2 0.018442622950819672
8 0.014344262295081968
0 0.012295081967213115
doc : 46
4 0.7407407407407407
7 0.04252400548696845
3 0.0411522633744856
1 0.0411522633744856
8 0.03292181069958847
5 0.028806584362139915
2 0.026063100137174208
6 0.0205761316872428
9 0.015089163237311385
0 0.010973936899862825
doc : 47
3 0.6229885057471264
7 0.06896551724137931
4 0.06206896551724138
2 0.052873563218390804
8 0.041379310344827586
9 0.0367816091954023
6 0.0367816091954023
1 0.027586206896551724
5 0.02528735632183908
0 0.02528735632183908
doc : 48
1 0.8385093167701863
8 0.023291925465838508
3 0.023291925465838508
2 0.021739130434782608
6 0.020186335403726708
7 0.017080745341614904
9 0.015527950310559004
4 0.015527950310559004
5 0.013975155279503104
0 0.010869565217391304
doc : 49
9 0.5040983606557378
5 0.0819672131147541
4 0.0819672131147541
2 0.07377049180327869
3 0.06557377049180328
7 0.04918032786885246
8 0.04098360655737705
6 0.04098360655737705
1 0.03278688524590164
0 0.028688524590163935
