doc : 0
0 0.8495762711864406
4 0.025423728813559324
7 0.0211864406779661
9 0.019067796610169493
6 0.019067796610169493
1 0.01694915254237288
5 0.014830508474576272
2 0.012711864406779662
8 0.01059322033898305
3 0.01059322033898305
doc : 1
0 0.8987764182424917
4 0.01668520578420467
9 0.013348164627363737
8 0.011123470522803115
7 0.011123470522803115
6 0.011123470522803115
3 0.011123470522803115
1 0.011123470522803115
5 0.00778642936596218
2 0.00778642936596218
doc : 2
2 0.9741541353383458
6 0.0037593984962406013
5 0.0037593984962406013
9 0.002819548872180451
4 0.002819548872180451
3 0.002819548872180451
0 0.002819548872180451
8 0.002349624060150376
7 0.002349624060150376
1 0.002349624060150376
doc : 3
3 0.4218106995884774
7 0.23868312757201648
5 0.09876543209876544
0 0.04938271604938272
9 0.04732510288065844
8 0.04732510288065844
1 0.041152263374485604
4 0.02263374485596708
6 0.01851851851851852
2 0.01440329218106996
doc : 4
7 0.5262430939226519
3 0.324585635359116
8 0.029005524861878452
9 0.024861878453038673
4 0.020718232044198894
5 0.016574585635359115
0 0.016574585635359115
6 0.015193370165745856
1 0.015193370165745856
2 0.011049723756906077
doc : 5
0 0.9003690036900369
8 0.014760147601476016
7 0.014760147601476016
2 0.014760147601476016
1 0.012300123001230012
6 0.00984009840098401
9 0.008610086100861008
5 0.008610086100861008
3 0.008610086100861008
4 0.007380073800738008
doc : 6
4 0.9343544857768052
1 0.010940919037199124
9 0.009846827133479213
7 0.0087527352297593
5 0.007658643326039387
8 0.006564551422319475
6 0.005470459518599562
3 0.005470459518599562
2 0.005470459518599562
0 0.005470459518599562
doc : 7
7 0.8120481927710844
4 0.050602409638554224
0 0.024096385542168676
5 0.01927710843373494
3 0.01927710843373494
9 0.016867469879518072
8 0.016867469879518072
2 0.016867469879518072
6 0.012048192771084338
1 0.012048192771084338
doc : 8
0 0.7198641765704584
6 0.05602716468590832
7 0.050933786078098474
2 0.042444821731748725
5 0.03225806451612903
4 0.023769100169779286
1 0.022071307300509338
9 0.020373514431239387
8 0.01867572156196944
3 0.013582342954159592
doc : 9
4 0.9164759725400458
1 0.016018306636155607
5 0.010297482837528604
3 0.010297482837528604
9 0.009153318077803204
7 0.009153318077803204
8 0.008009153318077803
0 0.008009153318077803
6 0.006864988558352403
2 0.005720823798627002
doc : 10
4 0.8642714570858283
1 0.017964071856287425
9 0.015968063872255488
8 0.015968063872255488
7 0.015968063872255488
6 0.015968063872255488
5 0.015968063872255488
2 0.01397205588822355
3 0.011976047904191616
0 0.011976047904191616
doc : 11
4 0.9463019250253294
3 0.008105369807497468
1 0.007092198581560284
9 0.006079027355623101
8 0.006079027355623101
6 0.006079027355623101
7 0.005065856129685917
5 0.005065856129685917
2 0.005065856129685917
0 0.005065856129685917
doc : 12
2 0.8973581637072325
0 0.08228670420095278
1 0.0034647033347769596
7 0.0030316154179298397
9 0.00259852750108272
6 0.00259852750108272
8 0.0021654395842356
5 0.0021654395842356
4 0.0021654395842356
3 0.0021654395842356
doc : 13
7 0.35416666666666663
5 0.125
4 0.08333333333333333
3 0.08333333333333333
1 0.07291666666666666
6 0.0625
2 0.0625
9 0.05208333333333333
8 0.05208333333333333
0 0.05208333333333333
doc : 14
7 0.8062953995157386
4 0.04600484261501211
9 0.02179176755447942
5 0.02179176755447942
2 0.02179176755447942
0 0.02179176755447942
6 0.01694915254237288
8 0.014527845036319613
3 0.014527845036319613
1 0.014527845036319613
doc : 15
5 0.256578947368421
7 0.1381578947368421
2 0.11842105263157894
8 0.10526315789473684
9 0.07894736842105263
1 0.07894736842105263
0 0.07894736842105263
6 0.05263157894736842
4 0.05263157894736842
3 0.039473684210526314
doc : 16
6 0.6338028169014085
4 0.07042253521126761
7 0.06103286384976526
8 0.03755868544600939
5 0.03755868544600939
3 0.03755868544600939
2 0.03286384976525822
0 0.03286384976525822
9 0.028169014084507043
1 0.028169014084507043
doc : 17
6 0.6525821596244131
4 0.06572769953051644
7 0.06103286384976526
1 0.04225352112676056
8 0.03755868544600939
9 0.03286384976525822
5 0.028169014084507043
3 0.028169014084507043
2 0.028169014084507043
0 0.023474178403755867
doc : 18
7 0.6044776119402985
4 0.05970149253731343
6 0.05223880597014925
5 0.04477611940298507
3 0.04477611940298507
2 0.04477611940298507
9 0.03731343283582089
8 0.03731343283582089
1 0.03731343283582089
0 0.03731343283582089
doc : 19
7 0.8107476635514018
4 0.0397196261682243
1 0.02803738317757009
0 0.02102803738317757
9 0.018691588785046728
6 0.018691588785046728
5 0.016355140186915886
3 0.016355140186915886
2 0.016355140186915886
8 0.014018691588785045
doc : 20
1 0.8521939953810623
9 0.025404157043879907
5 0.023094688221709007
8 0.020785219399538105
6 0.016166281755196306
4 0.013856812933025403
3 0.013856812933025403
7 0.011547344110854504
2 0.011547344110854504
0 0.011547344110854504
doc : 21
7 0.7829181494661921
3 0.03914590747330961
4 0.03558718861209964
9 0.021352313167259787
8 0.021352313167259787
5 0.021352313167259787
2 0.021352313167259787
1 0.021352313167259787
6 0.01779359430604982
0 0.01779359430604982
doc : 22
6 0.625615763546798
4 0.07389162561576355
7 0.054187192118226604
8 0.04926108374384237
5 0.04926108374384237
9 0.034482758620689655
1 0.034482758620689655
0 0.029556650246305417
3 0.024630541871921183
2 0.024630541871921183
doc : 23
4 0.9137148047229791
3 0.01634877384196185
1 0.011807447774750226
9 0.010899182561307902
5 0.009990917347865577
0 0.00908265213442325
8 0.008174386920980926
7 0.008174386920980926
2 0.006357856494096276
6 0.005449591280653951
doc : 24
4 0.8401639344262295
3 0.034836065573770496
8 0.026639344262295084
7 0.020491803278688527
1 0.01639344262295082
5 0.014344262295081968
0 0.014344262295081968
6 0.012295081967213115
9 0.010245901639344263
2 0.010245901639344263
doc : 25
4 0.8815489749430524
9 0.01366742596810934
7 0.01366742596810934
6 0.01366742596810934
5 0.01366742596810934
3 0.01366742596810934
1 0.01366742596810934
0 0.01366742596810934
8 0.011389521640091115
2 0.011389521640091115
doc : 26
1 0.8498845265588915
9 0.03002309468822171
6 0.018475750577367205
4 0.018475750577367205
5 0.016166281755196306
7 0.013856812933025403
3 0.013856812933025403
2 0.013856812933025403
0 0.013856812933025403
8 0.011547344110854504
doc : 27
1 0.6028708133971291
7 0.07655502392344497
8 0.06698564593301436
6 0.043062200956937795
5 0.043062200956937795
3 0.043062200956937795
2 0.03827751196172249
9 0.028708133971291863
4 0.028708133971291863
0 0.028708133971291863
doc : 28
5 0.4121475054229935
6 0.368763557483731
7 0.05639913232104122
3 0.04338394793926247
8 0.02386117136659436
0 0.02386117136659436
2 0.021691973969631236
9 0.01735357917570499
4 0.01735357917570499
1 0.015184381778741866
doc : 29
5 0.5501432664756447
1 0.21203438395415472
8 0.05300859598853868
6 0.045845272206303724
7 0.034383954154727794
4 0.028653295128939826
3 0.027220630372492834
9 0.025787965616045846
2 0.014326647564469913
0 0.008595988538681949
doc : 30
7 0.7629310344827586
4 0.03879310344827586
1 0.034482758620689655
6 0.02586206896551724
5 0.02586206896551724
3 0.02586206896551724
9 0.021551724137931036
8 0.021551724137931036
2 0.021551724137931036
0 0.021551724137931036
doc : 31
7 0.762589928057554
4 0.03956834532374101
9 0.03237410071942446
8 0.02877697841726619
6 0.02877697841726619
5 0.025179856115107917
3 0.025179856115107917
2 0.02158273381294964
1 0.017985611510791366
0 0.017985611510791366
doc : 32
7 0.7857142857142857
5 0.037267080745341616
8 0.02795031055900621
4 0.02795031055900621
6 0.021739130434782608
3 0.021739130434782608
2 0.021739130434782608
0 0.021739130434782608
9 0.018633540372670808
1 0.015527950310559004
doc : 33
7 0.7580645161290323
4 0.04435483870967742
5 0.03225806451612903
6 0.028225806451612902
2 0.028225806451612902
3 0.024193548387096774
0 0.024193548387096774
9 0.020161290322580645
8 0.020161290322580645
1 0.020161290322580645
doc : 34
1 0.2761904761904762
4 0.1523809523809524
6 0.10476190476190478
5 0.09523809523809525
8 0.0761904761904762
3 0.06666666666666668
2 0.06666666666666668
9 0.05714285714285715
0 0.05714285714285715
7 0.04761904761904762
doc : 35
6 0.7917398945518453
5 0.05184534270650263
1 0.03954305799648506
3 0.03866432337434095
8 0.0210896309314587
4 0.020210896309314587
0 0.01054481546572935
9 0.008787346221441124
7 0.008787346221441124
2 0.008787346221441124
doc : 36
1 0.5550239234449761
8 0.07655502392344497
7 0.07655502392344497
2 0.057416267942583726
3 0.04784688995215311
5 0.043062200956937795
9 0.03827751196172249
6 0.03827751196172249
4 0.03827751196172249
0 0.028708133971291863
doc : 37
9 0.3661670235546039
3 0.23554603854389722
5 0.10064239828693791
7 0.08779443254817988
1 0.049250535331905786
4 0.04282655246252677
2 0.034261241970021415
8 0.032119914346895075
0 0.029978586723768737
6 0.021413276231263385
doc : 38
7 0.4271356783919598
4 0.17587939698492464
3 0.11055276381909548
6 0.06532663316582915
5 0.05025125628140704
9 0.035175879396984924
8 0.035175879396984924
1 0.035175879396984924
0 0.035175879396984924
2 0.03015075376884422
doc : 39
0 0.9089253187613844
6 0.01639344262295082
9 0.015482695810564663
5 0.01092896174863388
8 0.009107468123861567
7 0.009107468123861567
3 0.009107468123861567
2 0.009107468123861567
1 0.006375227686703096
4 0.00546448087431694
doc : 40
6 0.7539370078740157
1 0.04133858267716535
5 0.03740157480314961
0 0.03740157480314961
3 0.033464566929133854
2 0.027559055118110236
9 0.021653543307086614
8 0.01968503937007874
7 0.015748031496062992
4 0.011811023622047244
doc : 41
5 0.594
3 0.10400000000000001
1 0.092
4 0.052000000000000005
6 0.044
7 0.036000000000000004
0 0.024
9 0.02
2 0.018000000000000002
8 0.016
doc : 42
6 0.7769230769230769
8 0.038461538461538464
3 0.038461538461538464
5 0.032692307692307694
0 0.026923076923076925
7 0.021153846153846155
4 0.021153846153846155
1 0.019230769230769232
2 0.013461538461538462
9 0.011538461538461539
doc : 43
2 0.9744067007910656
0 0.004653327128897162
9 0.002791996277338297
7 0.002791996277338297
6 0.002791996277338297
4 0.002791996277338297
3 0.002791996277338297
8 0.002326663564448581
5 0.002326663564448581
1 0.002326663564448581
doc : 44
3 0.8211517165005536
6 0.08914728682170542
5 0.018272425249169433
4 0.01495016611295681
7 0.013842746400885935
1 0.013842746400885935
9 0.008859357696566999
0 0.007751937984496124
8 0.006090808416389811
2 0.006090808416389811
doc : 45
1 0.8258887876025524
6 0.03646308113035551
9 0.02552415679124886
4 0.023701002734731084
5 0.02187784867821331
7 0.019143117593436645
3 0.018231540565177756
8 0.014585232452142206
0 0.008204193254329991
2 0.006381039197812215
doc : 46
6 0.9121951219512195
1 0.015853658536585366
5 0.013414634146341463
4 0.012195121951219513
7 0.00975609756097561
8 0.00853658536585366
9 0.007317073170731707
2 0.007317073170731707
0 0.007317073170731707
3 0.006097560975609756
doc : 47
5 0.4890219560878243
3 0.21357285429141715
6 0.0558882235528942
1 0.05389221556886227
9 0.04790419161676646
0 0.03592814371257485
4 0.0279441117764471
8 0.02594810379241517
7 0.02594810379241517
2 0.02395209580838323
doc : 48
7 0.5284552845528456
5 0.0894308943089431
4 0.06504065040650407
8 0.05691056910569106
9 0.04878048780487805
3 0.04878048780487805
6 0.04065040650406505
2 0.04065040650406505
1 0.04065040650406505
0 0.04065040650406505
doc : 49
7 0.6555891238670695
9 0.08761329305135952
6 0.0513595166163142
8 0.04833836858006042
1 0.03927492447129909
3 0.030211480362537763
4 0.02416918429003021
5 0.021148036253776436
2 0.021148036253776436
0 0.021148036253776436
doc : 50
0 0.37264150943396224
7 0.09433962264150943
5 0.08962264150943396
8 0.07547169811320754
6 0.07547169811320754
4 0.07547169811320754
3 0.07075471698113207
2 0.0660377358490566
1 0.04716981132075471
9 0.0330188679245283
doc : 51
5 0.47058823529411764
7 0.11764705882352941
4 0.08088235294117647
6 0.07352941176470588
1 0.07352941176470588
0 0.051470588235294115
8 0.04044117647058824
3 0.03676470588235294
2 0.03308823529411765
9 0.022058823529411763
doc : 52
6 0.9064327485380117
4 0.012865497076023392
1 0.011695906432748537
9 0.010526315789473684
8 0.010526315789473684
5 0.010526315789473684
3 0.010526315789473684
7 0.00935672514619883
0 0.00935672514619883
2 0.008187134502923977
doc : 53
8 0.9357394366197184
3 0.009683098591549297
9 0.008802816901408451
4 0.008802816901408451
1 0.007922535211267605
5 0.007042253521126761
6 0.006161971830985916
7 0.00528169014084507
2 0.00528169014084507
0 0.00528169014084507
doc : 54
1 0.8449014567266496
6 0.055698371893744644
9 0.03084832904884319
4 0.014567266495287062
7 0.01113967437874893
8 0.009425878320479864
3 0.009425878320479864
5 0.00856898029134533
0 0.00856898029134533
2 0.006855184233076264
doc : 55
1 0.6888273314866112
6 0.11726685133887349
5 0.05263157894736842
3 0.03693444136657433
9 0.03601108033240997
7 0.018467220683287166
8 0.017543859649122806
4 0.0110803324099723
2 0.0110803324099723
0 0.010156971375807941
doc : 56
1 0.5
0 0.08024691358024691
7 0.07407407407407407
6 0.06790123456790123
4 0.06172839506172839
9 0.04938271604938271
8 0.04938271604938271
5 0.043209876543209874
3 0.043209876543209874
2 0.030864197530864196
doc : 57
7 0.6299559471365639
5 0.06607929515418502
4 0.061674008810572695
3 0.052863436123348026
6 0.039647577092511016
8 0.03524229074889868
2 0.030837004405286347
1 0.030837004405286347
0 0.030837004405286347
9 0.022026431718061675
doc : 58
7 0.6858638743455497
9 0.04712041884816754
5 0.04712041884816754
8 0.03664921465968587
4 0.03664921465968587
3 0.03664921465968587
0 0.03141361256544503
6 0.02617801047120419
2 0.02617801047120419
1 0.02617801047120419
doc : 59
6 0.7279411764705882
5 0.06764705882352941
1 0.057352941176470586
9 0.030882352941176472
7 0.030882352941176472
0 0.022058823529411763
8 0.01764705882352941
4 0.01764705882352941
3 0.014705882352941176
2 0.013235294117647059
doc : 60
1 0.7443946188340808
9 0.0695067264573991
4 0.033632286995515695
7 0.02914798206278027
3 0.02914798206278027
8 0.02466367713004484
5 0.02466367713004484
6 0.017937219730941704
2 0.013452914798206279
0 0.013452914798206279
doc : 61
1 0.72
6 0.07368421052631578
5 0.056842105263157895
9 0.027368421052631577
3 0.02526315789473684
8 0.021052631578947368
7 0.021052631578947368
4 0.021052631578947368
2 0.01894736842105263
0 0.014736842105263158
doc : 62
5 0.48699763593380613
7 0.15602836879432624
0 0.06855791962174941
4 0.05437352245862884
1 0.05437352245862884
9 0.05200945626477541
3 0.0425531914893617
8 0.030732860520094562
6 0.028368794326241134
2 0.026004728132387706
doc : 63
6 0.6728971962616822
4 0.07476635514018691
5 0.04205607476635514
7 0.037383177570093455
1 0.037383177570093455
9 0.03271028037383177
2 0.03271028037383177
8 0.02336448598130841
3 0.02336448598130841
0 0.02336448598130841
doc : 64
6 0.7019704433497537
5 0.059113300492610835
9 0.054187192118226604
3 0.03940886699507389
1 0.03201970443349754
4 0.029556650246305417
8 0.024630541871921183
7 0.022167487684729065
2 0.019704433497536946
0 0.017241379310344827
doc : 65
1 0.42
6 0.185
5 0.085
9 0.08
8 0.045
7 0.045
2 0.04
0 0.04
4 0.03
3 0.03
doc : 66
1 0.7355242566510173
3 0.06416275430359937
5 0.04538341158059468
0 0.03599374021909233
6 0.025039123630672927
9 0.02190923317683881
4 0.020344287949921755
8 0.018779342723004695
2 0.017214397496087636
7 0.01564945226917058
doc : 67
9 0.8717179294823706
0 0.06301575393848462
3 0.014253563390847712
1 0.012378094523630909
7 0.011627906976744186
8 0.007876969242310577
4 0.006001500375093774
5 0.005251312828207052
6 0.004126031507876969
2 0.0037509377344336087
doc : 68
0 0.43373493975903615
2 0.14457831325301207
7 0.09036144578313253
5 0.09036144578313253
3 0.04819277108433735
4 0.042168674698795185
1 0.042168674698795185
9 0.03614457831325302
8 0.03614457831325302
6 0.03614457831325302
doc : 69
5 0.6219119226638024
3 0.14070891514500536
7 0.06874328678839957
9 0.05800214822771214
1 0.027926960257787323
8 0.025778732545649836
6 0.018259935553168634
4 0.01611170784103115
0 0.013963480128893662
2 0.008592910848549946
doc : 70
7 0.5787037037037037
3 0.08333333333333333
4 0.06481481481481481
5 0.05555555555555555
6 0.046296296296296294
1 0.046296296296296294
0 0.041666666666666664
8 0.032407407407407406
2 0.027777777777777776
9 0.023148148148148147
doc : 71
1 0.7679355783308931
0 0.13323572474377746
2 0.019765739385065886
7 0.01683748169838946
3 0.016105417276720352
4 0.012445095168374817
9 0.01171303074670571
8 0.00951683748169839
5 0.006588579795021962
6 0.005856515373352855
doc : 72
9 0.6009615384615384
8 0.34775641025641024
7 0.010416666666666666
0 0.008012820512820512
5 0.00641025641025641
6 0.005608974358974359
4 0.005608974358974359
3 0.005608974358974359
2 0.004807692307692308
1 0.004807692307692308
doc : 73
4 0.8135964912280701
0 0.06798245614035087
1 0.02631578947368421
2 0.017543859649122806
6 0.015350877192982455
7 0.013157894736842105
3 0.013157894736842105
9 0.010964912280701754
8 0.010964912280701754
5 0.010964912280701754
doc : 74
4 0.8130630630630631
0 0.07432432432432433
2 0.02027027027027027
5 0.015765765765765764
1 0.015765765765765764
9 0.013513513513513514
3 0.013513513513513514
8 0.01126126126126126
7 0.01126126126126126
6 0.01126126126126126
doc : 75
1 0.8527508090614887
6 0.063915857605178
9 0.022653721682847898
5 0.015372168284789645
0 0.012135922330097087
4 0.00889967637540453
8 0.008090614886731393
7 0.0056634304207119745
2 0.0056634304207119745
3 0.004854368932038835
doc : 76
3 0.9370034052213394
7 0.012485811577752554
9 0.009080590238365494
0 0.007945516458569807
5 0.0073779795686719635
8 0.006242905788876277
6 0.0056753688989784334
1 0.0056753688989784334
2 0.00510783200908059
4 0.00340522133938706
doc : 77
5 0.8095238095238096
6 0.04047619047619048
1 0.0380952380952381
7 0.02380952380952381
4 0.01785714285714286
8 0.01666666666666667
2 0.015476190476190477
0 0.014285714285714287
3 0.013095238095238097
9 0.010714285714285714
doc : 78
7 0.6717171717171718
9 0.05555555555555556
4 0.045454545454545456
5 0.04040404040404041
8 0.03535353535353536
2 0.03535353535353536
6 0.030303030303030304
1 0.030303030303030304
0 0.030303030303030304
3 0.025252525252525256
doc : 79
6 0.7178082191780822
5 0.0410958904109589
7 0.038356164383561646
4 0.038356164383561646
0 0.038356164383561646
9 0.03287671232876713
8 0.0273972602739726
3 0.021917808219178082
2 0.021917808219178082
1 0.021917808219178082
doc : 80
0 0.44554455445544555
3 0.18151815181518152
9 0.08250825082508251
1 0.0627062706270627
2 0.04620462046204621
8 0.0429042904290429
5 0.0429042904290429
7 0.039603960396039604
6 0.033003300330033
4 0.023102310231023104
doc : 81
7 0.5735294117647058
9 0.07352941176470588
3 0.07352941176470588
0 0.051470588235294115
6 0.044117647058823525
8 0.03676470588235294
5 0.03676470588235294
4 0.03676470588235294
2 0.03676470588235294
1 0.03676470588235294
doc : 82
5 0.5552325581395349
1 0.13517441860465115
6 0.10610465116279069
3 0.04796511627906977
9 0.0436046511627907
8 0.030523255813953487
7 0.02180232558139535
0 0.02180232558139535
2 0.020348837209302327
4 0.01744186046511628
doc : 83
9 0.6064
8 0.3456
5 0.0088
4 0.0064
1 0.0064
7 0.0056
6 0.0056
3 0.0056
2 0.0056
0 0.004
doc : 84
8 0.804945054945055
9 0.0521978021978022
2 0.02197802197802198
6 0.019230769230769232
5 0.019230769230769232
4 0.019230769230769232
1 0.019230769230769232
0 0.016483516483516484
7 0.013736263736263738
3 0.013736263736263738
doc : 85
8 0.7542043984476068
5 0.04657179818887452
9 0.03492884864165589
1 0.03234152652005175
3 0.029754204398447608
0 0.02457956015523933
7 0.02328589909443726
6 0.02199223803363519
2 0.02199223803363519
4 0.01034928848641656
doc : 86
8 0.7546583850931676
7 0.03416149068322981
5 0.03105590062111801
4 0.03105590062111801
6 0.02795031055900621
1 0.02795031055900621
9 0.024844720496894408
3 0.024844720496894408
2 0.021739130434782608
0 0.021739130434782608
doc : 87
0 0.7659574468085106
5 0.0425531914893617
4 0.0364741641337386
1 0.02735562310030395
9 0.0243161094224924
7 0.0243161094224924
6 0.02127659574468085
3 0.02127659574468085
8 0.0182370820668693
2 0.0182370820668693
doc : 88
8 0.9209138840070298
3 0.014059753954305799
5 0.013181019332161686
0 0.009666080843585237
4 0.008787346221441124
2 0.008787346221441124
1 0.007029876977152899
9 0.006151142355008787
6 0.006151142355008787
7 0.005272407732864675
doc : 89
8 0.8735549132947976
7 0.035404624277456644
3 0.019508670520231215
5 0.018786127167630055
9 0.012283236994219652
1 0.012283236994219652
0 0.009393063583815028
6 0.0072254335260115606
4 0.0072254335260115606
2 0.004335260115606936
doc : 90
8 0.9056152927120669
4 0.02270011947431302
9 0.017921146953405017
7 0.015531660692951015
5 0.009557945041816009
3 0.008363201911589008
1 0.006571087216248506
6 0.005376344086021505
0 0.005376344086021505
2 0.0029868578255675027
doc : 91
8 0.8765356265356266
9 0.05098280098280098
6 0.014742014742014743
0 0.012285012285012284
5 0.010442260442260442
1 0.009213759213759214
7 0.007371007371007371
3 0.007371007371007371
4 0.006142506142506142
2 0.004914004914004914
doc : 92
3 0.801747311827957
9 0.07123655913978495
7 0.02620967741935484
5 0.0228494623655914
1 0.017473118279569894
8 0.01545698924731183
4 0.01545698924731183
0 0.0114247311827957
2 0.009408602150537635
6 0.008736559139784947
doc : 93
7 0.6076923076923078
9 0.05384615384615385
2 0.05384615384615385
3 0.046153846153846156
0 0.046153846153846156
8 0.038461538461538464
6 0.038461538461538464
5 0.038461538461538464
4 0.038461538461538464
1 0.038461538461538464
doc : 94
4 0.37634408602150543
7 0.19354838709677422
5 0.09677419354838711
3 0.07526881720430108
6 0.05376344086021506
0 0.05376344086021506
8 0.048387096774193554
2 0.043010752688172046
1 0.03225806451612903
9 0.02688172043010753
doc : 95
5 0.7768479776847977
8 0.06415620641562064
2 0.029288702928870293
1 0.02510460251046025
4 0.02092050209205021
6 0.019525801952580194
9 0.01813110181311018
3 0.01813110181311018
7 0.016736401673640166
0 0.011157601115760111
doc : 96
8 0.7918367346938776
7 0.028571428571428574
1 0.028571428571428574
5 0.02448979591836735
4 0.02448979591836735
9 0.020408163265306124
6 0.020408163265306124
3 0.020408163265306124
2 0.020408163265306124
0 0.020408163265306124
doc : 97
8 0.8389057750759878
7 0.02127659574468085
4 0.02127659574468085
5 0.0182370820668693
3 0.0182370820668693
1 0.0182370820668693
0 0.0182370820668693
9 0.015197568389057751
6 0.015197568389057751
2 0.015197568389057751
doc : 98
8 0.8559782608695652
4 0.021739130434782608
7 0.019021739130434784
9 0.016304347826086956
5 0.016304347826086956
1 0.016304347826086956
6 0.01358695652173913
3 0.01358695652173913
2 0.01358695652173913
0 0.01358695652173913
doc : 99
8 0.7905138339920948
7 0.035573122529644265
4 0.02766798418972332
9 0.023715415019762844
6 0.023715415019762844
5 0.01976284584980237
3 0.01976284584980237
2 0.01976284584980237
1 0.01976284584980237
0 0.01976284584980237
