doc : 0
4 0.9751883030571555
9 0.004430660168365086
5 0.0031014621178555605
1 0.0031014621178555605
6 0.002658396101019052
3 0.002658396101019052
8 0.002215330084182543
7 0.002215330084182543
2 0.002215330084182543
0 0.002215330084182543
doc : 1
5 0.8837209302325582
4 0.021141649048625793
9 0.016913319238900635
8 0.012684989429175477
7 0.012684989429175477
6 0.010570824524312896
3 0.010570824524312896
2 0.010570824524312896
1 0.010570824524312896
0 0.010570824524312896
doc : 2
3 0.7750952986022871
1 0.11139347734011011
2 0.028377806014400677
0 0.02795425667090216
7 0.019906819144430325
8 0.010165184243964422
6 0.009741634900465904
9 0.008894536213468869
5 0.005082592121982211
4 0.0033883947479881405
doc : 3
3 0.6820276497695853
1 0.12211981566820276
7 0.06682027649769585
6 0.02534562211981567
2 0.02304147465437788
0 0.020737327188940093
4 0.018433179723502304
5 0.016129032258064516
8 0.013824884792626727
9 0.01152073732718894
doc : 4
3 0.6245059288537549
1 0.11462450592885375
0 0.05533596837944664
8 0.03952569169960474
9 0.03162055335968379
6 0.03162055335968379
7 0.02766798418972332
4 0.02766798418972332
2 0.02766798418972332
5 0.01976284584980237
doc : 5
0 0.6227436823104693
2 0.14981949458483754
3 0.05956678700361011
8 0.043321299638989175
6 0.02707581227436823
7 0.025270758122743684
9 0.023465703971119134
1 0.023465703971119134
4 0.01444043321299639
5 0.010830324909747294
doc : 6
8 0.8987341772151899
3 0.0162748643761302
6 0.012658227848101266
1 0.012658227848101266
7 0.0108499095840868
2 0.0108499095840868
0 0.0108499095840868
9 0.009041591320072333
5 0.009041591320072333
4 0.009041591320072333
doc : 7
8 0.8877338877338878
0 0.016632016632016633
9 0.014553014553014554
7 0.014553014553014554
2 0.014553014553014554
6 0.010395010395010396
5 0.010395010395010396
4 0.010395010395010396
3 0.010395010395010396
1 0.010395010395010396
doc : 8
8 0.9026369168356998
2 0.014198782961460446
3 0.012170385395537525
9 0.010141987829614604
7 0.010141987829614604
6 0.010141987829614604
5 0.010141987829614604
4 0.010141987829614604
1 0.010141987829614604
0 0.010141987829614604
doc : 9
2 0.7775700934579439
8 0.06728971962616823
3 0.03364485981308411
7 0.028037383177570093
6 0.022429906542056077
1 0.022429906542056077
5 0.014953271028037384
9 0.013084112149532711
0 0.011214953271028038
4 0.009345794392523366
doc : 10
0 0.8812785388127853
1 0.03120243531202435
7 0.0273972602739726
2 0.01445966514459665
3 0.0106544901065449
5 0.00837138508371385
9 0.0076103500761035
6 0.0076103500761035
4 0.00684931506849315
8 0.0045662100456621
doc : 11
2 0.5256609642301711
1 0.15085536547433903
0 0.09175738724727839
3 0.06998444790046657
6 0.06531881804043546
8 0.029548989113530325
9 0.01866251944012442
5 0.017107309486780714
7 0.015552099533437013
4 0.015552099533437013
doc : 12
5 0.890063424947146
6 0.019027484143763214
4 0.014799154334038056
8 0.012684989429175477
9 0.010570824524312896
7 0.010570824524312896
3 0.010570824524312896
2 0.010570824524312896
1 0.010570824524312896
0 0.010570824524312896
doc : 13
9 0.9067201604814443
5 0.034102306920762285
1 0.011033099297893681
4 0.010030090270812437
2 0.00802407221664995
7 0.007021063189568706
0 0.007021063189568706
8 0.006018054162487463
6 0.0050150451354062184
3 0.0050150451354062184
doc : 14
1 0.43023255813953487
5 0.08139534883720931
6 0.06976744186046512
0 0.06976744186046512
9 0.05813953488372093
8 0.05813953488372093
7 0.05813953488372093
4 0.05813953488372093
3 0.05813953488372093
2 0.05813953488372093
doc : 15
5 0.8942917547568711
9 0.016913319238900635
6 0.012684989429175477
4 0.012684989429175477
8 0.010570824524312896
7 0.010570824524312896
3 0.010570824524312896
2 0.010570824524312896
1 0.010570824524312896
0 0.010570824524312896
doc : 16
4 0.976517501107665
5 0.0031014621178555605
3 0.0031014621178555605
2 0.0031014621178555605
8 0.002658396101019052
1 0.002658396101019052
9 0.002215330084182543
7 0.002215330084182543
6 0.002215330084182543
0 0.002215330084182543
doc : 17
8 0.8964059196617337
0 0.016913319238900635
1 0.012684989429175477
9 0.010570824524312896
7 0.010570824524312896
6 0.010570824524312896
5 0.010570824524312896
4 0.010570824524312896
3 0.010570824524312896
2 0.010570824524312896
doc : 18
8 0.8875
6 0.016666666666666666
3 0.014583333333333334
2 0.014583333333333334
7 0.0125
4 0.0125
9 0.010416666666666666
5 0.010416666666666666
1 0.010416666666666666
0 0.010416666666666666
doc : 19
8 0.8945147679324894
7 0.014767932489451475
2 0.014767932489451475
9 0.012658227848101264
6 0.010548523206751054
5 0.010548523206751054
4 0.010548523206751054
3 0.010548523206751054
1 0.010548523206751054
0 0.010548523206751054
doc : 20
8 0.8858921161825726
6 0.01867219917012448
3 0.014522821576763486
9 0.012448132780082988
7 0.012448132780082988
2 0.012448132780082988
0 0.012448132780082988
5 0.01037344398340249
4 0.01037344398340249
1 0.01037344398340249
doc : 21
8 0.8854166666666666
7 0.025
6 0.0125
2 0.0125
0 0.0125
9 0.010416666666666666
5 0.010416666666666666
4 0.010416666666666666
3 0.010416666666666666
1 0.010416666666666666
doc : 22
8 0.8976545842217484
9 0.01279317697228145
7 0.01279317697228145
2 0.01279317697228145
6 0.010660980810234541
5 0.010660980810234541
4 0.010660980810234541
3 0.010660980810234541
1 0.010660980810234541
0 0.010660980810234541
doc : 23
8 0.888659793814433
2 0.016494845360824743
7 0.01443298969072165
3 0.01443298969072165
6 0.012371134020618558
1 0.012371134020618558
9 0.010309278350515464
5 0.010309278350515464
4 0.010309278350515464
0 0.010309278350515464
doc : 24
8 0.8819875776397517
7 0.018633540372670808
6 0.016563146997929608
3 0.014492753623188408
5 0.012422360248447206
1 0.012422360248447206
0 0.012422360248447206
9 0.010351966873706004
4 0.010351966873706004
2 0.010351966873706004
doc : 25
8 0.8838174273858921
7 0.02074688796680498
3 0.014522821576763486
0 0.014522821576763486
6 0.012448132780082988
5 0.012448132780082988
9 0.01037344398340249
4 0.01037344398340249
2 0.01037344398340249
1 0.01037344398340249
doc : 26
7 0.861788617886179
3 0.022357723577235776
6 0.020325203252032523
8 0.016260162601626018
2 0.016260162601626018
4 0.014227642276422765
9 0.012195121951219513
5 0.012195121951219513
1 0.012195121951219513
0 0.012195121951219513
doc : 27
5 0.8837209302325582
1 0.019027484143763214
9 0.014799154334038056
6 0.014799154334038056
7 0.012684989429175477
0 0.012684989429175477
8 0.010570824524312896
4 0.010570824524312896
3 0.010570824524312896
2 0.010570824524312896
doc : 28
4 0.9769605671245015
1 0.0031014621178555605
0 0.0031014621178555605
7 0.002658396101019052
6 0.002658396101019052
2 0.002658396101019052
9 0.002215330084182543
8 0.002215330084182543
5 0.002215330084182543
3 0.002215330084182543
doc : 29
5 0.9006342494714588
9 0.012684989429175477
7 0.012684989429175477
8 0.010570824524312896
6 0.010570824524312896
4 0.010570824524312896
3 0.010570824524312896
2 0.010570824524312896
1 0.010570824524312896
0 0.010570824524312896
doc : 30
8 0.8945147679324894
7 0.014767932489451475
5 0.012658227848101264
4 0.012658227848101264
3 0.012658227848101264
9 0.010548523206751054
6 0.010548523206751054
2 0.010548523206751054
1 0.010548523206751054
0 0.010548523206751054
doc : 31
8 0.8884120171673819
2 0.015021459227467811
7 0.012875536480686695
6 0.012875536480686695
5 0.012875536480686695
3 0.012875536480686695
1 0.012875536480686695
9 0.01072961373390558
4 0.01072961373390558
0 0.01072961373390558
doc : 32
8 0.9028925619834711
2 0.012396694214876033
1 0.012396694214876033
9 0.010330578512396695
7 0.010330578512396695
6 0.010330578512396695
5 0.010330578512396695
4 0.010330578512396695
3 0.010330578512396695
0 0.010330578512396695
doc : 33
8 0.8837209302325582
7 0.03294573643410853
3 0.011627906976744186
2 0.011627906976744186
1 0.011627906976744186
9 0.009689922480620155
6 0.009689922480620155
5 0.009689922480620155
4 0.009689922480620155
0 0.009689922480620155
doc : 34
8 0.8895966029723992
3 0.016985138004246284
5 0.012738853503184714
2 0.012738853503184714
1 0.012738853503184714
0 0.012738853503184714
9 0.010615711252653927
7 0.010615711252653927
6 0.010615711252653927
4 0.010615711252653927
doc : 35
8 0.881287726358149
7 0.018108651911468814
0 0.01609657947686117
3 0.014084507042253523
1 0.014084507042253523
6 0.012072434607645876
4 0.012072434607645876
2 0.012072434607645876
9 0.01006036217303823
5 0.01006036217303823
doc : 36
8 0.8946360153256705
7 0.01532567049808429
3 0.013409961685823753
2 0.013409961685823753
0 0.013409961685823753
6 0.011494252873563218
9 0.009578544061302681
5 0.009578544061302681
4 0.009578544061302681
1 0.009578544061302681
doc : 37
1 0.41860465116279066
0 0.08139534883720931
9 0.06976744186046512
5 0.06976744186046512
2 0.06976744186046512
8 0.05813953488372093
7 0.05813953488372093
6 0.05813953488372093
4 0.05813953488372093
3 0.05813953488372093
doc : 38
7 0.8241308793456034
8 0.05316973415132925
2 0.02044989775051125
6 0.018404907975460124
0 0.018404907975460124
1 0.016359918200409
9 0.014314928425357875
5 0.01226993865030675
3 0.01226993865030675
4 0.010224948875255624
doc : 39
2 0.6965174129353233
1 0.06467661691542288
0 0.05099502487562189
5 0.04477611940298507
9 0.03855721393034826
6 0.03482587064676617
4 0.03109452736318408
7 0.01616915422885572
3 0.014925373134328358
8 0.007462686567164179
doc : 40
5 0.8858350951374208
9 0.016913319238900635
8 0.014799154334038056
4 0.014799154334038056
7 0.012684989429175477
1 0.012684989429175477
6 0.010570824524312896
3 0.010570824524312896
2 0.010570824524312896
0 0.010570824524312896
doc : 41
9 0.9067201604814443
5 0.029087261785356068
8 0.009027081243731194
1 0.009027081243731194
0 0.009027081243731194
6 0.00802407221664995
4 0.00802407221664995
7 0.007021063189568706
3 0.007021063189568706
2 0.007021063189568706
doc : 42
1 0.41860465116279066
7 0.08139534883720931
6 0.06976744186046512
5 0.06976744186046512
4 0.06976744186046512
9 0.05813953488372093
8 0.05813953488372093
3 0.05813953488372093
2 0.05813953488372093
0 0.05813953488372093
doc : 43
6 0.9389473684210526
5 0.012105263157894737
9 0.011578947368421053
1 0.009473684210526315
2 0.00631578947368421
8 0.005263157894736842
7 0.004210526315789474
3 0.004210526315789474
0 0.004210526315789474
4 0.0036842105263157894
doc : 44
4 0.9751883030571555
8 0.003987594151528578
7 0.0031014621178555605
5 0.0031014621178555605
9 0.002658396101019052
2 0.002658396101019052
0 0.002658396101019052
6 0.002215330084182543
3 0.002215330084182543
1 0.002215330084182543
doc : 45
5 0.8942917547568711
9 0.014799154334038056
8 0.012684989429175477
1 0.012684989429175477
0 0.012684989429175477
7 0.010570824524312896
6 0.010570824524312896
4 0.010570824524312896
3 0.010570824524312896
2 0.010570824524312896
doc : 46
1 0.8015717092337917
7 0.03536345776031434
2 0.03143418467583497
6 0.029469548133595282
3 0.02554027504911591
4 0.019646365422396856
9 0.01768172888015717
0 0.015717092337917484
8 0.011787819253438112
5 0.011787819253438112
doc : 47
9 0.821313240043057
2 0.05489773950484391
0 0.026910656620021525
3 0.023681377825618945
8 0.02152852529601722
6 0.013993541442411193
7 0.012917115177610333
1 0.009687836383207749
5 0.007534983853606027
4 0.007534983853606027
doc : 48
8 0.8960498960498962
6 0.012474012474012475
3 0.012474012474012475
2 0.012474012474012475
1 0.012474012474012475
0 0.012474012474012475
9 0.010395010395010396
7 0.010395010395010396
5 0.010395010395010396
4 0.010395010395010396
doc : 49
8 0.8928571428571428
0 0.01680672268907563
3 0.014705882352941176
7 0.012605042016806723
9 0.010504201680672268
6 0.010504201680672268
5 0.010504201680672268
4 0.010504201680672268
2 0.010504201680672268
1 0.010504201680672268
