doc : 0
4 0.8035714285714285
9 0.041666666666666664
8 0.023809523809523808
3 0.023809523809523808
2 0.020833333333333332
7 0.017857142857142856
6 0.017857142857142856
5 0.017857142857142856
0 0.017857142857142856
1 0.01488095238095238
doc : 1
4 0.8204419889502762
9 0.03591160220994475
6 0.022099447513812154
5 0.022099447513812154
3 0.019337016574585635
2 0.019337016574585635
8 0.016574585635359115
7 0.016574585635359115
1 0.013812154696132596
0 0.013812154696132596
doc : 2
9 0.5287356321839081
1 0.37471264367816093
6 0.013793103448275862
0 0.013793103448275862
8 0.011494252873563218
7 0.011494252873563218
5 0.011494252873563218
4 0.011494252873563218
3 0.011494252873563218
2 0.011494252873563218
doc : 3
9 0.4852941176470588
1 0.4222689075630252
6 0.01680672268907563
8 0.012605042016806723
7 0.010504201680672268
5 0.010504201680672268
4 0.010504201680672268
3 0.010504201680672268
2 0.010504201680672268
0 0.010504201680672268
doc : 4
9 0.40498442367601245
8 0.23208722741433022
6 0.17445482866043613
1 0.11214953271028037
2 0.017133956386292833
0 0.017133956386292833
4 0.012461059190031152
5 0.010903426791277258
3 0.010903426791277258
7 0.00778816199376947
doc : 5
9 0.5287356321839081
1 0.37701149425287356
5 0.013793103448275862
8 0.011494252873563218
7 0.011494252873563218
6 0.011494252873563218
4 0.011494252873563218
3 0.011494252873563218
2 0.011494252873563218
0 0.011494252873563218
doc : 6
7 0.5544388609715243
9 0.3768844221105528
3 0.010050251256281407
8 0.008375209380234505
6 0.008375209380234505
5 0.008375209380234505
4 0.008375209380234505
2 0.008375209380234505
1 0.008375209380234505
0 0.008375209380234505
doc : 7
9 0.8893617021276596
8 0.019148936170212766
5 0.012765957446808512
4 0.012765957446808512
2 0.012765957446808512
7 0.010638297872340425
6 0.010638297872340425
3 0.010638297872340425
1 0.010638297872340425
0 0.010638297872340425
doc : 8
9 0.8851063829787235
8 0.01702127659574468
6 0.014893617021276596
1 0.014893617021276596
4 0.012765957446808512
2 0.012765957446808512
7 0.010638297872340425
5 0.010638297872340425
3 0.010638297872340425
0 0.010638297872340425
doc : 9
9 0.48739495798319327
1 0.41806722689075626
6 0.01680672268907563
4 0.012605042016806723
2 0.012605042016806723
8 0.010504201680672268
7 0.010504201680672268
5 0.010504201680672268
3 0.010504201680672268
0 0.010504201680672268
doc : 10
6 0.48269581056466304
9 0.424408014571949
1 0.023679417122040074
8 0.01092896174863388
7 0.01092896174863388
0 0.01092896174863388
5 0.009107468123861567
4 0.009107468123861567
3 0.009107468123861567
2 0.009107468123861567
doc : 11
7 0.5460636515912898
9 0.3852596314907873
3 0.010050251256281407
8 0.008375209380234505
6 0.008375209380234505
5 0.008375209380234505
4 0.008375209380234505
2 0.008375209380234505
1 0.008375209380234505
0 0.008375209380234505
doc : 12
7 0.5460636515912898
9 0.3835845896147404
5 0.010050251256281407
0 0.010050251256281407
8 0.008375209380234505
6 0.008375209380234505
4 0.008375209380234505
3 0.008375209380234505
2 0.008375209380234505
1 0.008375209380234505
doc : 13
9 0.7177177177177178
6 0.08408408408408408
8 0.03303303303303303
1 0.03303303303303303
0 0.03003003003003003
4 0.02702702702702703
3 0.02102102102102102
7 0.018018018018018018
5 0.018018018018018018
2 0.018018018018018018
doc : 14
9 0.38126009693053314
0 0.30210016155088854
2 0.22132471728594508
3 0.02261712439418417
1 0.014539579967689823
7 0.012924071082390954
6 0.012924071082390954
4 0.012924071082390954
8 0.011308562197092085
5 0.008077544426494346
doc : 15
2 0.5371517027863777
9 0.39009287925696595
3 0.013931888544891642
1 0.010835913312693499
6 0.009287925696594427
8 0.007739938080495357
7 0.007739938080495357
5 0.007739938080495357
4 0.007739938080495357
0 0.007739938080495357
doc : 16
2 0.6168091168091169
9 0.32193732193732194
7 0.008547008547008548
5 0.008547008547008548
0 0.008547008547008548
8 0.007122507122507123
6 0.007122507122507123
4 0.007122507122507123
3 0.007122507122507123
1 0.007122507122507123
doc : 17
2 0.613960113960114
9 0.32193732193732194
3 0.012820512820512822
5 0.008547008547008548
8 0.007122507122507123
7 0.007122507122507123
6 0.007122507122507123
4 0.007122507122507123
1 0.007122507122507123
0 0.007122507122507123
doc : 18
7 0.5343383584589615
9 0.3919597989949749
3 0.01172529313232831
6 0.010050251256281407
4 0.010050251256281407
8 0.008375209380234505
5 0.008375209380234505
2 0.008375209380234505
1 0.008375209380234505
0 0.008375209380234505
doc : 19
8 0.4859154929577465
9 0.41901408450704225
4 0.022887323943661973
0 0.012323943661971832
7 0.01056338028169014
5 0.01056338028169014
3 0.01056338028169014
1 0.01056338028169014
6 0.008802816901408451
2 0.008802816901408451
doc : 20
9 0.514344262295082
7 0.32991803278688525
4 0.03073770491803279
8 0.02459016393442623
6 0.022540983606557378
5 0.01639344262295082
3 0.01639344262295082
2 0.01639344262295082
1 0.014344262295081968
0 0.014344262295081968
doc : 21
9 0.48109243697478987
1 0.4222689075630252
6 0.018907563025210083
3 0.012605042016806723
0 0.012605042016806723
8 0.010504201680672268
7 0.010504201680672268
5 0.010504201680672268
4 0.010504201680672268
2 0.010504201680672268
doc : 22
3 0.5466893039049235
9 0.38200339558573854
8 0.010186757215619693
4 0.010186757215619693
7 0.008488964346349746
6 0.008488964346349746
5 0.008488964346349746
2 0.008488964346349746
1 0.008488964346349746
0 0.008488964346349746
doc : 23
0 0.5152603231597845
9 0.4057450628366248
8 0.010771992818671455
6 0.010771992818671455
4 0.010771992818671455
3 0.010771992818671455
7 0.008976660682226212
5 0.008976660682226212
2 0.008976660682226212
1 0.008976660682226212
doc : 24
8 0.4684385382059801
9 0.4119601328903655
4 0.026578073089700997
0 0.018272425249169437
7 0.014950166112956811
3 0.014950166112956811
2 0.013289036544850499
6 0.011627906976744186
5 0.009966777408637873
1 0.009966777408637873
doc : 25
7 0.5544388609715243
9 0.3785594639865997
8 0.008375209380234505
6 0.008375209380234505
5 0.008375209380234505
4 0.008375209380234505
3 0.008375209380234505
2 0.008375209380234505
1 0.008375209380234505
0 0.008375209380234505
doc : 26
8 0.49447077409162715
9 0.4202211690363349
3 0.017377567140600316
4 0.01263823064770932
7 0.011058451816745656
2 0.009478672985781991
1 0.009478672985781991
0 0.009478672985781991
6 0.007898894154818325
5 0.007898894154818325
doc : 27
7 0.5510887772194305
9 0.3785594639865997
6 0.010050251256281407
5 0.010050251256281407
8 0.008375209380234505
4 0.008375209380234505
3 0.008375209380234505
2 0.008375209380234505
1 0.008375209380234505
0 0.008375209380234505
doc : 28
5 0.6967213114754098
4 0.05327868852459017
8 0.045081967213114756
9 0.04098360655737705
7 0.036885245901639344
2 0.03278688524590164
6 0.02459016393442623
3 0.02459016393442623
0 0.02459016393442623
1 0.020491803278688527
doc : 29
4 0.6345609065155807
9 0.13031161473087818
5 0.053824362606232294
0 0.0368271954674221
8 0.0339943342776204
7 0.028328611898016998
2 0.0226628895184136
1 0.0226628895184136
6 0.019830028328611898
3 0.0169971671388102
doc : 30
2 0.5623052959501558
9 0.35046728971962615
6 0.020249221183800622
7 0.012461059190031152
0 0.010903426791277258
5 0.009345794392523364
4 0.009345794392523364
3 0.009345794392523364
8 0.00778816199376947
1 0.00778816199376947
doc : 31
8 0.5439642324888226
9 0.36065573770491804
7 0.01639344262295082
6 0.011922503725782414
5 0.011922503725782414
4 0.011922503725782414
2 0.011922503725782414
3 0.010432190760059613
1 0.010432190760059613
0 0.010432190760059613
doc : 32
9 0.8984168865435356
8 0.017150395778364115
4 0.014511873350923483
3 0.013192612137203165
0 0.013192612137203165
7 0.009234828496042216
6 0.009234828496042216
2 0.009234828496042216
5 0.0079155672823219
1 0.0079155672823219
doc : 33
1 0.631439894319683
9 0.3104359313077939
6 0.009247027741083224
7 0.007926023778071334
0 0.007926023778071334
8 0.0066050198150594455
5 0.0066050198150594455
4 0.0066050198150594455
3 0.0066050198150594455
2 0.0066050198150594455
doc : 34
1 0.6406869220607662
9 0.29722589167767505
6 0.010568031704095112
7 0.009247027741083224
3 0.007926023778071334
0 0.007926023778071334
8 0.0066050198150594455
5 0.0066050198150594455
4 0.0066050198150594455
2 0.0066050198150594455
doc : 35
3 0.6790606653620352
9 0.23972602739726026
8 0.015655577299412915
2 0.015655577299412915
4 0.0136986301369863
7 0.007827788649706457
1 0.007827788649706457
0 0.007827788649706457
5 0.00684931506849315
6 0.005870841487279843
doc : 36
4 0.5836298932384342
9 0.3131672597864769
8 0.024911032028469754
3 0.016607354685646503
0 0.016607354685646503
2 0.011862396204033215
5 0.009489916963226572
7 0.008303677342823251
1 0.008303677342823251
6 0.007117437722419929
doc : 37
2 0.7045685279187818
9 0.24060913705583759
7 0.010152284263959392
8 0.007106598984771574
3 0.007106598984771574
1 0.007106598984771574
6 0.006091370558375634
4 0.006091370558375634
0 0.006091370558375634
5 0.005076142131979696
doc : 38
0 0.5809628008752735
9 0.24179431072210064
7 0.1334792122538293
4 0.007658643326039387
6 0.006564551422319475
5 0.006564551422319475
1 0.006564551422319475
8 0.005470459518599562
3 0.005470459518599562
2 0.005470459518599562
doc : 39
3 0.73992673992674
9 0.21245421245421245
2 0.009157509157509158
8 0.00641025641025641
7 0.00641025641025641
0 0.00641025641025641
1 0.005494505494505494
6 0.004578754578754579
5 0.004578754578754579
4 0.004578754578754579
doc : 40
0 0.5842450765864332
9 0.237417943107221
7 0.13676148796498905
2 0.007658643326039387
4 0.006564551422319475
8 0.005470459518599562
6 0.005470459518599562
5 0.005470459518599562
3 0.005470459518599562
1 0.005470459518599562
doc : 41
6 0.7170582226762002
9 0.23391215526046988
1 0.008171603677221655
8 0.007150153217568948
7 0.007150153217568948
0 0.006128702757916242
5 0.005107252298263534
4 0.005107252298263534
3 0.005107252298263534
2 0.005107252298263534
doc : 42
4 0.7074626865671642
9 0.23681592039800994
8 0.008955223880597014
3 0.007960199004975124
0 0.007960199004975124
7 0.006965174129353233
1 0.006965174129353233
6 0.0059701492537313425
5 0.0059701492537313425
2 0.004975124378109453
doc : 43
2 0.7540983606557377
9 0.20491803278688525
3 0.007377049180327869
8 0.005737704918032787
7 0.0049180327868852455
6 0.0049180327868852455
4 0.0049180327868852455
0 0.0049180327868852455
5 0.004098360655737705
1 0.004098360655737705
doc : 44
6 0.7231869254341164
9 0.23084780388151174
1 0.007150153217568948
8 0.006128702757916242
3 0.006128702757916242
0 0.006128702757916242
7 0.005107252298263534
5 0.005107252298263534
4 0.005107252298263534
2 0.005107252298263534
doc : 45
1 0.737919737919738
9 0.21130221130221133
8 0.00982800982800983
7 0.00819000819000819
6 0.007371007371007371
3 0.006552006552006552
5 0.004914004914004915
2 0.004914004914004915
0 0.004914004914004915
4 0.004095004095004095
doc : 46
2 0.779020979020979
9 0.17622377622377622
0 0.007692307692307693
6 0.006293706293706293
8 0.005594405594405594
7 0.005594405594405594
1 0.005594405594405594
5 0.0048951048951048955
4 0.0048951048951048955
3 0.004195804195804196
doc : 47
1 0.6983669548511047
9 0.24591738712776176
4 0.010566762728146013
0 0.008645533141210374
6 0.007684918347742555
8 0.0067243035542747355
7 0.005763688760806916
5 0.005763688760806916
2 0.005763688760806916
3 0.0048030739673390966
doc : 48
6 0.8527845036319612
9 0.1162227602905569
2 0.009685230024213076
3 0.005326876513317191
7 0.003389830508474576
0 0.0029055690072639223
8 0.002421307506053269
5 0.002421307506053269
4 0.002421307506053269
1 0.002421307506053269
doc : 49
5 0.9216178084339238
8 0.034488164289073524
4 0.014892616397554476
0 0.01128703558551497
3 0.005329989026493181
9 0.004702931493964571
7 0.0023514657469822856
6 0.0021947013638501335
2 0.0017244082144536761
1 0.0014108794481893713
