doc : 0
9 0.3473053892215569
0 0.17365269461077845
5 0.1377245508982036
1 0.0658682634730539
8 0.059880239520958084
4 0.05389221556886228
2 0.05389221556886228
7 0.035928143712574856
6 0.035928143712574856
3 0.035928143712574856
doc : 1
9 0.7730263157894737
2 0.042763157894736836
8 0.02631578947368421
6 0.02631578947368421
4 0.02631578947368421
0 0.02631578947368421
1 0.023026315789473683
5 0.019736842105263157
3 0.019736842105263157
7 0.01644736842105263
doc : 2
9 0.8486646884272997
1 0.02077151335311573
5 0.017804154302670624
4 0.017804154302670624
2 0.017804154302670624
0 0.017804154302670624
8 0.01483679525222552
7 0.01483679525222552
6 0.01483679525222552
3 0.01483679525222552
doc : 3
9 0.8338278931750742
1 0.02373887240356083
5 0.02077151335311573
0 0.02077151335311573
8 0.017804154302670624
7 0.017804154302670624
4 0.017804154302670624
3 0.017804154302670624
6 0.01483679525222552
2 0.01483679525222552
doc : 4
9 0.44694533762057875
0 0.3665594855305466
8 0.028938906752411574
4 0.028938906752411574
6 0.02572347266881029
2 0.022508038585209004
1 0.022508038585209004
7 0.01929260450160772
5 0.01929260450160772
3 0.01929260450160772
doc : 5
5 0.3597122302158274
9 0.1798561151079137
2 0.10791366906474821
0 0.07194244604316546
8 0.05755395683453238
3 0.05755395683453238
4 0.05035971223021583
7 0.04316546762589928
6 0.03597122302158273
1 0.03597122302158273
doc : 6
5 0.6121673003802282
9 0.08745247148288973
8 0.053231939163498096
2 0.04182509505703422
7 0.03802281368821293
3 0.03802281368821293
1 0.034220532319391636
0 0.034220532319391636
6 0.030418250950570342
4 0.030418250950570342
doc : 7
9 0.32
5 0.136
7 0.128
8 0.088
2 0.08
3 0.056
1 0.056
6 0.048
0 0.048
4 0.04
doc : 8
8 0.5539112050739958
6 0.13953488372093023
9 0.06976744186046512
2 0.06553911205073996
5 0.04016913319238901
7 0.03805496828752643
1 0.025369978858350954
0 0.025369978858350954
3 0.023255813953488372
4 0.019027484143763214
doc : 9
8 0.595703125
6 0.2958984375
2 0.0244140625
7 0.0166015625
3 0.0166015625
1 0.013671875
0 0.0107421875
9 0.009765625
5 0.009765625
4 0.0068359375
doc : 10
5 0.6492146596858639
9 0.06282722513089006
1 0.05235602094240838
6 0.04712041884816754
7 0.03664921465968587
3 0.03664921465968587
2 0.03141361256544503
0 0.03141361256544503
8 0.02617801047120419
4 0.02617801047120419
doc : 11
5 0.6492146596858639
6 0.05759162303664922
9 0.05235602094240838
7 0.03664921465968587
4 0.03664921465968587
3 0.03664921465968587
1 0.03664921465968587
0 0.03664921465968587
8 0.03141361256544503
2 0.02617801047120419
doc : 12
6 0.4351515151515152
8 0.24303030303030304
2 0.15575757575757576
3 0.10666666666666666
7 0.023636363636363636
9 0.01090909090909091
4 0.007272727272727273
1 0.007272727272727273
0 0.005454545454545455
5 0.0048484848484848485
doc : 13
6 0.4473007712082262
8 0.26606683804627246
2 0.13431876606683804
3 0.08419023136246787
7 0.026349614395886886
9 0.012853470437017993
1 0.012853470437017993
4 0.007069408740359897
5 0.0044987146529562975
0 0.0044987146529562975
doc : 14
6 0.6832298136645963
8 0.2256728778467909
3 0.04296066252587992
7 0.011387163561076606
2 0.009834368530020704
9 0.008281573498964804
5 0.005693581780538303
4 0.004658385093167702
1 0.004658385093167702
0 0.003623188405797102
doc : 15
4 0.858765081618169
9 0.0525195173882186
5 0.0276792051100071
1 0.016323633782824698
7 0.0113555713271824
8 0.009226401703335699
0 0.0078069552874379
3 0.007097232079489
6 0.0049680624556423
2 0.0042583392476933995
doc : 16
0 0.7685589519650655
9 0.05240174672489083
5 0.048034934497816595
8 0.021834061135371178
3 0.021834061135371178
1 0.01965065502183406
6 0.017467248908296942
4 0.017467248908296942
2 0.017467248908296942
7 0.015283842794759825
doc : 17
5 0.33088235294117646
0 0.11029411764705882
7 0.10294117647058823
9 0.08088235294117647
1 0.07352941176470588
8 0.0661764705882353
2 0.0661764705882353
4 0.058823529411764705
3 0.058823529411764705
6 0.051470588235294115
doc : 18
3 0.8687415426251692
7 0.036535859269282815
8 0.018944519621109608
4 0.013531799729364007
6 0.012178619756427606
1 0.012178619756427606
9 0.010825439783491205
0 0.010825439783491205
5 0.008119079837618403
2 0.008119079837618403
doc : 19
3 0.9081537019681349
1 0.018744142455482664
7 0.013120899718837863
9 0.01218369259606373
8 0.009372071227741332
6 0.009372071227741332
2 0.008434864104967198
0 0.007497656982193065
5 0.006560449859418931
4 0.006560449859418931
doc : 20
3 0.891156462585034
7 0.024489795918367346
9 0.016326530612244896
8 0.012244897959183673
6 0.012244897959183673
2 0.010884353741496598
1 0.010884353741496598
5 0.008163265306122448
4 0.006802721088435374
0 0.006802721088435374
doc : 21
3 0.9078080903104422
1 0.015051740357478834
8 0.01317027281279398
2 0.012229539040451553
9 0.011288805268109126
6 0.010348071495766699
7 0.009407337723424272
4 0.009407337723424272
5 0.005644402634054563
0 0.005644402634054563
doc : 22
2 0.2407628128724672
3 0.23241954707985696
7 0.13825983313468415
1 0.12872467222884384
8 0.09058402860548272
6 0.05601907032181168
5 0.03575685339690107
0 0.033373063170441
9 0.02264600715137068
4 0.02145411203814064
doc : 23
2 0.3974763406940063
8 0.20504731861198738
7 0.08832807570977917
6 0.06309148264984227
1 0.06309148264984227
3 0.056782334384858045
9 0.04100946372239748
5 0.03785488958990536
0 0.025236593059936908
4 0.022082018927444793
doc : 24
4 0.6091234347048301
8 0.20661896243291591
6 0.0518783542039356
3 0.04025044722719141
1 0.03041144901610018
9 0.022361359570661897
2 0.012522361359570662
5 0.010733452593917711
7 0.009838998211091235
0 0.006261180679785331
doc : 25
0 0.7837338262476895
9 0.04805914972273567
4 0.033271719038817
5 0.029574861367837338
8 0.024029574861367836
1 0.02033271719038817
7 0.0166358595194085
6 0.0166358595194085
3 0.014787430683918669
2 0.012939001848428836
doc : 26
7 0.24760994263862332
2 0.19980879541108987
8 0.1892925430210325
3 0.18164435946462715
5 0.11089866156787763
6 0.02581261950286807
1 0.02198852772466539
0 0.009560229445506692
9 0.0076481835564053535
4 0.005736137667304015
doc : 27
6 0.6875
8 0.2353515625
3 0.03125
7 0.01806640625
2 0.005859375
9 0.0048828125
1 0.0048828125
5 0.00439453125
4 0.00439453125
0 0.00341796875
doc : 28
2 0.37163814180929094
3 0.2273838630806846
7 0.10268948655256724
8 0.09046454767726161
1 0.0745721271393643
0 0.0488997555012225
6 0.029339853300733496
4 0.019559902200488997
5 0.018337408312958436
9 0.017114914425427872
doc : 29
9 0.6210268948655256
5 0.11246943765281174
6 0.06356968215158924
2 0.061124694376528114
1 0.039119804400977995
0 0.03667481662591687
4 0.02444987775061125
8 0.014669926650366748
3 0.014669926650366748
7 0.012224938875305624
doc : 30
7 0.5861070911722142
8 0.24023154848046308
3 0.06946454413892908
6 0.02894356005788712
1 0.023154848046309694
2 0.013024602026049202
9 0.010130246020260492
4 0.010130246020260492
0 0.010130246020260492
5 0.008683068017366135
doc : 31
7 0.6239316239316239
8 0.29181929181929184
6 0.020757020757020756
5 0.010989010989010988
3 0.010989010989010988
2 0.009768009768009768
9 0.008547008547008548
1 0.008547008547008548
4 0.007326007326007326
0 0.007326007326007326
doc : 32
7 0.6480162767039674
8 0.22583926754832145
1 0.027466937945066123
6 0.026449643947100712
3 0.02034587995930824
2 0.01627670396744659
4 0.01017293997965412
9 0.009155645981688708
5 0.009155645981688708
0 0.007121057985757883
doc : 33
2 0.59688995215311
1 0.10765550239234449
3 0.08851674641148324
9 0.04904306220095694
4 0.04665071770334928
6 0.03588516746411483
0 0.029904306220095694
8 0.019138755980861243
5 0.017942583732057416
7 0.008373205741626795
doc : 34
3 0.889628924833492
6 0.01807802093244529
2 0.016175071360608945
7 0.015223596574690771
4 0.015223596574690771
1 0.013320647002854425
8 0.010466222645099905
9 0.008563273073263558
5 0.007611798287345386
0 0.005708848715509039
doc : 35
5 0.34957020057306587
8 0.2951289398280802
6 0.1346704871060172
1 0.04297994269340974
3 0.03724928366762178
7 0.03151862464183381
0 0.03151862464183381
9 0.025787965616045846
4 0.025787965616045846
2 0.025787965616045846
doc : 36
0 0.6487603305785125
9 0.06818181818181818
4 0.06404958677685951
2 0.06198347107438017
5 0.03305785123966942
8 0.030991735537190084
1 0.030991735537190084
6 0.026859504132231406
7 0.01859504132231405
3 0.01652892561983471
doc : 37
8 0.6818181818181819
6 0.2032828282828283
1 0.022727272727272728
3 0.020202020202020204
9 0.016414141414141416
2 0.015151515151515152
5 0.011363636363636364
4 0.010101010101010102
0 0.010101010101010102
7 0.00883838383838384
doc : 38
8 0.6432552954292085
6 0.19175027870680045
7 0.03678929765886287
3 0.026755852842809364
5 0.024526198439241916
9 0.0189520624303233
1 0.0189520624303233
2 0.016722408026755852
4 0.014492753623188406
0 0.007803790412486064
doc : 39
3 0.4476744186046512
7 0.20784883720930233
8 0.11046511627906977
2 0.10755813953488372
6 0.030523255813953487
1 0.030523255813953487
4 0.0188953488372093
5 0.01744186046511628
9 0.014534883720930232
0 0.014534883720930232
doc : 40
9 0.3047619047619048
2 0.17857142857142858
6 0.15000000000000002
8 0.11904761904761905
1 0.0761904761904762
7 0.06190476190476191
5 0.04285714285714286
3 0.02380952380952381
4 0.02142857142857143
0 0.02142857142857143
doc : 41
7 0.6354581673306773
8 0.23306772908366533
2 0.029880478087649404
4 0.02091633466135458
1 0.01693227091633466
3 0.01593625498007968
9 0.014940239043824702
6 0.014940239043824702
5 0.01294820717131474
0 0.0049800796812749
doc : 42
7 0.3805555555555556
9 0.1638888888888889
8 0.14444444444444446
5 0.0638888888888889
6 0.05277777777777778
4 0.05
2 0.04722222222222222
1 0.044444444444444446
3 0.030555555555555558
0 0.022222222222222223
doc : 43
1 0.8650269946010797
3 0.05878824235152969
2 0.02459508098380324
7 0.016196760647870425
6 0.010197960407918415
8 0.008998200359928014
9 0.004799040191961607
4 0.004199160167966407
5 0.0035992801439712055
0 0.0035992801439712055
doc : 44
5 0.49624060150375937
9 0.13533834586466165
8 0.05263157894736842
7 0.05263157894736842
1 0.05263157894736842
6 0.045112781954887216
4 0.045112781954887216
3 0.045112781954887216
2 0.03759398496240601
0 0.03759398496240601
doc : 45
9 0.41479099678456594
5 0.18006430868167203
4 0.1157556270096463
0 0.09646302250803858
6 0.05144694533762058
7 0.04180064308681672
1 0.03858520900321544
3 0.022508038585209004
8 0.01929260450160772
2 0.01929260450160772
doc : 46
9 0.19736842105263158
6 0.15789473684210525
7 0.09868421052631579
3 0.09210526315789473
2 0.09210526315789473
0 0.09210526315789473
5 0.08552631578947367
1 0.06578947368421052
8 0.05921052631578947
4 0.05921052631578947
doc : 47
2 0.41140529531568226
7 0.13849287169042768
5 0.13849287169042768
1 0.0875763747454175
9 0.06109979633401221
6 0.04073319755600814
3 0.04073319755600814
4 0.038696537678207736
8 0.026476578411405292
0 0.016293279022403257
doc : 48
2 0.32923832923832924
8 0.17936117936117935
7 0.17936117936117935
3 0.13267813267813267
6 0.05405405405405405
9 0.04668304668304668
5 0.030712530712530713
1 0.020884520884520884
4 0.01597051597051597
0 0.011056511056511056
doc : 49
1 0.4679144385026738
2 0.13101604278074866
9 0.07754010695187165
3 0.07754010695187165
5 0.053475935828877004
4 0.053475935828877004
6 0.0427807486631016
7 0.040106951871657755
0 0.029411764705882353
8 0.026737967914438502
