doc : 0
7 0.5934343434343435
0 0.1994949494949495
5 0.04797979797979798
9 0.045454545454545456
8 0.022727272727272728
6 0.020202020202020204
4 0.020202020202020204
1 0.020202020202020204
3 0.015151515151515152
2 0.015151515151515152
doc : 1
5 0.5552353506243995
7 0.38328530259365995
1 0.01440922190201729
9 0.008645533141210374
2 0.007684918347742555
0 0.007684918347742555
6 0.0067243035542747355
4 0.005763688760806916
3 0.005763688760806916
8 0.0048030739673390966
doc : 2
5 0.5406976744186046
7 0.39825581395348836
9 0.011627906976744186
6 0.01065891472868217
1 0.00872093023255814
0 0.007751937984496124
8 0.006782945736434108
3 0.005813953488372093
4 0.0048449612403100775
2 0.0048449612403100775
doc : 3
7 0.8121059268600253
4 0.08196721311475409
1 0.031525851197982346
5 0.015132408575031526
8 0.013871374527112231
0 0.011349306431273645
3 0.01008827238335435
9 0.008827238335435056
6 0.008827238335435056
2 0.006305170239596469
doc : 4
1 0.9187878787878788
7 0.03878787878787879
9 0.009696969696969697
5 0.00787878787878788
4 0.006060606060606061
8 0.004242424242424242
6 0.004242424242424242
0 0.004242424242424242
3 0.0030303030303030303
2 0.0030303030303030303
doc : 5
0 0.7428139183055976
7 0.09379727685325265
8 0.03479576399394856
6 0.030257186081694403
5 0.030257186081694403
1 0.02118003025718608
9 0.013615733736762482
2 0.013615733736762482
4 0.01059001512859304
3 0.009077155824508321
doc : 6
5 0.6852589641434262
9 0.07569721115537849
1 0.043824701195219126
0 0.0398406374501992
7 0.03585657370517928
3 0.027888446215139442
2 0.027888446215139442
4 0.02390438247011952
8 0.0199203187250996
6 0.0199203187250996
doc : 7
1 0.9213696892834495
7 0.04311984781230184
9 0.007609384908053266
6 0.0050729232720355105
5 0.0050729232720355105
8 0.003804692454026633
3 0.003804692454026633
0 0.003804692454026633
4 0.0031705770450221942
2 0.0031705770450221942
doc : 8
8 0.6875
5 0.17708333333333334
6 0.03333333333333333
3 0.01875
1 0.016666666666666666
9 0.014583333333333334
4 0.014583333333333334
0 0.014583333333333334
2 0.0125
7 0.010416666666666666
doc : 9
9 0.9865664845173042
1 0.003870673952641166
4 0.0017076502732240437
7 0.0014799635701275046
5 0.0014799635701275046
8 0.0012522768670309653
0 0.0010245901639344263
6 9.107468123861566E-4
3 9.107468123861566E-4
2 7.96903460837887E-4
doc : 10
4 0.8899273104880582
7 0.024922118380062305
9 0.01973001038421599
5 0.017653167185877467
8 0.01142263759086189
1 0.010384215991692626
3 0.007268951194184839
2 0.007268951194184839
6 0.006230529595015576
0 0.005192107995846313
doc : 11
5 0.8514851485148515
7 0.026402640264026403
9 0.023102310231023104
1 0.019801980198019802
6 0.0165016501650165
8 0.013201320132013201
2 0.013201320132013201
0 0.013201320132013201
4 0.011551155115511552
3 0.011551155115511552
doc : 12
6 0.9465648854961832
9 0.010178117048346057
5 0.006785411365564037
2 0.006785411365564037
4 0.005937234944868533
8 0.005089058524173028
3 0.005089058524173028
1 0.005089058524173028
7 0.004240882103477523
0 0.004240882103477523
doc : 13
4 0.7707509881422925
6 0.035573122529644265
5 0.03162055335968379
9 0.02766798418972332
8 0.023715415019762844
7 0.023715415019762844
3 0.023715415019762844
0 0.023715415019762844
2 0.01976284584980237
1 0.01976284584980237
doc : 14
5 0.7035928143712575
9 0.04790419161676647
0 0.04491017964071856
8 0.04191616766467066
1 0.04191616766467066
6 0.035928143712574856
7 0.02694610778443114
4 0.023952095808383235
3 0.017964071856287428
2 0.014970059880239521
doc : 15
6 0.9439728353140917
9 0.010186757215619693
8 0.006791171477079796
4 0.006791171477079796
7 0.005942275042444821
5 0.005942275042444821
1 0.005942275042444821
3 0.005093378607809847
0 0.005093378607809847
2 0.004244482173174873
doc : 16
7 0.8817407757805109
1 0.0293282876064333
0 0.020813623462630083
4 0.01608325449385052
9 0.011352885525070956
8 0.010406811731315042
6 0.010406811731315042
5 0.00946073793755913
2 0.005676442762535478
3 0.004730368968779565
doc : 17
8 0.7838541666666666
4 0.057291666666666664
7 0.03125
6 0.026041666666666664
3 0.0234375
5 0.018229166666666664
2 0.018229166666666664
1 0.015625
9 0.013020833333333332
0 0.013020833333333332
doc : 18
4 0.8603988603988605
5 0.017094017094017096
3 0.017094017094017096
2 0.017094017094017096
0 0.017094017094017096
9 0.014245014245014245
8 0.014245014245014245
7 0.014245014245014245
6 0.014245014245014245
1 0.014245014245014245
doc : 19
4 0.6995515695067265
6 0.053811659192825115
8 0.04484304932735426
7 0.03587443946188341
0 0.03139013452914798
9 0.026905829596412557
5 0.026905829596412557
3 0.026905829596412557
2 0.026905829596412557
1 0.026905829596412557
doc : 20
7 0.851258581235698
0 0.03966437833714722
5 0.030511060259344015
9 0.028985507246376812
8 0.016781083142639208
6 0.010678871090770405
1 0.007627765064836004
2 0.005339435545385202
4 0.004576659038901602
3 0.004576659038901602
doc : 21
4 0.5782312925170068
6 0.06802721088435373
5 0.06802721088435373
8 0.05442176870748299
3 0.047619047619047616
2 0.04081632653061224
1 0.04081632653061224
9 0.03401360544217687
7 0.03401360544217687
0 0.03401360544217687
doc : 22
4 0.5942028985507246
5 0.057971014492753624
6 0.050724637681159424
3 0.050724637681159424
0 0.050724637681159424
9 0.043478260869565216
2 0.043478260869565216
8 0.036231884057971016
7 0.036231884057971016
1 0.036231884057971016
doc : 23
4 0.5942028985507246
9 0.050724637681159424
7 0.050724637681159424
6 0.050724637681159424
5 0.050724637681159424
8 0.043478260869565216
3 0.043478260869565216
2 0.043478260869565216
1 0.036231884057971016
0 0.036231884057971016
doc : 24
4 0.5918367346938775
5 0.061224489795918366
7 0.05442176870748299
6 0.05442176870748299
0 0.05442176870748299
8 0.04081632653061224
2 0.04081632653061224
9 0.03401360544217687
3 0.03401360544217687
1 0.03401360544217687
doc : 25
4 0.5850340136054422
6 0.08163265306122448
8 0.05442176870748299
9 0.047619047619047616
7 0.04081632653061224
5 0.04081632653061224
2 0.04081632653061224
0 0.04081632653061224
3 0.03401360544217687
1 0.03401360544217687
doc : 26
4 0.8241379310344827
9 0.02413793103448276
6 0.02413793103448276
7 0.020689655172413793
1 0.020689655172413793
8 0.017241379310344827
5 0.017241379310344827
3 0.017241379310344827
2 0.017241379310344827
0 0.017241379310344827
doc : 27
4 0.8603988603988605
9 0.017094017094017096
6 0.017094017094017096
3 0.017094017094017096
0 0.017094017094017096
8 0.014245014245014245
7 0.014245014245014245
5 0.014245014245014245
2 0.014245014245014245
1 0.014245014245014245
doc : 28
4 0.8707865168539326
8 0.016853932584269662
9 0.014044943820224719
7 0.014044943820224719
6 0.014044943820224719
5 0.014044943820224719
3 0.014044943820224719
2 0.014044943820224719
1 0.014044943820224719
0 0.014044943820224719
doc : 29
6 0.9537366548042704
7 0.006227758007117438
9 0.005338078291814947
8 0.005338078291814947
2 0.005338078291814947
1 0.005338078291814947
0 0.005338078291814947
5 0.004448398576512455
4 0.004448398576512455
3 0.004448398576512455
doc : 30
8 0.7551622418879056
4 0.05309734513274336
7 0.0471976401179941
5 0.029498525073746312
6 0.02654867256637168
9 0.02064896755162242
3 0.017699115044247787
1 0.017699115044247787
0 0.017699115044247787
2 0.014749262536873156
doc : 31
6 0.9483065953654188
7 0.00802139037433155
4 0.006238859180035651
1 0.006238859180035651
8 0.0053475935828877
5 0.0053475935828877
3 0.0053475935828877
2 0.0053475935828877
0 0.0053475935828877
9 0.00445632798573975
doc : 32
4 0.7747035573122529
7 0.035573122529644265
5 0.03162055335968379
9 0.02766798418972332
1 0.02766798418972332
8 0.023715415019762844
6 0.01976284584980237
3 0.01976284584980237
2 0.01976284584980237
0 0.01976284584980237
doc : 33
4 0.6802030456852791
8 0.04568527918781726
7 0.04568527918781726
1 0.04060913705583756
5 0.035532994923857864
3 0.035532994923857864
2 0.035532994923857864
6 0.03045685279187817
9 0.025380710659898477
0 0.025380710659898477
doc : 34
4 0.8490028490028491
1 0.022792022792022793
8 0.017094017094017096
6 0.017094017094017096
3 0.017094017094017096
2 0.017094017094017096
0 0.017094017094017096
9 0.014245014245014245
7 0.014245014245014245
5 0.014245014245014245
doc : 35
4 0.8660968660968661
5 0.019943019943019943
9 0.014245014245014245
8 0.014245014245014245
7 0.014245014245014245
6 0.014245014245014245
3 0.014245014245014245
2 0.014245014245014245
1 0.014245014245014245
0 0.014245014245014245
doc : 36
4 0.8739495798319328
9 0.014005602240896359
8 0.014005602240896359
7 0.014005602240896359
6 0.014005602240896359
5 0.014005602240896359
3 0.014005602240896359
2 0.014005602240896359
1 0.014005602240896359
0 0.014005602240896359
doc : 37
4 0.8575498575498576
1 0.02849002849002849
9 0.014245014245014245
8 0.014245014245014245
7 0.014245014245014245
6 0.014245014245014245
5 0.014245014245014245
3 0.014245014245014245
2 0.014245014245014245
0 0.014245014245014245
doc : 38
3 0.7317784256559766
4 0.04664723032069971
8 0.04081632653061224
0 0.037900874635568516
1 0.029154518950437316
2 0.026239067055393587
9 0.023323615160349854
7 0.023323615160349854
5 0.023323615160349854
6 0.01749271137026239
doc : 39
3 0.8388249305279872
7 0.13219531560142914
4 0.006351726875744343
8 0.004763795156808257
1 0.003969829297340214
0 0.0035728463676061926
5 0.0031758634378721714
2 0.00277888050813815
6 0.0023818975784041284
9 0.001984914648670107
doc : 40
5 0.8111888111888111
9 0.030303030303030304
7 0.027972027972027972
6 0.02564102564102564
8 0.023310023310023312
1 0.02097902097902098
3 0.018648018648018648
0 0.016317016317016316
2 0.013986013986013986
4 0.011655011655011656
doc : 41
4 0.8539944903581267
1 0.02203856749311295
8 0.01928374655647383
7 0.01652892561983471
3 0.01652892561983471
0 0.01652892561983471
9 0.013774104683195593
6 0.013774104683195593
5 0.013774104683195593
2 0.013774104683195593
doc : 42
4 0.6028037383177569
9 0.06775700934579439
7 0.05841121495327102
5 0.05841121495327102
0 0.053738317757009345
1 0.04906542056074766
8 0.0397196261682243
6 0.03271028037383177
3 0.018691588785046728
2 0.018691588785046728
doc : 43
2 0.7305389221556887
9 0.029940119760479042
8 0.029940119760479042
7 0.029940119760479042
6 0.029940119760479042
5 0.029940119760479042
4 0.029940119760479042
3 0.029940119760479042
1 0.029940119760479042
0 0.029940119760479042
doc : 44
8 0.8421985815602837
4 0.030141843971631204
6 0.02304964539007092
3 0.02127659574468085
0 0.017730496453900707
7 0.015957446808510637
5 0.014184397163120567
2 0.014184397163120567
9 0.010638297872340425
1 0.010638297872340425
doc : 45
4 0.6122448979591837
5 0.061224489795918366
3 0.05442176870748299
6 0.047619047619047616
8 0.04081632653061224
7 0.04081632653061224
2 0.04081632653061224
9 0.03401360544217687
1 0.03401360544217687
0 0.03401360544217687
doc : 46
2 0.9869375907111756
9 0.0014513788098693757
8 0.0014513788098693757
7 0.0014513788098693757
6 0.0014513788098693757
5 0.0014513788098693757
4 0.0014513788098693757
3 0.0014513788098693757
1 0.0014513788098693757
0 0.0014513788098693757
doc : 47
4 0.72
6 0.055
8 0.035
9 0.03
7 0.03
3 0.03
5 0.025
2 0.025
1 0.025
0 0.025
doc : 48
4 0.8571428571428572
7 0.02197802197802198
1 0.02197802197802198
9 0.016483516483516484
8 0.013736263736263738
6 0.013736263736263738
5 0.013736263736263738
3 0.013736263736263738
2 0.013736263736263738
0 0.013736263736263738
doc : 49
4 0.7236842105263157
7 0.043859649122807015
1 0.043859649122807015
0 0.03508771929824561
5 0.03070175438596491
2 0.03070175438596491
6 0.02631578947368421
9 0.021929824561403508
8 0.021929824561403508
3 0.021929824561403508
doc : 50
7 0.8558282208588958
1 0.022494887525562373
9 0.02044989775051125
4 0.02044989775051125
8 0.019427402862985686
0 0.017382413087934562
5 0.015337423312883437
6 0.013292433537832313
3 0.0081799591002045
2 0.0071574642126789375
doc : 51
8 0.4780701754385965
0 0.16228070175438597
4 0.08991228070175439
6 0.05921052631578947
1 0.05701754385964912
5 0.046052631578947366
7 0.043859649122807015
3 0.02850877192982456
2 0.019736842105263157
9 0.015350877192982455
doc : 52
4 0.7466666666666667
8 0.044444444444444446
1 0.035555555555555556
6 0.03111111111111111
7 0.026666666666666665
2 0.026666666666666665
9 0.022222222222222223
5 0.022222222222222223
3 0.022222222222222223
0 0.022222222222222223
doc : 53
4 0.46285714285714286
1 0.10857142857142857
7 0.08571428571428572
3 0.08571428571428572
8 0.05714285714285714
6 0.05142857142857143
0 0.045714285714285714
5 0.04
9 0.03428571428571429
2 0.02857142857142857
doc : 54
4 0.611111111111111
5 0.06172839506172839
6 0.05555555555555555
8 0.043209876543209874
7 0.043209876543209874
2 0.043209876543209874
3 0.037037037037037035
1 0.037037037037037035
0 0.037037037037037035
9 0.030864197530864196
doc : 55
8 0.8093922651933702
4 0.03591160220994475
0 0.027624309392265192
3 0.022099447513812154
1 0.022099447513812154
6 0.019337016574585635
9 0.016574585635359115
5 0.016574585635359115
2 0.016574585635359115
7 0.013812154696132596
doc : 56
3 0.9592304168575355
7 0.009161704076958314
5 0.008703618873110398
8 0.004122766834631242
9 0.0036646816307833257
6 0.00320659642693541
2 0.00320659642693541
1 0.00320659642693541
4 0.002748511223087494
0 0.002748511223087494
doc : 57
4 0.8682795698924732
1 0.01881720430107527
8 0.016129032258064516
7 0.016129032258064516
9 0.013440860215053765
6 0.013440860215053765
5 0.013440860215053765
3 0.013440860215053765
2 0.013440860215053765
0 0.013440860215053765
doc : 58
2 0.7887931034482758
1 0.030172413793103446
6 0.02586206896551724
0 0.02586206896551724
9 0.021551724137931036
8 0.021551724137931036
7 0.021551724137931036
5 0.021551724137931036
4 0.021551724137931036
3 0.021551724137931036
doc : 59
4 0.7111111111111111
0 0.044444444444444446
8 0.03333333333333333
7 0.03333333333333333
6 0.03333333333333333
1 0.03333333333333333
9 0.02777777777777778
5 0.02777777777777778
3 0.02777777777777778
2 0.02777777777777778
doc : 60
4 0.7055555555555556
6 0.044444444444444446
8 0.03888888888888889
7 0.03888888888888889
1 0.03333333333333333
9 0.02777777777777778
5 0.02777777777777778
3 0.02777777777777778
2 0.02777777777777778
0 0.02777777777777778
doc : 61
4 0.7150837988826816
1 0.0446927374301676
6 0.03910614525139665
2 0.0335195530726257
9 0.02793296089385475
8 0.02793296089385475
7 0.02793296089385475
5 0.02793296089385475
3 0.02793296089385475
0 0.02793296089385475
doc : 62
4 0.7247191011235955
8 0.03932584269662921
7 0.033707865168539325
3 0.033707865168539325
9 0.028089887640449437
6 0.028089887640449437
5 0.028089887640449437
2 0.028089887640449437
1 0.028089887640449437
0 0.028089887640449437
doc : 63
5 0.8207739307535641
1 0.026476578411405292
9 0.024439918533604887
7 0.024439918533604887
0 0.02240325865580448
8 0.02036659877800407
2 0.018329938900203666
4 0.016293279022403257
6 0.01425661914460285
3 0.012219959266802444
doc : 64
4 0.779467680608365
8 0.030418250950570342
9 0.026615969581749048
7 0.026615969581749048
6 0.026615969581749048
5 0.026615969581749048
3 0.022813688212927757
0 0.022813688212927757
2 0.019011406844106463
1 0.019011406844106463
doc : 65
4 0.7318435754189945
8 0.03910614525139665
1 0.0335195530726257
9 0.02793296089385475
7 0.02793296089385475
6 0.02793296089385475
5 0.02793296089385475
3 0.02793296089385475
2 0.02793296089385475
0 0.02793296089385475
doc : 66
4 0.7318435754189945
1 0.03910614525139665
3 0.0335195530726257
9 0.02793296089385475
8 0.02793296089385475
7 0.02793296089385475
6 0.02793296089385475
5 0.02793296089385475
2 0.02793296089385475
0 0.02793296089385475
doc : 67
4 0.7142857142857143
8 0.038461538461538464
1 0.038461538461538464
9 0.03296703296703297
7 0.03296703296703297
6 0.03296703296703297
5 0.027472527472527476
3 0.027472527472527476
2 0.027472527472527476
0 0.027472527472527476
doc : 68
4 0.7206703910614526
1 0.0446927374301676
6 0.0335195530726257
5 0.0335195530726257
9 0.02793296089385475
8 0.02793296089385475
7 0.02793296089385475
3 0.02793296089385475
2 0.02793296089385475
0 0.02793296089385475
doc : 69
4 0.7262569832402235
1 0.03910614525139665
6 0.0335195530726257
0 0.0335195530726257
9 0.02793296089385475
8 0.02793296089385475
7 0.02793296089385475
5 0.02793296089385475
3 0.02793296089385475
2 0.02793296089385475
doc : 70
4 0.7039106145251397
8 0.03910614525139665
7 0.03910614525139665
6 0.03910614525139665
2 0.0335195530726257
1 0.0335195530726257
9 0.02793296089385475
5 0.02793296089385475
3 0.02793296089385475
0 0.02793296089385475
doc : 71
5 0.6066790352504638
9 0.1280148423005566
0 0.06493506493506494
8 0.05194805194805195
1 0.04823747680890538
7 0.0352504638218924
4 0.025974025974025976
3 0.016697588126159554
6 0.012987012987012988
2 0.00927643784786642
doc : 72
5 0.8743961352657005
7 0.024154589371980676
6 0.018115942028985508
2 0.016908212560386472
9 0.014492753623188404
8 0.014492753623188404
0 0.012077294685990338
4 0.00966183574879227
1 0.008454106280193236
3 0.007246376811594202
doc : 73
4 0.6296296296296295
8 0.06172839506172839
9 0.04938271604938271
6 0.04938271604938271
7 0.037037037037037035
3 0.037037037037037035
2 0.037037037037037035
0 0.037037037037037035
5 0.030864197530864196
1 0.030864197530864196
doc : 74
4 0.6989247311827957
8 0.043010752688172046
1 0.043010752688172046
9 0.03763440860215054
5 0.03225806451612903
3 0.03225806451612903
0 0.03225806451612903
7 0.02688172043010753
6 0.02688172043010753
2 0.02688172043010753
doc : 75
4 0.6724137931034483
5 0.05603448275862069
8 0.04741379310344827
1 0.04741379310344827
7 0.03879310344827586
3 0.03879310344827586
6 0.030172413793103446
0 0.02586206896551724
9 0.021551724137931036
2 0.021551724137931036
doc : 76
4 0.554140127388535
6 0.089171974522293
1 0.05732484076433121
0 0.05732484076433121
9 0.0445859872611465
8 0.0445859872611465
7 0.0445859872611465
5 0.038216560509554146
3 0.038216560509554146
2 0.03184713375796178
doc : 77
4 0.6218487394957983
7 0.06722689075630252
1 0.06302521008403361
0 0.04621848739495798
5 0.04201680672268907
8 0.037815126050420166
6 0.037815126050420166
9 0.03361344537815126
2 0.029411764705882353
3 0.021008403361344536
doc : 78
8 0.7119741100323624
5 0.09061488673139159
6 0.03559870550161812
7 0.025889967637540454
1 0.025889967637540454
9 0.022653721682847898
4 0.022653721682847898
2 0.022653721682847898
0 0.022653721682847898
3 0.01941747572815534
doc : 79
3 0.9595270577535243
7 0.009549795361527967
5 0.008185538881309686
6 0.0036380172805820826
2 0.0036380172805820826
1 0.0036380172805820826
9 0.0031832651205093224
4 0.0031832651205093224
8 0.002728512960436562
0 0.002728512960436562
doc : 80
8 0.3560606060606061
3 0.27272727272727276
0 0.10606060606060606
4 0.08333333333333334
6 0.04797979797979798
2 0.03282828282828283
7 0.030303030303030304
5 0.025252525252525256
9 0.022727272727272728
1 0.022727272727272728
doc : 81
3 0.9064191802010828
4 0.0460170146945089
1 0.008894044856921888
5 0.007733952049497294
7 0.006960556844547564
9 0.006187161639597835
8 0.005413766434648105
6 0.005413766434648105
0 0.005027068832173241
2 0.0019334880123743235
doc : 82
5 0.8203125
7 0.040625
0 0.025
9 0.021875000000000002
8 0.018750000000000003
1 0.018750000000000003
4 0.0171875
3 0.0140625
2 0.0125
6 0.010937500000000001
doc : 83
5 0.896011396011396
9 0.021367521367521368
0 0.014245014245014245
8 0.011396011396011397
7 0.011396011396011397
6 0.011396011396011397
4 0.008547008547008548
3 0.008547008547008548
2 0.008547008547008548
1 0.008547008547008548
doc : 84
6 0.8086854460093897
4 0.09154929577464789
7 0.01995305164319249
8 0.017605633802816902
0 0.015258215962441314
1 0.012910798122065728
9 0.01056338028169014
3 0.008215962441314555
2 0.008215962441314555
5 0.007042253521126761
doc : 85
0 0.5974329054842473
4 0.10268378063010501
6 0.07584597432905484
7 0.06534422403733955
5 0.05950991831971995
1 0.028004667444574093
8 0.02217036172695449
2 0.02100350058343057
9 0.014002333722287047
3 0.014002333722287047
doc : 86
7 0.7532163742690059
5 0.07485380116959064
1 0.05146198830409357
8 0.026900584795321637
0 0.025730994152046785
3 0.016374269005847954
2 0.016374269005847954
6 0.0152046783625731
9 0.011695906432748537
4 0.008187134502923977
doc : 87
4 0.6666666666666667
7 0.044444444444444446
6 0.044444444444444446
2 0.044444444444444446
1 0.044444444444444446
0 0.03888888888888889
8 0.03333333333333333
9 0.02777777777777778
5 0.02777777777777778
3 0.02777777777777778
doc : 88
4 0.7421052631578947
6 0.031578947368421054
3 0.031578947368421054
1 0.031578947368421054
0 0.031578947368421054
9 0.02631578947368421
8 0.02631578947368421
7 0.02631578947368421
5 0.02631578947368421
2 0.02631578947368421
doc : 89
2 0.8914549653579676
0 0.016166281755196306
9 0.011547344110854504
8 0.011547344110854504
7 0.011547344110854504
6 0.011547344110854504
5 0.011547344110854504
4 0.011547344110854504
3 0.011547344110854504
1 0.011547344110854504
doc : 90
5 0.8027210884353742
1 0.03854875283446712
9 0.031746031746031744
4 0.0272108843537415
6 0.020408163265306124
8 0.018140589569160998
7 0.018140589569160998
2 0.018140589569160998
0 0.01360544217687075
3 0.011337868480725623
doc : 91
1 0.8417377812257564
4 0.05430566330488751
7 0.026377036462373934
2 0.021722265321955002
5 0.01474010861132661
0 0.011636927851047323
9 0.009309542280837859
6 0.008533747090768037
8 0.0069821567106283944
3 0.004654771140418929
doc : 92
8 0.8722466960352423
0 0.026431718061674006
6 0.020558002936857563
1 0.016152716593245228
4 0.014684287812041116
2 0.014684287812041116
7 0.011747430249632892
3 0.008810572687224669
9 0.007342143906020558
5 0.007342143906020558
doc : 93
3 0.9380804953560372
4 0.03140203449800973
8 0.006634232640424591
6 0.004422821760283061
5 0.004422821760283061
7 0.0035382574082264487
1 0.0030959752321981426
0 0.0030959752321981426
9 0.0026536930561698365
2 0.0026536930561698365
doc : 94
2 0.7018633540372671
7 0.043478260869565216
8 0.037267080745341616
9 0.03105590062111801
6 0.03105590062111801
5 0.03105590062111801
4 0.03105590062111801
3 0.03105590062111801
1 0.03105590062111801
0 0.03105590062111801
doc : 95
4 0.7032967032967034
1 0.049450549450549455
5 0.04395604395604396
9 0.03296703296703297
8 0.03296703296703297
7 0.027472527472527476
6 0.027472527472527476
3 0.027472527472527476
2 0.027472527472527476
0 0.027472527472527476
doc : 96
6 0.8682284040995608
5 0.04538799414348463
1 0.020497803806734993
2 0.01171303074670571
0 0.01171303074670571
7 0.010248901903367497
8 0.008784773060029283
4 0.008784773060029283
9 0.007320644216691069
3 0.007320644216691069
doc : 97
2 0.806768558951965
5 0.04585152838427947
6 0.04148471615720524
0 0.03165938864628821
4 0.02947598253275109
7 0.015283842794759825
8 0.007641921397379912
3 0.007641921397379912
1 0.007641921397379912
9 0.006550218340611353
doc : 98
2 0.8021739130434783
6 0.043478260869565216
5 0.043478260869565216
4 0.03152173913043478
0 0.02282608695652174
8 0.014130434782608696
7 0.014130434782608696
1 0.014130434782608696
3 0.007608695652173913
9 0.006521739130434783
doc : 99
0 0.9303921568627451
6 0.016666666666666666
7 0.00980392156862745
2 0.00784313725490196
5 0.006862745098039216
3 0.006862745098039216
8 0.0058823529411764705
4 0.0058823529411764705
9 0.004901960784313725
1 0.004901960784313725
