doc : 0
9 0.8376811594202899
1 0.028985507246376812
4 0.020289855072463767
8 0.017391304347826087
3 0.017391304347826087
2 0.017391304347826087
0 0.017391304347826087
7 0.014492753623188406
6 0.014492753623188406
5 0.014492753623188406
doc : 1
5 0.8927272727272727
6 0.01818181818181818
9 0.012727272727272728
2 0.012727272727272728
0 0.012727272727272728
7 0.01090909090909091
3 0.01090909090909091
1 0.01090909090909091
8 0.00909090909090909
4 0.00909090909090909
doc : 2
3 0.848901098901099
5 0.019230769230769232
0 0.019230769230769232
9 0.016483516483516484
8 0.016483516483516484
7 0.016483516483516484
4 0.016483516483516484
2 0.016483516483516484
1 0.016483516483516484
6 0.013736263736263738
doc : 3
6 0.12727272727272726
2 0.10909090909090909
1 0.10909090909090909
0 0.10909090909090909
9 0.09090909090909091
8 0.09090909090909091
7 0.09090909090909091
5 0.09090909090909091
4 0.09090909090909091
3 0.09090909090909091
doc : 4
2 0.8426395939086294
1 0.032994923857868015
9 0.017766497461928932
5 0.017766497461928932
4 0.017766497461928932
7 0.015228426395939085
6 0.015228426395939085
0 0.015228426395939085
8 0.012690355329949238
3 0.012690355329949238
doc : 5
7 0.9245742092457421
4 0.014598540145985401
0 0.009732360097323601
2 0.00851581508515815
9 0.0072992700729927005
6 0.0072992700729927005
5 0.0072992700729927005
3 0.0072992700729927005
1 0.0072992700729927005
8 0.006082725060827251
doc : 6
1 0.874296435272045
2 0.03377110694183865
9 0.0150093808630394
0 0.0150093808630394
7 0.013133208255159474
4 0.01125703564727955
8 0.009380863039399626
6 0.009380863039399626
5 0.009380863039399626
3 0.009380863039399626
doc : 7
0 0.6575757575757576
8 0.06363636363636363
4 0.05757575757575758
6 0.051515151515151514
5 0.03939393939393939
3 0.030303030303030304
9 0.02727272727272727
7 0.02727272727272727
1 0.02727272727272727
2 0.01818181818181818
doc : 8
6 0.6495176848874598
0 0.05144694533762058
9 0.04823151125401929
8 0.04501607717041801
3 0.04501607717041801
1 0.03858520900321544
5 0.03536977491961415
4 0.03536977491961415
7 0.03215434083601286
2 0.01929260450160772
doc : 9
8 0.7530864197530864
0 0.07407407407407407
4 0.03950617283950617
9 0.024691358024691357
5 0.024691358024691357
7 0.019753086419753086
1 0.019753086419753086
6 0.01728395061728395
3 0.014814814814814815
2 0.012345679012345678
doc : 10
0 0.6625386996904025
6 0.05572755417956657
5 0.04953560371517028
8 0.04024767801857585
4 0.04024767801857585
3 0.03715170278637771
9 0.03405572755417957
7 0.03405572755417957
1 0.027863777089783284
2 0.018575851393188854
doc : 11
0 0.7849056603773585
5 0.035849056603773584
3 0.03018867924528302
1 0.026415094339622643
8 0.024528301886792454
6 0.024528301886792454
9 0.018867924528301886
7 0.018867924528301886
4 0.018867924528301886
2 0.016981132075471698
doc : 12
0 0.2567567567567568
6 0.10810810810810811
3 0.10810810810810811
4 0.0945945945945946
9 0.08108108108108109
7 0.08108108108108109
8 0.06756756756756757
5 0.06756756756756757
2 0.06756756756756757
1 0.06756756756756757
doc : 13
9 0.5308641975308641
5 0.08333333333333333
0 0.08024691358024691
4 0.06790123456790123
6 0.06481481481481481
3 0.043209876543209874
1 0.037037037037037035
2 0.033950617283950615
8 0.030864197530864196
7 0.027777777777777776
doc : 14
0 0.652482269503546
9 0.0425531914893617
5 0.0425531914893617
3 0.0425531914893617
1 0.0425531914893617
8 0.035460992907801414
7 0.035460992907801414
6 0.035460992907801414
4 0.035460992907801414
2 0.035460992907801414
doc : 15
4 0.8390697674418605
8 0.03813953488372093
0 0.026976744186046512
1 0.019534883720930235
6 0.017674418604651163
5 0.014883720930232559
9 0.013023255813953489
7 0.010232558139534885
3 0.010232558139534885
2 0.010232558139534885
doc : 16
0 0.8046218487394957
5 0.04201680672268907
3 0.0273109243697479
8 0.02310924369747899
9 0.018907563025210083
2 0.018907563025210083
7 0.01680672268907563
4 0.01680672268907563
1 0.01680672268907563
6 0.014705882352941176
doc : 17
2 0.8629441624365481
1 0.027918781725888322
4 0.017766497461928932
5 0.015228426395939085
9 0.012690355329949238
8 0.012690355329949238
7 0.012690355329949238
6 0.012690355329949238
3 0.012690355329949238
0 0.012690355329949238
doc : 18
7 0.927007299270073
9 0.012165450121654502
4 0.009732360097323601
1 0.009732360097323601
0 0.00851581508515815
8 0.0072992700729927005
2 0.0072992700729927005
6 0.006082725060827251
5 0.006082725060827251
3 0.006082725060827251
doc : 19
9 0.8318840579710145
1 0.026086956521739132
4 0.02318840579710145
2 0.02318840579710145
5 0.020289855072463767
6 0.017391304347826087
8 0.014492753623188406
7 0.014492753623188406
3 0.014492753623188406
0 0.014492753623188406
doc : 20
5 0.8872727272727273
7 0.016363636363636365
4 0.014545454545454545
0 0.014545454545454545
6 0.012727272727272728
3 0.012727272727272728
8 0.01090909090909091
2 0.01090909090909091
1 0.01090909090909091
9 0.00909090909090909
doc : 21
3 0.8598901098901099
0 0.019230769230769232
9 0.016483516483516484
8 0.016483516483516484
7 0.016483516483516484
5 0.016483516483516484
6 0.013736263736263738
4 0.013736263736263738
2 0.013736263736263738
1 0.013736263736263738
doc : 22
2 0.8502538071065989
1 0.03045685279187817
9 0.025380710659898477
7 0.015228426395939085
4 0.015228426395939085
8 0.012690355329949238
6 0.012690355329949238
5 0.012690355329949238
3 0.012690355329949238
0 0.012690355329949238
doc : 23
7 0.9330900243309003
8 0.00851581508515815
6 0.00851581508515815
4 0.00851581508515815
9 0.0072992700729927005
3 0.0072992700729927005
2 0.0072992700729927005
1 0.0072992700729927005
5 0.006082725060827251
0 0.006082725060827251
doc : 24
6 0.12727272727272726
1 0.12727272727272726
2 0.10909090909090909
9 0.09090909090909091
8 0.09090909090909091
7 0.09090909090909091
5 0.09090909090909091
4 0.09090909090909091
3 0.09090909090909091
0 0.09090909090909091
doc : 25
1 0.8874296435272045
2 0.01876172607879925
5 0.016885553470919325
8 0.013133208255159474
7 0.01125703564727955
4 0.01125703564727955
3 0.01125703564727955
0 0.01125703564727955
9 0.009380863039399626
6 0.009380863039399626
doc : 26
0 0.5284552845528456
7 0.06504065040650407
3 0.06504065040650407
1 0.06504065040650407
6 0.04878048780487805
5 0.04878048780487805
4 0.04878048780487805
2 0.04878048780487805
9 0.04065040650406505
8 0.04065040650406505
doc : 27
0 0.6774193548387096
5 0.10080645161290322
3 0.03629032258064516
8 0.03225806451612903
7 0.028225806451612902
6 0.028225806451612902
4 0.028225806451612902
9 0.024193548387096774
1 0.024193548387096774
2 0.020161290322580645
doc : 28
8 0.39814814814814814
0 0.23148148148148145
4 0.07407407407407407
6 0.06481481481481481
5 0.046296296296296294
2 0.046296296296296294
1 0.041666666666666664
9 0.032407407407407406
7 0.032407407407407406
3 0.032407407407407406
doc : 29
0 0.6590909090909091
5 0.08333333333333334
6 0.04924242424242424
1 0.04166666666666667
8 0.03787878787878788
9 0.03409090909090909
4 0.030303030303030304
3 0.022727272727272728
2 0.022727272727272728
7 0.01893939393939394
doc : 30
0 0.7089783281733747
5 0.05882352941176471
4 0.04953560371517028
9 0.04024767801857585
6 0.03405572755417957
1 0.027863777089783284
8 0.02476780185758514
2 0.021671826625386997
7 0.018575851393188854
3 0.015479876160990714
doc : 31
9 0.6221374045801527
5 0.06870229007633588
0 0.055343511450381674
6 0.04961832061068702
1 0.04961832061068702
2 0.04389312977099236
8 0.04007633587786259
3 0.026717557251908396
7 0.022900763358778626
4 0.02099236641221374
doc : 32
0 0.75
5 0.07187500000000001
1 0.03125
4 0.028125
3 0.028125
9 0.025
8 0.018750000000000003
7 0.015625
6 0.015625
2 0.015625
doc : 33
0 0.7547169811320755
5 0.05660377358490566
8 0.02830188679245283
4 0.02830188679245283
3 0.02830188679245283
7 0.025157232704402517
6 0.022012578616352203
2 0.022012578616352203
9 0.01886792452830189
1 0.015723270440251572
doc : 34
0 0.7
1 0.05416666666666667
6 0.041666666666666664
3 0.041666666666666664
2 0.03333333333333333
9 0.029166666666666667
8 0.029166666666666667
5 0.029166666666666667
7 0.020833333333333332
4 0.020833333333333332
doc : 35
8 0.7356687898089173
7 0.06687898089171974
4 0.06050955414012739
6 0.04299363057324841
9 0.028662420382165606
0 0.01751592356687898
3 0.012738853503184714
1 0.012738853503184714
5 0.011146496815286625
2 0.011146496815286625
doc : 36
2 0.8604060913705583
9 0.017766497461928932
8 0.017766497461928932
5 0.017766497461928932
1 0.017766497461928932
6 0.015228426395939085
0 0.015228426395939085
7 0.012690355329949238
4 0.012690355329949238
3 0.012690355329949238
doc : 37
7 0.9330900243309003
6 0.010948905109489052
9 0.00851581508515815
3 0.00851581508515815
4 0.0072992700729927005
1 0.0072992700729927005
8 0.006082725060827251
5 0.006082725060827251
2 0.006082725060827251
0 0.006082725060827251
doc : 38
9 0.8260869565217391
1 0.034782608695652174
8 0.020289855072463767
6 0.020289855072463767
2 0.020289855072463767
7 0.017391304347826087
0 0.017391304347826087
5 0.014492753623188406
4 0.014492753623188406
3 0.014492753623188406
doc : 39
5 0.889090909090909
8 0.016363636363636365
0 0.016363636363636365
6 0.014545454545454545
4 0.012727272727272728
7 0.01090909090909091
3 0.01090909090909091
2 0.01090909090909091
9 0.00909090909090909
1 0.00909090909090909
doc : 40
3 0.8516483516483517
0 0.02197802197802198
9 0.019230769230769232
5 0.019230769230769232
4 0.016483516483516484
2 0.016483516483516484
8 0.013736263736263738
7 0.013736263736263738
6 0.013736263736263738
1 0.013736263736263738
doc : 41
2 0.12727272727272726
9 0.10909090909090909
6 0.10909090909090909
1 0.10909090909090909
8 0.09090909090909091
7 0.09090909090909091
5 0.09090909090909091
4 0.09090909090909091
3 0.09090909090909091
0 0.09090909090909091
doc : 42
2 0.8629441624365481
1 0.027918781725888322
9 0.015228426395939085
5 0.015228426395939085
0 0.015228426395939085
8 0.012690355329949238
7 0.012690355329949238
6 0.012690355329949238
4 0.012690355329949238
3 0.012690355329949238
doc : 43
7 0.9282238442822385
1 0.010948905109489052
8 0.009732360097323601
5 0.00851581508515815
4 0.00851581508515815
3 0.00851581508515815
6 0.0072992700729927005
9 0.006082725060827251
2 0.006082725060827251
0 0.006082725060827251
doc : 44
1 0.8818011257035647
2 0.0225140712945591
9 0.0150093808630394
7 0.013133208255159474
5 0.013133208255159474
8 0.01125703564727955
6 0.01125703564727955
3 0.01125703564727955
0 0.01125703564727955
4 0.009380863039399626
doc : 45
8 0.6918367346938775
6 0.09795918367346938
4 0.047619047619047616
9 0.04217687074829932
7 0.03401360544217687
5 0.03265306122448979
1 0.02040816326530612
0 0.01836734693877551
3 0.01020408163265306
2 0.0047619047619047615
doc : 46
6 0.7098039215686275
7 0.050980392156862744
4 0.047058823529411764
5 0.0392156862745098
9 0.03137254901960784
2 0.03137254901960784
8 0.027450980392156862
1 0.023529411764705882
3 0.0196078431372549
0 0.0196078431372549
doc : 47
6 0.7261410788381742
7 0.05394190871369295
4 0.03734439834024896
5 0.03319502074688797
2 0.029045643153526972
1 0.029045643153526972
9 0.024896265560165977
0 0.024896265560165977
8 0.02074688796680498
3 0.02074688796680498
doc : 48
4 0.4583333333333333
6 0.25735294117647056
8 0.09558823529411764
0 0.044117647058823525
3 0.03431372549019608
7 0.024509803921568627
2 0.024509803921568627
5 0.022058823529411763
1 0.022058823529411763
9 0.01715686274509804
doc : 49
8 0.45945945945945943
4 0.16516516516516516
6 0.13213213213213212
0 0.08708708708708708
3 0.036036036036036036
7 0.03303303303303303
5 0.03003003003003003
9 0.02102102102102102
2 0.02102102102102102
1 0.015015015015015015
