doc : 0
0 0.9648809523809525
9 0.004761904761904762
7 0.004761904761904762
1 0.004761904761904762
8 0.0035714285714285718
6 0.0035714285714285718
5 0.0035714285714285718
4 0.0035714285714285718
2 0.0035714285714285718
3 0.0029761904761904765
doc : 1
9 0.3146067415730337
6 0.14606741573033707
4 0.0898876404494382
3 0.0898876404494382
1 0.08426966292134831
7 0.07865168539325842
2 0.056179775280898875
8 0.05056179775280899
5 0.05056179775280899
0 0.03932584269662921
doc : 2
9 0.335195530726257
3 0.18435754189944134
1 0.1452513966480447
7 0.06145251396648045
4 0.06145251396648045
8 0.05027932960893855
6 0.0446927374301676
2 0.0446927374301676
5 0.03910614525139665
0 0.0335195530726257
doc : 3
6 0.6596491228070176
3 0.12280701754385966
9 0.056140350877192984
1 0.03859649122807018
8 0.02456140350877193
5 0.021052631578947368
4 0.021052631578947368
2 0.021052631578947368
7 0.017543859649122806
0 0.017543859649122806
doc : 4
6 0.8342857142857143
1 0.03142857142857143
9 0.017142857142857144
8 0.017142857142857144
7 0.017142857142857144
5 0.017142857142857144
4 0.017142857142857144
3 0.017142857142857144
0 0.017142857142857144
2 0.014285714285714285
doc : 5
6 0.7912087912087912
9 0.04395604395604395
8 0.02564102564102564
5 0.021978021978021976
4 0.021978021978021976
3 0.021978021978021976
7 0.018315018315018316
2 0.018315018315018316
1 0.018315018315018316
0 0.018315018315018316
doc : 6
6 0.7850162866449512
9 0.055374592833876225
1 0.02931596091205212
3 0.02280130293159609
7 0.01954397394136808
4 0.01954397394136808
0 0.01954397394136808
8 0.016286644951140065
5 0.016286644951140065
2 0.016286644951140065
doc : 7
6 0.8542857142857143
9 0.022857142857142857
1 0.02
4 0.017142857142857144
8 0.014285714285714285
7 0.014285714285714285
5 0.014285714285714285
3 0.014285714285714285
2 0.014285714285714285
0 0.014285714285714285
doc : 8
6 0.8514285714285714
1 0.022857142857142857
9 0.02
2 0.017142857142857144
0 0.017142857142857144
8 0.014285714285714285
7 0.014285714285714285
5 0.014285714285714285
4 0.014285714285714285
3 0.014285714285714285
doc : 9
6 0.8430232558139534
0 0.023255813953488372
9 0.01744186046511628
8 0.01744186046511628
7 0.01744186046511628
4 0.01744186046511628
3 0.01744186046511628
1 0.01744186046511628
5 0.014534883720930232
2 0.014534883720930232
doc : 10
6 0.8430232558139534
9 0.03197674418604651
8 0.01744186046511628
4 0.01744186046511628
1 0.01744186046511628
7 0.014534883720930232
5 0.014534883720930232
3 0.014534883720930232
2 0.014534883720930232
0 0.014534883720930232
doc : 11
0 0.961904761904762
6 0.0071428571428571435
9 0.005952380952380953
1 0.004761904761904762
2 0.0041666666666666675
4 0.0035714285714285718
3 0.0035714285714285718
8 0.0029761904761904765
7 0.0029761904761904765
5 0.0029761904761904765
doc : 12
6 0.8485714285714285
9 0.025714285714285714
1 0.02
8 0.017142857142857144
4 0.017142857142857144
7 0.014285714285714285
5 0.014285714285714285
3 0.014285714285714285
2 0.014285714285714285
0 0.014285714285714285
doc : 13
6 0.8454258675078864
9 0.022082018927444793
3 0.01892744479495268
0 0.01892744479495268
8 0.015772870662460567
7 0.015772870662460567
5 0.015772870662460567
4 0.015772870662460567
2 0.015772870662460567
1 0.015772870662460567
doc : 14
6 0.8542857142857143
9 0.02
3 0.02
4 0.017142857142857144
1 0.017142857142857144
8 0.014285714285714285
7 0.014285714285714285
5 0.014285714285714285
2 0.014285714285714285
0 0.014285714285714285
doc : 15
6 0.8571428571428571
9 0.022857142857142857
3 0.017142857142857144
1 0.017142857142857144
8 0.014285714285714285
7 0.014285714285714285
5 0.014285714285714285
4 0.014285714285714285
2 0.014285714285714285
0 0.014285714285714285
doc : 16
6 0.8343023255813954
9 0.03488372093023256
3 0.023255813953488372
8 0.01744186046511628
1 0.01744186046511628
7 0.014534883720930232
5 0.014534883720930232
4 0.014534883720930232
2 0.014534883720930232
0 0.014534883720930232
doc : 17
6 0.8517441860465116
9 0.020348837209302327
7 0.01744186046511628
3 0.01744186046511628
1 0.01744186046511628
0 0.01744186046511628
8 0.014534883720930232
5 0.014534883720930232
4 0.014534883720930232
2 0.014534883720930232
doc : 18
6 0.8422712933753943
1 0.025236593059936908
9 0.01892744479495268
7 0.01892744479495268
8 0.015772870662460567
5 0.015772870662460567
4 0.015772870662460567
3 0.015772870662460567
2 0.015772870662460567
0 0.015772870662460567
doc : 19
6 0.8264984227129337
9 0.028391167192429023
1 0.022082018927444793
7 0.01892744479495268
5 0.01892744479495268
4 0.01892744479495268
3 0.01892744479495268
8 0.015772870662460567
2 0.015772870662460567
0 0.015772870662460567
doc : 20
1 0.7641509433962265
9 0.05345911949685535
6 0.050314465408805034
7 0.036163522012578615
4 0.029874213836477988
8 0.015723270440251572
0 0.014150943396226415
5 0.012578616352201259
3 0.012578616352201259
2 0.011006289308176102
doc : 21
3 0.21323529411764705
9 0.13970588235294118
8 0.13970588235294118
6 0.13970588235294118
1 0.10294117647058823
2 0.08088235294117647
4 0.058823529411764705
7 0.044117647058823525
5 0.044117647058823525
0 0.03676470588235294
doc : 22
0 0.9642857142857144
9 0.005952380952380953
7 0.005357142857142857
2 0.004761904761904762
6 0.0041666666666666675
4 0.0035714285714285718
8 0.0029761904761904765
5 0.0029761904761904765
3 0.0029761904761904765
1 0.0029761904761904765
doc : 23
2 0.36714975845410625
6 0.14492753623188406
9 0.12560386473429952
7 0.07729468599033816
3 0.06763285024154589
1 0.06280193236714976
8 0.04830917874396135
4 0.04830917874396135
5 0.033816425120772944
0 0.024154589371980676
doc : 24
3 0.7263922518159807
6 0.09927360774818403
9 0.06537530266343826
4 0.01937046004842615
8 0.01694915254237288
0 0.01694915254237288
7 0.014527845036319613
2 0.014527845036319613
1 0.014527845036319613
5 0.012106537530266345
doc : 25
3 0.6626984126984127
6 0.10714285714285714
4 0.03968253968253968
8 0.03571428571428571
0 0.03571428571428571
7 0.031746031746031744
9 0.023809523809523808
2 0.023809523809523808
5 0.01984126984126984
1 0.01984126984126984
doc : 26
3 0.6213235294117647
6 0.12867647058823528
1 0.03676470588235294
9 0.03308823529411765
7 0.03308823529411765
2 0.03308823529411765
8 0.029411764705882353
5 0.029411764705882353
0 0.029411764705882353
4 0.025735294117647058
doc : 27
1 0.15625
6 0.125
3 0.109375
9 0.09375
8 0.09375
7 0.09375
4 0.09375
5 0.078125
2 0.078125
0 0.078125
doc : 28
8 0.5388235294117647
6 0.3129411764705882
9 0.023529411764705882
7 0.023529411764705882
2 0.023529411764705882
5 0.016470588235294115
4 0.016470588235294115
3 0.016470588235294115
0 0.016470588235294115
1 0.011764705882352941
doc : 29
4 0.42342342342342343
1 0.18018018018018017
9 0.0960960960960961
8 0.07207207207207207
2 0.06006006006006006
0 0.057057057057057055
7 0.03903903903903904
3 0.036036036036036036
6 0.018018018018018018
5 0.018018018018018018
doc : 30
4 0.6825980392156863
0 0.1323529411764706
6 0.061274509803921566
1 0.03431372549019608
3 0.01838235294117647
9 0.01715686274509804
8 0.015931372549019607
7 0.015931372549019607
2 0.015931372549019607
5 0.006127450980392157
doc : 31
5 0.6534472239170226
2 0.2769981696156193
7 0.012202562538133007
4 0.011592434411226357
3 0.011592434411226357
9 0.008541793776693105
1 0.008541793776693105
8 0.007931665649786455
0 0.004881025015253203
6 0.004270896888346552
doc : 32
7 0.8244444444444444
1 0.03777777777777778
6 0.024444444444444446
8 0.022222222222222223
9 0.02
4 0.017777777777777778
0 0.017777777777777778
3 0.013333333333333332
5 0.011111111111111112
2 0.011111111111111112
doc : 33
0 0.9690476190476192
9 0.0041666666666666675
4 0.0041666666666666675
7 0.0035714285714285718
6 0.0035714285714285718
1 0.0035714285714285718
8 0.0029761904761904765
5 0.0029761904761904765
3 0.0029761904761904765
2 0.0029761904761904765
doc : 34
7 0.8291666666666666
9 0.025
4 0.025
1 0.025
6 0.020833333333333332
0 0.020833333333333332
8 0.014583333333333334
3 0.014583333333333334
5 0.0125
2 0.0125
doc : 35
4 0.6554809843400448
9 0.08948545861297538
1 0.06711409395973154
3 0.05145413870246085
7 0.029082774049217
6 0.029082774049217
5 0.024608501118568233
8 0.020134228187919462
2 0.020134228187919462
0 0.013422818791946308
doc : 36
8 0.7441860465116279
7 0.03488372093023256
4 0.03488372093023256
0 0.03488372093023256
9 0.031007751937984496
3 0.031007751937984496
5 0.027131782945736434
1 0.023255813953488372
6 0.01937984496124031
2 0.01937984496124031
doc : 37
8 0.8834033613445378
9 0.018907563025210083
2 0.01680672268907563
7 0.014705882352941176
4 0.014705882352941176
5 0.012605042016806723
0 0.010504201680672268
6 0.009453781512605041
3 0.009453781512605041
1 0.009453781512605041
doc : 38
9 0.7134328358208956
6 0.1492537313432836
0 0.023880597014925373
1 0.020895522388059702
3 0.01791044776119403
8 0.014925373134328358
7 0.014925373134328358
5 0.014925373134328358
4 0.014925373134328358
2 0.014925373134328358
doc : 39
3 0.7837209302325582
9 0.07441860465116279
6 0.030232558139534883
0 0.023255813953488372
4 0.018604651162790697
1 0.018604651162790697
7 0.013953488372093023
2 0.013953488372093023
8 0.011627906976744186
5 0.011627906976744186
doc : 40
1 0.7492211838006231
9 0.0763239875389408
6 0.04361370716510903
4 0.029595015576323987
7 0.02336448598130841
0 0.021806853582554516
3 0.020249221183800622
2 0.014018691588785047
8 0.010903426791277258
5 0.010903426791277258
doc : 41
9 0.109375
8 0.109375
6 0.109375
4 0.109375
3 0.109375
1 0.109375
7 0.09375
2 0.09375
5 0.078125
0 0.078125
doc : 42
0 0.9648809523809525
6 0.006547619047619049
9 0.004761904761904762
1 0.004761904761904762
8 0.0035714285714285718
4 0.0035714285714285718
7 0.0029761904761904765
5 0.0029761904761904765
3 0.0029761904761904765
2 0.0029761904761904765
doc : 43
9 0.8095238095238095
6 0.040100250626566414
3 0.022556390977443608
0 0.022556390977443608
2 0.020050125313283207
1 0.020050125313283207
8 0.017543859649122806
5 0.017543859649122806
7 0.015037593984962405
4 0.015037593984962405
doc : 44
9 0.736231884057971
6 0.1246376811594203
1 0.026086956521739132
5 0.017391304347826087
4 0.017391304347826087
3 0.017391304347826087
2 0.017391304347826087
8 0.014492753623188406
7 0.014492753623188406
0 0.014492753623188406
doc : 45
9 0.8146067415730337
1 0.03089887640449438
6 0.028089887640449437
7 0.02247191011235955
2 0.02247191011235955
5 0.016853932584269662
4 0.016853932584269662
3 0.016853932584269662
0 0.016853932584269662
8 0.014044943820224719
doc : 46
9 0.79
6 0.08750000000000001
4 0.02
7 0.0175
8 0.015
5 0.015
1 0.015
0 0.015
3 0.0125
2 0.0125
doc : 47
9 0.8242990654205608
1 0.048598130841121495
7 0.022429906542056077
8 0.01869158878504673
6 0.01869158878504673
5 0.016822429906542057
4 0.016822429906542057
2 0.013084112149532711
0 0.011214953271028038
3 0.009345794392523366
doc : 48
9 0.784841075794621
6 0.10024449877750612
1 0.022004889975550123
7 0.014669926650366748
3 0.014669926650366748
0 0.014669926650366748
8 0.012224938875305624
5 0.012224938875305624
4 0.012224938875305624
2 0.012224938875305624
doc : 49
9 0.832904884318766
6 0.028277634961439587
7 0.02313624678663239
5 0.02056555269922879
0 0.02056555269922879
8 0.01799485861182519
2 0.015424164524421594
1 0.015424164524421594
4 0.012853470437017993
3 0.012853470437017993
