doc : 0
7 0.4418604651162791
8 0.06976744186046512
6 0.06976744186046512
4 0.06976744186046512
9 0.05813953488372093
5 0.05813953488372093
3 0.05813953488372093
2 0.05813953488372093
1 0.05813953488372093
0 0.05813953488372093
doc : 1
6 0.7089201877934272
8 0.1596244131455399
4 0.04131455399061033
5 0.02629107981220657
2 0.015023474178403756
1 0.015023474178403756
9 0.009389671361502348
3 0.009389671361502348
0 0.008450704225352112
7 0.006572769953051643
doc : 2
8 0.6477635782747605
4 0.3080404685835996
6 0.021565495207667734
5 0.00825346112886049
2 0.0034611288604898833
1 0.0031948881789137383
3 0.002396166134185304
7 0.002129925452609159
0 0.001863684771033014
9 0.0013312034078807244
doc : 3
6 0.6396148555708391
1 0.2902338376891334
8 0.011004126547455296
0 0.011004126547455296
3 0.009628610729023384
7 0.008253094910591473
5 0.008253094910591473
2 0.008253094910591473
9 0.0068775790921595595
4 0.0068775790921595595
doc : 4
6 0.6391184573002755
1 0.2713498622589532
0 0.01652892561983471
8 0.015151515151515152
4 0.015151515151515152
5 0.011019283746556474
7 0.008264462809917356
3 0.008264462809917356
2 0.008264462809917356
9 0.006887052341597796
doc : 5
6 0.6547455295735901
1 0.27097661623108665
8 0.013755158184319119
0 0.013755158184319119
5 0.011004126547455296
2 0.008253094910591473
9 0.0068775790921595595
7 0.0068775790921595595
4 0.0068775790921595595
3 0.0068775790921595595
doc : 6
6 0.6399999999999999
1 0.2827586206896551
0 0.013793103448275862
4 0.012413793103448275
8 0.009655172413793102
5 0.009655172413793102
2 0.009655172413793102
9 0.008275862068965516
7 0.006896551724137931
3 0.006896551724137931
doc : 7
6 0.5059055118110236
1 0.38976377952755903
0 0.021653543307086614
8 0.013779527559055118
3 0.013779527559055118
2 0.013779527559055118
4 0.011811023622047244
9 0.00984251968503937
7 0.00984251968503937
5 0.00984251968503937
doc : 8
0 0.7248322147651006
1 0.09395973154362416
8 0.030201342281879193
7 0.026845637583892617
3 0.026845637583892617
4 0.02348993288590604
5 0.020134228187919462
2 0.020134228187919462
9 0.016778523489932886
6 0.016778523489932886
doc : 9
5 0.3116883116883117
4 0.2532467532467532
8 0.15800865800865802
6 0.14502164502164502
2 0.02813852813852814
3 0.025974025974025976
9 0.023809523809523808
0 0.021645021645021644
1 0.01948051948051948
7 0.012987012987012988
doc : 10
8 0.657108239095315
4 0.2960420032310178
6 0.018982229402261713
5 0.006865912762520195
1 0.0044426494345718905
2 0.004038772213247173
9 0.0032310177705977385
3 0.0032310177705977385
0 0.0032310177705977385
7 0.0028271405492730213
doc : 11
7 0.41860465116279066
6 0.08139534883720931
9 0.06976744186046512
4 0.06976744186046512
3 0.06976744186046512
8 0.05813953488372093
5 0.05813953488372093
2 0.05813953488372093
1 0.05813953488372093
0 0.05813953488372093
doc : 12
7 0.9464285714285714
9 0.007936507936507936
3 0.007936507936507936
8 0.005952380952380952
4 0.005952380952380952
1 0.005952380952380952
6 0.00496031746031746
5 0.00496031746031746
2 0.00496031746031746
0 0.00496031746031746
doc : 13
6 0.6434426229508197
1 0.2609289617486339
0 0.025956284153005466
7 0.01366120218579235
8 0.01092896174863388
4 0.01092896174863388
5 0.009562841530054645
2 0.009562841530054645
3 0.00819672131147541
9 0.006830601092896175
doc : 14
6 0.4942084942084942
1 0.39961389961389965
4 0.019305019305019305
0 0.019305019305019305
8 0.013513513513513514
3 0.013513513513513514
2 0.011583011583011584
9 0.009652509652509652
7 0.009652509652509652
5 0.009652509652509652
doc : 15
6 0.4894433781190019
1 0.40499040307101725
0 0.02495201535508637
8 0.013435700575815739
5 0.013435700575815739
4 0.013435700575815739
3 0.011516314779270634
9 0.009596928982725527
7 0.009596928982725527
2 0.009596928982725527
doc : 16
3 0.3096774193548387
6 0.24516129032258063
8 0.2161290322580645
4 0.07096774193548387
5 0.04516129032258064
2 0.03225806451612903
1 0.02258064516129032
9 0.01935483870967742
7 0.01935483870967742
0 0.01935483870967742
doc : 17
5 0.37554585152838427
3 0.18995633187772926
2 0.13973799126637554
4 0.06331877729257641
1 0.05240174672489083
0 0.048034934497816595
8 0.03930131004366812
6 0.037117903930131
7 0.02838427947598253
9 0.026200873362445413
doc : 18
5 0.30219780219780223
8 0.18406593406593408
6 0.11263736263736264
4 0.09065934065934067
2 0.07967032967032968
3 0.07692307692307693
0 0.046703296703296704
9 0.04395604395604396
7 0.03571428571428572
1 0.027472527472527476
doc : 19
9 0.8933333333333333
5 0.018666666666666665
2 0.016
8 0.013333333333333332
3 0.012
7 0.010666666666666666
4 0.010666666666666666
6 0.009333333333333332
0 0.009333333333333332
1 0.006666666666666666
doc : 20
5 0.7013157894736842
8 0.11842105263157894
4 0.04868421052631579
2 0.039473684210526314
6 0.024999999999999998
3 0.017105263157894738
7 0.015789473684210527
9 0.013157894736842105
1 0.013157894736842105
0 0.007894736842105263
doc : 21
7 0.4418604651162791
6 0.08139534883720931
8 0.06976744186046512
9 0.05813953488372093
5 0.05813953488372093
4 0.05813953488372093
3 0.05813953488372093
2 0.05813953488372093
1 0.05813953488372093
0 0.05813953488372093
doc : 22
7 0.43023255813953487
6 0.08139534883720931
4 0.06976744186046512
2 0.06976744186046512
9 0.05813953488372093
8 0.05813953488372093
5 0.05813953488372093
3 0.05813953488372093
1 0.05813953488372093
0 0.05813953488372093
doc : 23
3 0.2972972972972973
5 0.22972972972972971
4 0.17117117117117117
2 0.06306306306306306
8 0.05405405405405406
9 0.04504504504504504
0 0.04504504504504504
6 0.04054054054054054
1 0.03153153153153153
7 0.02252252252252252
doc : 24
6 0.6416893732970027
0 0.2615803814713896
1 0.031335149863760216
8 0.014986376021798364
7 0.009536784741144414
3 0.009536784741144414
2 0.009536784741144414
5 0.008174386920980926
9 0.006811989100817439
4 0.006811989100817439
doc : 25
6 0.6394101876675603
0 0.2667560321715818
1 0.029490616621983913
8 0.01742627345844504
4 0.00938337801608579
9 0.00804289544235925
5 0.00804289544235925
3 0.00804289544235925
7 0.006702412868632708
2 0.006702412868632708
doc : 26
6 0.6505376344086022
0 0.2688172043010753
1 0.01881720430107527
8 0.013440860215053765
5 0.009408602150537635
3 0.009408602150537635
7 0.008064516129032258
2 0.008064516129032258
9 0.006720430107526883
4 0.006720430107526883
doc : 27
6 0.6502732240437158
0 0.2609289617486339
1 0.020491803278688523
4 0.015027322404371584
8 0.01366120218579235
7 0.009562841530054645
9 0.00819672131147541
5 0.00819672131147541
3 0.006830601092896175
2 0.006830601092896175
doc : 28
6 0.4970873786407767
0 0.341747572815534
1 0.058252427184466014
4 0.019417475728155338
2 0.019417475728155338
8 0.015533980582524271
5 0.015533980582524271
3 0.013592233009708738
9 0.009708737864077669
7 0.009708737864077669
doc : 29
6 0.6543715846994536
0 0.2581967213114754
1 0.030054644808743168
8 0.01092896174863388
4 0.01092896174863388
5 0.00819672131147541
9 0.006830601092896175
7 0.006830601092896175
3 0.006830601092896175
2 0.006830601092896175
doc : 30
3 0.31428571428571433
0 0.18095238095238098
1 0.14285714285714288
4 0.08095238095238096
9 0.0761904761904762
6 0.05714285714285715
2 0.05238095238095239
7 0.04285714285714286
8 0.028571428571428574
5 0.02380952380952381
doc : 31
7 0.43023255813953487
6 0.08139534883720931
5 0.06976744186046512
4 0.06976744186046512
9 0.05813953488372093
8 0.05813953488372093
3 0.05813953488372093
2 0.05813953488372093
1 0.05813953488372093
0 0.05813953488372093
doc : 32
1 0.7287066246056783
0 0.0694006309148265
8 0.03470031545741325
6 0.031545741324921134
4 0.028391167192429023
2 0.025236593059936908
9 0.022082018927444793
7 0.022082018927444793
3 0.022082018927444793
5 0.015772870662460567
doc : 33
7 0.43023255813953487
6 0.08139534883720931
9 0.06976744186046512
1 0.06976744186046512
8 0.05813953488372093
5 0.05813953488372093
4 0.05813953488372093
3 0.05813953488372093
2 0.05813953488372093
0 0.05813953488372093
doc : 34
6 0.6271870794078062
0 0.27052489905787347
1 0.033647375504710635
8 0.016150740242261104
4 0.010767160161507403
3 0.010767160161507403
2 0.009421265141318977
7 0.008075370121130552
9 0.006729475100942127
5 0.006729475100942127
doc : 35
7 0.45348837209302323
6 0.08139534883720931
9 0.05813953488372093
8 0.05813953488372093
5 0.05813953488372093
4 0.05813953488372093
3 0.05813953488372093
2 0.05813953488372093
1 0.05813953488372093
0 0.05813953488372093
doc : 36
7 0.43023255813953487
6 0.08139534883720931
8 0.06976744186046512
2 0.06976744186046512
9 0.05813953488372093
5 0.05813953488372093
4 0.05813953488372093
3 0.05813953488372093
1 0.05813953488372093
0 0.05813953488372093
doc : 37
7 0.4418604651162791
6 0.08139534883720931
4 0.06976744186046512
9 0.05813953488372093
8 0.05813953488372093
5 0.05813953488372093
3 0.05813953488372093
2 0.05813953488372093
1 0.05813953488372093
0 0.05813953488372093
doc : 38
7 0.45348837209302323
8 0.06976744186046512
4 0.06976744186046512
9 0.05813953488372093
6 0.05813953488372093
5 0.05813953488372093
3 0.05813953488372093
2 0.05813953488372093
1 0.05813953488372093
0 0.05813953488372093
doc : 39
7 0.45348837209302323
8 0.06976744186046512
4 0.06976744186046512
9 0.05813953488372093
6 0.05813953488372093
5 0.05813953488372093
3 0.05813953488372093
2 0.05813953488372093
1 0.05813953488372093
0 0.05813953488372093
doc : 40
3 0.5461393596986817
5 0.10922787193973635
2 0.09227871939736346
8 0.07532956685499058
4 0.064030131826742
6 0.047080979284369114
0 0.032015065913371
1 0.013182674199623351
9 0.011299435028248588
7 0.009416195856873822
doc : 41
7 0.41860465116279066
4 0.08139534883720931
8 0.06976744186046512
2 0.06976744186046512
1 0.06976744186046512
9 0.05813953488372093
6 0.05813953488372093
5 0.05813953488372093
3 0.05813953488372093
0 0.05813953488372093
doc : 42
2 0.8528925619834711
4 0.02975206611570248
6 0.01818181818181818
5 0.01818181818181818
3 0.01652892561983471
9 0.013223140495867768
7 0.013223140495867768
1 0.013223140495867768
0 0.013223140495867768
8 0.011570247933884297
doc : 43
3 0.7073170731707317
2 0.06233062330623306
4 0.051490514905149054
5 0.03523035230352303
6 0.03252032520325203
0 0.02981029810298103
9 0.024390243902439025
8 0.02168021680216802
7 0.018970189701897018
1 0.016260162601626015
doc : 44
7 0.41860465116279066
8 0.08139534883720931
4 0.06976744186046512
3 0.06976744186046512
1 0.06976744186046512
9 0.05813953488372093
6 0.05813953488372093
5 0.05813953488372093
2 0.05813953488372093
0 0.05813953488372093
doc : 45
2 0.8362989323843416
5 0.03558718861209964
3 0.021352313167259787
4 0.019572953736654804
9 0.01779359430604982
8 0.01601423487544484
6 0.01601423487544484
1 0.01601423487544484
7 0.010676156583629894
0 0.010676156583629894
doc : 46
2 0.7028862478777589
5 0.07979626485568761
0 0.057724957555178265
3 0.03395585738539898
1 0.025466893039049237
4 0.023769100169779286
9 0.020373514431239387
6 0.020373514431239387
7 0.01867572156196944
8 0.01697792869269949
doc : 47
7 0.4418604651162791
9 0.06976744186046512
5 0.06976744186046512
4 0.06976744186046512
8 0.05813953488372093
6 0.05813953488372093
3 0.05813953488372093
2 0.05813953488372093
1 0.05813953488372093
0 0.05813953488372093
doc : 48
7 0.43023255813953487
6 0.08139534883720931
8 0.06976744186046512
5 0.06976744186046512
9 0.05813953488372093
4 0.05813953488372093
3 0.05813953488372093
2 0.05813953488372093
1 0.05813953488372093
0 0.05813953488372093
doc : 49
6 0.6289222373806276
0 0.2892223738062756
1 0.019099590723055934
8 0.015006821282401092
3 0.010914051841746248
5 0.008185538881309686
4 0.008185538881309686
9 0.0068212824010914054
7 0.0068212824010914054
2 0.0068212824010914054
