doc : 0
9 0.8122866894197952
0 0.030716723549488054
6 0.023890784982935155
7 0.020477815699658702
5 0.020477815699658702
4 0.020477815699658702
3 0.020477815699658702
8 0.017064846416382253
2 0.017064846416382253
1 0.017064846416382253
doc : 1
8 0.6666666666666666
7 0.09523809523809523
1 0.06593406593406594
3 0.03296703296703297
6 0.029304029304029304
4 0.029304029304029304
2 0.02564102564102564
9 0.018315018315018316
5 0.018315018315018316
0 0.018315018315018316
doc : 2
8 0.7732634338138925
6 0.04980340760157274
3 0.0327653997378768
0 0.031454783748361734
5 0.02621231979030144
9 0.023591087811271297
7 0.020969855832241154
2 0.01703800786369594
1 0.01703800786369594
4 0.007863695937090433
doc : 3
7 0.7162534435261708
1 0.09366391184573003
9 0.03305785123966942
6 0.030303030303030304
8 0.027548209366391185
3 0.024793388429752067
0 0.024793388429752067
4 0.02203856749311295
5 0.013774104683195593
2 0.013774104683195593
doc : 4
7 0.7198697068403909
1 0.08469055374592835
8 0.042345276872964174
4 0.035830618892508145
6 0.02931596091205212
9 0.01954397394136808
3 0.01954397394136808
5 0.016286644951140065
2 0.016286644951140065
0 0.016286644951140065
doc : 5
9 0.1511627906976744
3 0.12790697674418605
2 0.12790697674418605
6 0.11627906976744186
5 0.10465116279069767
7 0.08139534883720931
4 0.08139534883720931
1 0.08139534883720931
0 0.06976744186046512
8 0.05813953488372093
doc : 6
1 0.42026578073089704
7 0.29401993355481726
8 0.08803986710963456
0 0.03986710963455149
2 0.03488372093023256
3 0.03322259136212625
5 0.03156146179401993
6 0.02823920265780731
4 0.016611295681063124
9 0.013289036544850499
doc : 7
5 0.6917960088691796
6 0.14855875831485588
1 0.031042128603104215
9 0.026607538802660754
0 0.022172949002217293
3 0.019955654101995565
7 0.015521064301552107
4 0.015521064301552107
2 0.015521064301552107
8 0.013303769401330377
doc : 8
8 0.7208333333333333
4 0.06666666666666667
6 0.0375
5 0.0375
9 0.03125
3 0.029166666666666667
0 0.025
1 0.01875
7 0.016666666666666666
2 0.016666666666666666
doc : 9
7 0.4166666666666667
8 0.2366666666666667
1 0.06666666666666667
9 0.06333333333333334
3 0.05333333333333334
0 0.05333333333333334
5 0.03666666666666667
2 0.030000000000000002
4 0.02666666666666667
6 0.016666666666666666
doc : 10
9 0.8293515358361775
1 0.023890784982935155
8 0.020477815699658702
6 0.020477815699658702
5 0.020477815699658702
7 0.017064846416382253
4 0.017064846416382253
3 0.017064846416382253
2 0.017064846416382253
0 0.017064846416382253
doc : 11
8 0.7356948228882834
6 0.03814713896457766
0 0.03814713896457766
9 0.03542234332425068
3 0.02997275204359673
1 0.02997275204359673
5 0.027247956403269755
7 0.024523160762942777
4 0.024523160762942777
2 0.01634877384196185
doc : 12
7 0.8665413533834586
0 0.02631578947368421
8 0.019736842105263157
3 0.018796992481203006
6 0.014097744360902255
2 0.013157894736842105
1 0.012218045112781954
4 0.010338345864661654
9 0.009398496240601503
5 0.009398496240601503
doc : 13
1 0.6894117647058823
7 0.10823529411764705
9 0.03529411764705882
4 0.03529411764705882
5 0.030588235294117645
0 0.030588235294117645
6 0.023529411764705882
8 0.018823529411764704
3 0.016470588235294115
2 0.011764705882352941
doc : 14
7 0.695447409733124
1 0.07849293563579278
6 0.03924646781789639
8 0.03767660910518054
9 0.03610675039246468
4 0.03610675039246468
3 0.02511773940345369
0 0.023547880690737835
2 0.015698587127158558
5 0.012558869701726845
doc : 15
1 0.6847545219638244
8 0.04909560723514212
7 0.04909560723514212
4 0.046511627906976744
9 0.03875968992248062
3 0.03617571059431525
0 0.028423772609819122
6 0.02583979328165375
2 0.023255813953488372
5 0.018087855297157625
doc : 16
1 0.4380165289256198
4 0.10743801652892562
6 0.08264462809917356
3 0.0743801652892562
8 0.06611570247933884
7 0.049586776859504134
2 0.049586776859504134
0 0.049586776859504134
9 0.04132231404958678
5 0.04132231404958678
doc : 17
4 0.9389312977099237
9 0.01049618320610687
1 0.008587786259541985
6 0.006679389312977099
5 0.006679389312977099
3 0.006679389312977099
7 0.0057251908396946565
2 0.0057251908396946565
0 0.0057251908396946565
8 0.004770992366412214
doc : 18
4 0.9093457943925234
9 0.016822429906542057
1 0.01588785046728972
2 0.014953271028037384
7 0.009345794392523366
6 0.008411214953271028
8 0.007476635514018692
5 0.0065420560747663555
3 0.0065420560747663555
0 0.004672897196261683
doc : 19
9 0.1
8 0.1
7 0.1
6 0.1
5 0.1
4 0.1
3 0.1
2 0.1
1 0.1
0 0.1
doc : 20
5 0.5536912751677853
3 0.3808724832214765
9 0.013422818791946308
0 0.013422818791946308
4 0.011185682326621923
7 0.007829977628635347
6 0.006711409395973154
8 0.0050335570469798654
2 0.0044742729306487695
1 0.003355704697986577
doc : 21
3 0.8921389396709324
5 0.016453382084095063
7 0.012797074954296161
4 0.012797074954296161
2 0.012797074954296161
0 0.012797074954296161
8 0.010968921389396709
6 0.010968921389396709
9 0.009140767824497258
1 0.009140767824497258
doc : 22
3 0.9343986543313708
5 0.012615643397813289
6 0.011774600504625735
9 0.01009251471825063
7 0.00672834314550042
8 0.005046257359125315
4 0.005046257359125315
2 0.005046257359125315
1 0.005046257359125315
0 0.004205214465937763
doc : 23
9 0.8946745562130177
6 0.016568047337278107
4 0.015384615384615385
3 0.015384615384615385
2 0.011834319526627219
8 0.010650887573964497
5 0.010650887573964497
1 0.010650887573964497
0 0.008284023668639054
7 0.005917159763313609
doc : 24
8 0.12790697674418605
6 0.12790697674418605
2 0.12790697674418605
5 0.11627906976744186
3 0.10465116279069767
9 0.09302325581395349
4 0.08139534883720931
1 0.08139534883720931
7 0.06976744186046512
0 0.06976744186046512
doc : 25
1 0.4176470588235294
4 0.15294117647058825
9 0.11764705882352941
2 0.08529411764705883
5 0.05
0 0.05
6 0.044117647058823525
3 0.029411764705882353
8 0.026470588235294117
7 0.026470588235294117
doc : 26
2 0.6112565445026178
1 0.10078534031413613
8 0.08638743455497383
4 0.04973821989528796
9 0.044502617801047126
5 0.03534031413612566
7 0.0274869109947644
3 0.022251308900523563
6 0.014397905759162305
0 0.007853403141361258
doc : 27
0 0.9136690647482015
4 0.013734466971877045
9 0.011772400261608895
5 0.011118378024852845
8 0.009156311314584697
3 0.009156311314584697
1 0.008502289077828646
7 0.007848266841072597
6 0.007848266841072597
2 0.007194244604316547
doc : 28
2 0.5435294117647058
9 0.10117647058823528
4 0.08705882352941176
1 0.08470588235294117
6 0.04941176470588235
8 0.039999999999999994
5 0.025882352941176467
0 0.025882352941176467
3 0.023529411764705882
7 0.018823529411764704
doc : 29
8 0.6425233644859812
9 0.12850467289719625
0 0.0794392523364486
7 0.03037383177570093
4 0.02570093457943925
2 0.02570093457943925
6 0.02102803738317757
3 0.018691588785046728
5 0.016355140186915886
1 0.011682242990654205
doc : 30
6 0.8504936530324401
5 0.02538787023977433
9 0.022566995768688293
8 0.021156558533145273
4 0.015514809590973202
3 0.015514809590973202
7 0.014104372355430182
1 0.012693935119887164
0 0.012693935119887164
2 0.009873060648801129
doc : 31
6 0.9060710194730813
4 0.013745704467353952
7 0.012600229095074456
5 0.012600229095074456
0 0.012600229095074456
3 0.010309278350515464
9 0.009163802978235968
2 0.009163802978235968
8 0.008018327605956473
1 0.00572737686139748
doc : 32
3 0.662109375
2 0.107421875
8 0.0703125
6 0.03125
9 0.02734375
5 0.025390625
0 0.021484375
4 0.01953125
1 0.01953125
7 0.015625
doc : 33
3 0.8013816925734024
8 0.04317789291882556
0 0.027633851468048358
5 0.02245250431778929
9 0.020725388601036267
4 0.020725388601036267
1 0.020725388601036267
2 0.018998272884283247
7 0.012089810017271156
6 0.012089810017271156
doc : 34
7 0.6097560975609756
1 0.10365853658536586
5 0.042682926829268296
0 0.042682926829268296
9 0.03658536585365854
8 0.03658536585365854
6 0.03658536585365854
4 0.03048780487804878
3 0.03048780487804878
2 0.03048780487804878
doc : 35
1 0.4195121951219512
7 0.12195121951219512
6 0.08780487804878048
8 0.06829268292682927
4 0.06341463414634146
2 0.06341463414634146
9 0.05365853658536585
5 0.04878048780487805
0 0.04390243902439024
3 0.029268292682926828
doc : 36
4 0.8580952380952381
1 0.07333333333333333
9 0.011428571428571429
5 0.011428571428571429
8 0.009523809523809525
2 0.008571428571428572
7 0.007619047619047619
0 0.007619047619047619
3 0.006666666666666666
6 0.005714285714285714
doc : 37
5 0.663133097762073
3 0.127208480565371
4 0.0895170789163722
6 0.030624263839811542
9 0.024734982332155476
1 0.021201413427561835
8 0.016489988221436984
0 0.01177856301531213
2 0.008244994110718492
7 0.007067137809187279
doc : 38
9 0.8225255972696246
3 0.023890784982935155
8 0.020477815699658702
7 0.020477815699658702
5 0.020477815699658702
2 0.020477815699658702
1 0.020477815699658702
6 0.017064846416382253
4 0.017064846416382253
0 0.017064846416382253
doc : 39
1 0.7338129496402878
4 0.06115107913669065
8 0.04316546762589928
2 0.03237410071942446
0 0.02877697841726619
7 0.025179856115107917
6 0.02158273381294964
9 0.017985611510791366
5 0.017985611510791366
3 0.017985611510791366
doc : 40
1 0.7482014388489209
4 0.046762589928057555
2 0.03597122302158273
8 0.03237410071942446
7 0.02877697841726619
0 0.02877697841726619
9 0.025179856115107917
6 0.017985611510791366
5 0.017985611510791366
3 0.017985611510791366
doc : 41
6 0.8994169096209912
9 0.018950437317784258
5 0.01749271137026239
7 0.013119533527696793
3 0.011661807580174927
2 0.008746355685131196
1 0.008746355685131196
8 0.007288629737609329
4 0.007288629737609329
0 0.007288629737609329
doc : 42
2 0.6214549938347719
1 0.22318125770653516
4 0.04808877928483354
7 0.02342786683107275
3 0.02342786683107275
8 0.01972872996300863
9 0.016029593094944512
0 0.011097410604192354
6 0.007398273736128237
5 0.006165228113440197
doc : 43
4 0.9345351043643264
1 0.010436432637571158
7 0.008538899430740038
2 0.008538899430740038
9 0.007590132827324478
6 0.007590132827324478
8 0.0056925996204933585
5 0.0056925996204933585
3 0.0056925996204933585
0 0.0056925996204933585
doc : 44
3 0.9401778496362166
5 0.009700889248181082
4 0.009700889248181082
9 0.008084074373484235
1 0.007275666936135812
7 0.0064672594987873885
8 0.005658852061438965
6 0.004850444624090541
2 0.0040420371867421175
0 0.0040420371867421175
doc : 45
0 0.4266666666666667
5 0.10666666666666667
4 0.10333333333333335
8 0.08
3 0.07
6 0.060000000000000005
9 0.04666666666666667
7 0.04
2 0.03333333333333333
1 0.03333333333333333
doc : 46
1 0.6768617021276595
4 0.13696808510638298
9 0.03856382978723404
8 0.03324468085106383
6 0.030585106382978722
2 0.022606382978723402
0 0.02127659574468085
5 0.017287234042553192
3 0.015957446808510637
7 0.006648936170212766
doc : 47
2 0.8930075821398483
1 0.023588879528222407
4 0.016006739679865205
9 0.012636899747262004
6 0.011794439764111203
5 0.010951979780960405
3 0.009267059814658803
0 0.009267059814658803
8 0.008424599831508003
7 0.005054759898904802
doc : 48
8 0.5827067669172932
7 0.16917293233082706
1 0.06390977443609022
4 0.03383458646616541
2 0.03383458646616541
0 0.03007518796992481
6 0.02631578947368421
9 0.022556390977443608
5 0.018796992481203006
3 0.018796992481203006
doc : 49
0 0.6619217081850534
9 0.06405693950177936
5 0.0498220640569395
8 0.042704626334519574
1 0.03558718861209964
6 0.03202846975088968
4 0.03202846975088968
3 0.03202846975088968
7 0.028469750889679714
2 0.021352313167259787
