doc : 0
1 0.27108433734939763
7 0.13253012048192772
2 0.12048192771084337
9 0.11445783132530121
8 0.0963855421686747
0 0.0783132530120482
6 0.05421686746987952
5 0.05421686746987952
4 0.042168674698795185
3 0.03614457831325302
doc : 1
9 0.4205298013245033
1 0.16556291390728478
8 0.12582781456953643
7 0.09602649006622517
2 0.04966887417218543
6 0.04304635761589404
0 0.04304635761589404
5 0.019867549668874173
4 0.019867549668874173
3 0.016556291390728478
doc : 2
8 0.26190476190476186
6 0.1111111111111111
1 0.1111111111111111
9 0.10317460317460317
0 0.09523809523809523
7 0.0873015873015873
3 0.07142857142857142
2 0.06349206349206349
4 0.05555555555555555
5 0.03968253968253968
doc : 3
8 0.40287769784172667
6 0.10071942446043167
1 0.09352517985611511
5 0.07194244604316546
4 0.07194244604316546
9 0.06474820143884892
2 0.06474820143884892
0 0.05035971223021583
3 0.04316546762589928
7 0.03597122302158273
doc : 4
6 0.18292682926829268
9 0.17073170731707318
1 0.10975609756097561
8 0.0975609756097561
3 0.08536585365853659
5 0.07317073170731708
4 0.07317073170731708
2 0.07317073170731708
0 0.07317073170731708
7 0.06097560975609756
doc : 5
6 0.6277533039647578
9 0.10352422907488988
1 0.09471365638766521
8 0.07709251101321586
0 0.026431718061674013
7 0.015418502202643174
5 0.015418502202643174
4 0.015418502202643174
3 0.013215859030837006
2 0.011013215859030838
doc : 6
8 0.6473214285714285
1 0.05357142857142857
3 0.049107142857142856
9 0.04464285714285714
0 0.040178571428571425
5 0.03571428571428571
4 0.03571428571428571
2 0.03571428571428571
7 0.03125
6 0.026785714285714284
doc : 7
8 0.5754716981132075
1 0.08018867924528301
0 0.0660377358490566
4 0.05660377358490566
2 0.05660377358490566
7 0.03773584905660377
6 0.03773584905660377
5 0.03773584905660377
9 0.02830188679245283
3 0.023584905660377357
doc : 8
0 0.45679012345679015
7 0.13991769547325103
6 0.09876543209876544
9 0.04938271604938272
5 0.04938271604938272
4 0.04938271604938272
8 0.04526748971193416
1 0.04526748971193416
3 0.03703703703703704
2 0.02880658436213992
doc : 9
1 0.6784511784511784
3 0.2424242424242424
6 0.013468013468013467
9 0.0101010101010101
8 0.0101010101010101
5 0.0101010101010101
0 0.0101010101010101
7 0.008417508417508417
4 0.008417508417508417
2 0.008417508417508417
doc : 10
2 0.8344370860927153
9 0.026490066225165563
4 0.024282560706401765
0 0.02207505518763797
6 0.019867549668874173
7 0.017660044150110375
8 0.015452538631346577
3 0.015452538631346577
1 0.013245033112582781
5 0.011037527593818985
doc : 11
9 0.6375545851528384
1 0.06986899563318777
6 0.048034934497816595
2 0.043668122270742356
7 0.03930131004366812
4 0.03930131004366812
3 0.034934497816593885
5 0.03056768558951965
0 0.03056768558951965
8 0.026200873362445413
doc : 12
9 0.6200873362445415
1 0.09170305676855894
2 0.05240174672489083
6 0.048034934497816595
8 0.043668122270742356
5 0.034934497816593885
7 0.03056768558951965
4 0.03056768558951965
0 0.026200873362445413
3 0.021834061135371178
doc : 13
8 0.37158469945355194
9 0.16393442622950818
1 0.13934426229508196
7 0.09016393442622951
6 0.07103825136612021
0 0.0546448087431694
2 0.05191256830601093
3 0.02185792349726776
5 0.01912568306010929
4 0.01639344262295082
doc : 14
6 0.39333333333333337
9 0.21333333333333335
8 0.08
1 0.07333333333333333
7 0.05333333333333334
4 0.04666666666666667
2 0.04
5 0.03333333333333333
3 0.03333333333333333
0 0.03333333333333333
doc : 15
1 0.6565809379727685
3 0.2632375189107413
6 0.015128593040847202
8 0.01059001512859304
7 0.01059001512859304
5 0.009077155824508321
4 0.009077155824508321
2 0.009077155824508321
0 0.009077155824508321
9 0.007564296520423601
doc : 16
1 0.8330683624801273
8 0.04292527821939587
0 0.020667726550079493
9 0.017488076311605726
6 0.017488076311605726
4 0.015898251192368842
2 0.015898251192368842
7 0.014308426073131956
5 0.012718600953895072
3 0.009538950715421305
doc : 17
0 0.2746113989637306
8 0.11917098445595856
5 0.11398963730569948
4 0.11398963730569948
6 0.10880829015544041
2 0.07253886010362695
1 0.06735751295336788
7 0.05699481865284974
9 0.04145077720207254
3 0.031088082901554404
doc : 18
7 0.8608562691131498
5 0.0290519877675841
9 0.024464831804281346
2 0.016819571865443424
0 0.013761467889908258
4 0.012232415902140673
1 0.012232415902140673
8 0.010703363914373088
6 0.010703363914373088
3 0.009174311926605505
doc : 19
8 0.5074074074074074
2 0.25925925925925924
4 0.037037037037037035
3 0.037037037037037035
0 0.03333333333333333
7 0.02962962962962963
6 0.02592592592592593
5 0.02592592592592593
1 0.02592592592592593
9 0.018518518518518517
doc : 20
0 0.2882882882882883
2 0.12612612612612611
6 0.10810810810810811
8 0.08108108108108109
9 0.07207207207207207
7 0.07207207207207207
3 0.07207207207207207
5 0.06306306306306306
1 0.06306306306306306
4 0.05405405405405406
doc : 21
8 0.19696969696969696
6 0.18181818181818182
2 0.09090909090909091
9 0.07575757575757576
7 0.07575757575757576
5 0.07575757575757576
4 0.07575757575757576
3 0.07575757575757576
1 0.07575757575757576
0 0.07575757575757576
doc : 22
8 0.5276381909547738
1 0.09045226130653267
9 0.06532663316582915
5 0.06532663316582915
2 0.05025125628140704
7 0.04522613065326633
6 0.04522613065326633
4 0.04020100502512563
3 0.035175879396984924
0 0.035175879396984924
doc : 23
2 0.8588235294117647
9 0.023529411764705882
8 0.021176470588235293
6 0.018823529411764704
7 0.014117647058823528
1 0.014117647058823528
0 0.014117647058823528
5 0.011764705882352941
4 0.011764705882352941
3 0.011764705882352941
doc : 24
2 0.8414918414918415
8 0.02564102564102564
0 0.02097902097902098
6 0.018648018648018648
4 0.018648018648018648
9 0.016317016317016316
7 0.016317016317016316
5 0.013986013986013986
3 0.013986013986013986
1 0.013986013986013986
doc : 25
7 0.889937106918239
8 0.01729559748427673
2 0.01729559748427673
6 0.014150943396226415
0 0.014150943396226415
4 0.012578616352201259
9 0.009433962264150945
1 0.009433962264150945
5 0.007861635220125786
3 0.007861635220125786
doc : 26
7 0.7937649880095923
8 0.03836930455635491
9 0.028776978417266185
1 0.028776978417266185
6 0.02398081534772182
0 0.02398081534772182
3 0.016786570743405275
2 0.016786570743405275
5 0.014388489208633093
4 0.014388489208633093
doc : 27
0 0.46688741721854304
2 0.25165562913907286
8 0.06291390728476821
9 0.04304635761589404
7 0.033112582781456956
6 0.033112582781456956
4 0.029801324503311258
1 0.029801324503311258
5 0.026490066225165563
3 0.023178807947019868
doc : 28
8 0.6049822064056939
5 0.14234875444839856
3 0.06761565836298931
6 0.03558718861209964
4 0.03558718861209964
1 0.028469750889679714
0 0.028469750889679714
2 0.021352313167259787
9 0.01779359430604982
7 0.01779359430604982
doc : 29
6 0.8311258278145696
8 0.041390728476821195
7 0.029801324503311258
9 0.016556291390728478
0 0.016556291390728478
5 0.014900662251655629
3 0.014900662251655629
1 0.013245033112582781
4 0.011589403973509934
2 0.009933774834437087
doc : 30
7 0.7430555555555555
8 0.059027777777777776
6 0.03819444444444444
1 0.03819444444444444
9 0.024305555555555552
5 0.024305555555555552
2 0.020833333333333332
4 0.017361111111111112
3 0.017361111111111112
0 0.017361111111111112
doc : 31
7 0.836624775583483
2 0.03052064631956912
8 0.02333931777378815
3 0.02333931777378815
0 0.02154398563734291
6 0.01615798922800718
1 0.01436265709156194
9 0.012567324955116697
5 0.010771992818671455
4 0.010771992818671455
doc : 32
7 0.7216117216117216
6 0.06593406593406594
8 0.040293040293040296
2 0.03296703296703297
1 0.029304029304029304
9 0.02564102564102564
3 0.02564102564102564
5 0.021978021978021976
4 0.018315018315018316
0 0.018315018315018316
doc : 33
7 0.7696335078534032
8 0.03926701570680628
1 0.03141361256544503
9 0.02879581151832461
4 0.02879581151832461
6 0.02617801047120419
5 0.020942408376963352
0 0.020942408376963352
3 0.018324607329842934
2 0.015706806282722516
doc : 34
0 0.7148014440433214
6 0.05776173285198556
8 0.04693140794223827
7 0.04693140794223827
1 0.025270758122743684
9 0.021660649819494587
5 0.021660649819494587
4 0.021660649819494587
3 0.021660649819494587
2 0.021660649819494587
doc : 35
8 0.3384615384615385
0 0.16153846153846155
7 0.09230769230769231
2 0.07692307692307693
1 0.07692307692307693
4 0.06153846153846154
6 0.05384615384615385
9 0.046153846153846156
5 0.046153846153846156
3 0.046153846153846156
doc : 36
0 0.24150943396226415
4 0.14339622641509434
6 0.1320754716981132
2 0.1320754716981132
1 0.0830188679245283
9 0.07169811320754717
7 0.07169811320754717
8 0.06037735849056604
3 0.04150943396226415
5 0.022641509433962266
doc : 37
4 0.5550373134328358
3 0.34048507462686567
2 0.04011194029850746
5 0.017723880597014924
8 0.011194029850746268
9 0.009328358208955223
6 0.007462686567164179
1 0.007462686567164179
0 0.0065298507462686565
7 0.0046641791044776115
doc : 38
4 0.5905861456483127
3 0.31261101243339257
2 0.03019538188277087
8 0.016873889875666074
5 0.014209591474245116
0 0.008880994671403197
6 0.007992895204262877
9 0.007104795737122558
7 0.007104795737122558
1 0.004440497335701598
doc : 39
9 0.5223463687150838
8 0.1787709497206704
7 0.05307262569832402
0 0.05027932960893855
5 0.04748603351955307
3 0.04189944134078213
1 0.036312849162011177
6 0.025139664804469275
4 0.0223463687150838
2 0.0223463687150838
doc : 40
0 0.4494949494949495
2 0.3164983164983165
8 0.07912457912457913
3 0.05218855218855219
5 0.025252525252525252
9 0.021885521885521883
7 0.0202020202020202
4 0.013468013468013467
1 0.011784511784511785
6 0.0101010101010101
doc : 41
4 0.6851168511685117
2 0.18696186961869618
8 0.03444034440344403
1 0.020910209102091022
7 0.015990159901599018
3 0.015990159901599018
0 0.013530135301353014
9 0.011070110701107012
6 0.00984009840098401
5 0.006150061500615006
doc : 42
0 0.36923076923076925
7 0.19230769230769232
9 0.06923076923076923
6 0.06153846153846154
5 0.06153846153846154
4 0.06153846153846154
8 0.05384615384615385
2 0.046153846153846156
1 0.046153846153846156
3 0.038461538461538464
doc : 43
5 0.7043854899837575
3 0.21007038440714673
9 0.02165674066053059
8 0.02057390362750406
1 0.009745533297238766
0 0.008662696264212236
4 0.008121277747698972
2 0.007038440714672442
6 0.005414185165132647
7 0.004331348132106118
doc : 44
3 0.4273709483793517
9 0.3997599039615846
8 0.0432172869147659
0 0.028811524609843937
4 0.026410564225690273
7 0.02040816326530612
6 0.01680672268907563
1 0.01680672268907563
5 0.014405762304921969
2 0.006002400960384153
doc : 45
4 0.6330275229357798
2 0.1690694626474443
1 0.03669724770642202
0 0.0327653997378768
8 0.031454783748361734
7 0.027522935779816515
9 0.022280471821756225
3 0.01834862385321101
5 0.015727391874180867
6 0.01310615989515072
doc : 46
4 0.6671177266576456
2 0.2151556156968877
1 0.02165087956698241
0 0.018944519621109608
7 0.017591339648173207
6 0.016238159675236806
8 0.014884979702300407
3 0.012178619756427606
9 0.009472259810554804
5 0.006765899864682004
doc : 47
2 0.5355392156862745
3 0.21691176470588236
4 0.16666666666666666
8 0.015931372549019607
1 0.015931372549019607
9 0.014705882352941176
6 0.00980392156862745
7 0.00857843137254902
0 0.00857843137254902
5 0.007352941176470588
doc : 48
2 0.655048076923077
3 0.24759615384615385
4 0.03125
1 0.013221153846153848
9 0.01201923076923077
8 0.01201923076923077
7 0.00841346153846154
5 0.00841346153846154
6 0.006009615384615385
0 0.006009615384615385
doc : 49
9 0.4864864864864865
1 0.1288981288981289
3 0.10602910602910603
6 0.07692307692307693
7 0.06860706860706861
2 0.033264033264033266
8 0.029106029106029108
5 0.02702702702702703
0 0.02286902286902287
4 0.02079002079002079
