doc : 0
8 0.9307692307692308
6 0.008791208791208791
5 0.008791208791208791
3 0.008791208791208791
0 0.008791208791208791
9 0.007692307692307693
2 0.007692307692307693
7 0.006593406593406593
1 0.006593406593406593
4 0.005494505494505494
doc : 1
3 0.7688651218062983
0 0.21152703505644682
1 0.0041592394533571005
8 0.0026737967914438505
6 0.0026737967914438505
5 0.0023767082590612004
2 0.0023767082590612004
7 0.0020796197266785502
4 0.0017825311942959003
9 0.0014854426619132504
doc : 2
1 0.9671840354767184
3 0.007982261640798226
8 0.004434589800443459
6 0.003991130820399113
0 0.003991130820399113
2 0.0031042128603104213
9 0.0026607538802660754
7 0.0022172949002217295
5 0.0022172949002217295
4 0.0022172949002217295
doc : 3
5 0.6966413867822319
2 0.1960996749729144
6 0.0314192849404117
1 0.018418201516793065
9 0.011917659804983749
4 0.011917659804983749
0 0.010834236186348862
8 0.007583965330444203
7 0.007583965330444203
3 0.007583965330444203
doc : 4
2 0.9340892983699505
5 0.023387668320340185
0 0.009922041105598866
9 0.005669737774627924
6 0.004961020552799433
4 0.004961020552799433
1 0.004961020552799433
8 0.004252303330970942
3 0.004252303330970942
7 0.0035435861091424525
doc : 5
6 0.5211267605633803
4 0.15492957746478875
8 0.051643192488262914
1 0.051643192488262914
9 0.04225352112676056
5 0.04225352112676056
2 0.04225352112676056
7 0.03755868544600939
3 0.028169014084507043
0 0.028169014084507043
doc : 6
6 0.6166666666666667
8 0.061111111111111116
2 0.05555555555555556
9 0.044444444444444446
5 0.044444444444444446
3 0.044444444444444446
7 0.03888888888888889
1 0.03333333333333333
0 0.03333333333333333
4 0.02777777777777778
doc : 7
6 0.5679012345679012
8 0.06790123456790123
5 0.06790123456790123
3 0.05555555555555555
2 0.05555555555555555
9 0.043209876543209874
1 0.043209876543209874
7 0.037037037037037035
4 0.030864197530864196
0 0.030864197530864196
doc : 8
2 0.87018544935806
9 0.06205420827389444
5 0.02211126961483595
8 0.010699001426533523
6 0.009985734664764621
7 0.006419400855920115
3 0.005706134094151213
0 0.004992867332382311
1 0.0042796005706134095
4 0.003566333808844508
doc : 9
6 0.4090909090909091
9 0.11363636363636365
5 0.10606060606060606
2 0.07575757575757576
7 0.06060606060606061
8 0.05303030303030303
0 0.05303030303030303
4 0.045454545454545456
1 0.045454545454545456
3 0.03787878787878788
doc : 10
2 0.5772870662460567
5 0.3354363827549947
6 0.019978969505783387
4 0.010515247108307046
9 0.00946372239747634
8 0.00946372239747634
7 0.00946372239747634
3 0.00946372239747634
1 0.00946372239747634
0 0.00946372239747634
doc : 11
5 0.7890855457227138
2 0.10324483775811209
6 0.02359882005899705
4 0.019174041297935103
9 0.016224188790560472
8 0.01032448377581121
7 0.01032448377581121
0 0.01032448377581121
3 0.008849557522123894
1 0.008849557522123894
doc : 12
6 0.5884146341463414
7 0.0975609756097561
5 0.08231707317073171
4 0.07317073170731708
2 0.03353658536585366
9 0.03048780487804878
1 0.027439024390243903
8 0.024390243902439025
3 0.021341463414634148
0 0.021341463414634148
doc : 13
3 0.7616780720023802
0 0.22136268967569175
1 0.0044629574531389465
8 0.0020827134781315083
6 0.0020827134781315083
5 0.0017851829812555787
4 0.0017851829812555787
2 0.0017851829812555787
9 0.001487652484379649
7 0.001487652484379649
doc : 14
1 0.9711751662971175
3 0.005764966740576497
6 0.004878048780487805
5 0.0031042128603104213
9 0.0026607538802660754
8 0.0026607538802660754
4 0.0026607538802660754
2 0.0026607538802660754
7 0.0022172949002217295
0 0.0022172949002217295
doc : 15
8 0.9359823399558499
4 0.008830022075055188
3 0.008830022075055188
0 0.008830022075055188
1 0.007726269315673289
6 0.006622516556291391
2 0.006622516556291391
9 0.005518763796909493
7 0.005518763796909493
5 0.005518763796909493
doc : 16
3 0.7698483496877787
0 0.2120130835563485
1 0.005649717514124294
9 0.0020814748736247396
2 0.0020814748736247396
6 0.0017841213202497768
5 0.0017841213202497768
4 0.0017841213202497768
8 0.001486767766874814
7 0.001486767766874814
doc : 17
1 0.968070953436807
3 0.009312638580931263
8 0.003991130820399113
2 0.003547671840354767
0 0.0031042128603104213
9 0.0026607538802660754
6 0.0026607538802660754
7 0.0022172949002217295
5 0.0022172949002217295
4 0.0022172949002217295
doc : 18
9 0.9158716392020815
7 0.022549869904596703
6 0.017346053772766695
4 0.007805724197745013
8 0.006938421509106678
5 0.006938421509106678
2 0.006938421509106678
1 0.006071118820468343
3 0.005203816131830009
0 0.004336513443191674
doc : 19
9 0.9235737351991388
6 0.013993541442411193
5 0.009687836383207749
4 0.009687836383207749
8 0.008611410118406888
1 0.008611410118406888
2 0.007534983853606027
7 0.006458557588805166
3 0.006458557588805166
0 0.005382131324004305
doc : 20
5 0.6157232704402515
2 0.2610062893081761
9 0.06037735849056604
6 0.018867924528301886
7 0.010691823899371069
8 0.009433962264150943
3 0.006289308176100628
0 0.006289308176100628
4 0.005660377358490566
1 0.005660377358490566
doc : 21
5 0.7485029940119761
2 0.1317365269461078
6 0.029940119760479042
7 0.019461077844311378
4 0.014970059880239521
3 0.01347305389221557
9 0.011976047904191617
8 0.011976047904191617
0 0.010479041916167666
1 0.0074850299401197605
doc : 22
4 0.3512658227848101
2 0.310126582278481
5 0.12658227848101267
8 0.0379746835443038
9 0.03481012658227848
6 0.03481012658227848
0 0.03481012658227848
7 0.028481012658227847
3 0.022151898734177215
1 0.0189873417721519
doc : 23
7 0.7514450867052023
6 0.09441233140655106
4 0.05394990366088632
3 0.017341040462427744
5 0.015414258188824663
2 0.015414258188824663
1 0.015414258188824663
9 0.01348747591522158
8 0.011560693641618497
0 0.011560693641618497
doc : 24
2 0.31645569620253167
5 0.18354430379746836
6 0.17088607594936708
9 0.0759493670886076
7 0.056962025316455694
4 0.056962025316455694
8 0.04430379746835443
3 0.03164556962025317
1 0.03164556962025317
0 0.03164556962025317
doc : 25
6 0.5923076923076923
9 0.08461538461538462
0 0.05384615384615385
7 0.05
8 0.04230769230769231
3 0.038461538461538464
2 0.038461538461538464
5 0.03461538461538462
4 0.03461538461538462
1 0.03076923076923077
doc : 26
2 0.4461077844311377
5 0.42614770459081835
4 0.04590818363273453
6 0.02594810379241517
8 0.01397205588822355
7 0.00998003992015968
0 0.00998003992015968
3 0.008982035928143712
1 0.006986027944111775
9 0.005988023952095808
doc : 27
6 0.8138461538461539
4 0.033846153846153845
2 0.027692307692307693
3 0.026153846153846153
1 0.026153846153846153
8 0.01846153846153846
0 0.016923076923076923
5 0.015384615384615385
9 0.010769230769230769
7 0.010769230769230769
doc : 28
3 0.7724710768318007
0 0.2058736280035598
1 0.0077128448531593
6 0.0029664787896766538
9 0.002076535152773658
8 0.002076535152773658
5 0.002076535152773658
4 0.0017798872738059924
7 0.0014832393948383269
2 0.0014832393948383269
doc : 29
1 0.9698447893569845
3 0.007095343680709534
2 0.003547671840354767
5 0.0031042128603104213
4 0.0031042128603104213
0 0.0031042128603104213
9 0.0026607538802660754
8 0.0026607538802660754
6 0.0026607538802660754
7 0.0022172949002217295
doc : 30
8 0.9314917127071823
3 0.011049723756906079
1 0.011049723756906079
5 0.0077348066298342545
0 0.0077348066298342545
9 0.0066298342541436465
6 0.0066298342541436465
4 0.0066298342541436465
7 0.005524861878453039
2 0.005524861878453039
doc : 31
3 0.7640583159773877
0 0.2177923237131806
1 0.0044629574531389465
9 0.0026777744718833683
2 0.0023802439750074383
6 0.0020827134781315083
8 0.0017851829812555787
4 0.0017851829812555787
7 0.001487652484379649
5 0.001487652484379649
doc : 32
1 0.9676274944567628
3 0.004878048780487805
2 0.004878048780487805
9 0.003547671840354767
8 0.003547671840354767
6 0.003547671840354767
5 0.003547671840354767
0 0.003547671840354767
4 0.0026607538802660754
7 0.0022172949002217295
doc : 33
2 0.8844086021505377
6 0.021505376344086023
5 0.021505376344086023
8 0.01478494623655914
4 0.012096774193548388
3 0.012096774193548388
9 0.009408602150537635
7 0.009408602150537635
1 0.008064516129032258
0 0.006720430107526883
doc : 34
2 0.8698727015558699
3 0.02263083451202263
9 0.018387553041018388
4 0.016973125884016973
7 0.014144271570014145
8 0.01272984441301273
5 0.01272984441301273
1 0.01272984441301273
6 0.011315417256011316
0 0.008486562942008486
doc : 35
2 0.8751714677640603
6 0.03292181069958847
8 0.015089163237311385
4 0.015089163237311385
3 0.013717421124828532
7 0.012345679012345678
9 0.009602194787379972
5 0.009602194787379972
1 0.008230452674897118
0 0.008230452674897118
doc : 36
6 0.411764705882353
7 0.370242214532872
8 0.051903114186851215
5 0.04498269896193772
2 0.02422145328719723
4 0.020761245674740483
3 0.020761245674740483
0 0.020761245674740483
9 0.01730103806228374
1 0.01730103806228374
doc : 37
6 0.42087542087542085
7 0.3400673400673401
5 0.05387205387205387
4 0.037037037037037035
8 0.03367003367003367
9 0.02356902356902357
2 0.02356902356902357
1 0.02356902356902357
0 0.02356902356902357
3 0.0202020202020202
doc : 38
4 0.8055555555555557
7 0.038461538461538464
9 0.03418803418803419
6 0.02991452991452992
8 0.019230769230769232
5 0.017094017094017096
0 0.017094017094017096
1 0.01495726495726496
2 0.012820512820512822
3 0.010683760683760684
doc : 39
5 0.5735735735735735
2 0.1111111111111111
7 0.06006006006006006
4 0.05405405405405406
9 0.04804804804804805
6 0.04204204204204204
8 0.03903903903903904
3 0.024024024024024024
1 0.024024024024024024
0 0.024024024024024024
doc : 40
5 0.9081632653061226
1 0.01938775510204082
2 0.018367346938775512
9 0.011224489795918368
8 0.00816326530612245
7 0.00816326530612245
6 0.00816326530612245
4 0.0071428571428571435
3 0.006122448979591837
0 0.005102040816326531
doc : 41
4 0.4574468085106383
6 0.15425531914893617
2 0.10638297872340426
5 0.05319148936170213
9 0.047872340425531915
1 0.047872340425531915
7 0.03723404255319149
0 0.03723404255319149
8 0.031914893617021274
3 0.026595744680851064
doc : 42
7 0.297979797979798
5 0.2878787878787879
2 0.07575757575757576
6 0.07070707070707072
4 0.06060606060606061
1 0.05050505050505051
9 0.045454545454545456
8 0.045454545454545456
3 0.03535353535353536
0 0.030303030303030304
doc : 43
3 0.7728218852215283
0 0.20844484091584892
1 0.0044603033006244425
8 0.002973535533749628
7 0.0023788284269997025
9 0.0020814748736247396
2 0.0020814748736247396
6 0.0017841213202497768
5 0.001486767766874814
4 0.001486767766874814
doc : 44
1 0.9698447893569845
3 0.005321507760532151
6 0.004878048780487805
0 0.004878048780487805
8 0.0031042128603104213
9 0.0026607538802660754
2 0.0026607538802660754
7 0.0022172949002217295
5 0.0022172949002217295
4 0.0022172949002217295
doc : 45
8 0.9303867403314918
1 0.011049723756906079
6 0.00994475138121547
9 0.0077348066298342545
3 0.0077348066298342545
2 0.0077348066298342545
7 0.0066298342541436465
5 0.0066298342541436465
0 0.0066298342541436465
4 0.005524861878453039
doc : 46
3 0.7424969987995198
0 0.2070828331332533
1 0.019507803121248498
8 0.008103241296518607
5 0.006002400960384153
2 0.004801920768307323
9 0.004501800720288115
6 0.0030012004801920765
4 0.0030012004801920765
7 0.0015006002400960383
doc : 47
1 0.9698447893569845
3 0.006208425720620843
6 0.004878048780487805
2 0.003991130820399113
9 0.0026607538802660754
8 0.0026607538802660754
5 0.0026607538802660754
0 0.0026607538802660754
7 0.0022172949002217295
4 0.0022172949002217295
doc : 48
9 0.6099210822998873
8 0.22209695603156707
6 0.02818489289740699
2 0.02818489289740699
5 0.02705749718151071
3 0.02367531003382187
0 0.020293122886133032
1 0.018038331454340473
7 0.011273957158962795
4 0.011273957158962795
doc : 49
4 0.716024340770791
6 0.11156186612576065
9 0.028397565922920892
7 0.028397565922920892
1 0.02231237322515213
8 0.02028397565922921
3 0.02028397565922921
5 0.018255578093306288
0 0.018255578093306288
2 0.016227180527383367
