doc : 0
1 0.7496038034865293
3 0.0855784469096672
9 0.03169572107765452
8 0.028526148969889066
5 0.028526148969889066
0 0.022187004754358162
7 0.01901743264659271
2 0.014263074484944533
4 0.011093502377179081
6 0.009508716323296355
doc : 1
8 0.8204633204633205
0 0.05405405405405406
9 0.03281853281853282
4 0.02316602316602317
6 0.017374517374517374
2 0.011583011583011584
1 0.011583011583011584
7 0.009652509652509652
5 0.009652509652509652
3 0.009652509652509652
doc : 2
2 0.963506028022157
8 0.005539263603779733
6 0.005539263603779733
5 0.005213424568263278
9 0.004887585532746823
4 0.004235907461713913
7 0.0035842293906810036
1 0.002932551319648094
0 0.002932551319648094
3 0.0016291951775822744
doc : 3
8 0.8737864077669902
9 0.02427184466019417
1 0.014563106796116504
0 0.014563106796116504
7 0.012135922330097085
6 0.012135922330097085
5 0.012135922330097085
4 0.012135922330097085
3 0.012135922330097085
2 0.012135922330097085
doc : 4
3 0.8411214953271028
1 0.04205607476635514
5 0.018691588785046728
6 0.017133956386292833
0 0.017133956386292833
9 0.014018691588785047
8 0.014018691588785047
7 0.014018691588785047
4 0.010903426791277258
2 0.010903426791277258
doc : 5
3 0.76
4 0.048
5 0.042666666666666665
0 0.034666666666666665
7 0.026666666666666665
9 0.018666666666666665
8 0.018666666666666665
2 0.018666666666666665
1 0.018666666666666665
6 0.013333333333333332
doc : 6
3 0.8125
5 0.025735294117647058
1 0.025735294117647058
9 0.022058823529411763
8 0.022058823529411763
7 0.01838235294117647
6 0.01838235294117647
4 0.01838235294117647
2 0.01838235294117647
0 0.01838235294117647
doc : 7
3 0.28205128205128205
6 0.11538461538461538
1 0.11538461538461538
9 0.07692307692307693
4 0.07692307692307693
2 0.07692307692307693
8 0.0641025641025641
7 0.0641025641025641
5 0.0641025641025641
0 0.0641025641025641
doc : 8
1 0.4902597402597403
3 0.16558441558441558
9 0.06818181818181819
5 0.05844155844155845
0 0.0551948051948052
4 0.04220779220779221
2 0.03571428571428572
8 0.029220779220779224
6 0.029220779220779224
7 0.025974025974025976
doc : 9
1 0.5525
7 0.1375
9 0.0825
3 0.05
4 0.0475
0 0.0475
6 0.025
8 0.0225
5 0.0225
2 0.0125
doc : 10
0 0.8222996515679443
7 0.027874564459930314
6 0.024390243902439025
9 0.020905923344947737
8 0.017421602787456445
5 0.017421602787456445
4 0.017421602787456445
3 0.017421602787456445
2 0.017421602787456445
1 0.017421602787456445
doc : 11
0 0.8306188925081434
2 0.02931596091205212
9 0.02280130293159609
7 0.01954397394136808
8 0.016286644951140065
6 0.016286644951140065
5 0.016286644951140065
4 0.016286644951140065
3 0.016286644951140065
1 0.016286644951140065
doc : 12
1 0.46153846153846156
3 0.2494172494172494
9 0.07459207459207459
2 0.04428904428904429
6 0.039627039627039624
0 0.037296037296037296
8 0.030303030303030304
4 0.02564102564102564
5 0.02097902097902098
7 0.016317016317016316
doc : 13
3 0.6866359447004609
4 0.05069124423963134
1 0.04608294930875576
5 0.041474654377880185
0 0.041474654377880185
9 0.03225806451612903
7 0.027649769585253454
2 0.027649769585253454
8 0.02304147465437788
6 0.02304147465437788
doc : 14
3 0.7755681818181819
1 0.08238636363636363
8 0.022727272727272728
0 0.022727272727272728
4 0.019886363636363636
9 0.017045454545454544
5 0.017045454545454544
7 0.014204545454545456
6 0.014204545454545456
2 0.014204545454545456
doc : 15
1 0.5916114790286976
4 0.0772626931567329
5 0.0684326710816777
3 0.06622516556291391
9 0.05739514348785872
0 0.04856512141280353
7 0.033112582781456956
8 0.024282560706401765
2 0.017660044150110375
6 0.015452538631346577
doc : 16
6 0.256
0 0.20800000000000002
4 0.12
9 0.10400000000000001
2 0.07200000000000001
3 0.056
8 0.048
7 0.048
1 0.048
5 0.04
doc : 17
0 0.28
6 0.192
4 0.112
9 0.096
8 0.07200000000000001
2 0.056
1 0.056
7 0.048
3 0.048
5 0.04
doc : 18
9 0.6564102564102564
0 0.07692307692307693
3 0.041025641025641026
1 0.041025641025641026
8 0.035897435897435895
7 0.03076923076923077
6 0.03076923076923077
5 0.03076923076923077
4 0.03076923076923077
2 0.02564102564102564
doc : 19
3 0.43515850144092216
1 0.3717579250720461
5 0.034582132564841495
8 0.03170028818443804
9 0.023054755043227664
6 0.023054755043227664
4 0.023054755043227664
7 0.020172910662824207
0 0.020172910662824207
2 0.017291066282420747
doc : 20
3 0.70995670995671
4 0.06493506493506493
5 0.04329004329004329
1 0.03463203463203463
8 0.030303030303030304
9 0.025974025974025976
6 0.025974025974025976
7 0.021645021645021644
2 0.021645021645021644
0 0.021645021645021644
doc : 21
3 0.45671641791044776
1 0.3761194029850746
2 0.026865671641791045
8 0.023880597014925373
5 0.023880597014925373
4 0.023880597014925373
7 0.020895522388059702
9 0.01791044776119403
6 0.014925373134328358
0 0.014925373134328358
doc : 22
3 0.853763440860215
0 0.02795698924731183
5 0.021505376344086023
9 0.017204301075268817
4 0.017204301075268817
1 0.015053763440860214
6 0.012903225806451613
2 0.012903225806451613
8 0.010752688172043012
7 0.010752688172043012
doc : 23
5 0.835970024979184
3 0.12239800166527894
9 0.009159034138218152
7 0.004995836802664446
6 0.004995836802664446
4 0.004995836802664446
2 0.004995836802664446
8 0.004163197335553705
1 0.004163197335553705
0 0.004163197335553705
doc : 24
8 0.9567779960707269
1 0.008349705304518663
5 0.005893909626719056
2 0.0054027504911591355
0 0.004911591355599214
4 0.0044204322200392925
9 0.003929273084479371
6 0.003929273084479371
3 0.0034381139489194495
7 0.002946954813359528
doc : 25
0 0.8389261744966443
7 0.020134228187919462
6 0.020134228187919462
3 0.020134228187919462
9 0.016778523489932886
8 0.016778523489932886
5 0.016778523489932886
4 0.016778523489932886
2 0.016778523489932886
1 0.016778523489932886
doc : 26
9 0.6745562130177515
2 0.0650887573964497
0 0.04142011834319526
7 0.03550295857988166
3 0.03550295857988166
8 0.029585798816568046
6 0.029585798816568046
5 0.029585798816568046
4 0.029585798816568046
1 0.029585798816568046
doc : 27
9 0.700507614213198
2 0.055837563451776644
6 0.04060913705583756
0 0.04060913705583756
7 0.03045685279187817
3 0.03045685279187817
8 0.025380710659898477
5 0.025380710659898477
4 0.025380710659898477
1 0.025380710659898477
doc : 28
4 0.7019704433497537
9 0.10098522167487685
7 0.04433497536945813
0 0.04187192118226601
5 0.029556650246305417
6 0.019704433497536946
2 0.019704433497536946
3 0.017241379310344827
8 0.012315270935960592
1 0.012315270935960592
doc : 29
9 0.7005649717514124
6 0.04519774011299435
7 0.03389830508474576
4 0.03389830508474576
2 0.03389830508474576
1 0.03389830508474576
0 0.03389830508474576
8 0.02824858757062147
5 0.02824858757062147
3 0.02824858757062147
doc : 30
9 0.6477272727272727
0 0.0625
4 0.045454545454545456
1 0.045454545454545456
8 0.03977272727272727
7 0.03977272727272727
6 0.03409090909090909
5 0.02840909090909091
3 0.02840909090909091
2 0.02840909090909091
doc : 31
9 0.6545454545454545
5 0.048484848484848485
4 0.048484848484848485
2 0.048484848484848485
0 0.048484848484848485
8 0.030303030303030304
7 0.030303030303030304
6 0.030303030303030304
3 0.030303030303030304
1 0.030303030303030304
doc : 32
9 0.6839080459770115
2 0.05747126436781609
0 0.04597701149425287
7 0.034482758620689655
1 0.034482758620689655
8 0.028735632183908046
6 0.028735632183908046
5 0.028735632183908046
4 0.028735632183908046
3 0.028735632183908046
doc : 33
0 0.8262411347517731
6 0.024822695035460994
9 0.02127659574468085
4 0.02127659574468085
8 0.017730496453900707
7 0.017730496453900707
5 0.017730496453900707
3 0.017730496453900707
2 0.017730496453900707
1 0.017730496453900707
doc : 34
0 0.8181818181818181
9 0.026936026936026935
8 0.02356902356902357
7 0.02356902356902357
6 0.0202020202020202
2 0.0202020202020202
5 0.016835016835016835
4 0.016835016835016835
3 0.016835016835016835
1 0.016835016835016835
doc : 35
0 0.8369230769230769
9 0.03076923076923077
6 0.01846153846153846
5 0.01846153846153846
1 0.01846153846153846
8 0.015384615384615385
7 0.015384615384615385
4 0.015384615384615385
3 0.015384615384615385
2 0.015384615384615385
doc : 36
1 0.37627811860940696
7 0.34764826175869123
3 0.06952965235173825
9 0.059304703476482624
0 0.03885480572597137
6 0.02862985685071575
4 0.02862985685071575
8 0.0245398773006135
2 0.014314928425357875
5 0.01226993865030675
doc : 37
3 0.49080882352941174
1 0.26286764705882354
5 0.09926470588235294
6 0.03125
2 0.02389705882352941
0 0.02389705882352941
9 0.022058823529411763
8 0.016544117647058824
4 0.016544117647058824
7 0.012867647058823529
doc : 38
0 0.8148148148148148
9 0.037037037037037035
7 0.02356902356902357
6 0.0202020202020202
3 0.0202020202020202
8 0.016835016835016835
5 0.016835016835016835
4 0.016835016835016835
2 0.016835016835016835
1 0.016835016835016835
doc : 39
0 0.8403908794788274
9 0.01954397394136808
7 0.01954397394136808
4 0.01954397394136808
2 0.01954397394136808
8 0.016286644951140065
6 0.016286644951140065
5 0.016286644951140065
3 0.016286644951140065
1 0.016286644951140065
doc : 40
0 0.8308605341246291
2 0.026706231454005934
9 0.02077151335311573
7 0.02077151335311573
5 0.017804154302670624
4 0.017804154302670624
3 0.017804154302670624
1 0.017804154302670624
8 0.01483679525222552
6 0.01483679525222552
doc : 41
4 0.41007194244604317
0 0.10071942446043167
7 0.09352517985611511
2 0.07194244604316546
9 0.06474820143884892
8 0.06474820143884892
1 0.06474820143884892
6 0.05035971223021583
3 0.04316546762589928
5 0.03597122302158273
doc : 42
3 0.901669758812616
5 0.015769944341372914
0 0.014842300556586271
7 0.012059369202226345
9 0.011131725417439703
1 0.011131725417439703
4 0.010204081632653062
8 0.008348794063079777
6 0.0074211502782931356
2 0.0074211502782931356
doc : 43
9 0.168
0 0.168
4 0.152
6 0.14400000000000002
8 0.112
2 0.08
3 0.048
1 0.048
7 0.04
5 0.04
doc : 44
4 0.7606490872210954
9 0.08316430020283976
5 0.02636916835699797
0 0.02636916835699797
2 0.02231237322515213
7 0.02028397565922921
3 0.02028397565922921
1 0.016227180527383367
6 0.014198782961460446
8 0.010141987829614604
doc : 45
9 0.6524390243902439
0 0.054878048780487805
6 0.042682926829268296
5 0.042682926829268296
1 0.042682926829268296
8 0.03658536585365854
3 0.03658536585365854
7 0.03048780487804878
4 0.03048780487804878
2 0.03048780487804878
doc : 46
9 0.7277777777777779
2 0.03888888888888889
8 0.03333333333333333
4 0.03333333333333333
7 0.02777777777777778
6 0.02777777777777778
5 0.02777777777777778
3 0.02777777777777778
1 0.02777777777777778
0 0.02777777777777778
doc : 47
9 0.5446428571428571
0 0.13839285714285712
4 0.07589285714285714
7 0.049107142857142856
1 0.04464285714285714
6 0.03125
5 0.03125
2 0.03125
8 0.026785714285714284
3 0.026785714285714284
doc : 48
4 0.6532544378698225
9 0.15739644970414202
0 0.09585798816568047
7 0.0378698224852071
6 0.015384615384615385
1 0.010650887573964497
2 0.008284023668639054
8 0.007100591715976332
5 0.007100591715976332
3 0.007100591715976332
doc : 49
7 0.6886075949367089
6 0.15949367088607594
0 0.039240506329113925
5 0.02278481012658228
4 0.021518987341772152
1 0.020253164556962026
3 0.0189873417721519
9 0.01139240506329114
8 0.008860759493670886
2 0.008860759493670886
doc : 50
4 0.7700453857791225
9 0.08623298033282904
0 0.060514372163388806
6 0.015128593040847202
7 0.013615733736762482
3 0.013615733736762482
1 0.013615733736762482
5 0.01059001512859304
8 0.009077155824508321
2 0.007564296520423601
doc : 51
0 0.634090909090909
9 0.1568181818181818
4 0.05227272727272727
5 0.031818181818181815
7 0.02727272727272727
3 0.02727272727272727
1 0.024999999999999998
8 0.015909090909090907
6 0.015909090909090907
2 0.013636363636363636
doc : 52
0 0.8263665594855305
6 0.03536977491961415
7 0.01929260450160772
5 0.01929260450160772
4 0.01929260450160772
9 0.01607717041800643
8 0.01607717041800643
3 0.01607717041800643
2 0.01607717041800643
1 0.01607717041800643
doc : 53
0 0.8344155844155845
9 0.03246753246753247
3 0.01948051948051948
8 0.016233766233766236
7 0.016233766233766236
6 0.016233766233766236
5 0.016233766233766236
4 0.016233766233766236
2 0.016233766233766236
1 0.016233766233766236
doc : 54
0 0.8430232558139534
9 0.029069767441860465
5 0.020348837209302327
4 0.01744186046511628
1 0.01744186046511628
8 0.014534883720930232
7 0.014534883720930232
6 0.014534883720930232
3 0.014534883720930232
2 0.014534883720930232
doc : 55
4 0.42857142857142855
0 0.15
8 0.07857142857142857
9 0.07142857142857142
7 0.049999999999999996
2 0.049999999999999996
1 0.049999999999999996
6 0.04285714285714286
3 0.04285714285714286
5 0.03571428571428571
doc : 56
3 0.6791044776119403
1 0.06343283582089553
4 0.055970149253731345
8 0.03731343283582089
0 0.033582089552238806
9 0.029850746268656716
7 0.026119402985074626
6 0.026119402985074626
2 0.026119402985074626
5 0.022388059701492536
doc : 57
9 0.7351485148514851
0 0.08415841584158416
4 0.04455445544554455
7 0.03217821782178218
3 0.022277227722772276
1 0.022277227722772276
6 0.017326732673267328
8 0.01485148514851485
2 0.01485148514851485
5 0.012376237623762377
doc : 58
4 0.45
9 0.09999999999999999
0 0.07857142857142857
8 0.07142857142857142
7 0.07142857142857142
6 0.049999999999999996
3 0.049999999999999996
2 0.049999999999999996
1 0.04285714285714286
5 0.03571428571428571
doc : 59
1 0.4222222222222222
3 0.41944444444444445
5 0.03333333333333333
6 0.022222222222222223
9 0.019444444444444445
0 0.019444444444444445
8 0.016666666666666666
7 0.016666666666666666
2 0.016666666666666666
4 0.01388888888888889
doc : 60
3 0.8605851979345955
1 0.022375215146299483
5 0.0189328743545611
4 0.0189328743545611
7 0.017211703958691912
6 0.017211703958691912
9 0.01549053356282272
8 0.010327022375215147
0 0.010327022375215147
2 0.008605851979345956
doc : 61
3 0.4338028169014085
1 0.3887323943661972
8 0.030985915492957747
9 0.028169014084507043
7 0.02535211267605634
5 0.02535211267605634
0 0.01971830985915493
6 0.016901408450704227
4 0.016901408450704227
2 0.014084507042253521
doc : 62
5 0.8948934060485869
3 0.04957858205255329
2 0.017352503718393652
6 0.007932573128408527
1 0.006941001487357461
7 0.005453644025780862
9 0.004957858205255329
8 0.004957858205255329
0 0.004462072384729797
4 0.0034705007436787306
doc : 63
7 0.9340369393139842
6 0.03825857519788919
0 0.005716798592788039
9 0.0043975373790677225
3 0.0043975373790677225
5 0.0030782761653474055
1 0.0030782761653474055
4 0.002638522427440633
8 0.0021987686895338612
2 0.0021987686895338612
doc : 64
0 0.7770270270270271
7 0.060810810810810814
9 0.030405405405405407
1 0.02364864864864865
8 0.02027027027027027
2 0.02027027027027027
6 0.016891891891891893
5 0.016891891891891893
4 0.016891891891891893
3 0.016891891891891893
doc : 65
9 0.42929292929292934
6 0.10606060606060606
0 0.09595959595959597
4 0.08585858585858587
2 0.08080808080808081
7 0.07070707070707072
1 0.045454545454545456
3 0.03535353535353536
8 0.025252525252525256
5 0.025252525252525256
doc : 66
0 0.28800000000000003
6 0.184
9 0.10400000000000001
4 0.096
8 0.064
2 0.064
1 0.064
7 0.048
3 0.048
5 0.04
doc : 67
8 0.7950310559006212
7 0.050724637681159424
2 0.032091097308488616
6 0.025879917184265012
5 0.025879917184265012
0 0.02277432712215321
9 0.017598343685300208
4 0.014492753623188408
1 0.010351966873706004
3 0.005175983436853002
doc : 68
9 0.6502732240437158
0 0.09289617486338798
6 0.03825136612021858
5 0.03825136612021858
7 0.03278688524590164
4 0.03278688524590164
3 0.03278688524590164
8 0.0273224043715847
2 0.0273224043715847
1 0.0273224043715847
doc : 69
9 0.6574585635359116
0 0.06077348066298342
6 0.049723756906077346
7 0.03867403314917127
2 0.03867403314917127
4 0.03314917127071823
3 0.03314917127071823
1 0.03314917127071823
8 0.027624309392265192
5 0.027624309392265192
doc : 70
3 0.7881619937694704
1 0.04984423676012461
5 0.03115264797507788
4 0.021806853582554516
2 0.021806853582554516
8 0.018691588785046728
6 0.018691588785046728
0 0.018691588785046728
9 0.01557632398753894
7 0.01557632398753894
doc : 71
1 0.5416666666666666
3 0.2753623188405797
5 0.04891304347826087
0 0.025362318840579712
4 0.02355072463768116
2 0.021739130434782608
7 0.01992753623188406
8 0.016304347826086956
6 0.014492753623188406
9 0.012681159420289856
doc : 72
1 0.7146974063400576
3 0.18924111431316043
5 0.027857829010566763
0 0.01440922190201729
6 0.013448607108549471
2 0.009606147934678193
7 0.008645533141210374
4 0.008645533141210374
8 0.007684918347742555
9 0.005763688760806916
doc : 73
3 0.8398950131233596
1 0.026246719160104987
7 0.02099737532808399
0 0.02099737532808399
9 0.01837270341207349
8 0.015748031496062992
5 0.015748031496062992
2 0.015748031496062992
6 0.013123359580052493
4 0.013123359580052493
doc : 74
3 0.8128205128205128
9 0.04871794871794872
0 0.02564102564102564
7 0.020512820512820513
5 0.017948717948717947
4 0.017948717948717947
8 0.015384615384615385
1 0.015384615384615385
6 0.01282051282051282
2 0.01282051282051282
doc : 75
4 0.7380352644836272
9 0.06297229219143577
7 0.05037783375314861
5 0.03778337531486146
0 0.025188916876574305
6 0.022670025188916875
1 0.020151133501259445
8 0.015113350125944584
2 0.015113350125944584
3 0.012594458438287152
doc : 76
9 0.5610859728506787
0 0.12217194570135748
4 0.0904977375565611
7 0.05429864253393665
1 0.04072398190045249
6 0.031674208144796386
8 0.027149321266968326
3 0.027149321266968326
5 0.022624434389140274
2 0.022624434389140274
doc : 77
0 0.802675585284281
9 0.030100334448160536
7 0.026755852842809364
6 0.026755852842809364
8 0.020066889632107024
5 0.020066889632107024
4 0.020066889632107024
3 0.020066889632107024
2 0.016722408026755852
1 0.016722408026755852
doc : 78
4 0.41007194244604317
9 0.1366906474820144
0 0.09352517985611511
3 0.07194244604316546
7 0.05755395683453238
8 0.05035971223021583
6 0.05035971223021583
2 0.05035971223021583
1 0.04316546762589928
5 0.03597122302158273
doc : 79
3 0.7933333333333333
5 0.057777777777777775
7 0.028888888888888888
1 0.028888888888888888
8 0.02
0 0.017777777777777778
9 0.015555555555555555
6 0.013333333333333332
4 0.013333333333333332
2 0.011111111111111112
doc : 80
3 0.8097484276729561
9 0.05345911949685535
4 0.03773584905660378
5 0.01886792452830189
1 0.01886792452830189
6 0.014150943396226415
7 0.012578616352201259
2 0.012578616352201259
8 0.011006289308176102
0 0.011006289308176102
doc : 81
3 0.8559139784946237
5 0.023655913978494623
0 0.021505376344086023
9 0.017204301075268817
7 0.017204301075268817
1 0.017204301075268817
8 0.012903225806451613
4 0.012903225806451613
6 0.010752688172043012
2 0.010752688172043012
doc : 82
3 0.7332317073170732
1 0.10975609756097561
4 0.0350609756097561
5 0.03201219512195122
9 0.025914634146341466
0 0.01524390243902439
7 0.013719512195121951
6 0.012195121951219513
2 0.012195121951219513
8 0.010670731707317074
doc : 83
3 0.8076923076923077
9 0.04358974358974359
0 0.02564102564102564
4 0.023076923076923078
8 0.020512820512820513
5 0.020512820512820513
7 0.017948717948717947
1 0.015384615384615385
6 0.01282051282051282
2 0.01282051282051282
doc : 84
0 0.8078175895765473
9 0.042345276872964174
4 0.02280130293159609
8 0.01954397394136808
7 0.01954397394136808
3 0.01954397394136808
1 0.01954397394136808
6 0.016286644951140065
5 0.016286644951140065
2 0.016286644951140065
doc : 85
0 0.7967213114754098
9 0.04590163934426229
4 0.02622950819672131
7 0.022950819672131147
8 0.019672131147540982
5 0.019672131147540982
2 0.019672131147540982
6 0.01639344262295082
3 0.01639344262295082
1 0.01639344262295082
doc : 86
6 0.9319412219644239
8 0.019334880123743233
0 0.008507347254447023
2 0.006960556844547564
7 0.006187161639597835
4 0.006187161639597835
3 0.006187161639597835
9 0.005413766434648105
5 0.004640371229698376
1 0.004640371229698376
doc : 87
9 0.7102272727272727
2 0.03977272727272727
0 0.03977272727272727
5 0.03409090909090909
3 0.03409090909090909
8 0.02840909090909091
7 0.02840909090909091
6 0.02840909090909091
4 0.02840909090909091
1 0.02840909090909091
doc : 88
3 0.7408637873754153
1 0.04983388704318937
9 0.036544850498338874
7 0.03322259136212625
5 0.026578073089700997
4 0.026578073089700997
2 0.026578073089700997
8 0.019933554817275746
6 0.019933554817275746
0 0.019933554817275746
doc : 89
3 0.776
1 0.05333333333333333
9 0.029333333333333333
8 0.024
7 0.021333333333333333
5 0.021333333333333333
4 0.021333333333333333
0 0.021333333333333333
2 0.018666666666666665
6 0.013333333333333332
doc : 90
3 0.8212927756653993
9 0.022813688212927757
8 0.022813688212927757
7 0.019011406844106463
6 0.019011406844106463
5 0.019011406844106463
4 0.019011406844106463
2 0.019011406844106463
1 0.019011406844106463
0 0.019011406844106463
doc : 91
1 0.5907297830374754
8 0.3456607495069034
5 0.02909270216962525
9 0.006903353057199212
7 0.006410256410256411
3 0.00591715976331361
0 0.004930966469428008
2 0.0039447731755424065
6 0.003451676528599606
4 0.002958579881656805
doc : 92
0 0.8233333333333334
7 0.030000000000000002
9 0.023333333333333334
8 0.02
4 0.02
6 0.016666666666666666
5 0.016666666666666666
3 0.016666666666666666
2 0.016666666666666666
1 0.016666666666666666
doc : 93
9 0.6071428571428571
7 0.05952380952380952
3 0.05357142857142857
0 0.05357142857142857
8 0.047619047619047616
6 0.03571428571428571
5 0.03571428571428571
4 0.03571428571428571
2 0.03571428571428571
1 0.03571428571428571
doc : 94
6 0.8963730569948186
7 0.019861830742659757
4 0.018998272884283247
9 0.017271157167530225
3 0.010362694300518133
0 0.010362694300518133
5 0.0069084628670120895
2 0.0069084628670120895
1 0.0069084628670120895
8 0.006044905008635578
doc : 95
7 0.9712937475422728
0 0.005505308690523004
8 0.004325599685410931
9 0.0031458906802988595
6 0.0031458906802988595
5 0.002752654345261502
3 0.002752654345261502
1 0.002752654345261502
4 0.0023594180102241447
2 0.001966181675186787
doc : 96
9 0.7938931297709925
0 0.07379134860050891
7 0.03053435114503817
3 0.020356234096692113
4 0.017811704834605598
8 0.012722646310432571
6 0.012722646310432571
5 0.012722646310432571
2 0.012722646310432571
1 0.012722646310432571
doc : 97
9 0.8090452261306533
0 0.05025125628140704
7 0.02763819095477387
4 0.02512562814070352
3 0.017587939698492462
1 0.017587939698492462
2 0.01507537688442211
8 0.01256281407035176
6 0.01256281407035176
5 0.01256281407035176
doc : 98
9 0.8149038461538461
0 0.04807692307692308
4 0.03125
7 0.02403846153846154
3 0.01682692307692308
5 0.014423076923076924
1 0.014423076923076924
8 0.01201923076923077
6 0.01201923076923077
2 0.01201923076923077
doc : 99
3 0.7933491686460808
1 0.052256532066508314
9 0.030878859857482188
5 0.026128266033254157
4 0.02137767220902613
7 0.0166270783847981
2 0.0166270783847981
0 0.0166270783847981
6 0.014251781472684086
8 0.011876484560570073
