doc : 0
2 0.6035242290748899
3 0.09030837004405287
9 0.08590308370044053
4 0.04625550660792952
6 0.04185022026431719
5 0.03524229074889868
7 0.03303964757709251
0 0.026431718061674013
1 0.024229074889867842
8 0.013215859030837006
doc : 1
9 0.7261306532663316
7 0.052763819095477386
2 0.05025125628140704
3 0.035175879396984924
5 0.03015075376884422
8 0.02763819095477387
0 0.02512562814070352
1 0.020100502512562814
6 0.017587939698492462
4 0.01507537688442211
doc : 2
5 0.47605633802816905
7 0.15211267605633805
9 0.10422535211267606
2 0.0647887323943662
0 0.053521126760563385
3 0.04788732394366198
1 0.03943661971830986
8 0.02535211267605634
4 0.01971830985915493
6 0.016901408450704227
doc : 3
7 0.6281800391389432
9 0.10763209393346379
8 0.06457925636007827
3 0.046966731898238745
5 0.04500978473581213
2 0.03131115459882583
1 0.023483365949119372
0 0.023483365949119372
4 0.01761252446183953
6 0.011741682974559686
doc : 4
7 0.7048517520215634
5 0.14690026954177898
9 0.03504043126684636
1 0.02560646900269542
0 0.022911051212938006
8 0.0215633423180593
3 0.016172506738544475
2 0.01078167115902965
6 0.008086253369272238
4 0.008086253369272238
doc : 5
9 0.5566860465116279
5 0.2194767441860465
3 0.059593023255813955
8 0.040697674418604654
0 0.027616279069767442
7 0.026162790697674417
2 0.026162790697674417
1 0.024709302325581394
4 0.010174418604651164
6 0.00872093023255814
doc : 6
9 0.4130434782608695
5 0.2193675889328063
7 0.12450592885375493
3 0.08498023715415019
0 0.04743083003952569
2 0.03162055335968379
8 0.023715415019762844
1 0.01976284584980237
6 0.017786561264822132
4 0.017786561264822132
doc : 7
5 0.2972972972972973
9 0.23243243243243245
7 0.10810810810810811
2 0.06486486486486487
1 0.06486486486486487
8 0.05945945945945946
3 0.05945945945945946
6 0.043243243243243246
4 0.03783783783783784
0 0.032432432432432434
doc : 8
3 0.4511494252873563
9 0.13505747126436782
5 0.10919540229885058
0 0.07758620689655173
4 0.06896551724137931
1 0.05459770114942529
7 0.034482758620689655
2 0.02586206896551724
6 0.022988505747126436
8 0.020114942528735632
doc : 9
1 0.7784679089026916
5 0.07763975155279504
3 0.031055900621118016
9 0.030020703933747415
7 0.025879917184265012
0 0.02173913043478261
2 0.014492753623188408
8 0.008281573498964804
6 0.007246376811594204
4 0.005175983436853002
doc : 10
6 0.2833333333333333
2 0.27222222222222225
4 0.1388888888888889
8 0.075
0 0.07222222222222223
7 0.058333333333333334
9 0.044444444444444446
3 0.022222222222222223
5 0.019444444444444445
1 0.01388888888888889
doc : 11
2 0.44541484716157204
5 0.12445414847161572
9 0.09388646288209607
0 0.08951965065502183
7 0.07205240174672489
1 0.06768558951965065
8 0.04585152838427947
3 0.02838427947598253
4 0.01965065502183406
6 0.013100436681222707
doc : 12
1 0.8442822384428224
9 0.03527980535279805
7 0.027980535279805353
0 0.023114355231143552
3 0.019464720194647202
8 0.015815085158150853
2 0.014598540145985401
5 0.0072992700729927005
6 0.006082725060827251
4 0.006082725060827251
doc : 13
1 0.8329439252336448
5 0.04088785046728972
7 0.037383177570093455
9 0.02219626168224299
0 0.01985981308411215
2 0.014018691588785045
3 0.010514018691588784
4 0.009345794392523364
6 0.007009345794392522
8 0.005841121495327103
doc : 14
1 0.8354577056778679
9 0.031286210892236384
5 0.027809965237543453
0 0.023174971031286212
7 0.0220162224797219
3 0.02085747392815759
8 0.013904982618771726
2 0.010428736964078795
4 0.008111239860950173
6 0.006952491309385863
doc : 15
4 0.8186504217432052
6 0.1415182755388941
5 0.007497656982193065
2 0.006091846298031865
7 0.005623242736644799
8 0.005154639175257732
3 0.004217432052483599
0 0.004217432052483599
1 0.0037488284910965324
9 0.0032802249297094657
doc : 16
0 0.8699059561128526
1 0.028996865203761754
9 0.024294670846394983
5 0.018808777429467086
3 0.013322884012539185
7 0.012539184952978056
6 0.012539184952978056
8 0.008620689655172414
2 0.007053291536050156
4 0.003918495297805642
doc : 17
5 0.717579250720461
9 0.08789625360230546
1 0.04178674351585014
8 0.030259365994236308
7 0.030259365994236308
2 0.021613832853025934
4 0.018731988472622477
0 0.018731988472622477
6 0.017291066282420747
3 0.01585014409221902
doc : 18
5 0.7258064516129032
9 0.05459057071960298
2 0.04590570719602978
1 0.04094292803970223
3 0.028535980148883373
6 0.02729528535980149
8 0.02357320099255583
7 0.02357320099255583
0 0.02357320099255583
4 0.006203473945409429
doc : 19
8 0.6684587813620072
7 0.07885304659498207
9 0.06989247311827956
3 0.04659498207885305
2 0.044802867383512544
5 0.03046594982078853
1 0.021505376344086023
0 0.014336917562724014
6 0.012544802867383513
4 0.012544802867383513
doc : 20
3 0.328125
9 0.15625
0 0.109375
5 0.078125
1 0.078125
2 0.0625
4 0.0546875
8 0.046875
7 0.046875
6 0.0390625
doc : 21
2 0.47161572052401746
5 0.14410480349344978
9 0.074235807860262
8 0.06550218340611354
3 0.05676855895196506
7 0.05240174672489083
1 0.03930131004366812
0 0.03930131004366812
6 0.034934497816593885
4 0.021834061135371178
doc : 22
1 0.6898203592814371
5 0.16646706586826346
0 0.032335329341317366
2 0.029940119760479042
7 0.022754491017964073
9 0.02155688622754491
8 0.013173652694610778
3 0.009580838323353293
6 0.008383233532934131
4 0.005988023952095809
doc : 23
0 0.729967069154775
3 0.07738748627881449
7 0.05104281009879254
5 0.042810098792535674
9 0.029088913282107574
2 0.021953896816684963
1 0.021405049396267837
4 0.00933040614709111
8 0.008781558726673985
6 0.00823271130625686
doc : 24
3 0.402555910543131
9 0.16613418530351437
0 0.14057507987220447
5 0.08626198083067092
1 0.04472843450479233
6 0.038338658146964855
2 0.038338658146964855
8 0.03514376996805112
7 0.02875399361022364
4 0.019169329073482427
doc : 25
8 0.6287657920310982
6 0.2847424684159378
4 0.0184645286686103
5 0.011661807580174927
2 0.011661807580174927
0 0.011661807580174927
7 0.010689990281827016
3 0.008746355685131196
9 0.006802721088435374
1 0.006802721088435374
doc : 26
9 0.8981380065717415
1 0.017524644030668127
3 0.01533406352683461
0 0.014238773274917852
7 0.012048192771084338
5 0.01095290251916758
2 0.01095290251916758
6 0.008762322015334063
8 0.0065717415115005475
4 0.00547645125958379
doc : 27
3 0.8566433566433567
5 0.026223776223776224
0 0.022727272727272728
1 0.02097902097902098
7 0.017482517482517484
8 0.012237762237762238
6 0.012237762237762238
2 0.012237762237762238
9 0.01048951048951049
4 0.008741258741258742
doc : 28
5 0.5425
9 0.17500000000000002
3 0.0675
8 0.0525
1 0.0375
7 0.035
2 0.0275
0 0.025
6 0.02
4 0.0175
doc : 29
5 0.6031331592689295
8 0.07571801566579635
9 0.06527415143603134
3 0.06527415143603134
7 0.04960835509138381
0 0.04960835509138381
2 0.044386422976501305
6 0.01566579634464752
4 0.01566579634464752
1 0.01566579634464752
doc : 30
5 0.6644144144144144
9 0.09234234234234234
7 0.05855855855855856
8 0.04279279279279279
3 0.038288288288288286
0 0.033783783783783786
1 0.02027027027027027
4 0.018018018018018018
6 0.015765765765765764
2 0.015765765765765764
doc : 31
2 0.5074183976261127
0 0.09495548961424333
3 0.08902077151335312
1 0.06528189910979229
8 0.06231454005934718
6 0.06231454005934718
9 0.03560830860534125
7 0.032640949554896145
5 0.026706231454005934
4 0.02373887240356083
doc : 32
7 0.7764705882352941
9 0.055462184873949584
5 0.03865546218487395
2 0.025210084033613446
8 0.023529411764705882
3 0.02184873949579832
1 0.018487394957983194
0 0.018487394957983194
6 0.013445378151260505
4 0.008403361344537816
doc : 33
5 0.7601246105919003
0 0.04984423676012461
7 0.040498442367601244
1 0.037383177570093455
9 0.03582554517133956
2 0.0264797507788162
3 0.020249221183800622
8 0.012461059190031152
6 0.009345794392523364
4 0.00778816199376947
doc : 34
6 0.825938566552901
4 0.030716723549488054
7 0.020477815699658702
0 0.020477815699658702
9 0.017064846416382253
8 0.017064846416382253
5 0.017064846416382253
3 0.017064846416382253
2 0.017064846416382253
1 0.017064846416382253
doc : 35
6 0.8250000000000001
9 0.021875000000000002
4 0.021875000000000002
2 0.021875000000000002
8 0.018750000000000003
7 0.018750000000000003
5 0.018750000000000003
3 0.018750000000000003
0 0.018750000000000003
1 0.015625
doc : 36
6 0.8275862068965517
4 0.03103448275862069
8 0.020689655172413793
9 0.017241379310344827
7 0.017241379310344827
5 0.017241379310344827
3 0.017241379310344827
2 0.017241379310344827
1 0.017241379310344827
0 0.017241379310344827
doc : 37
6 0.8271186440677966
9 0.02711864406779661
4 0.02711864406779661
8 0.01694915254237288
7 0.01694915254237288
5 0.01694915254237288
3 0.01694915254237288
2 0.01694915254237288
1 0.01694915254237288
0 0.01694915254237288
doc : 38
6 0.8062283737024222
7 0.02422145328719723
5 0.02422145328719723
4 0.02422145328719723
9 0.020761245674740483
8 0.020761245674740483
3 0.020761245674740483
2 0.020761245674740483
1 0.020761245674740483
0 0.01730103806228374
doc : 39
3 0.8706293706293706
9 0.024475524475524476
0 0.019230769230769232
7 0.015734265734265736
2 0.015734265734265736
1 0.013986013986013986
5 0.012237762237762238
6 0.01048951048951049
8 0.008741258741258742
4 0.008741258741258742
doc : 40
6 0.8269896193771626
4 0.02768166089965398
8 0.020761245674740483
3 0.020761245674740483
9 0.01730103806228374
7 0.01730103806228374
5 0.01730103806228374
2 0.01730103806228374
1 0.01730103806228374
0 0.01730103806228374
doc : 41
6 0.8292682926829268
4 0.024390243902439025
3 0.020905923344947737
1 0.020905923344947737
9 0.017421602787456445
8 0.017421602787456445
7 0.017421602787456445
5 0.017421602787456445
2 0.017421602787456445
0 0.017421602787456445
doc : 42
1 0.8682926829268293
5 0.029268292682926828
7 0.01951219512195122
0 0.018292682926829267
9 0.015853658536585366
3 0.012195121951219513
2 0.01097560975609756
8 0.00975609756097561
6 0.00853658536585366
4 0.007317073170731707
doc : 43
1 0.8508875739644971
9 0.040236686390532544
5 0.033136094674556214
0 0.01775147928994083
3 0.015384615384615385
8 0.009467455621301775
6 0.009467455621301775
2 0.009467455621301775
7 0.007100591715976332
4 0.007100591715976332
doc : 44
3 0.24489795918367346
5 0.17857142857142855
2 0.1020408163265306
8 0.08673469387755102
9 0.08163265306122448
7 0.07142857142857142
1 0.06632653061224489
0 0.06632653061224489
4 0.061224489795918366
6 0.04081632653061224
doc : 45
7 0.7950310559006212
5 0.053830227743271224
9 0.033126293995859216
3 0.031055900621118016
1 0.020703933747412008
2 0.016563146997929608
8 0.012422360248447206
6 0.012422360248447206
4 0.012422360248447206
0 0.012422360248447206
doc : 46
5 0.5742904841402338
9 0.1652754590984975
7 0.08848080133555927
0 0.05342237061769616
8 0.0333889816360601
3 0.03171953255425709
6 0.01669449081803005
2 0.01669449081803005
4 0.01001669449081803
1 0.01001669449081803
doc : 47
9 0.9136612021857924
0 0.015300546448087432
7 0.01092896174863388
3 0.01092896174863388
2 0.01092896174863388
1 0.009836065573770491
6 0.007650273224043716
5 0.007650273224043716
4 0.007650273224043716
8 0.00546448087431694
doc : 48
9 0.41002949852507375
5 0.1710914454277286
7 0.10914454277286136
8 0.0855457227138643
3 0.06784660766961652
2 0.058997050147492625
0 0.038348082595870206
1 0.02359882005899705
4 0.02064896755162242
6 0.014749262536873156
doc : 49
4 0.8328298086606244
6 0.13897280966767372
8 0.005035246727089627
2 0.004028197381671702
9 0.003524672708962739
7 0.003524672708962739
3 0.003524672708962739
1 0.0030211480362537764
0 0.0030211480362537764
5 0.0025176233635448137
