doc : 0
1 0.48717948717948717
5 0.4267399267399267
8 0.014652014652014652
2 0.01282051282051282
6 0.010989010989010988
0 0.010989010989010988
9 0.009157509157509158
7 0.009157509157509158
4 0.009157509157509158
3 0.009157509157509158
doc : 1
3 0.9259776536312849
9 0.012569832402234637
8 0.008379888268156424
7 0.008379888268156424
6 0.008379888268156424
0 0.008379888268156424
5 0.006983240223463688
4 0.006983240223463688
2 0.006983240223463688
1 0.006983240223463688
doc : 2
5 0.5295698924731184
7 0.33333333333333337
8 0.021505376344086023
1 0.021505376344086023
0 0.01881720430107527
6 0.016129032258064516
4 0.016129032258064516
2 0.016129032258064516
9 0.013440860215053765
3 0.013440860215053765
doc : 3
5 0.5116279069767442
7 0.35400516795865633
0 0.023255813953488372
8 0.020671834625323
2 0.018087855297157625
6 0.015503875968992248
3 0.015503875968992248
1 0.015503875968992248
9 0.012919896640826874
4 0.012919896640826874
doc : 4
5 0.5745967741935484
1 0.27419354838709675
2 0.04435483870967742
0 0.02217741935483871
7 0.01814516129032258
8 0.016129032258064516
9 0.014112903225806451
4 0.014112903225806451
3 0.012096774193548387
6 0.010080645161290322
doc : 5
5 0.7225609756097561
1 0.06707317073170732
2 0.06402439024390244
0 0.03353658536585366
8 0.021341463414634148
7 0.021341463414634148
6 0.021341463414634148
4 0.01829268292682927
9 0.01524390243902439
3 0.01524390243902439
doc : 6
5 0.5714285714285714
1 0.273972602739726
2 0.04892367906066536
0 0.029354207436399216
7 0.019569471624266144
3 0.0136986301369863
6 0.011741682974559686
4 0.011741682974559686
9 0.009784735812133072
8 0.009784735812133072
doc : 7
5 0.7441176470588236
1 0.06764705882352941
2 0.055882352941176466
0 0.023529411764705882
9 0.020588235294117647
8 0.020588235294117647
7 0.01764705882352941
6 0.01764705882352941
3 0.01764705882352941
4 0.014705882352941176
doc : 8
1 0.5164644714038128
5 0.3934142114384748
2 0.01733102253032929
9 0.01386481802426343
0 0.01386481802426343
4 0.010398613518197573
8 0.008665511265164644
7 0.008665511265164644
6 0.008665511265164644
3 0.008665511265164644
doc : 9
0 0.666077738515901
1 0.09187279151943463
5 0.08303886925795052
2 0.05653710247349823
7 0.021201413427561835
6 0.021201413427561835
4 0.019434628975265017
3 0.015901060070671377
8 0.014134275618374558
9 0.010600706713780918
doc : 10
3 0.9225352112676057
6 0.015492957746478873
9 0.008450704225352114
5 0.008450704225352114
4 0.008450704225352114
1 0.008450704225352114
8 0.007042253521126761
7 0.007042253521126761
2 0.007042253521126761
0 0.007042253521126761
doc : 11
5 0.7882037533512064
1 0.045576407506702415
0 0.032171581769437
6 0.021447721179624665
4 0.021447721179624665
2 0.021447721179624665
7 0.01876675603217158
3 0.01876675603217158
9 0.0160857908847185
8 0.0160857908847185
doc : 12
2 0.4759825327510917
5 0.3973799126637555
1 0.046579330422125184
0 0.01601164483260553
7 0.014556040756914121
9 0.011644832605531296
8 0.010189228529839884
3 0.010189228529839884
6 0.008733624454148471
4 0.008733624454148471
doc : 13
5 0.7754318618042226
2 0.0690978886756238
1 0.03262955854126679
7 0.026871401151631478
3 0.023032629558541268
0 0.023032629558541268
9 0.01727447216890595
8 0.011516314779270634
6 0.011516314779270634
4 0.009596928982725527
doc : 14
5 0.4978813559322034
1 0.375
0 0.02754237288135593
4 0.025423728813559324
9 0.012711864406779662
8 0.012711864406779662
7 0.012711864406779662
3 0.012711864406779662
2 0.012711864406779662
6 0.01059322033898305
doc : 15
5 0.7103174603174602
6 0.051587301587301584
0 0.04365079365079365
2 0.03571428571428571
7 0.031746031746031744
9 0.027777777777777776
4 0.027777777777777776
1 0.027777777777777776
8 0.023809523809523808
3 0.01984126984126984
doc : 16
2 0.4114583333333333
5 0.390625
1 0.07682291666666666
8 0.04817708333333333
0 0.0234375
7 0.01171875
4 0.01171875
9 0.010416666666666666
3 0.009114583333333332
6 0.006510416666666666
doc : 17
5 0.7326388888888888
1 0.048611111111111105
8 0.03819444444444444
0 0.03819444444444444
7 0.03125
2 0.027777777777777776
6 0.024305555555555552
3 0.024305555555555552
9 0.017361111111111112
4 0.017361111111111112
doc : 18
2 0.3753026634382567
0 0.15980629539951574
5 0.15012106537530268
1 0.10411622276029056
7 0.06537530266343826
9 0.04116222760290557
8 0.04116222760290557
3 0.02421307506053269
4 0.02179176755447942
6 0.01694915254237288
doc : 19
5 0.7472924187725632
1 0.05415162454873646
8 0.043321299638989175
7 0.036101083032490974
6 0.021660649819494587
2 0.021660649819494587
0 0.021660649819494587
9 0.018050541516245487
4 0.018050541516245487
3 0.018050541516245487
doc : 20
5 0.550561797752809
7 0.08426966292134831
9 0.06741573033707865
1 0.06179775280898876
0 0.05056179775280899
8 0.0449438202247191
3 0.0449438202247191
6 0.033707865168539325
2 0.033707865168539325
4 0.028089887640449437
doc : 21
5 0.7002881844380403
1 0.08645533141210374
0 0.040345821325648415
2 0.034582132564841495
3 0.03170028818443804
8 0.02593659942363112
4 0.023054755043227664
9 0.020172910662824207
7 0.020172910662824207
6 0.017291066282420747
doc : 22
1 0.5993071593533488
5 0.325635103926097
6 0.012702078521939953
2 0.011547344110854504
0 0.011547344110854504
9 0.009237875288683603
8 0.009237875288683603
7 0.008083140877598153
4 0.0069284064665127015
3 0.005773672055427252
doc : 23
5 0.8324022346368716
1 0.02793296089385475
7 0.025139664804469275
9 0.019553072625698324
2 0.019553072625698324
8 0.01675977653631285
4 0.01675977653631285
6 0.013966480446927375
3 0.013966480446927375
0 0.013966480446927375
doc : 24
5 0.6711409395973155
1 0.1185682326621924
0 0.05592841163310962
2 0.049217002237136466
7 0.024608501118568233
9 0.020134228187919462
4 0.017897091722595078
3 0.015659955257270694
8 0.013422818791946308
6 0.013422818791946308
doc : 25
5 0.6793248945147679
2 0.05485232067510548
1 0.04641350210970464
8 0.04219409282700422
0 0.04219409282700422
7 0.03797468354430379
9 0.025316455696202528
4 0.025316455696202528
3 0.025316455696202528
6 0.02109704641350211
doc : 26
2 0.4892966360856269
5 0.3287461773700306
0 0.07033639143730887
1 0.035168195718654434
9 0.021406727828746176
4 0.016819571865443424
6 0.012232415902140673
8 0.010703363914373088
7 0.00764525993883792
3 0.00764525993883792
doc : 27
9 0.8997214484679665
8 0.029712163416898793
4 0.013927576601671309
7 0.01021355617455896
5 0.009285051067780874
6 0.008356545961002786
2 0.008356545961002786
1 0.008356545961002786
3 0.0064995357474466105
0 0.005571030640668524
doc : 28
4 0.7169373549883991
5 0.07192575406032482
2 0.04408352668213457
9 0.03944315545243619
1 0.030162412993039442
6 0.025522041763341066
0 0.02320185614849188
3 0.02088167053364269
8 0.013921113689095127
7 0.013921113689095127
doc : 29
4 0.5308641975308641
9 0.08641975308641975
3 0.07407407407407407
6 0.06790123456790123
8 0.04938271604938271
2 0.04938271604938271
7 0.043209876543209874
0 0.037037037037037035
5 0.030864197530864196
1 0.030864197530864196
doc : 30
2 0.45945945945945943
5 0.39864864864864863
7 0.03153153153153153
1 0.024774774774774775
8 0.018018018018018018
0 0.018018018018018018
9 0.015765765765765764
6 0.01126126126126126
4 0.01126126126126126
3 0.01126126126126126
doc : 31
2 0.410377358490566
5 0.39858490566037735
7 0.0589622641509434
1 0.025943396226415092
0 0.023584905660377357
9 0.018867924528301886
8 0.01650943396226415
6 0.01650943396226415
3 0.01650943396226415
4 0.014150943396226415
doc : 32
5 0.617169373549884
1 0.16241299303944315
2 0.058004640371229696
0 0.03944315545243619
7 0.030162412993039442
6 0.025522041763341066
9 0.02088167053364269
8 0.02088167053364269
4 0.013921113689095127
3 0.01160092807424594
doc : 33
5 0.6793650793650794
7 0.0761904761904762
2 0.044444444444444446
0 0.04126984126984127
1 0.03492063492063492
8 0.031746031746031744
6 0.02857142857142857
9 0.022222222222222223
4 0.022222222222222223
3 0.01904761904761905
doc : 34
5 0.6015037593984962
1 0.22556390977443608
0 0.05513784461152882
4 0.022556390977443608
2 0.022556390977443608
6 0.017543859649122806
9 0.015037593984962405
3 0.015037593984962405
8 0.012531328320802004
7 0.012531328320802004
doc : 35
5 0.7216494845360825
1 0.06872852233676977
0 0.041237113402061855
2 0.037800687285223365
6 0.024054982817869414
4 0.024054982817869414
9 0.020618556701030927
8 0.020618556701030927
7 0.020618556701030927
3 0.020618556701030927
doc : 36
9 0.44966442953020136
6 0.12751677852348994
4 0.12751677852348994
1 0.053691275167785234
3 0.04697986577181208
8 0.040268456375838924
7 0.040268456375838924
5 0.040268456375838924
2 0.040268456375838924
0 0.03355704697986577
doc : 37
8 0.689935064935065
2 0.13474025974025974
9 0.061688311688311695
7 0.022727272727272728
4 0.01948051948051948
6 0.01785714285714286
1 0.01785714285714286
0 0.014610389610389612
3 0.011363636363636364
5 0.00974025974025974
doc : 38
7 0.7823639774859287
2 0.08348968105065666
0 0.04878048780487805
1 0.0225140712945591
5 0.020637898686679174
8 0.01125703564727955
4 0.009380863039399626
6 0.008442776735459663
9 0.006566604127579737
3 0.006566604127579737
doc : 39
0 0.7541394882087306
1 0.08278976417461113
7 0.06121424987456096
2 0.03311590566984445
5 0.029101856497742096
4 0.013547415955845458
8 0.008028098344204716
3 0.006522829904666331
6 0.0060210737581535365
9 0.0055193176116407425
doc : 40
2 0.4841437632135307
5 0.36363636363636365
0 0.03594080338266385
1 0.021141649048625793
8 0.019027484143763214
6 0.019027484143763214
7 0.016913319238900635
4 0.014799154334038056
9 0.012684989429175477
3 0.012684989429175477
doc : 41
5 0.6432432432432433
7 0.11621621621621622
1 0.06486486486486487
2 0.03783783783783784
0 0.03783783783783784
6 0.032432432432432434
4 0.01891891891891892
3 0.01891891891891892
8 0.016216216216216217
9 0.013513513513513514
doc : 42
8 0.7056277056277056
2 0.15151515151515152
5 0.04184704184704185
9 0.024531024531024532
7 0.01443001443001443
1 0.01443001443001443
0 0.01443001443001443
6 0.012987012987012988
4 0.0101010101010101
3 0.0101010101010101
doc : 43
5 0.5404411764705882
7 0.10294117647058823
2 0.08088235294117647
0 0.0625
1 0.05514705882352941
6 0.051470588235294115
9 0.044117647058823525
4 0.022058823529411763
3 0.022058823529411763
8 0.01838235294117647
doc : 44
5 0.7956656346749227
8 0.043343653250773995
2 0.03405572755417957
9 0.018575851393188854
7 0.018575851393188854
6 0.018575851393188854
3 0.018575851393188854
1 0.018575851393188854
0 0.018575851393188854
4 0.015479876160990714
doc : 45
5 0.7397769516728624
1 0.04460966542750929
0 0.040892193308550186
2 0.03345724907063197
8 0.02973977695167286
4 0.026022304832713755
9 0.022304832713754646
7 0.022304832713754646
6 0.022304832713754646
3 0.018587360594795536
doc : 46
8 0.9314024390243903
2 0.020833333333333336
6 0.015752032520325206
7 0.006097560975609756
1 0.006097560975609756
0 0.005081300813008131
4 0.004573170731707318
9 0.0040650406504065045
3 0.0035569105691056913
5 0.0025406504065040654
doc : 47
6 0.9106498194945849
3 0.03249097472924188
9 0.01444043321299639
4 0.012635379061371842
8 0.006317689530685921
0 0.005415162454873647
7 0.004512635379061372
5 0.004512635379061372
2 0.004512635379061372
1 0.004512635379061372
doc : 48
3 0.6639999999999999
6 0.14133333333333334
4 0.04533333333333333
8 0.026666666666666665
7 0.024
1 0.024
9 0.021333333333333333
2 0.021333333333333333
5 0.018666666666666665
0 0.013333333333333332
doc : 49
4 0.8711048158640227
6 0.032577903682719546
3 0.026912181303116147
7 0.01274787535410765
5 0.0113314447592068
9 0.009915014164305949
1 0.009915014164305949
8 0.0084985835694051
2 0.0084985835694051
0 0.0084985835694051
