doc : 0
7 0.5702127659574469
1 0.18014184397163122
6 0.06666666666666667
3 0.052482269503546106
0 0.04680851063829788
4 0.025531914893617023
8 0.02269503546099291
9 0.01702127659574468
2 0.009929078014184398
5 0.00851063829787234
doc : 1
7 0.5446808510638298
1 0.20283687943262413
6 0.05815602836879433
3 0.052482269503546106
0 0.03829787234042553
4 0.03120567375886525
9 0.02695035460992908
8 0.02269503546099291
5 0.012765957446808512
2 0.009929078014184398
doc : 2
3 0.848421052631579
7 0.04421052631578947
8 0.016842105263157894
4 0.016842105263157894
0 0.014736842105263158
9 0.01263157894736842
6 0.01263157894736842
5 0.01263157894736842
2 0.010526315789473684
1 0.010526315789473684
doc : 3
7 0.2763532763532764
9 0.20797720797720798
6 0.17663817663817666
4 0.09401709401709402
8 0.07122507122507123
1 0.07122507122507123
0 0.05413105413105413
5 0.019943019943019943
3 0.014245014245014245
2 0.014245014245014245
doc : 4
7 0.8850855745721271
3 0.030562347188264057
9 0.01589242053789731
6 0.013447432762836185
8 0.012224938875305624
4 0.009779951100244499
5 0.008557457212713936
2 0.008557457212713936
1 0.008557457212713936
0 0.007334963325183374
doc : 5
3 0.9510204081632654
5 0.007346938775510205
4 0.007346938775510205
9 0.005714285714285714
7 0.005714285714285714
8 0.004897959183673469
2 0.004897959183673469
1 0.004897959183673469
6 0.004081632653061225
0 0.004081632653061225
doc : 6
2 0.8150105708245243
7 0.059196617336152224
3 0.03488372093023256
0 0.03488372093023256
4 0.012684989429175477
8 0.011627906976744186
6 0.010570824524312896
5 0.008456659619450317
1 0.007399577167019028
9 0.005285412262156448
doc : 7
6 0.6718232044198895
9 0.12044198895027625
7 0.0850828729281768
8 0.027624309392265196
4 0.022099447513812157
0 0.020994475138121547
3 0.01657458563535912
1 0.015469613259668509
5 0.011049723756906079
2 0.008839779005524863
doc : 8
3 0.8466579292267365
4 0.0491480996068152
7 0.03866317169069463
6 0.02621231979030144
9 0.009829619921363041
5 0.009829619921363041
8 0.00655307994757536
0 0.00655307994757536
2 0.00327653997378768
1 0.00327653997378768
doc : 9
8 0.9354430379746835
7 0.010126582278481013
6 0.00759493670886076
5 0.00759493670886076
0 0.00759493670886076
9 0.006329113924050633
4 0.006329113924050633
3 0.006329113924050633
2 0.006329113924050633
1 0.006329113924050633
doc : 10
8 0.9379746835443038
7 0.008860759493670886
3 0.00759493670886076
0 0.00759493670886076
9 0.006329113924050633
6 0.006329113924050633
5 0.006329113924050633
4 0.006329113924050633
2 0.006329113924050633
1 0.006329113924050633
doc : 11
3 0.8600451467268623
0 0.02257336343115124
9 0.015801354401805866
8 0.015801354401805866
6 0.015801354401805866
4 0.015801354401805866
1 0.015801354401805866
7 0.013544018058690745
5 0.013544018058690745
2 0.01128668171557562
doc : 12
6 0.4929577464788733
9 0.3822937625754527
4 0.022132796780684107
7 0.02012072434607646
5 0.018108651911468814
8 0.01609657947686117
3 0.01609657947686117
2 0.012072434607645876
1 0.01006036217303823
0 0.01006036217303823
doc : 13
8 0.9329113924050633
9 0.008860759493670886
7 0.008860759493670886
5 0.008860759493670886
3 0.008860759493670886
6 0.006329113924050633
4 0.006329113924050633
2 0.006329113924050633
1 0.006329113924050633
0 0.006329113924050633
doc : 14
6 0.5748299319727891
7 0.19144800777453838
9 0.10641399416909621
8 0.0835762876579203
3 0.014577259475218658
4 0.00923226433430515
0 0.00826044703595724
1 0.004859086491739553
5 0.003887269193391642
2 0.0029154518950437317
doc : 15
7 0.5965217391304348
3 0.1756521739130435
4 0.05565217391304348
6 0.04869565217391304
0 0.043478260869565216
9 0.03130434782608696
8 0.017391304347826087
1 0.01217391304347826
5 0.010434782608695653
2 0.008695652173913044
doc : 16
3 0.938953488372093
7 0.009689922480620155
4 0.00872093023255814
8 0.007751937984496124
6 0.007751937984496124
5 0.005813953488372093
2 0.005813953488372093
1 0.005813953488372093
9 0.0048449612403100775
0 0.0048449612403100775
doc : 17
2 0.9663561076604555
4 0.005693581780538303
7 0.004140786749482402
5 0.004140786749482402
0 0.004140786749482402
9 0.003623188405797102
6 0.003623188405797102
8 0.0031055900621118015
3 0.002587991718426501
1 0.002587991718426501
doc : 18
1 0.9451844262295083
7 0.013831967213114756
3 0.0076844262295081974
9 0.006147540983606557
4 0.006147540983606557
0 0.005122950819672132
8 0.004610655737704918
6 0.004610655737704918
2 0.003586065573770492
5 0.0030737704918032786
doc : 19
2 0.9728006799830003
1 0.004674883127921802
0 0.004674883127921802
5 0.0029749256268593286
3 0.0029749256268593286
7 0.0025499362515937103
6 0.0025499362515937103
4 0.0025499362515937103
9 0.0021249468763280916
8 0.0021249468763280916
doc : 20
3 0.735632183908046
0 0.12835249042145594
6 0.026819923371647507
4 0.022988505747126436
7 0.019157088122605363
9 0.017241379310344827
8 0.01532567049808429
2 0.013409961685823753
1 0.011494252873563218
5 0.009578544061302681
doc : 21
0 0.5913978494623656
9 0.17419354838709677
7 0.05591397849462366
6 0.03870967741935484
3 0.034408602150537634
1 0.03225806451612903
4 0.03010752688172043
8 0.017204301075268817
2 0.015053763440860214
5 0.010752688172043012
doc : 22
6 0.603
9 0.186
7 0.127
4 0.02
3 0.019
8 0.017
1 0.009000000000000001
5 0.008
2 0.006
0 0.005
doc : 23
7 0.46785714285714286
6 0.18214285714285713
0 0.07857142857142857
8 0.06428571428571428
3 0.06428571428571428
2 0.03571428571428571
9 0.03214285714285714
5 0.02857142857142857
4 0.02857142857142857
1 0.017857142857142856
doc : 24
0 0.5504682622268471
4 0.10613943808532779
6 0.10093652445369408
7 0.06971904266389178
8 0.04058272632674298
9 0.03954214360041624
5 0.03850156087408949
1 0.021852237252861603
3 0.020811654526534863
2 0.011446409989594173
doc : 25
3 0.7434343434343434
0 0.10707070707070707
9 0.024242424242424242
8 0.024242424242424242
7 0.024242424242424242
6 0.024242424242424242
2 0.01616161616161616
5 0.012121212121212121
4 0.012121212121212121
1 0.012121212121212121
doc : 26
7 0.8549618320610688
3 0.058524173027989825
8 0.015267175572519085
6 0.015267175572519085
9 0.013994910941475827
1 0.010178117048346057
0 0.010178117048346057
5 0.0076335877862595426
2 0.0076335877862595426
4 0.0063613231552162855
doc : 27
3 0.782608695652174
0 0.10434782608695653
7 0.017391304347826087
6 0.017391304347826087
5 0.017391304347826087
8 0.013043478260869566
2 0.013043478260869566
1 0.013043478260869566
9 0.010869565217391304
4 0.010869565217391304
doc : 28
3 0.9448685326547922
7 0.01102629346904156
4 0.007633587786259542
8 0.005937234944868533
1 0.005937234944868533
0 0.005937234944868533
9 0.005089058524173028
6 0.005089058524173028
5 0.004240882103477523
2 0.004240882103477523
doc : 29
9 0.6984754376058724
7 0.12535290796160362
3 0.08808582721626199
6 0.034443817052512704
4 0.023715415019762844
0 0.009034443817052512
5 0.007905138339920948
8 0.005081874647092038
1 0.004517221908526256
2 0.003387916431394692
doc : 30
6 0.7769652650822669
3 0.061243144424131625
7 0.03930530164533821
4 0.0356489945155393
0 0.0283363802559415
9 0.021937842778793418
8 0.013711151736745886
1 0.011882998171846435
5 0.005484460694698354
2 0.005484460694698354
doc : 31
5 0.8364888123924269
2 0.04302925989672978
4 0.0378657487091222
6 0.017211703958691912
0 0.013769363166953529
7 0.012048192771084338
9 0.010327022375215147
8 0.010327022375215147
1 0.010327022375215147
3 0.008605851979345956
doc : 32
5 0.8346055979643766
4 0.020356234096692113
3 0.020356234096692113
2 0.020356234096692113
1 0.020356234096692113
0 0.020356234096692113
8 0.017811704834605598
7 0.017811704834605598
9 0.015267175572519085
6 0.012722646310432571
doc : 33
5 0.9333986287952988
7 0.012732615083251714
6 0.00881488736532811
1 0.007835455435847209
4 0.0068560235063663075
3 0.0068560235063663075
2 0.0068560235063663075
0 0.0068560235063663075
9 0.004897159647404506
8 0.004897159647404506
doc : 34
0 0.8189655172413792
3 0.07891246684350132
2 0.05968169761273209
7 0.009283819628647215
5 0.009283819628647215
4 0.00663129973474801
8 0.005305039787798408
9 0.004641909814323607
6 0.003978779840848806
1 0.003315649867374005
doc : 35
2 0.5518518518518519
0 0.16296296296296298
5 0.11851851851851852
7 0.02592592592592593
6 0.02592592592592593
4 0.02592592592592593
1 0.02592592592592593
9 0.022222222222222223
8 0.022222222222222223
3 0.018518518518518517
doc : 36
3 0.9117241379310345
9 0.01655172413793103
8 0.012413793103448275
7 0.011034482758620689
1 0.011034482758620689
4 0.008275862068965516
0 0.008275862068965516
6 0.006896551724137931
5 0.006896551724137931
2 0.006896551724137931
doc : 37
8 0.9265822784810127
9 0.010126582278481013
6 0.008860759493670886
4 0.008860759493670886
3 0.008860759493670886
1 0.008860759493670886
7 0.00759493670886076
5 0.00759493670886076
2 0.006329113924050633
0 0.006329113924050633
doc : 38
8 0.9316455696202531
6 0.010126582278481013
3 0.010126582278481013
7 0.00759493670886076
4 0.00759493670886076
0 0.00759493670886076
9 0.006329113924050633
5 0.006329113924050633
2 0.006329113924050633
1 0.006329113924050633
doc : 39
7 0.6337662337662338
3 0.17662337662337663
0 0.07532467532467532
6 0.023376623376623377
9 0.01818181818181818
1 0.01818181818181818
4 0.015584415584415584
8 0.012987012987012988
5 0.012987012987012988
2 0.012987012987012988
doc : 40
6 0.8463768115942029
9 0.03188405797101449
7 0.030917874396135265
4 0.025120772946859903
3 0.017391304347826087
0 0.014492753623188406
1 0.013526570048309178
8 0.008695652173913044
5 0.005797101449275362
2 0.005797101449275362
doc : 41
3 0.9179415855354659
8 0.011126564673157162
7 0.011126564673157162
9 0.009735744089012517
6 0.009735744089012517
4 0.009735744089012517
1 0.008344923504867872
0 0.008344923504867872
5 0.006954102920723226
2 0.006954102920723226
doc : 42
3 0.8608137044967881
8 0.023554603854389723
1 0.021413276231263385
6 0.019271948608137045
0 0.017130620985010708
4 0.014989293361884369
9 0.010706638115631693
7 0.010706638115631693
5 0.010706638115631693
2 0.010706638115631693
doc : 43
3 0.7476851851851851
7 0.06712962962962962
0 0.06712962962962962
6 0.034722222222222224
9 0.013888888888888888
8 0.013888888888888888
5 0.013888888888888888
4 0.013888888888888888
2 0.013888888888888888
1 0.013888888888888888
doc : 44
1 0.8643592142188962
6 0.029466791393826006
3 0.020112254443405052
9 0.018709073900841908
7 0.01777362020579981
0 0.015902712815715623
4 0.01403180542563143
8 0.01028999064546305
5 0.007015902712815715
2 0.0023386342376052385
doc : 45
6 0.5352112676056339
0 0.22848200312989045
9 0.07355242566510173
3 0.05320813771517997
4 0.03755868544600939
7 0.03129890453834116
1 0.012519561815336464
8 0.010954616588419406
2 0.009389671361502348
5 0.00782472613458529
doc : 46
0 0.6957494407158836
7 0.07606263982102908
4 0.06263982102908278
3 0.04586129753914989
8 0.03355704697986577
9 0.030201342281879193
5 0.022371364653243846
6 0.0145413870246085
1 0.010067114093959731
2 0.008948545861297539
doc : 47
2 0.939646201873049
1 0.008324661810613945
5 0.007284079084287201
4 0.007284079084287201
3 0.007284079084287201
8 0.0062434963579604584
7 0.0062434963579604584
6 0.0062434963579604584
0 0.0062434963579604584
9 0.005202913631633716
doc : 48
6 0.6104347826086957
3 0.11304347826086956
0 0.0991304347826087
4 0.059130434782608696
7 0.034782608695652174
1 0.029565217391304348
5 0.017391304347826087
9 0.01565217391304348
8 0.01217391304347826
2 0.008695652173913044
doc : 49
0 0.7443181818181819
9 0.058712121212121215
3 0.05303030303030303
7 0.05113636363636364
4 0.02462121212121212
6 0.020833333333333336
8 0.013257575757575758
1 0.013257575757575758
5 0.011363636363636364
2 0.00946969696969697
doc : 50
0 0.5693730729701952
3 0.3319630010277492
7 0.015416238437821172
6 0.015416238437821172
4 0.015416238437821172
9 0.014388489208633094
5 0.011305241521068859
1 0.011305241521068859
2 0.008221993833504625
8 0.007194244604316547
doc : 51
0 0.8474341192787795
9 0.03883495145631068
4 0.03744798890429959
7 0.013869625520110958
3 0.012482662968099861
1 0.012482662968099861
6 0.011095700416088766
5 0.00970873786407767
8 0.008321775312066574
2 0.008321775312066574
doc : 52
7 0.8441358024691358
3 0.038580246913580245
6 0.020061728395061727
4 0.018518518518518517
0 0.015432098765432098
8 0.013888888888888888
2 0.013888888888888888
1 0.013888888888888888
9 0.010802469135802469
5 0.010802469135802469
doc : 53
9 0.8454172366621067
0 0.05813953488372093
8 0.023255813953488372
7 0.022571819425444596
6 0.015047879616963064
3 0.015047879616963064
4 0.007523939808481532
5 0.005471956224350205
1 0.004103967168262654
2 0.003419972640218878
doc : 54
6 0.725790987535954
9 0.0757430488974113
3 0.06615532118887824
7 0.039309683604985615
4 0.032598274209012464
0 0.019175455417066153
1 0.01725790987535954
8 0.013422818791946308
5 0.005752636625119847
2 0.004793863854266538
doc : 55
3 0.9473978735310578
0 0.011751538891997763
8 0.006155567991046447
7 0.006155567991046447
4 0.006155567991046447
9 0.005595970900951316
6 0.005595970900951316
2 0.004476776720761052
5 0.003917179630665921
1 0.002797985450475658
doc : 56
0 0.4765319426336375
3 0.37940026075619293
7 0.050195567144719684
6 0.04106910039113429
4 0.028683181225554105
8 0.005215123859191656
5 0.005215123859191656
1 0.005215123859191656
9 0.0045632333767926985
2 0.003911342894393741
doc : 57
3 0.8470319634703196
2 0.02511415525114155
7 0.0228310502283105
6 0.02054794520547945
0 0.02054794520547945
5 0.0136986301369863
4 0.0136986301369863
1 0.0136986301369863
9 0.01141552511415525
8 0.01141552511415525
doc : 58
7 0.7389885807504079
6 0.05872756933115824
4 0.04730831973898858
8 0.032626427406199025
3 0.03099510603588907
0 0.024469820554649267
1 0.021207177814029365
9 0.016313213703099513
2 0.016313213703099513
5 0.013050570962479609
doc : 59
3 0.9456
6 0.0088
0 0.007200000000000001
7 0.0064
1 0.0064
9 0.0056
2 0.0056
8 0.0048000000000000004
5 0.0048000000000000004
4 0.0048000000000000004
doc : 60
3 0.8159645232815964
6 0.037694013303769404
9 0.031042128603104215
0 0.024390243902439025
8 0.019955654101995565
7 0.019955654101995565
5 0.013303769401330377
4 0.013303769401330377
1 0.013303769401330377
2 0.011086474501108647
doc : 61
6 0.8142605633802817
7 0.04225352112676056
0 0.037852112676056336
3 0.03345070422535212
8 0.017605633802816902
1 0.017605633802816902
9 0.01672535211267606
4 0.008802816901408451
5 0.006161971830985916
2 0.00528169014084507
doc : 62
6 0.6764132553606237
3 0.14035087719298245
0 0.050682261208576995
7 0.04873294346978557
9 0.021442495126705652
4 0.01949317738791423
8 0.01364522417153996
5 0.009746588693957114
2 0.009746588693957114
1 0.009746588693957114
doc : 63
9 0.8274147727272727
6 0.08948863636363637
7 0.02556818181818182
4 0.019176136363636364
8 0.012073863636363636
5 0.007102272727272728
1 0.005681818181818182
0 0.005681818181818182
3 0.004261363636363636
2 0.003551136363636364
doc : 64
8 0.37142857142857144
6 0.16428571428571428
3 0.07857142857142857
9 0.07142857142857142
7 0.06428571428571428
1 0.06428571428571428
2 0.049999999999999996
0 0.049999999999999996
5 0.04285714285714286
4 0.04285714285714286
doc : 65
9 0.8603015075376885
0 0.07336683417085428
4 0.01206030150753769
5 0.011055276381909548
3 0.009045226130653268
2 0.009045226130653268
1 0.009045226130653268
6 0.006030150753768845
8 0.0050251256281407045
7 0.0050251256281407045
doc : 66
8 0.5865102639296188
7 0.21700879765395895
6 0.06451612903225806
3 0.053763440860215055
9 0.02346041055718475
0 0.01857282502443793
4 0.012707722385141739
5 0.009775171065493646
1 0.007820136852394917
2 0.005865102639296188
doc : 67
4 0.8983436180578109
7 0.03670022734654108
6 0.01916206560571614
3 0.016563819421890225
8 0.006170834686586554
2 0.006170834686586554
5 0.005196492367651835
0 0.004546930821695355
9 0.0035725885027606363
1 0.0035725885027606363
doc : 68
6 0.5557851239669421
9 0.3119834710743802
3 0.024793388429752067
8 0.01859504132231405
1 0.01859504132231405
4 0.01652892561983471
5 0.014462809917355372
0 0.014462809917355372
7 0.012396694214876033
2 0.012396694214876033
doc : 69
2 0.5840726222405612
3 0.3996286362698577
4 0.003713637301423561
6 0.0022694450175366207
5 0.0022694450175366207
0 0.0022694450175366207
7 0.0018568186507117806
8 0.0016505054672993605
1 0.0012378791004745203
9 0.0010315659170621002
doc : 70
8 0.9354430379746835
9 0.008860759493670886
6 0.008860759493670886
4 0.00759493670886076
1 0.00759493670886076
7 0.006329113924050633
5 0.006329113924050633
3 0.006329113924050633
2 0.006329113924050633
0 0.006329113924050633
doc : 71
7 0.3837084673097535
6 0.2733118971061093
4 0.12433011789924973
0 0.08038585209003216
1 0.03751339764201501
9 0.03536977491961415
8 0.020364415862808145
5 0.020364415862808145
3 0.015005359056806002
2 0.00964630225080386
doc : 72
6 0.5982456140350877
7 0.18947368421052632
4 0.056140350877192984
9 0.04035087719298246
8 0.026315789473684213
5 0.02280701754385965
1 0.02280701754385965
0 0.021052631578947368
3 0.012280701754385965
2 0.010526315789473684
doc : 73
6 0.35784313725490197
9 0.34477124183006536
7 0.10294117647058824
8 0.05555555555555556
3 0.0392156862745098
0 0.03431372549019608
5 0.029411764705882353
4 0.014705882352941176
1 0.011437908496732027
2 0.00980392156862745
doc : 74
1 0.40468227424749165
0 0.1605351170568562
7 0.12709030100334448
4 0.08361204013377926
6 0.07692307692307693
3 0.04013377926421405
2 0.030100334448160536
9 0.026755852842809364
8 0.026755852842809364
5 0.023411371237458192
doc : 75
6 0.7755532139093783
7 0.06427818756585879
9 0.0410958904109589
4 0.038988408851422546
5 0.018967334035827184
3 0.01685985247629083
0 0.01685985247629083
8 0.0136986301369863
1 0.0073761854583772385
2 0.006322444678609061
doc : 76
6 0.3302013422818792
4 0.28590604026845634
7 0.13154362416107382
3 0.06442953020134227
8 0.046979865771812075
5 0.040268456375838924
9 0.038926174496644296
0 0.0348993288590604
2 0.013422818791946308
1 0.013422818791946308
doc : 77
0 0.41339155749636103
2 0.32168850072780203
5 0.1208151382823872
8 0.030567685589519653
3 0.027656477438136828
9 0.020378457059679767
1 0.020378457059679767
6 0.018922852983988356
7 0.013100436681222708
4 0.013100436681222708
doc : 78
4 0.6276445698166432
6 0.12411847672778561
7 0.06770098730606489
9 0.03808180535966149
0 0.031029619181946404
8 0.029619181946403384
3 0.028208744710860365
1 0.023977433004231313
5 0.018335684062059238
2 0.011283497884344146
doc : 79
6 0.7783171521035599
7 0.05016181229773463
0 0.043689320388349516
4 0.02912621359223301
8 0.024271844660194174
3 0.021035598705501618
9 0.01779935275080906
1 0.014563106796116505
5 0.012944983818770227
2 0.008090614886731393
doc : 80
7 0.7001675041876047
2 0.06867671691792294
3 0.06030150753768844
4 0.05527638190954774
8 0.02847571189279732
9 0.02680067001675042
6 0.02345058626465662
1 0.01340033500837521
5 0.01172529313232831
0 0.01172529313232831
doc : 81
3 0.883054892601432
7 0.014319809069212411
6 0.014319809069212411
5 0.014319809069212411
0 0.014319809069212411
9 0.011933174224343677
8 0.011933174224343677
4 0.011933174224343677
2 0.011933174224343677
1 0.011933174224343677
doc : 82
5 0.3866171003717472
6 0.16356877323420074
7 0.10408921933085502
0 0.08736059479553902
8 0.08550185873605948
3 0.061338289962825275
4 0.05390334572490706
9 0.02973977695167286
1 0.01486988847583643
2 0.013011152416356878
doc : 83
6 0.3385063045586809
7 0.26867119301648884
4 0.19204655674102813
0 0.05625606207565471
3 0.04364694471387003
9 0.03976721629485936
8 0.019398642095053348
1 0.01842870999030068
5 0.016488845780795344
2 0.006789524733268671
doc : 84
9 0.8714185883997204
3 0.04612159329140461
6 0.03773584905660377
7 0.009783368273934312
4 0.009084556254367574
8 0.007686932215234102
0 0.006289308176100628
1 0.004891684136967156
5 0.0034940600978336823
2 0.0034940600978336823
doc : 85
2 0.9165446559297219
7 0.01171303074670571
4 0.01171303074670571
1 0.01171303074670571
8 0.010248901903367497
5 0.008784773060029283
9 0.007320644216691069
6 0.007320644216691069
3 0.007320644216691069
0 0.007320644216691069
doc : 86
6 0.5315068493150685
7 0.16164383561643836
4 0.06301369863013699
9 0.06027397260273973
8 0.0410958904109589
3 0.03287671232876713
5 0.030136986301369864
0 0.030136986301369864
2 0.024657534246575342
1 0.024657534246575342
doc : 87
9 0.9199689199689199
6 0.019425019425019424
0 0.01554001554001554
4 0.0101010101010101
8 0.006993006993006993
3 0.006993006993006993
7 0.006216006216006216
1 0.005439005439005439
5 0.004662004662004662
2 0.004662004662004662
doc : 88
9 0.8878606423516604
0 0.04790419161676647
5 0.011976047904191617
3 0.011431682090364726
7 0.010342950462710943
6 0.008709853021230268
4 0.008709853021230268
8 0.005988023952095809
2 0.003810560696788242
1 0.0032661948829613503
doc : 89
9 0.9562091503267973
6 0.0058823529411764705
4 0.0058823529411764705
0 0.0058823529411764705
7 0.00522875816993464
3 0.00522875816993464
8 0.00392156862745098
5 0.00392156862745098
2 0.00392156862745098
1 0.00392156862745098
doc : 90
7 0.38857142857142857
8 0.16285714285714287
5 0.12571428571428572
6 0.09142857142857143
3 0.07142857142857142
9 0.04285714285714286
0 0.04
1 0.037142857142857144
4 0.02
2 0.02
doc : 91
6 0.7621359223300971
7 0.09385113268608415
4 0.02912621359223301
8 0.022653721682847898
0 0.022653721682847898
3 0.016181229773462785
9 0.014563106796116505
5 0.012944983818770227
2 0.012944983818770227
1 0.012944983818770227
doc : 92
5 0.6253799392097265
0 0.22872340425531915
9 0.04635258358662614
7 0.022036474164133738
3 0.0182370820668693
8 0.015957446808510637
6 0.012917933130699088
4 0.010638297872340425
2 0.010638297872340425
1 0.00911854103343465
doc : 93
6 0.7379095163806553
7 0.0717628705148206
4 0.0390015600624025
8 0.0358814352574103
3 0.0249609984399376
1 0.0249609984399376
9 0.0234009360374415
0 0.0187207488299532
5 0.015600624024960999
2 0.0078003120124804995
doc : 94
0 0.3703703703703704
4 0.14074074074074075
3 0.11851851851851852
7 0.11481481481481481
6 0.06666666666666667
8 0.05925925925925926
5 0.04814814814814815
1 0.02962962962962963
9 0.02592592592592593
2 0.02592592592592593
doc : 95
5 0.325
1 0.125
0 0.12
6 0.1
8 0.09
9 0.065
4 0.065
7 0.045
3 0.035
2 0.03
doc : 96
5 0.807447774750227
4 0.07311534968210717
1 0.036330608537693
6 0.021798365122615803
9 0.01907356948228883
7 0.013169845594913715
0 0.009536784741144414
8 0.00908265213442325
2 0.006357856494096276
3 0.004087193460490463
doc : 97
5 0.6625766871165645
4 0.10184049079754602
6 0.07239263803680981
0 0.04785276073619632
9 0.02822085889570552
3 0.026993865030674847
7 0.025766871165644172
8 0.015950920245398775
2 0.011042944785276074
1 0.00736196319018405
