doc : 0
5 0.6910377358490566
8 0.06132075471698113
3 0.05424528301886792
7 0.04245283018867924
0 0.03537735849056604
6 0.02830188679245283
1 0.02830188679245283
2 0.023584905660377357
9 0.018867924528301886
4 0.01650943396226415
doc : 1
5 0.685131195335277
8 0.05830903790087463
7 0.052478134110787174
2 0.037900874635568516
6 0.03498542274052478
1 0.03498542274052478
9 0.026239067055393587
0 0.026239067055393587
3 0.023323615160349854
4 0.02040816326530612
doc : 2
2 0.9150268336314848
5 0.048747763864042934
1 0.007155635062611807
0 0.005813953488372093
9 0.004919499105545617
7 0.004919499105545617
3 0.004919499105545617
8 0.0031305903398926656
6 0.0031305903398926656
4 0.0022361359570661895
doc : 3
8 0.3442622950819672
7 0.1762295081967213
6 0.15163934426229508
5 0.09221311475409837
3 0.08811475409836066
4 0.06967213114754099
0 0.03278688524590164
9 0.020491803278688527
2 0.014344262295081968
1 0.010245901639344263
doc : 4
6 0.9044256120527306
7 0.05885122410546139
3 0.009887005649717513
8 0.004708097928436911
1 0.004708097928436911
0 0.00423728813559322
9 0.0032956685499058377
5 0.0032956685499058377
4 0.0032956685499058377
2 0.0032956685499058377
doc : 5
4 0.4520123839009288
7 0.1873065015479876
3 0.17647058823529413
6 0.0696594427244582
8 0.04798761609907121
1 0.026315789473684213
5 0.013931888544891642
2 0.009287925696594427
0 0.009287925696594427
9 0.007739938080495357
doc : 6
8 0.6477272727272728
0 0.09469696969696971
6 0.05555555555555556
5 0.05555555555555556
7 0.030303030303030304
3 0.030303030303030304
9 0.025252525252525256
2 0.025252525252525256
1 0.02398989898989899
4 0.011363636363636364
doc : 7
5 0.8861538461538462
6 0.02
0 0.015384615384615385
3 0.013846153846153847
2 0.012307692307692308
1 0.012307692307692308
8 0.010769230769230769
4 0.010769230769230769
9 0.00923076923076923
7 0.00923076923076923
doc : 8
8 0.7842105263157895
7 0.06184210526315789
1 0.05263157894736842
3 0.02631578947368421
4 0.02236842105263158
0 0.015789473684210527
6 0.011842105263157895
2 0.009210526315789473
9 0.007894736842105263
5 0.007894736842105263
doc : 9
8 0.7723684210526316
7 0.08026315789473684
1 0.05394736842105263
6 0.018421052631578946
4 0.018421052631578946
0 0.018421052631578946
3 0.014473684210526316
2 0.009210526315789473
9 0.007894736842105263
5 0.006578947368421052
doc : 10
5 0.29098360655737704
8 0.26229508196721313
6 0.1639344262295082
3 0.0860655737704918
7 0.05327868852459017
0 0.04918032786885246
4 0.028688524590163935
2 0.02459016393442623
9 0.020491803278688527
1 0.020491803278688527
doc : 11
3 0.8880407124681934
7 0.04580152671755725
4 0.021204410517387615
8 0.010178117048346057
0 0.007633587786259542
1 0.006785411365564037
5 0.005937234944868533
6 0.005089058524173028
2 0.005089058524173028
9 0.004240882103477523
doc : 12
9 0.8259493670886076
0 0.04535864978902953
6 0.03481012658227848
8 0.02109704641350211
5 0.017932489451476793
1 0.014767932489451475
7 0.012658227848101264
2 0.010548523206751054
3 0.009493670886075948
4 0.0073839662447257376
doc : 13
4 0.861801242236025
3 0.05227743271221533
7 0.041407867494824016
1 0.011387163561076606
6 0.010351966873706004
8 0.007763975155279504
5 0.004658385093167702
2 0.004140786749482402
9 0.0031055900621118015
0 0.0031055900621118015
doc : 14
4 0.5023041474654378
1 0.10599078341013825
6 0.08755760368663594
3 0.08294930875576037
7 0.06451612903225806
8 0.041474654377880185
5 0.03686635944700461
9 0.027649769585253454
0 0.027649769585253454
2 0.02304147465437788
doc : 15
5 0.36585365853658536
0 0.10975609756097561
8 0.07317073170731708
6 0.07317073170731708
2 0.07317073170731708
9 0.06097560975609756
7 0.06097560975609756
4 0.06097560975609756
3 0.06097560975609756
1 0.06097560975609756
doc : 16
4 0.8964879852125693
5 0.014787430683918669
0 0.012939001848428836
9 0.011090573012939002
8 0.011090573012939002
7 0.011090573012939002
3 0.011090573012939002
2 0.011090573012939002
1 0.011090573012939002
6 0.009242144177449167
doc : 17
8 0.4074289030760302
1 0.3563551944283227
7 0.1474172954149739
3 0.027858386535113175
4 0.019152640742890307
6 0.01567034242600116
0 0.011607661056297156
9 0.005803830528148578
5 0.0046430644225188625
2 0.004062681369704005
doc : 18
1 0.49025487256371814
7 0.46926536731634183
8 0.005997001499250375
4 0.005997001499250375
3 0.005997001499250375
9 0.005247376311844078
6 0.004497751124437781
5 0.004497751124437781
2 0.004497751124437781
0 0.0037481259370314842
doc : 19
1 0.5010155721056195
7 0.4583615436696005
8 0.006770480704129993
4 0.006770480704129993
3 0.006093432633716994
6 0.005416384563303994
5 0.005416384563303994
9 0.0033852403520649964
2 0.0033852403520649964
0 0.0033852403520649964
doc : 20
1 0.8841379310344827
7 0.019310344827586205
8 0.01655172413793103
4 0.01655172413793103
2 0.013793103448275862
6 0.012413793103448275
5 0.011034482758620689
3 0.011034482758620689
9 0.008275862068965516
0 0.006896551724137931
doc : 21
1 0.8877840909090909
8 0.02556818181818182
7 0.015625
4 0.015625
3 0.014204545454545456
6 0.01278409090909091
9 0.007102272727272728
5 0.007102272727272728
2 0.007102272727272728
0 0.007102272727272728
doc : 22
5 0.2753623188405797
3 0.10144927536231885
9 0.08695652173913043
8 0.08695652173913043
0 0.08695652173913043
7 0.07246376811594203
6 0.07246376811594203
4 0.07246376811594203
2 0.07246376811594203
1 0.07246376811594203
doc : 23
9 0.3023255813953488
0 0.13953488372093023
6 0.08139534883720931
4 0.08139534883720931
8 0.06976744186046512
7 0.06976744186046512
2 0.06976744186046512
1 0.06976744186046512
5 0.05813953488372093
3 0.05813953488372093
doc : 24
7 0.6949752300070772
4 0.22434536447275302
3 0.021231422505307858
6 0.01840056617126681
1 0.010615711252653929
8 0.009200283085633405
0 0.006369426751592357
9 0.005661712668082095
5 0.004953998584571833
2 0.004246284501061571
doc : 25
0 0.814621409921671
8 0.053524804177545696
7 0.03524804177545692
9 0.0195822454308094
6 0.016971279373368148
5 0.016971279373368148
3 0.01566579634464752
2 0.010443864229765013
1 0.009138381201044387
4 0.00783289817232376
doc : 26
0 0.528169014084507
3 0.15140845070422534
1 0.04929577464788733
9 0.04225352112676056
7 0.04225352112676056
8 0.03873239436619719
6 0.03873239436619719
5 0.03873239436619719
4 0.03873239436619719
2 0.03169014084507042
doc : 27
7 0.6770456191165821
4 0.23823316437364228
3 0.02968863142650253
6 0.020999275887038378
8 0.008689355539464157
1 0.006517016654598117
0 0.006517016654598117
2 0.005068790731354091
9 0.0036205648081100647
5 0.0036205648081100647
doc : 28
7 0.5780254777070064
1 0.3765923566878981
3 0.019506369426751595
8 0.006369426751592357
4 0.00517515923566879
6 0.0031847133757961785
5 0.0031847133757961785
0 0.0031847133757961785
9 0.0027866242038216563
2 0.0019904458598726115
doc : 29
9 0.36046511627906974
0 0.10465116279069767
7 0.09302325581395349
8 0.06976744186046512
6 0.06976744186046512
3 0.06976744186046512
5 0.05813953488372093
4 0.05813953488372093
2 0.05813953488372093
1 0.05813953488372093
doc : 30
9 0.838810641627543
0 0.03442879499217527
5 0.028169014084507043
2 0.020344287949921755
1 0.017214397496087636
8 0.01564945226917058
6 0.014084507042253521
4 0.012519561815336464
3 0.010954616588419406
7 0.00782472613458529
doc : 31
0 0.7996031746031745
3 0.06944444444444445
1 0.027777777777777776
4 0.021825396825396824
6 0.01984126984126984
7 0.015873015873015872
8 0.013888888888888888
9 0.011904761904761904
5 0.00992063492063492
2 0.00992063492063492
doc : 32
6 0.5805168986083499
7 0.23558648111332006
8 0.05566600397614314
3 0.05168986083499005
5 0.024850894632206758
0 0.015904572564612324
4 0.012922465208747513
1 0.009940357852882702
2 0.007952286282306162
9 0.004970178926441351
doc : 33
5 0.43902439024390244
0 0.11219512195121951
9 0.1024390243902439
6 0.06829268292682927
8 0.05365853658536585
7 0.05365853658536585
4 0.04390243902439024
3 0.04390243902439024
1 0.04390243902439024
2 0.03902439024390244
doc : 34
9 0.32558139534883723
0 0.12790697674418605
7 0.09302325581395349
1 0.08139534883720931
6 0.06976744186046512
4 0.06976744186046512
8 0.05813953488372093
5 0.05813953488372093
3 0.05813953488372093
2 0.05813953488372093
doc : 35
5 0.3826086956521739
9 0.32173913043478264
6 0.04782608695652174
1 0.043478260869565216
7 0.0391304347826087
4 0.0391304347826087
2 0.0391304347826087
8 0.030434782608695653
0 0.030434782608695653
3 0.026086956521739132
doc : 36
1 0.9573901464713716
3 0.008655126498002664
7 0.006657789613848203
4 0.005326231691078562
8 0.004660452729693742
2 0.0039946737683089215
9 0.0033288948069241015
6 0.0033288948069241015
5 0.0033288948069241015
0 0.0033288948069241015
doc : 37
9 0.8197492163009404
0 0.03918495297805642
8 0.029780564263322883
3 0.028213166144200625
1 0.0219435736677116
6 0.014106583072100312
2 0.014106583072100312
4 0.012539184952978056
7 0.0109717868338558
5 0.009404388714733543
doc : 38
9 0.7042682926829269
2 0.04573170731707317
1 0.04573170731707317
0 0.04573170731707317
5 0.03353658536585366
4 0.03353658536585366
7 0.03048780487804878
8 0.021341463414634148
3 0.021341463414634148
6 0.01829268292682927
doc : 39
9 0.8062563067608476
0 0.08375378405650857
1 0.03128153380423814
7 0.020181634712411706
8 0.016145307769929364
5 0.013118062563067608
4 0.011099899091826439
6 0.007063572149344097
3 0.006054490413723511
2 0.005045408678102927
doc : 40
1 0.9506089309878214
3 0.009472259810554804
9 0.006089309878213803
4 0.006089309878213803
7 0.005412719891745603
6 0.005412719891745603
8 0.004736129905277402
5 0.004736129905277402
2 0.0040595399188092015
0 0.003382949932341002
doc : 41
1 0.8372881355932204
8 0.044915254237288135
6 0.04067796610169491
4 0.01949152542372881
5 0.01271186440677966
7 0.011864406779661017
9 0.011016949152542373
3 0.010169491525423728
0 0.007627118644067796
2 0.00423728813559322
doc : 42
1 0.9100817438692098
7 0.013623978201634877
9 0.010899182561307902
8 0.010899182561307902
5 0.010899182561307902
4 0.009536784741144414
3 0.009536784741144414
0 0.009536784741144414
2 0.008174386920980926
6 0.006811989100817439
doc : 43
8 0.4834070796460177
0 0.19690265486725664
9 0.05973451327433628
6 0.05641592920353982
7 0.050884955752212385
3 0.048672566371681415
1 0.04314159292035398
4 0.03871681415929203
5 0.012168141592920354
2 0.00995575221238938
doc : 44
5 0.6286919831223629
8 0.07172995780590717
6 0.04641350210970464
9 0.04219409282700422
7 0.04219409282700422
3 0.03797468354430379
2 0.03797468354430379
1 0.03375527426160337
4 0.02953586497890295
0 0.02953586497890295
doc : 45
0 0.8672768878718535
7 0.02517162471395881
4 0.020594965675057208
6 0.018306636155606407
8 0.014874141876430207
3 0.013729977116704806
5 0.012585812356979404
9 0.011441647597254004
1 0.010297482837528604
2 0.005720823798627002
doc : 46
2 0.9651972157772621
5 0.005104408352668214
3 0.004640371229698376
0 0.004640371229698376
7 0.004176334106728539
4 0.0037122969837587007
9 0.0032482598607888632
6 0.0032482598607888632
1 0.0032482598607888632
8 0.0027842227378190258
doc : 47
6 0.8968481375358166
7 0.06208213944603629
8 0.007640878701050621
3 0.0062082139446036294
1 0.0062082139446036294
0 0.0052531041069723014
5 0.004297994269340974
4 0.004297994269340974
2 0.0038204393505253103
9 0.0033428844317096463
doc : 48
9 0.3372093023255814
6 0.09302325581395349
0 0.09302325581395349
8 0.06976744186046512
5 0.06976744186046512
4 0.06976744186046512
3 0.06976744186046512
2 0.06976744186046512
1 0.06976744186046512
7 0.05813953488372093
doc : 49
3 0.8930075821398483
7 0.037910699241786014
1 0.013479359730412805
8 0.010951979780960405
4 0.010951979780960405
9 0.007582139848357203
6 0.007582139848357203
0 0.007582139848357203
2 0.005897219882055602
5 0.005054759898904802
