doc : 0
3 0.7076923076923077
0 0.15384615384615385
7 0.03076923076923077
2 0.020512820512820513
8 0.017948717948717947
5 0.015384615384615385
4 0.015384615384615385
9 0.01282051282051282
6 0.01282051282051282
1 0.01282051282051282
doc : 1
7 0.463768115942029
3 0.16666666666666666
1 0.06521739130434782
2 0.057971014492753624
4 0.050724637681159424
9 0.043478260869565216
0 0.043478260869565216
8 0.036231884057971016
6 0.036231884057971016
5 0.036231884057971016
doc : 2
7 0.49624060150375937
3 0.09774436090225563
8 0.06015037593984962
2 0.06015037593984962
5 0.05263157894736842
1 0.05263157894736842
0 0.05263157894736842
6 0.045112781954887216
4 0.045112781954887216
9 0.03759398496240601
doc : 3
7 0.7407407407407407
3 0.05387205387205387
1 0.043771043771043766
5 0.0303030303030303
4 0.026936026936026935
6 0.02356902356902357
9 0.0202020202020202
8 0.0202020202020202
2 0.0202020202020202
0 0.0202020202020202
doc : 4
3 0.6856540084388185
0 0.1561181434599156
2 0.03797468354430379
7 0.03164556962025316
8 0.018987341772151896
5 0.016877637130801686
9 0.014767932489451475
1 0.014767932489451475
4 0.012658227848101264
6 0.010548523206751054
doc : 5
2 0.5014836795252225
4 0.1483679525222552
3 0.11869436201780416
8 0.05637982195845698
5 0.04747774480712166
1 0.03857566765578635
9 0.02373887240356083
7 0.02373887240356083
6 0.02373887240356083
0 0.017804154302670624
doc : 6
7 0.7542087542087542
3 0.050505050505050504
1 0.0303030303030303
0 0.0303030303030303
9 0.02356902356902357
6 0.02356902356902357
4 0.02356902356902357
2 0.02356902356902357
8 0.0202020202020202
5 0.0202020202020202
doc : 7
7 0.7318611987381703
3 0.04100946372239748
4 0.03785488958990536
1 0.03470031545741325
5 0.031545741324921134
2 0.028391167192429023
0 0.028391167192429023
8 0.025236593059936908
9 0.022082018927444793
6 0.01892744479495268
doc : 8
8 0.3114035087719298
3 0.17105263157894735
7 0.12719298245614036
2 0.10526315789473684
1 0.07456140350877193
9 0.06578947368421052
4 0.05263157894736842
0 0.043859649122807015
5 0.02631578947368421
6 0.021929824561403508
doc : 9
3 0.5291828793774319
0 0.12256809338521402
8 0.12062256809338522
9 0.05642023346303502
2 0.04669260700389105
1 0.038910505836575876
7 0.0311284046692607
4 0.029182879377431907
6 0.013618677042801557
5 0.011673151750972763
doc : 10
9 0.9565217391304348
0 0.013413506012950972
3 0.00786308973172988
2 0.004625346901017576
8 0.004162812210915819
7 0.0032377428307123037
4 0.002775208140610546
1 0.002775208140610546
6 0.002312673450508788
5 0.002312673450508788
doc : 11
9 0.9169258107507774
3 0.043091959129275874
0 0.014660151043980453
5 0.005330964015992892
7 0.004886717014660151
2 0.003998223011994669
6 0.003109729009329187
4 0.003109729009329187
1 0.002665482007996446
8 0.002221235006663705
doc : 12
4 0.7509157509157509
1 0.04395604395604395
9 0.03663003663003663
7 0.029304029304029304
5 0.029304029304029304
3 0.029304029304029304
8 0.021978021978021976
6 0.021978021978021976
2 0.018315018315018316
0 0.018315018315018316
doc : 13
3 0.43440233236151604
0 0.26239067055393583
8 0.08163265306122448
9 0.052478134110787174
2 0.043731778425655975
1 0.043731778425655975
4 0.029154518950437316
7 0.02040816326530612
5 0.01749271137026239
6 0.014577259475218658
doc : 14
3 0.6489675516224189
4 0.08849557522123894
7 0.061946902654867256
2 0.05309734513274336
1 0.05309734513274336
0 0.02359882005899705
8 0.02064896755162242
9 0.017699115044247787
5 0.017699115044247787
6 0.014749262536873156
doc : 15
2 0.32061068702290074
5 0.24427480916030533
4 0.10687022900763359
3 0.10305343511450381
1 0.05343511450381679
8 0.04961832061068702
7 0.04198473282442748
9 0.03435114503816794
0 0.026717557251908396
6 0.019083969465648856
doc : 16
8 0.5214285714285715
4 0.15714285714285714
3 0.05714285714285714
2 0.05357142857142857
6 0.04642857142857143
9 0.04285714285714286
1 0.04285714285714286
0 0.02857142857142857
7 0.024999999999999998
5 0.024999999999999998
doc : 17
4 0.7885906040268457
3 0.0436241610738255
7 0.03355704697986577
2 0.026845637583892617
9 0.020134228187919462
8 0.020134228187919462
6 0.016778523489932886
5 0.016778523489932886
1 0.016778523489932886
0 0.016778523489932886
doc : 18
2 0.8306010928961749
3 0.03551912568306011
7 0.02185792349726776
8 0.01912568306010929
5 0.01912568306010929
4 0.01912568306010929
9 0.01366120218579235
6 0.01366120218579235
1 0.01366120218579235
0 0.01366120218579235
doc : 19
2 0.8186968838526912
3 0.0339943342776204
4 0.0254957507082153
8 0.019830028328611898
7 0.019830028328611898
5 0.019830028328611898
1 0.0169971671388102
0 0.0169971671388102
9 0.014164305949008499
6 0.014164305949008499
doc : 20
2 0.8277777777777778
3 0.036111111111111115
4 0.030555555555555558
9 0.016666666666666666
8 0.016666666666666666
0 0.016666666666666666
7 0.01388888888888889
6 0.01388888888888889
5 0.01388888888888889
1 0.01388888888888889
doc : 21
2 0.8347578347578348
3 0.039886039886039885
8 0.017094017094017096
6 0.017094017094017096
5 0.017094017094017096
1 0.017094017094017096
9 0.014245014245014245
7 0.014245014245014245
4 0.014245014245014245
0 0.014245014245014245
doc : 22
9 0.9634597594819612
2 0.00786308973172988
3 0.005550416281221092
7 0.004625346901017576
8 0.0037002775208140612
1 0.0037002775208140612
0 0.0032377428307123037
6 0.002775208140610546
4 0.002775208140610546
5 0.002312673450508788
doc : 23
8 0.6272040302267002
4 0.11335012594458438
7 0.05289672544080604
2 0.042821158690176324
9 0.04030226700251889
3 0.04030226700251889
5 0.027707808564231738
1 0.022670025188916875
0 0.017632241813602016
6 0.015113350125944584
doc : 24
0 0.6496350364963503
1 0.0948905109489051
3 0.05474452554744525
7 0.04744525547445255
8 0.0364963503649635
5 0.032846715328467155
2 0.025547445255474453
4 0.021897810218978103
9 0.01824817518248175
6 0.01824817518248175
doc : 25
3 0.7456896551724138
4 0.08333333333333333
5 0.04454022988505747
1 0.027298850574712645
2 0.024425287356321837
0 0.024425287356321837
8 0.017241379310344827
7 0.014367816091954023
6 0.010057471264367816
9 0.008620689655172414
doc : 26
3 0.2923076923076923
4 0.09230769230769231
9 0.07692307692307693
8 0.07692307692307693
7 0.07692307692307693
6 0.07692307692307693
5 0.07692307692307693
2 0.07692307692307693
1 0.07692307692307693
0 0.07692307692307693
doc : 27
0 0.3682795698924731
5 0.3548387096774194
7 0.11021505376344087
8 0.03225806451612903
1 0.02956989247311828
4 0.024193548387096777
3 0.024193548387096777
6 0.021505376344086023
9 0.01881720430107527
2 0.016129032258064516
doc : 28
5 0.42084942084942084
0 0.3706563706563707
7 0.11389961389961391
1 0.019305019305019305
3 0.015444015444015444
9 0.013513513513513514
4 0.013513513513513514
6 0.011583011583011584
2 0.011583011583011584
8 0.009652509652509652
doc : 29
1 0.7692307692307693
5 0.06993006993006994
0 0.037296037296037296
4 0.030303030303030304
3 0.02564102564102564
7 0.018648018648018648
2 0.013986013986013986
9 0.011655011655011656
8 0.011655011655011656
6 0.011655011655011656
doc : 30
1 0.7288961038961039
6 0.053571428571428575
5 0.048701298701298704
0 0.040584415584415584
4 0.03733766233766234
7 0.029220779220779224
8 0.021103896103896104
2 0.01948051948051948
9 0.011363636363636364
3 0.00974025974025974
doc : 31
8 0.7290836653386454
7 0.04780876494023904
2 0.04780876494023904
4 0.03187250996015936
1 0.03187250996015936
9 0.02390438247011952
6 0.02390438247011952
3 0.02390438247011952
5 0.0199203187250996
0 0.0199203187250996
doc : 32
7 0.41666666666666663
0 0.34375
8 0.03645833333333333
5 0.03645833333333333
3 0.03125
1 0.03125
9 0.026041666666666664
6 0.026041666666666664
4 0.026041666666666664
2 0.026041666666666664
doc : 33
7 0.42408376963350786
0 0.33507853403141363
2 0.03664921465968587
1 0.03664921465968587
5 0.03141361256544503
3 0.03141361256544503
9 0.02617801047120419
8 0.02617801047120419
6 0.02617801047120419
4 0.02617801047120419
doc : 34
3 0.6853146853146853
4 0.0979020979020979
7 0.03146853146853147
5 0.03146853146853147
1 0.03146853146853147
8 0.027972027972027972
2 0.027972027972027972
0 0.024475524475524476
9 0.02097902097902098
6 0.02097902097902098
doc : 35
3 0.673202614379085
6 0.04575163398692811
4 0.04575163398692811
9 0.0392156862745098
8 0.032679738562091505
7 0.032679738562091505
5 0.032679738562091505
2 0.032679738562091505
1 0.032679738562091505
0 0.032679738562091505
doc : 36
5 0.5097560975609756
1 0.1886178861788618
4 0.12195121951219512
7 0.07154471544715447
2 0.036585365853658534
6 0.02195121951219512
3 0.015447154471544716
8 0.014634146341463414
0 0.01056910569105691
9 0.00894308943089431
doc : 37
8 0.5980629539951574
1 0.09685230024213076
5 0.08958837772397095
0 0.07506053268765134
6 0.04358353510895884
3 0.02421307506053269
4 0.02179176755447942
2 0.02179176755447942
9 0.014527845036319613
7 0.014527845036319613
doc : 38
3 0.7030784508440914
2 0.08838133068520357
5 0.0605759682224429
6 0.036742800397219465
7 0.030784508440913603
4 0.029791459781529295
1 0.016881827209533268
0 0.013902681231380337
8 0.011916583912611717
9 0.007944389275074478
doc : 39
3 0.5776699029126213
0 0.2536407766990291
7 0.0703883495145631
5 0.020631067961165046
1 0.019417475728155338
2 0.01699029126213592
4 0.015776699029126214
8 0.010922330097087377
9 0.007281553398058252
6 0.007281553398058252
doc : 40
0 0.3888888888888889
7 0.18055555555555555
5 0.1277777777777778
4 0.12222222222222223
1 0.05
8 0.03333333333333333
6 0.030555555555555558
2 0.02777777777777778
9 0.019444444444444445
3 0.019444444444444445
doc : 41
5 0.5033860045146726
7 0.17381489841986456
1 0.06094808126410835
8 0.0564334085778781
0 0.05191873589164785
6 0.040632054176072234
4 0.03611738148984198
3 0.03611738148984198
9 0.020316027088036117
2 0.020316027088036117
doc : 42
8 0.593886462882096
4 0.10480349344978165
3 0.043668122270742356
9 0.03930131004366812
5 0.03930131004366812
2 0.03930131004366812
0 0.03930131004366812
7 0.034934497816593885
6 0.034934497816593885
1 0.03056768558951965
doc : 43
5 0.8202973497091144
6 0.08338720103425985
1 0.028442146089204912
0 0.023270846800258566
4 0.017453135100193924
7 0.006464124111182934
2 0.006464124111182934
8 0.005817711700064641
3 0.005171299288946348
9 0.003232062055591467
doc : 44
7 0.5936920222634509
0 0.19294990723562153
4 0.07977736549165121
3 0.0705009276437848
5 0.016697588126159554
2 0.012059369202226345
9 0.010204081632653062
8 0.010204081632653062
1 0.0074211502782931356
6 0.006493506493506494
doc : 45
1 0.7645951035781544
4 0.0583804143126177
6 0.03954802259887005
5 0.02824858757062147
2 0.026365348399246702
7 0.02448210922787194
3 0.01694915254237288
8 0.015065913370998116
9 0.013182674199623351
0 0.013182674199623351
doc : 46
7 0.609271523178808
3 0.1693472090823084
4 0.0879848628192999
2 0.06433301797540208
8 0.019867549668874173
5 0.017975402081362345
6 0.01229895931882687
0 0.007568590350047304
1 0.006622516556291391
9 0.004730368968779565
doc : 47
7 0.8669950738916257
3 0.019704433497536946
1 0.017241379310344827
8 0.014778325123152709
6 0.014778325123152709
5 0.014778325123152709
2 0.014778325123152709
9 0.012315270935960592
4 0.012315270935960592
0 0.012315270935960592
doc : 48
7 0.789156626506024
0 0.07028112449799197
4 0.0321285140562249
6 0.03012048192771084
8 0.01606425702811245
2 0.01606425702811245
9 0.012048192771084336
5 0.012048192771084336
3 0.012048192771084336
1 0.010040160642570281
doc : 49
7 0.8291457286432161
4 0.02763819095477387
8 0.022613065326633167
6 0.022613065326633167
2 0.017587939698492462
1 0.017587939698492462
0 0.017587939698492462
9 0.01507537688442211
5 0.01507537688442211
3 0.01507537688442211
doc : 50
4 0.906441717791411
5 0.015337423312883436
3 0.015337423312883436
0 0.012269938650306749
7 0.009202453987730062
6 0.009202453987730062
1 0.009202453987730062
9 0.007668711656441718
8 0.007668711656441718
2 0.007668711656441718
doc : 51
3 0.6578947368421052
6 0.046052631578947366
4 0.046052631578947366
8 0.039473684210526314
7 0.039473684210526314
2 0.039473684210526314
9 0.03289473684210526
5 0.03289473684210526
1 0.03289473684210526
0 0.03289473684210526
doc : 52
2 0.6208053691275167
0 0.17785234899328858
6 0.12080536912751677
7 0.021252796420581654
5 0.0145413870246085
4 0.013422818791946308
1 0.012304250559284116
3 0.007829977628635347
9 0.005592841163310961
8 0.005592841163310961
doc : 53
2 0.4518664047151277
4 0.10609037328094302
5 0.10216110019646364
6 0.09823182711198428
1 0.08840864440078584
8 0.04715127701375245
3 0.03732809430255402
0 0.03732809430255402
7 0.01768172888015717
9 0.013752455795677798
doc : 54
5 0.4206349206349206
0 0.38888888888888884
7 0.061507936507936505
1 0.031746031746031744
3 0.023809523809523808
8 0.017857142857142856
9 0.015873015873015872
4 0.015873015873015872
2 0.013888888888888888
6 0.00992063492063492
doc : 55
0 0.5130890052356021
5 0.09424083769633508
3 0.08376963350785341
7 0.06806282722513089
2 0.05759162303664922
1 0.05235602094240838
8 0.04712041884816754
4 0.03141361256544503
9 0.02617801047120419
6 0.02617801047120419
doc : 56
7 0.8067632850241546
4 0.0499194847020934
0 0.04186795491143317
6 0.028985507246376812
1 0.017713365539452495
9 0.011272141706924315
8 0.011272141706924315
5 0.011272141706924315
2 0.011272141706924315
3 0.00966183574879227
doc : 57
7 0.5753424657534246
0 0.3013698630136986
1 0.023972602739726026
5 0.02054794520547945
2 0.015410958904109588
8 0.0136986301369863
4 0.0136986301369863
9 0.011986301369863013
6 0.011986301369863013
3 0.011986301369863013
doc : 58
7 0.607876712328767
0 0.297945205479452
1 0.02054794520547945
4 0.0136986301369863
6 0.011986301369863013
2 0.011986301369863013
8 0.010273972602739725
9 0.008561643835616438
5 0.008561643835616438
3 0.008561643835616438
doc : 59
7 0.8192
4 0.046400000000000004
0 0.033600000000000005
6 0.032
1 0.016
2 0.014400000000000001
9 0.0112
5 0.0112
8 0.008
3 0.008
doc : 60
7 0.8606356968215159
0 0.02689486552567237
5 0.019559902200488997
8 0.014669926650366748
2 0.014669926650366748
1 0.014669926650366748
9 0.012224938875305624
6 0.012224938875305624
4 0.012224938875305624
3 0.012224938875305624
doc : 61
7 0.8571428571428572
5 0.02179176755447942
2 0.01937046004842615
3 0.01694915254237288
1 0.01694915254237288
0 0.01694915254237288
9 0.014527845036319613
8 0.012106537530266345
6 0.012106537530266345
4 0.012106537530266345
doc : 62
5 0.42987249544626593
0 0.4007285974499089
7 0.07103825136612021
8 0.01639344262295082
3 0.01639344262295082
4 0.014571948998178506
2 0.014571948998178506
1 0.014571948998178506
9 0.012750455373406192
6 0.009107468123861567
doc : 63
3 0.6666666666666667
6 0.04666666666666667
4 0.04666666666666667
8 0.04
9 0.03333333333333333
7 0.03333333333333333
5 0.03333333333333333
2 0.03333333333333333
1 0.03333333333333333
0 0.03333333333333333
doc : 64
5 0.5454545454545454
4 0.1339712918660287
1 0.09330143540669857
0 0.05980861244019139
3 0.050239234449760764
7 0.03349282296650718
8 0.028708133971291863
2 0.028708133971291863
6 0.014354066985645932
9 0.011961722488038277
doc : 65
8 0.7163398692810456
4 0.07450980392156863
1 0.047058823529411764
3 0.04444444444444444
6 0.03137254901960784
2 0.03137254901960784
5 0.01699346405228758
7 0.0130718954248366
0 0.0130718954248366
9 0.011764705882352941
doc : 66
4 0.8100358422939068
5 0.025089605734767026
3 0.025089605734767026
1 0.025089605734767026
8 0.021505376344086023
7 0.021505376344086023
9 0.017921146953405017
6 0.017921146953405017
2 0.017921146953405017
0 0.017921146953405017
doc : 67
5 0.8341463414634146
4 0.024390243902439025
2 0.02195121951219512
1 0.02195121951219512
0 0.02195121951219512
7 0.01951219512195122
3 0.01951219512195122
9 0.012195121951219513
8 0.012195121951219513
6 0.012195121951219513
doc : 68
5 0.8248847926267281
4 0.029953917050691243
0 0.027649769585253454
7 0.020737327188940093
1 0.020737327188940093
6 0.018433179723502304
3 0.018433179723502304
2 0.016129032258064516
9 0.01152073732718894
8 0.01152073732718894
doc : 69
4 0.8
9 0.03272727272727273
3 0.025454545454545455
8 0.02181818181818182
6 0.02181818181818182
5 0.02181818181818182
2 0.02181818181818182
7 0.01818181818181818
1 0.01818181818181818
0 0.01818181818181818
doc : 70
2 0.6625550660792952
6 0.16916299559471365
1 0.10044052863436123
5 0.014096916299559472
0 0.01145374449339207
4 0.010572687224669603
8 0.00881057268722467
7 0.00881057268722467
3 0.007929515418502203
9 0.006167400881057269
doc : 71
0 0.6666666666666666
7 0.230188679245283
6 0.047798742138364776
1 0.010062893081761006
5 0.00880503144654088
3 0.00880503144654088
8 0.007547169811320755
4 0.007547169811320755
9 0.006289308176100628
2 0.006289308176100628
doc : 72
3 0.6510067114093959
6 0.053691275167785234
8 0.04697986577181208
4 0.04697986577181208
9 0.03355704697986577
7 0.03355704697986577
5 0.03355704697986577
2 0.03355704697986577
1 0.03355704697986577
0 0.03355704697986577
doc : 73
0 0.8769230769230769
7 0.035897435897435895
5 0.016666666666666666
6 0.01282051282051282
3 0.01282051282051282
4 0.011538461538461539
1 0.011538461538461539
2 0.008974358974358974
9 0.00641025641025641
8 0.00641025641025641
doc : 74
8 0.6533957845433255
2 0.07494145199063232
4 0.06088992974238876
1 0.04215456674473068
7 0.03747072599531616
3 0.03747072599531616
5 0.03278688524590164
9 0.02107728337236534
0 0.02107728337236534
6 0.01873536299765808
doc : 75
0 0.6222910216718267
1 0.08359133126934985
3 0.052631578947368425
2 0.04953560371517028
7 0.04643962848297214
8 0.03715170278637771
4 0.03715170278637771
5 0.03405572755417957
9 0.018575851393188854
6 0.018575851393188854
doc : 76
0 0.8962148962148963
6 0.028083028083028084
5 0.013431013431013432
7 0.010989010989010988
4 0.010989010989010988
1 0.009768009768009768
3 0.008547008547008548
9 0.007326007326007326
8 0.007326007326007326
2 0.007326007326007326
doc : 77
1 0.8103756708407871
6 0.042933810375670844
8 0.03220035778175313
5 0.025044722719141325
7 0.023255813953488372
0 0.017889087656529516
4 0.014311270125223614
2 0.014311270125223614
3 0.010733452593917711
9 0.008944543828264758
doc : 78
1 0.6735751295336788
2 0.05181347150259068
8 0.04145077720207254
4 0.04145077720207254
0 0.04145077720207254
5 0.036269430051813475
7 0.031088082901554404
3 0.031088082901554404
9 0.02590673575129534
6 0.02590673575129534
doc : 79
3 0.5018963337547409
1 0.13021491782553732
5 0.1188369152970923
0 0.08470290771175727
2 0.04804045512010114
8 0.044247787610619475
7 0.034134007585335024
6 0.015170670037926676
4 0.015170670037926676
9 0.007585335018963338
doc : 80
2 0.7859477124183006
1 0.049019607843137254
6 0.04411764705882353
5 0.026143790849673203
4 0.026143790849673203
7 0.0196078431372549
8 0.01797385620915033
0 0.011437908496732027
9 0.00980392156862745
3 0.00980392156862745
doc : 81
3 0.6470588235294118
4 0.058823529411764705
6 0.04575163398692811
9 0.0392156862745098
8 0.0392156862745098
0 0.0392156862745098
7 0.032679738562091505
5 0.032679738562091505
2 0.032679738562091505
1 0.032679738562091505
doc : 82
3 0.68
4 0.04666666666666667
7 0.04
9 0.03333333333333333
8 0.03333333333333333
6 0.03333333333333333
5 0.03333333333333333
2 0.03333333333333333
1 0.03333333333333333
0 0.03333333333333333
doc : 83
5 0.8505747126436781
7 0.027586206896551724
2 0.020689655172413793
0 0.01839080459770115
6 0.016091954022988506
4 0.016091954022988506
1 0.016091954022988506
9 0.011494252873563218
8 0.011494252873563218
3 0.011494252873563218
doc : 84
4 0.8370535714285714
1 0.03571428571428571
3 0.024553571428571428
2 0.02232142857142857
8 0.017857142857142856
5 0.015625
6 0.013392857142857142
9 0.011160714285714284
7 0.011160714285714284
0 0.011160714285714284
doc : 85
3 0.7519582245430809
2 0.044386422976501305
5 0.03655352480417755
4 0.03655352480417755
1 0.03133159268929504
8 0.02610966057441253
0 0.02349869451697128
7 0.020887728459530026
6 0.01566579634464752
9 0.013054830287206266
doc : 86
0 0.6096033402922756
4 0.12317327766179541
6 0.09102296450939458
2 0.05594989561586639
5 0.04133611691022965
7 0.037160751565762005
1 0.019624217118997915
3 0.009603340292275575
8 0.008768267223382047
9 0.003757828810020877
doc : 87
5 0.7046908315565031
2 0.07249466950959488
1 0.06396588486140725
4 0.0628997867803838
6 0.03731343283582089
8 0.015991471215351813
3 0.014925373134328358
7 0.010660980810234541
0 0.009594882729211086
9 0.007462686567164179
doc : 88
0 0.6754716981132075
7 0.23270440251572325
6 0.033962264150943396
3 0.011320754716981131
5 0.010062893081761006
2 0.00880503144654088
8 0.007547169811320755
1 0.007547169811320755
9 0.006289308176100628
4 0.006289308176100628
doc : 89
7 0.7940379403794038
0 0.04607046070460705
1 0.02710027100271003
8 0.024390243902439025
3 0.024390243902439025
2 0.024390243902439025
6 0.018970189701897018
9 0.013550135501355014
5 0.013550135501355014
4 0.013550135501355014
doc : 90
7 0.8198924731182796
3 0.040322580645161296
0 0.02688172043010753
4 0.021505376344086023
6 0.01881720430107527
9 0.016129032258064516
8 0.016129032258064516
5 0.013440860215053765
2 0.013440860215053765
1 0.013440860215053765
doc : 91
6 0.98345604945005
4 0.0030906281247159353
2 0.002363421507135715
1 0.002363421507135715
0 0.001999818198345605
8 0.0019089173711480775
3 0.00181801654395055
7 0.001636214889555495
5 8.181074447777475E-4
9 5.454049631851651E-4
doc : 92
1 0.8919939577039275
2 0.04607250755287009
5 0.019637462235649546
0 0.009818731117824773
7 0.006797583081570997
3 0.006042296072507553
8 0.005287009063444109
6 0.005287009063444109
9 0.004531722054380665
4 0.004531722054380665
doc : 93
4 0.7897664071190211
0 0.07119021134593993
6 0.03670745272525028
5 0.030033370411568408
7 0.028921023359288096
1 0.011123470522803115
8 0.010011123470522803
9 0.00778642936596218
2 0.00778642936596218
3 0.006674082313681868
doc : 94
1 0.9043478260869565
4 0.01391304347826087
8 0.01217391304347826
7 0.01217391304347826
5 0.010434782608695653
2 0.010434782608695653
0 0.010434782608695653
9 0.008695652173913044
6 0.008695652173913044
3 0.008695652173913044
doc : 95
4 0.7875417130144605
0 0.07230255839822024
6 0.0389321468298109
7 0.03225806451612903
5 0.02335928809788654
8 0.012235817575083427
1 0.011123470522803115
3 0.00778642936596218
2 0.00778642936596218
9 0.006674082313681868
doc : 96
1 0.8991304347826087
4 0.01391304347826087
6 0.01217391304347826
5 0.01217391304347826
0 0.01217391304347826
8 0.010434782608695653
7 0.010434782608695653
3 0.010434782608695653
2 0.010434782608695653
9 0.008695652173913044
doc : 97
8 0.7666666666666667
4 0.05555555555555556
2 0.05277777777777778
7 0.02638888888888889
5 0.020833333333333336
9 0.019444444444444445
6 0.018055555555555557
1 0.016666666666666666
3 0.01388888888888889
0 0.009722222222222222
doc : 98
8 0.7927677329624478
4 0.059805285118219746
2 0.048678720445062586
3 0.020862308762169678
7 0.016689847009735744
9 0.013908205841446452
1 0.013908205841446452
6 0.011126564673157162
5 0.011126564673157162
0 0.011126564673157162
doc : 99
2 0.5046403712296984
5 0.265661252900232
1 0.10440835266821345
4 0.027842227378190254
3 0.025522041763341066
8 0.024361948955916472
6 0.018561484918793503
7 0.012761020881670533
0 0.009280742459396751
9 0.0069605568445475635
