doc : 0
8 0.27906976744186046
1 0.12790697674418605
7 0.09302325581395349
4 0.09302325581395349
3 0.08139534883720931
0 0.08139534883720931
2 0.06976744186046512
9 0.05813953488372093
6 0.05813953488372093
5 0.05813953488372093
doc : 1
7 0.7809762202753442
3 0.12640801001251564
4 0.01877346683354193
1 0.015018773466833543
8 0.01376720901126408
9 0.012515644555694618
6 0.008760951188986232
0 0.008760951188986232
5 0.007509386733416772
2 0.007509386733416772
doc : 2
3 0.9772502472799209
7 0.005934718100890208
6 0.002967359050445104
5 0.002637652489284537
9 0.0019782393669634025
8 0.0019782393669634025
2 0.0019782393669634025
0 0.0019782393669634025
4 0.0016485328058028356
1 0.0016485328058028356
doc : 3
4 0.7324710687542545
7 0.15248468345813476
1 0.02859087814840027
8 0.019741320626276378
6 0.018379850238257316
3 0.014295439074200136
9 0.010891763104152484
0 0.010891763104152484
5 0.007488087134104832
2 0.004765146358066711
doc : 4
4 0.5446313065976714
7 0.3583441138421734
1 0.02199223803363519
8 0.014230271668822769
3 0.014230271668822769
9 0.01164294954721863
2 0.01034928848641656
6 0.00905562742561449
5 0.00905562742561449
0 0.00646830530401035
doc : 5
7 0.4375
9 0.25240384615384615
3 0.14182692307692307
1 0.06009615384615385
4 0.038461538461538464
8 0.01682692307692308
5 0.014423076923076924
2 0.014423076923076924
6 0.01201923076923077
0 0.01201923076923077
doc : 6
7 0.8519040902679831
1 0.07334273624823695
4 0.012693935119887164
8 0.011283497884344146
3 0.009873060648801129
9 0.00846262341325811
6 0.00846262341325811
5 0.00846262341325811
0 0.00846262341325811
2 0.007052186177715091
doc : 7
6 0.9190416141235813
0 0.03909205548549811
9 0.011349306431273645
2 0.01034047919293821
5 0.01008827238335435
7 0.0025220680958385876
4 0.0025220680958385876
1 0.00201765447667087
8 0.0015132408575031526
3 0.0015132408575031526
doc : 8
7 0.3782771535580524
8 0.2453183520599251
4 0.22284644194756553
1 0.0749063670411985
9 0.016853932584269662
0 0.016853932584269662
3 0.0149812734082397
5 0.011235955056179775
6 0.009363295880149813
2 0.009363295880149813
doc : 9
9 0.8467336683417086
5 0.03015075376884422
0 0.022613065326633167
7 0.017587939698492462
6 0.017587939698492462
8 0.01507537688442211
4 0.01256281407035176
3 0.01256281407035176
2 0.01256281407035176
1 0.01256281407035176
doc : 10
7 0.8602620087336245
1 0.02838427947598253
8 0.01965065502183406
5 0.015283842794759825
4 0.015283842794759825
3 0.015283842794759825
9 0.013100436681222707
6 0.010917030567685589
2 0.010917030567685589
0 0.010917030567685589
doc : 11
8 0.3023255813953488
7 0.1511627906976744
1 0.09302325581395349
4 0.06976744186046512
3 0.06976744186046512
2 0.06976744186046512
0 0.06976744186046512
9 0.05813953488372093
6 0.05813953488372093
5 0.05813953488372093
doc : 12
9 0.7722419928825622
0 0.03558718861209964
5 0.03202846975088968
7 0.028469750889679714
2 0.028469750889679714
4 0.02491103202846975
8 0.021352313167259787
6 0.021352313167259787
3 0.01779359430604982
1 0.01779359430604982
doc : 13
6 0.6939130434782609
9 0.23072463768115942
5 0.022608695652173914
0 0.013913043478260868
3 0.01217391304347826
1 0.008115942028985508
2 0.006376811594202898
7 0.00463768115942029
8 0.004057971014492754
4 0.003478260869565217
doc : 14
9 0.537598944591029
0 0.341688654353562
2 0.05343007915567282
5 0.032981530343007916
3 0.010554089709762533
6 0.0079155672823219
7 0.005277044854881266
4 0.00395778364116095
8 0.0032981530343007912
1 0.0032981530343007912
doc : 15
5 0.6326530612244898
9 0.12536443148688045
2 0.11807580174927114
0 0.04518950437317784
6 0.021865889212827987
7 0.016034985422740525
1 0.013119533527696793
8 0.01020408163265306
4 0.008746355685131196
3 0.008746355685131196
doc : 16
7 0.9009009009009009
1 0.016216216216216217
3 0.012612612612612612
9 0.010810810810810811
8 0.010810810810810811
6 0.010810810810810811
0 0.010810810810810811
5 0.009009009009009009
4 0.009009009009009009
2 0.009009009009009009
doc : 17
7 0.8757612667478684
1 0.031668696711327646
4 0.025578562728380022
8 0.0194884287454324
3 0.013398294762484775
9 0.007308160779537149
6 0.007308160779537149
5 0.007308160779537149
2 0.0060901339829476245
0 0.0060901339829476245
doc : 18
7 0.8555758683729433
5 0.021937842778793418
4 0.02010968921389397
3 0.018281535648994516
1 0.018281535648994516
0 0.018281535648994516
6 0.014625228519195612
8 0.012797074954296161
9 0.010968921389396709
2 0.009140767824497258
doc : 19
7 0.8209366391184574
4 0.05785123966942149
3 0.05371900826446281
1 0.01652892561983471
9 0.011019283746556474
8 0.009641873278236915
6 0.008264462809917356
2 0.008264462809917356
5 0.006887052341597796
0 0.006887052341597796
doc : 20
4 0.3646341463414634
7 0.2975609756097561
1 0.2280487804878049
3 0.06280487804878049
8 0.025
6 0.00548780487804878
5 0.004878048780487805
9 0.00426829268292683
2 0.0036585365853658534
0 0.0036585365853658534
doc : 21
6 0.4912023460410557
0 0.2991202346041056
5 0.06818181818181818
2 0.056451612903225805
9 0.053519061583577714
4 0.010263929618768328
8 0.00879765395894428
7 0.005131964809384164
3 0.0036656891495601175
1 0.0036656891495601175
doc : 22
9 0.5130168453292496
2 0.1531393568147014
5 0.1424196018376723
0 0.09647779479326188
6 0.02756508422664625
3 0.01990811638591118
4 0.013782542113323125
1 0.013782542113323125
7 0.010719754977029096
8 0.009188361408882083
doc : 23
0 0.6252992817238627
9 0.1867517956903432
2 0.08699122106943337
5 0.07781324820430965
6 0.006783719074221868
4 0.004389465283320032
7 0.0035913806863527536
3 0.0035913806863527536
8 0.0023942537909018356
1 0.0023942537909018356
doc : 24
1 0.9430485762144054
7 0.017587939698492462
4 0.007537688442211055
8 0.005025125628140704
5 0.005025125628140704
3 0.005025125628140704
9 0.0041876046901172526
6 0.0041876046901172526
2 0.0041876046901172526
0 0.0041876046901172526
doc : 25
4 0.5648535564853556
7 0.1910739191073919
8 0.1199442119944212
1 0.06276150627615062
3 0.016736401673640166
9 0.011157601115760111
6 0.009762900976290097
5 0.008368200836820083
2 0.008368200836820083
0 0.00697350069735007
doc : 26
7 0.9157088122605365
4 0.019157088122605366
3 0.014048531289910602
0 0.008939974457215838
9 0.007662835249042146
6 0.007662835249042146
1 0.007662835249042146
8 0.006385696040868455
5 0.006385696040868455
2 0.006385696040868455
doc : 27
7 0.8875968992248062
3 0.023255813953488372
8 0.013565891472868217
4 0.013565891472868217
1 0.013565891472868217
9 0.009689922480620155
6 0.009689922480620155
5 0.009689922480620155
2 0.009689922480620155
0 0.009689922480620155
doc : 28
7 0.8894389438943895
1 0.02145214521452145
9 0.01485148514851485
4 0.01485148514851485
8 0.013201320132013201
3 0.011551155115511552
5 0.009900990099009901
6 0.00825082508250825
2 0.00825082508250825
0 0.00825082508250825
doc : 29
2 0.520062695924765
0 0.4473354231974922
5 0.009090909090909092
6 0.006896551724137932
9 0.005642633228840126
3 0.0025078369905956114
7 0.00219435736677116
4 0.00219435736677116
1 0.00219435736677116
8 0.0018808777429467085
doc : 30
2 0.5617408906882592
5 0.33375506072874495
0 0.07780870445344129
6 0.018851214574898786
3 0.0018977732793522268
9 0.001644736842105263
8 0.0013917004048582997
7 0.0010121457489878543
4 0.0010121457489878543
1 8.856275303643725E-4
doc : 31
2 0.49813907933398627
5 0.4176297747306562
6 0.040744368266405484
0 0.02957884427032321
9 0.006464250734573947
3 0.0021547502448579824
8 0.0015670910871694416
4 0.0015670910871694416
1 0.0011753183153770813
7 9.794319294809011E-4
doc : 32
8 0.32558139534883723
7 0.12790697674418605
1 0.10465116279069767
4 0.06976744186046512
2 0.06976744186046512
0 0.06976744186046512
9 0.05813953488372093
6 0.05813953488372093
5 0.05813953488372093
3 0.05813953488372093
doc : 33
1 0.8830334190231361
7 0.038560411311053984
4 0.02313624678663239
9 0.011568123393316195
0 0.008997429305912595
8 0.007712082262210797
3 0.007712082262210797
6 0.006426735218508997
5 0.006426735218508997
2 0.006426735218508997
doc : 34
1 0.9394904458598726
7 0.02070063694267516
4 0.006369426751592357
3 0.005573248407643313
0 0.005573248407643313
9 0.004777070063694268
8 0.004777070063694268
6 0.004777070063694268
5 0.003980891719745223
2 0.003980891719745223
doc : 35
4 0.7152145643693109
8 0.11443433029908973
7 0.06631989596879063
1 0.027308192457737322
9 0.015604681404421327
3 0.015604681404421327
5 0.014304291287386216
6 0.010403120936280884
2 0.010403120936280884
0 0.010403120936280884
doc : 36
8 0.9146666666666666
1 0.025185185185185185
7 0.02311111111111111
4 0.02162962962962963
3 0.005333333333333333
9 0.003259259259259259
6 0.002074074074074074
0 0.0017777777777777779
5 0.0014814814814814814
2 0.0014814814814814814
doc : 37
9 0.4991922455573506
0 0.35137318255250405
2 0.07754442649434573
5 0.02827140549273021
7 0.01050080775444265
6 0.01050080775444265
3 0.008077544426494346
8 0.004846526655896608
4 0.004846526655896608
1 0.004846526655896608
doc : 38
7 0.8803738317757009
1 0.020560747663551402
4 0.01869158878504673
8 0.014953271028037384
3 0.014953271028037384
9 0.011214953271028038
6 0.011214953271028038
5 0.009345794392523366
2 0.009345794392523366
0 0.009345794392523366
doc : 39
5 0.6529035695258391
2 0.29488545551411827
0 0.02770378263185935
6 0.006126798082045817
9 0.005860415556739477
4 0.004528502930207778
7 0.002397442727757059
3 0.002397442727757059
8 0.0015982951518380393
1 0.0015982951518380393
doc : 40
7 0.8680851063829788
3 0.03546099290780142
6 0.015602836879432626
5 0.014184397163120569
1 0.014184397163120569
0 0.012765957446808512
9 0.011347517730496455
2 0.011347517730496455
8 0.00851063829787234
4 0.00851063829787234
doc : 41
6 0.7855263157894736
5 0.06447368421052631
0 0.05526315789473684
2 0.034210526315789476
9 0.02763157894736842
1 0.011842105263157895
7 0.007236842105263158
3 0.006578947368421052
8 0.003947368421052632
4 0.003289473684210526
doc : 42
9 0.1
8 0.1
7 0.1
6 0.1
5 0.1
4 0.1
3 0.1
2 0.1
1 0.1
0 0.1
doc : 43
9 0.8046437149719775
0 0.1120896717373899
2 0.025620496397117692
5 0.017614091273018412
6 0.010408326661329063
3 0.009607686148919135
8 0.005604483586869495
1 0.005604483586869495
4 0.004803843074459567
7 0.0040032025620496394
doc : 44
5 0.4164697941275734
2 0.3071211609854877
0 0.2294971312858589
9 0.015187310158623017
6 0.013499831252109348
4 0.005737428282146473
1 0.003712453594330071
7 0.0030374620317246033
3 0.0030374620317246033
8 0.0026999662504218697
doc : 45
5 0.5546113989637306
2 0.4145077720207254
6 0.009533678756476684
0 0.006424870466321244
9 0.004974093264248705
4 0.002694300518134715
3 0.0022797927461139897
1 0.0018652849740932642
7 0.0016580310880829016
8 0.001450777202072539
doc : 46
5 0.4480277185501066
2 0.40111940298507465
0 0.12340085287846482
9 0.010927505330490405
6 0.0061300639658848615
8 0.0026652452025586353
1 0.0023987206823027716
3 0.0021321961620469083
7 0.0018656716417910447
4 0.0013326226012793177
doc : 47
2 0.5312855517633674
0 0.38414865377322716
5 0.04133485020857034
6 0.022373909745923397
9 0.004929844520288206
1 0.004171406901782328
4 0.0037921880925293893
8 0.00341296928327645
7 0.0026545316647705727
3 0.0018960940462646946
doc : 48
0 0.4860651865847898
2 0.4506376948512046
5 0.02267359470949457
9 0.015588096362777516
6 0.010392064241851677
7 0.0033065658951346244
4 0.0033065658951346244
1 0.0033065658951346244
8 0.002361832782239018
3 0.002361832782239018
doc : 49
2 0.5168344324887192
0 0.43908365150989237
9 0.013884068031933356
5 0.010760152724748352
6 0.004859423811176674
4 0.003818118708781673
1 0.003818118708781673
7 0.0027768136063866713
8 0.0020826102047900035
3 0.0020826102047900035
