doc : 0
7 0.28313253012048195
4 0.27710843373493976
5 0.0783132530120482
0 0.06626506024096386
6 0.060240963855421686
8 0.05421686746987952
3 0.05421686746987952
9 0.04819277108433735
1 0.04819277108433735
2 0.030120481927710843
doc : 1
6 0.6213592233009708
4 0.07766990291262135
7 0.07524271844660194
5 0.06553398058252427
8 0.046116504854368925
3 0.029126213592233007
0 0.02669902912621359
1 0.021844660194174755
9 0.019417475728155338
2 0.01699029126213592
doc : 2
7 0.22093023255813954
3 0.12790697674418605
6 0.11627906976744186
8 0.09302325581395349
0 0.09302325581395349
5 0.08139534883720931
4 0.08139534883720931
1 0.06976744186046512
9 0.05813953488372093
2 0.05813953488372093
doc : 3
0 0.8971887550200803
8 0.024899598393574297
5 0.014457831325301205
3 0.014457831325301205
4 0.01285140562248996
6 0.00963855421686747
1 0.008835341365461848
9 0.00642570281124498
7 0.00642570281124498
2 0.004819277108433735
doc : 4
6 0.22186495176848875
9 0.2057877813504823
5 0.15112540192926044
4 0.10932475884244373
0 0.09967845659163987
8 0.07395498392282958
7 0.04823151125401929
1 0.03858520900321544
2 0.03215434083601286
3 0.01929260450160772
doc : 5
0 0.23255813953488372
7 0.1511627906976744
6 0.11627906976744186
5 0.11627906976744186
1 0.08139534883720931
9 0.06976744186046512
8 0.05813953488372093
4 0.05813953488372093
3 0.05813953488372093
2 0.05813953488372093
doc : 6
5 0.4132231404958678
7 0.1322314049586777
0 0.09917355371900827
6 0.05785123966942149
4 0.05785123966942149
1 0.05785123966942149
9 0.049586776859504134
8 0.049586776859504134
3 0.04132231404958678
2 0.04132231404958678
doc : 7
1 0.837378640776699
7 0.02669902912621359
8 0.021844660194174755
3 0.021844660194174755
9 0.01699029126213592
6 0.01699029126213592
5 0.01699029126213592
4 0.01699029126213592
2 0.012135922330097085
0 0.012135922330097085
doc : 8
1 0.867579908675799
7 0.02054794520547945
0 0.0182648401826484
9 0.01598173515981735
6 0.01598173515981735
5 0.01598173515981735
8 0.01141552511415525
4 0.01141552511415525
3 0.01141552511415525
2 0.01141552511415525
doc : 9
7 0.2159090909090909
5 0.17613636363636365
6 0.1534090909090909
3 0.09659090909090909
9 0.07954545454545454
8 0.07954545454545454
4 0.0625
0 0.0625
2 0.03977272727272727
1 0.03409090909090909
doc : 10
1 0.8721461187214612
7 0.0182648401826484
9 0.01598173515981735
8 0.01598173515981735
0 0.01598173515981735
6 0.0136986301369863
3 0.0136986301369863
5 0.01141552511415525
4 0.01141552511415525
2 0.01141552511415525
doc : 11
1 0.841870824053452
7 0.026726057906458794
9 0.022271714922048998
3 0.020044543429844096
6 0.017817371937639197
4 0.017817371937639197
0 0.017817371937639197
5 0.013363028953229397
8 0.011135857461024499
2 0.011135857461024499
doc : 12
1 0.8190255220417633
3 0.027842227378190254
7 0.025522041763341066
5 0.02320185614849188
4 0.02088167053364269
0 0.02088167053364269
8 0.018561484918793503
6 0.016241299303944315
9 0.013921113689095127
2 0.013921113689095127
doc : 13
1 0.8761904761904763
3 0.02380952380952381
5 0.01666666666666667
9 0.011904761904761906
8 0.011904761904761906
7 0.011904761904761906
6 0.011904761904761906
4 0.011904761904761906
2 0.011904761904761906
0 0.011904761904761906
doc : 14
2 0.9784985422740524
5 0.0032798833819241984
4 0.0032798833819241984
7 0.002551020408163265
8 0.002186588921282799
3 0.002186588921282799
1 0.002186588921282799
0 0.002186588921282799
9 0.0018221574344023323
6 0.0018221574344023323
doc : 15
9 0.5688073394495413
3 0.3231396534148828
4 0.040774719673802244
8 0.0163098878695209
6 0.01325178389398573
5 0.010193679918450561
7 0.00815494393476045
1 0.007135575942915393
0 0.007135575942915393
2 0.0050968399592252805
doc : 16
9 0.5013380909901873
8 0.36306868867082964
3 0.10258697591436218
2 0.005352363960749331
0 0.005352363960749331
7 0.0044603033006244425
6 0.0044603033006244425
5 0.0044603033006244425
4 0.0044603033006244425
1 0.0044603033006244425
doc : 17
4 0.5804020100502513
5 0.11557788944723618
7 0.08542713567839195
6 0.04020100502512563
3 0.04020100502512563
0 0.04020100502512563
9 0.02763819095477387
1 0.02512562814070352
8 0.022613065326633167
2 0.022613065326633167
doc : 18
4 0.7398230088495575
7 0.05132743362831858
3 0.049557522123893805
6 0.04601769911504425
5 0.024778761061946902
8 0.023008849557522124
0 0.021238938053097345
9 0.017699115044247787
1 0.01415929203539823
2 0.012389380530973451
doc : 19
6 0.8595578673602081
9 0.031209362808842653
3 0.02080624187256177
4 0.018205461638491547
7 0.013003901170351106
2 0.013003901170351106
1 0.013003901170351106
8 0.011703511053315995
5 0.010403120936280884
0 0.009102730819245773
doc : 20
4 0.8297872340425533
6 0.04397163120567376
7 0.021276595744680854
3 0.021276595744680854
0 0.01843971631205674
5 0.01702127659574468
9 0.015602836879432626
1 0.012765957446808512
8 0.011347517730496455
2 0.00851063829787234
doc : 21
1 0.837471783295711
7 0.02708803611738149
6 0.02708803611738149
3 0.020316027088036117
2 0.020316027088036117
5 0.015801354401805866
9 0.013544018058690745
8 0.013544018058690745
4 0.013544018058690745
0 0.01128668171557562
doc : 22
1 0.8377777777777777
4 0.028888888888888888
5 0.022222222222222223
7 0.02
8 0.017777777777777778
2 0.017777777777777778
0 0.017777777777777778
6 0.015555555555555555
9 0.011111111111111112
3 0.011111111111111112
doc : 23
2 0.9791150442477876
0 0.003185840707964602
5 0.002831858407079646
9 0.00247787610619469
8 0.0021238938053097347
7 0.0021238938053097347
6 0.0021238938053097347
4 0.0021238938053097347
3 0.0021238938053097347
1 0.0017699115044247787
doc : 24
7 0.8609958506224067
6 0.026970954356846474
5 0.016597510373443983
4 0.016597510373443983
1 0.016597510373443983
0 0.016597510373443983
8 0.014522821576763486
9 0.01037344398340249
3 0.01037344398340249
2 0.01037344398340249
doc : 25
5 0.8804483188044832
0 0.0186799501867995
4 0.017434620174346202
6 0.0161892901618929
2 0.0161892901618929
3 0.0136986301369863
8 0.012453300124533
9 0.009962640099626401
7 0.008717310087173101
1 0.0062266500622665
doc : 26
5 0.7252396166134185
6 0.04472843450479233
0 0.038338658146964855
7 0.03514376996805112
1 0.03514376996805112
4 0.03194888178913738
2 0.02875399361022364
8 0.025559105431309903
3 0.019169329073482427
9 0.01597444089456869
doc : 27
9 0.6782608695652174
3 0.21863354037267083
8 0.026086956521739132
4 0.02360248447204969
5 0.013664596273291927
7 0.009937888198757764
6 0.007453416149068323
2 0.007453416149068323
1 0.007453416149068323
0 0.007453416149068323
doc : 28
9 0.9135802469135802
8 0.013717421124828532
6 0.012345679012345678
5 0.012345679012345678
3 0.010973936899862825
7 0.008230452674897118
0 0.008230452674897118
4 0.006858710562414266
2 0.006858710562414266
1 0.006858710562414266
doc : 29
9 0.7765814266487214
3 0.15881561238223418
8 0.009421265141318977
7 0.009421265141318977
4 0.009421265141318977
5 0.008075370121130552
0 0.008075370121130552
6 0.006729475100942127
2 0.006729475100942127
1 0.006729475100942127
doc : 30
9 0.9170068027210884
6 0.016326530612244896
7 0.009523809523809523
5 0.009523809523809523
8 0.008163265306122448
4 0.008163265306122448
3 0.008163265306122448
2 0.008163265306122448
0 0.008163265306122448
1 0.006802721088435374
doc : 31
9 0.9189944134078213
6 0.013966480446927375
8 0.009776536312849162
5 0.009776536312849162
4 0.009776536312849162
3 0.008379888268156424
0 0.008379888268156424
7 0.006983240223463688
2 0.006983240223463688
1 0.006983240223463688
doc : 32
9 0.9186875891583453
5 0.011412268188302425
4 0.011412268188302425
7 0.008559201141226819
6 0.008559201141226819
3 0.008559201141226819
2 0.008559201141226819
1 0.008559201141226819
0 0.008559201141226819
8 0.007132667617689016
doc : 33
9 0.564885496183206
8 0.3883587786259542
7 0.006679389312977099
2 0.006679389312977099
1 0.006679389312977099
6 0.0057251908396946565
5 0.0057251908396946565
4 0.0057251908396946565
3 0.004770992366412214
0 0.004770992366412214
doc : 34
9 0.8951149425287356
4 0.02586206896551724
5 0.01293103448275862
3 0.01293103448275862
8 0.011494252873563218
6 0.011494252873563218
0 0.008620689655172414
7 0.007183908045977011
2 0.007183908045977011
1 0.007183908045977011
doc : 35
5 0.40716612377850164
6 0.15960912052117265
4 0.09771986970684039
1 0.07817589576547232
0 0.07166123778501629
9 0.055374592833876225
3 0.05211726384364821
7 0.03908794788273616
8 0.01954397394136808
2 0.01954397394136808
doc : 36
7 0.7265917602996255
5 0.04868913857677903
4 0.03745318352059925
3 0.03745318352059925
1 0.03745318352059925
0 0.0299625468164794
6 0.026217228464419477
9 0.018726591760299626
8 0.018726591760299626
2 0.018726591760299626
doc : 37
4 0.6946236559139785
6 0.07311827956989247
7 0.05806451612903226
5 0.04086021505376344
8 0.03655913978494624
3 0.02795698924731183
9 0.021505376344086023
1 0.021505376344086023
2 0.012903225806451613
0 0.012903225806451613
doc : 38
9 0.8220108695652174
8 0.11005434782608696
5 0.009510869565217392
2 0.009510869565217392
0 0.009510869565217392
7 0.008152173913043478
6 0.008152173913043478
4 0.008152173913043478
3 0.008152173913043478
1 0.006793478260869565
doc : 39
9 0.9069462647444299
3 0.022280471821756225
7 0.010484927916120577
0 0.010484927916120577
8 0.009174311926605505
6 0.009174311926605505
2 0.009174311926605505
1 0.009174311926605505
5 0.00655307994757536
4 0.00655307994757536
doc : 40
9 0.5017953321364452
8 0.4497307001795332
6 0.00807899461400359
4 0.00718132854578097
3 0.0062836624775583485
0 0.0062836624775583485
5 0.005385996409335727
2 0.005385996409335727
1 0.005385996409335727
7 0.004488330341113106
doc : 41
9 0.6938775510204082
3 0.22312925170068026
8 0.016326530612244896
6 0.014965986394557823
5 0.009523809523809523
4 0.009523809523809523
1 0.009523809523809523
7 0.008163265306122448
0 0.008163265306122448
2 0.006802721088435374
doc : 42
9 0.9076923076923077
3 0.025174825174825173
4 0.011188811188811189
6 0.009790209790209791
5 0.009790209790209791
2 0.008391608391608392
8 0.006993006993006993
7 0.006993006993006993
1 0.006993006993006993
0 0.006993006993006993
doc : 43
9 0.7530529172320216
3 0.1791044776119403
6 0.010854816824966078
4 0.009497964721845317
0 0.009497964721845317
5 0.008141112618724558
2 0.008141112618724558
1 0.008141112618724558
8 0.006784260515603799
7 0.006784260515603799
doc : 44
1 0.8614318706697459
8 0.020785219399538105
6 0.020785219399538105
7 0.016166281755196306
4 0.016166281755196306
5 0.013856812933025403
2 0.013856812933025403
0 0.013856812933025403
9 0.011547344110854504
3 0.011547344110854504
doc : 45
0 0.5866666666666667
4 0.060000000000000005
3 0.060000000000000005
1 0.060000000000000005
9 0.04666666666666667
2 0.04666666666666667
5 0.04
8 0.03333333333333333
7 0.03333333333333333
6 0.03333333333333333
doc : 46
0 0.5666666666666667
4 0.06666666666666667
1 0.060000000000000005
9 0.05333333333333334
3 0.05333333333333334
5 0.04666666666666667
7 0.04
6 0.04
2 0.04
8 0.03333333333333333
doc : 47
9 0.911144578313253
3 0.015060240963855422
4 0.012048192771084338
8 0.010542168674698796
6 0.010542168674698796
5 0.009036144578313254
2 0.009036144578313254
7 0.007530120481927711
1 0.007530120481927711
0 0.007530120481927711
doc : 48
9 0.6802197802197802
3 0.2230769230769231
6 0.023076923076923078
4 0.014285714285714285
7 0.013186813186813187
5 0.010989010989010988
1 0.010989010989010988
8 0.008791208791208791
0 0.008791208791208791
2 0.006593406593406593
doc : 49
9 0.6473922902494331
3 0.264172335600907
6 0.01927437641723356
4 0.01473922902494331
0 0.01473922902494331
7 0.012471655328798186
8 0.009070294784580499
1 0.006802721088435375
5 0.005668934240362812
2 0.005668934240362812
