doc : 0
0 0.562862669245648
4 0.1276595744680851
7 0.05415860735009671
6 0.05415860735009671
1 0.05029013539651837
8 0.03288201160541586
2 0.03288201160541586
5 0.030947775628626693
3 0.029013539651837523
9 0.025145067698259187
doc : 1
7 0.9849819494584838
8 0.0037545126353790616
9 0.0028880866425992783
1 0.001588447653429603
6 0.0014440433212996391
4 0.001299638989169675
3 0.001299638989169675
5 0.0010108303249097474
2 0.0010108303249097474
0 7.220216606498196E-4
doc : 2
7 0.9879171461449943
8 0.002589182968929804
9 0.0015822784810126582
3 0.0014384349827387803
5 0.001294591484464902
0 0.001294591484464902
6 0.0010069044879171462
4 0.0010069044879171462
1 0.0010069044879171462
2 8.630609896432681E-4
doc : 3
0 0.4109090909090909
6 0.1781818181818182
8 0.08
4 0.08
7 0.05090909090909091
1 0.05090909090909091
2 0.04727272727272727
3 0.04363636363636364
9 0.03272727272727273
5 0.025454545454545455
doc : 4
1 0.7511811023622047
7 0.08031496062992126
9 0.03622047244094488
2 0.03622047244094488
0 0.03307086614173228
3 0.01732283464566929
4 0.014173228346456693
8 0.012598425196850394
6 0.011023622047244094
5 0.007874015748031496
doc : 5
3 0.3626373626373627
2 0.1098901098901099
1 0.09890109890109891
8 0.06593406593406594
6 0.06593406593406594
5 0.06593406593406594
0 0.06593406593406594
9 0.05494505494505495
7 0.05494505494505495
4 0.05494505494505495
doc : 6
7 0.4825174825174825
0 0.2540792540792541
4 0.053613053613053616
9 0.046620046620046623
8 0.03496503496503497
3 0.03496503496503497
1 0.03496503496503497
2 0.023310023310023312
5 0.018648018648018648
6 0.016317016317016316
doc : 7
1 0.708092485549133
7 0.05202312138728323
8 0.03757225433526011
0 0.03757225433526011
6 0.03468208092485549
4 0.03468208092485549
3 0.03468208092485549
9 0.023121387283236993
2 0.023121387283236993
5 0.014450867052023121
doc : 8
1 0.7097701149425287
0 0.04597701149425287
8 0.04310344827586207
3 0.040229885057471264
9 0.034482758620689655
5 0.034482758620689655
7 0.031609195402298854
4 0.022988505747126436
2 0.020114942528735632
6 0.017241379310344827
doc : 9
1 0.375
5 0.15086206896551724
6 0.10344827586206896
3 0.08620689655172414
2 0.06465517241379311
4 0.05603448275862069
9 0.04741379310344827
8 0.04741379310344827
7 0.034482758620689655
0 0.034482758620689655
doc : 10
4 0.9188267394270123
9 0.015006821282401092
6 0.01296043656207367
3 0.010914051841746248
2 0.009549795361527967
1 0.008867667121418827
7 0.008185538881309686
5 0.005457025920873124
0 0.005457025920873124
8 0.0047748976807639835
doc : 11
1 0.7683741648106904
3 0.04008908685968819
9 0.031180400890868595
8 0.031180400890868595
7 0.031180400890868595
4 0.028953229398663696
5 0.024498886414253896
0 0.017817371937639197
2 0.015590200445434297
6 0.011135857461024499
doc : 12
1 0.801418439716312
9 0.028368794326241134
8 0.028368794326241134
7 0.028368794326241134
5 0.02127659574468085
4 0.02127659574468085
3 0.02127659574468085
0 0.018912529550827423
6 0.016548463356973995
2 0.014184397163120567
doc : 13
8 0.6474719101123595
0 0.11657303370786516
1 0.043539325842696625
6 0.03792134831460674
5 0.0351123595505618
4 0.028089887640449437
2 0.028089887640449437
9 0.026685393258426966
3 0.026685393258426966
7 0.009831460674157303
doc : 14
5 0.6139817629179332
1 0.11246200607902736
9 0.05167173252279635
2 0.03951367781155015
0 0.03951367781155015
8 0.0364741641337386
6 0.0364741641337386
7 0.02735562310030395
4 0.02735562310030395
3 0.015197568389057751
doc : 15
7 0.984988109393579
9 0.003715814506539833
8 0.002080856123662307
3 0.002080856123662307
0 0.00178359096313912
6 0.0016349583828775267
4 0.0010404280618311534
5 8.9179548156956E-4
2 8.9179548156956E-4
1 8.9179548156956E-4
doc : 16
8 0.4562647754137116
7 0.23167848699763594
0 0.08983451536643025
4 0.06619385342789598
9 0.044917257683215125
2 0.03309692671394799
6 0.02364066193853428
5 0.018912529550827423
1 0.018912529550827423
3 0.016548463356973995
doc : 17
2 0.8854166666666666
6 0.022569444444444444
9 0.015625
8 0.015625
7 0.012152777777777776
4 0.012152777777777776
0 0.010416666666666666
5 0.008680555555555556
3 0.008680555555555556
1 0.008680555555555556
doc : 18
1 0.24516129032258063
8 0.2064516129032258
3 0.11612903225806452
2 0.11612903225806452
7 0.07741935483870968
6 0.06451612903225806
4 0.05806451612903226
0 0.04516129032258064
5 0.03870967741935484
9 0.03225806451612903
doc : 19
0 0.7304900181488203
9 0.050816696914700546
4 0.04900181488203267
8 0.04174228675136116
7 0.029038112522686024
6 0.029038112522686024
1 0.022686025408348458
2 0.02087114337568058
5 0.01542649727767695
3 0.010889292196007259
doc : 20
1 0.44311377245508987
2 0.1317365269461078
4 0.11976047904191617
0 0.059880239520958084
6 0.04790419161676647
3 0.04790419161676647
7 0.04191616766467066
5 0.04191616766467066
9 0.035928143712574856
8 0.029940119760479042
doc : 21
2 0.9215686274509804
6 0.012687427912341408
7 0.011534025374855825
4 0.00922722029988466
0 0.00922722029988466
9 0.008073817762399078
8 0.008073817762399078
3 0.006920415224913495
1 0.006920415224913495
5 0.0057670126874279125
doc : 22
2 0.8637413394919169
1 0.023094688221709007
9 0.016166281755196306
5 0.016166281755196306
0 0.016166281755196306
8 0.013856812933025403
7 0.013856812933025403
6 0.013856812933025403
4 0.011547344110854504
3 0.011547344110854504
doc : 23
4 0.9419966536530954
6 0.007808142777467931
9 0.007250418293363079
3 0.007250418293363079
1 0.007250418293363079
0 0.007250418293363079
2 0.006692693809258227
7 0.006134969325153374
8 0.004461795872838818
5 0.0039040713887339654
doc : 24
1 0.7765667574931879
9 0.03542234332425068
8 0.03542234332425068
6 0.03542234332425068
0 0.024523160762942777
7 0.021798365122615803
4 0.01907356948228883
2 0.01907356948228883
5 0.01634877384196185
3 0.01634877384196185
doc : 25
1 0.7623966942148761
6 0.049586776859504134
0 0.03925619834710744
7 0.03305785123966942
9 0.028925619834710745
8 0.022727272727272728
3 0.01859504132231405
5 0.01652892561983471
2 0.01652892561983471
4 0.012396694214876033
doc : 26
9 0.7713246509445031
7 0.17059720755602487
3 0.02199929602252728
8 0.01795142555438226
0 0.004341194415112049
1 0.004282529625718644
6 0.004223864836325237
4 0.0021705972075560247
2 0.0018772732605889944
5 0.0012319605772615277
doc : 27
4 0.948517067711248
2 0.009513150531617236
8 0.006715165081141578
6 0.006715165081141578
7 0.005595970900951316
1 0.005595970900951316
5 0.005036373810856184
3 0.004476776720761052
9 0.003917179630665921
0 0.003917179630665921
doc : 28
1 0.5116959064327485
3 0.12573099415204678
5 0.0847953216374269
0 0.07602339181286549
7 0.038011695906432746
4 0.038011695906432746
2 0.038011695906432746
8 0.03216374269005848
6 0.03216374269005848
9 0.023391812865497075
doc : 29
2 0.7326565143824026
4 0.03722504230118443
0 0.03722504230118443
7 0.035532994923857864
9 0.032148900169204735
1 0.032148900169204735
8 0.028764805414551606
3 0.028764805414551606
5 0.023688663282571912
6 0.011844331641285956
doc : 30
2 0.5569620253164557
4 0.11392405063291139
0 0.07088607594936709
1 0.053164556962025315
6 0.05063291139240506
7 0.0379746835443038
9 0.035443037974683546
3 0.03291139240506329
5 0.02531645569620253
8 0.02278481012658228
doc : 31
0 0.7020933977455717
7 0.05475040257648953
8 0.05152979066022544
6 0.04669887278582931
4 0.0322061191626409
9 0.028985507246376812
3 0.02254428341384863
2 0.02254428341384863
1 0.02254428341384863
5 0.01610305958132045
doc : 32
0 0.7427536231884058
6 0.04710144927536232
1 0.03985507246376812
9 0.028985507246376812
2 0.028985507246376812
7 0.025362318840579712
8 0.021739130434782608
5 0.021739130434782608
4 0.021739130434782608
3 0.021739130434782608
doc : 33
1 0.44910179640718567
4 0.1317365269461078
2 0.11976047904191617
5 0.05389221556886228
0 0.05389221556886228
3 0.04790419161676647
9 0.04191616766467066
8 0.035928143712574856
6 0.035928143712574856
7 0.029940119760479042
doc : 34
8 0.6136919315403423
0 0.12224938875305623
4 0.04645476772616137
6 0.044009779951100246
5 0.04156479217603912
7 0.03667481662591687
3 0.029339853300733496
2 0.029339853300733496
9 0.022004889975550123
1 0.014669926650366748
doc : 35
5 0.7515592515592516
4 0.060291060291060294
2 0.04677754677754678
8 0.032224532224532226
1 0.02182952182952183
0 0.02182952182952183
7 0.01975051975051975
3 0.016632016632016633
9 0.015592515592515593
6 0.013513513513513514
doc : 36
1 0.53125
5 0.09375
3 0.08125
0 0.0625
9 0.043750000000000004
8 0.043750000000000004
6 0.037500000000000006
4 0.037500000000000006
2 0.037500000000000006
7 0.03125
doc : 37
1 0.5436241610738255
3 0.10067114093959731
4 0.06711409395973154
2 0.053691275167785234
8 0.04697986577181208
5 0.04697986577181208
7 0.040268456375838924
9 0.03355704697986577
6 0.03355704697986577
0 0.03355704697986577
doc : 38
8 0.9072708113804003
7 0.03371970495258166
9 0.015279241306638566
4 0.013171759747102212
2 0.006322444678609061
0 0.005795574288724973
6 0.005268703898840885
1 0.005268703898840885
5 0.004214963119072708
3 0.0036880927291886192
doc : 39
0 0.7355072463768116
1 0.050724637681159424
4 0.036231884057971016
8 0.028985507246376812
3 0.028985507246376812
2 0.028985507246376812
7 0.025362318840579712
6 0.025362318840579712
9 0.021739130434782608
5 0.018115942028985508
doc : 40
0 0.5718954248366013
8 0.0784313725490196
6 0.07516339869281045
2 0.06535947712418301
4 0.058823529411764705
3 0.042483660130718956
5 0.03594771241830066
1 0.029411764705882353
9 0.022875816993464054
7 0.0196078431372549
doc : 41
0 0.35584415584415585
6 0.12207792207792208
1 0.11428571428571428
3 0.07532467532467532
7 0.07012987012987013
4 0.07012987012987013
9 0.06753246753246753
5 0.05454545454545454
8 0.03896103896103896
2 0.03116883116883117
doc : 42
3 0.8839285714285714
7 0.049107142857142856
1 0.012499999999999999
2 0.010714285714285714
6 0.010267857142857143
9 0.008482142857142856
8 0.008035714285714285
0 0.008035714285714285
4 0.005357142857142857
5 0.0035714285714285713
doc : 43
1 0.6198830409356725
3 0.05847953216374269
9 0.05263157894736842
6 0.05263157894736842
4 0.04678362573099415
7 0.04093567251461988
5 0.03508771929824561
2 0.03508771929824561
8 0.029239766081871343
0 0.029239766081871343
doc : 44
6 0.9380097879282219
7 0.009787928221859707
8 0.008972267536704732
9 0.008564437194127243
4 0.007952691680261012
1 0.007952691680261012
3 0.007137030995106037
0 0.004690048939641109
2 0.004282218597063622
5 0.0026508972267536707
doc : 45
5 0.9370860927152318
0 0.014191106906338694
1 0.00946073793755913
8 0.00804162724692526
4 0.007568590350047304
9 0.006622516556291391
2 0.004730368968779565
6 0.004257332071901609
3 0.004257332071901609
7 0.003784295175023652
doc : 46
2 0.4619883040935672
5 0.2222222222222222
1 0.07894736842105263
3 0.05555555555555555
4 0.043859649122807015
0 0.043859649122807015
8 0.038011695906432746
9 0.023391812865497075
7 0.017543859649122806
6 0.014619883040935672
doc : 47
7 0.9017504234895538
8 0.04178430265386787
1 0.011857707509881422
0 0.010163749294184076
6 0.007905138339920948
2 0.006775832862789384
5 0.00564652738565782
3 0.00564652738565782
9 0.005081874647092038
4 0.003387916431394692
doc : 48
8 0.5700483091787439
7 0.1111111111111111
2 0.06280193236714976
4 0.043478260869565216
1 0.043478260869565216
0 0.043478260869565216
9 0.03864734299516908
6 0.033816425120772944
5 0.02898550724637681
3 0.024154589371980676
doc : 49
8 0.9422222222222222
9 0.01037037037037037
4 0.008148148148148147
6 0.007407407407407407
2 0.006666666666666666
7 0.005925925925925926
5 0.005185185185185185
0 0.005185185185185185
3 0.0044444444444444444
1 0.0044444444444444444
