doc : 0
2 0.8320610687022901
9 0.04071246819338423
0 0.02290076335877863
1 0.02162849872773537
8 0.019083969465648856
6 0.016539440203562343
7 0.012722646310432571
5 0.011450381679389315
4 0.011450381679389315
3 0.011450381679389315
doc : 1
4 0.9677716390423573
2 0.006906077348066299
9 0.004143646408839779
7 0.003683241252302026
5 0.003683241252302026
1 0.0032228360957642726
8 0.0027624309392265192
6 0.0027624309392265192
0 0.0027624309392265192
3 0.0023020257826887663
doc : 2
2 0.2620967741935484
1 0.18951612903225806
3 0.14516129032258063
9 0.1411290322580645
8 0.08870967741935484
7 0.05241935483870967
0 0.03629032258064516
5 0.03225806451612903
6 0.028225806451612902
4 0.024193548387096774
doc : 3
2 0.6832412523020258
1 0.08287292817679558
4 0.053406998158379376
9 0.0423572744014733
5 0.03130755064456722
6 0.027624309392265196
8 0.02394106813996317
0 0.02394106813996317
7 0.016574585635359115
3 0.014732965009208104
doc : 4
1 0.7091703056768559
6 0.07248908296943232
2 0.059388646288209605
7 0.05502183406113537
9 0.030567685589519653
3 0.022707423580786028
5 0.018340611353711792
8 0.013973799126637555
4 0.011353711790393014
0 0.0069868995633187774
doc : 5
4 0.8459958932238193
5 0.022587268993839837
6 0.02053388090349076
3 0.02053388090349076
2 0.02053388090349076
7 0.018480492813141684
9 0.01642710472279261
8 0.014373716632443533
1 0.01026694045174538
0 0.01026694045174538
doc : 6
4 0.8488372093023255
2 0.03294573643410853
6 0.027131782945736434
7 0.01744186046511628
5 0.01744186046511628
8 0.015503875968992248
9 0.011627906976744186
3 0.009689922480620155
1 0.009689922480620155
0 0.009689922480620155
doc : 7
2 0.8167597765363128
7 0.035754189944134075
8 0.027932960893854747
1 0.021229050279329607
9 0.02011173184357542
4 0.02011173184357542
5 0.01675977653631285
3 0.015642458100558657
0 0.015642458100558657
6 0.01005586592178771
doc : 8
6 0.8423645320197044
7 0.07512315270935961
5 0.014778325123152709
2 0.013546798029556651
9 0.012315270935960592
4 0.011083743842364532
8 0.009852216748768473
3 0.008620689655172414
1 0.006157635467980296
0 0.006157635467980296
doc : 9
5 0.3687580025608195
3 0.35723431498079383
0 0.18822023047375158
9 0.02432778489116517
8 0.015364916773367477
1 0.011523687580025609
4 0.010243277848911651
6 0.008962868117797694
7 0.0076824583866837385
2 0.0076824583866837385
doc : 10
7 0.5380952380952382
2 0.13333333333333336
6 0.08095238095238096
4 0.07142857142857144
5 0.04285714285714286
1 0.03333333333333334
0 0.028571428571428574
9 0.02380952380952381
8 0.02380952380952381
3 0.02380952380952381
doc : 11
7 0.8407494145199064
6 0.03044496487119438
1 0.023419203747072598
5 0.01873536299765808
3 0.01873536299765808
9 0.01639344262295082
2 0.01639344262295082
8 0.011709601873536299
4 0.011709601873536299
0 0.011709601873536299
doc : 12
7 0.8893617021276596
6 0.021276595744680854
2 0.01702127659574468
8 0.012765957446808512
1 0.012765957446808512
0 0.012765957446808512
4 0.011347517730496455
5 0.00851063829787234
9 0.007092198581560284
3 0.007092198581560284
doc : 13
8 0.79424216765453
5 0.15410668924640136
9 0.011007620660457238
4 0.006773920406435224
3 0.006773920406435224
0 0.006773920406435224
2 0.0059271803556308214
7 0.005080440304826418
1 0.005080440304826418
6 0.004233700254022015
doc : 14
0 0.7191283292978208
5 0.2271186440677966
9 0.014527845036319613
8 0.014527845036319613
3 0.005811138014527845
6 0.005326876513317191
1 0.00387409200968523
7 0.003389830508474576
2 0.003389830508474576
4 0.0029055690072639223
doc : 15
5 0.8608137044967881
0 0.069593147751606
9 0.01284796573875803
8 0.010706638115631693
3 0.009635974304068522
1 0.008565310492505354
7 0.007494646680942184
6 0.007494646680942184
4 0.006423982869379015
2 0.006423982869379015
doc : 16
8 0.8807763401109057
5 0.04251386321626617
9 0.030499075785582256
0 0.010166358595194085
3 0.009242144177449167
4 0.006469500924214418
7 0.005545286506469501
6 0.005545286506469501
2 0.004621072088724584
1 0.004621072088724584
doc : 17
3 0.39477503628447025
5 0.24963715529753266
0 0.22496371552975328
8 0.04354136429608128
9 0.02467343976777939
1 0.015965166908563134
2 0.013062409288824383
7 0.011611030478955007
4 0.011611030478955007
6 0.010159651669085631
doc : 18
2 0.7224080267558528
4 0.06354515050167224
6 0.043478260869565216
3 0.03678929765886287
1 0.026755852842809364
9 0.023411371237458192
8 0.023411371237458192
5 0.023411371237458192
7 0.020066889632107024
0 0.016722408026755852
doc : 19
2 0.7357859531772575
6 0.06020066889632107
8 0.04013377926421405
4 0.033444816053511704
3 0.026755852842809364
7 0.023411371237458192
1 0.023411371237458192
9 0.020066889632107024
5 0.020066889632107024
0 0.016722408026755852
doc : 20
4 0.9674311926605506
2 0.00963302752293578
0 0.003669724770642202
9 0.003211009174311927
8 0.0027522935779816515
7 0.0027522935779816515
5 0.0027522935779816515
3 0.0027522935779816515
1 0.0027522935779816515
6 0.0022935779816513763
doc : 21
5 0.8311377245508982
0 0.06347305389221557
9 0.025149700598802394
8 0.025149700598802394
3 0.01437125748502994
4 0.009580838323353293
2 0.009580838323353293
1 0.009580838323353293
7 0.005988023952095809
6 0.005988023952095809
doc : 22
5 0.6065830721003135
0 0.22100313479623823
8 0.07523510971786834
9 0.025078369905956112
1 0.01567398119122257
6 0.014106583072100312
2 0.012539184952978056
7 0.0109717868338558
3 0.0109717868338558
4 0.007836990595611285
doc : 23
3 0.8449612403100775
5 0.0998062015503876
8 0.011627906976744186
9 0.00872093023255814
4 0.006782945736434108
1 0.006782945736434108
7 0.005813953488372093
2 0.005813953488372093
6 0.0048449612403100775
0 0.0048449612403100775
doc : 24
9 0.8363926576217079
5 0.08778930566640064
8 0.034317637669592976
0 0.008778930566640064
3 0.007182761372705507
1 0.006384676775738229
7 0.00558659217877095
6 0.004788507581803671
2 0.004788507581803671
4 0.0039904229848363925
doc : 25
9 0.4132801161103048
8 0.38461538461538464
3 0.11683599419448476
0 0.04462989840348331
5 0.027213352685050797
1 0.0050798258345428155
4 0.0025399129172714078
7 0.0021770682148040637
6 0.00181422351233672
2 0.00181422351233672
doc : 26
6 0.34177215189873417
2 0.2759493670886076
1 0.09620253164556962
7 0.06835443037974684
5 0.053164556962025315
9 0.05063291139240506
3 0.03291139240506329
8 0.03037974683544304
0 0.027848101265822784
4 0.02278481012658228
doc : 27
6 0.8779646399310048
2 0.03147908581285037
5 0.02414833980163864
1 0.01768003449762829
8 0.01121172919361794
9 0.01034928848641656
3 0.01034928848641656
7 0.007330746011211729
4 0.00474342388960759
0 0.00474342388960759
doc : 28
6 0.11538461538461539
2 0.11538461538461539
9 0.09615384615384616
8 0.09615384615384616
7 0.09615384615384616
5 0.09615384615384616
4 0.09615384615384616
3 0.09615384615384616
1 0.09615384615384616
0 0.09615384615384616
doc : 29
3 0.8393009377664109
5 0.07715260017050299
0 0.051577152600170505
8 0.008951406649616368
9 0.0076726342710997444
1 0.004262574595055414
2 0.0034100596760443308
4 0.0029838022165387893
6 0.002557544757033248
7 0.002131287297527707
doc : 30
5 0.6460905349794238
0 0.20164609053497942
8 0.0823045267489712
9 0.013717421124828532
3 0.012345679012345678
1 0.012345679012345678
2 0.009602194787379972
7 0.008230452674897118
6 0.006858710562414266
4 0.006858710562414266
doc : 31
9 0.4806201550387597
8 0.4784668389319552
5 0.013781223083548665
0 0.008613264427217916
3 0.005598621877691645
1 0.003875968992248062
7 0.002583979328165375
6 0.002153316106804479
4 0.002153316106804479
2 0.002153316106804479
doc : 32
3 0.7501730103806228
5 0.16678200692041523
8 0.029065743944636676
1 0.011764705882352941
2 0.011072664359861591
6 0.009688581314878892
0 0.006228373702422145
4 0.005536332179930796
9 0.004844290657439446
7 0.004844290657439446
doc : 33
0 0.8533496732026145
5 0.0923202614379085
3 0.0196078431372549
9 0.010620915032679739
1 0.005718954248366014
2 0.004901960784313725
8 0.004493464052287582
6 0.003676470588235294
7 0.0032679738562091504
4 0.002042483660130719
doc : 34
5 0.5404896421845574
1 0.19774011299435026
8 0.11016949152542373
3 0.04802259887005649
9 0.03672316384180791
6 0.01694915254237288
0 0.01694915254237288
7 0.015065913370998116
2 0.011299435028248588
4 0.0065913370998116755
doc : 35
3 0.9087278950370792
5 0.05476326297775242
0 0.007986309184255561
4 0.00513405590416429
7 0.004563605248146035
6 0.004563605248146035
9 0.0039931545921277805
8 0.0039931545921277805
1 0.0034227039361095263
2 0.002852253280091272
doc : 36
9 0.7798369162342476
5 0.15715344699777611
8 0.025203854707190512
3 0.008895478131949592
0 0.008154188287620458
7 0.004447739065974796
4 0.004447739065974796
1 0.004447739065974796
6 0.0037064492216456633
2 0.0037064492216456633
doc : 37
7 0.7242990654205607
2 0.04205607476635514
4 0.037383177570093455
3 0.037383177570093455
6 0.03271028037383177
1 0.02803738317757009
0 0.02803738317757009
9 0.02336448598130841
8 0.02336448598130841
5 0.02336448598130841
doc : 38
2 0.5650887573964497
6 0.13609467455621302
9 0.05917159763313609
5 0.04437869822485207
4 0.04437869822485207
7 0.04142011834319526
8 0.038461538461538464
1 0.03254437869822485
3 0.023668639053254437
0 0.014792899408284023
doc : 39
1 0.38596491228070173
2 0.21052631578947367
8 0.09941520467836257
3 0.06432748538011696
0 0.05263157894736842
6 0.04678362573099415
9 0.04093567251461988
7 0.03508771929824561
5 0.03508771929824561
4 0.029239766081871343
doc : 40
0 0.737565445026178
8 0.10274869109947644
5 0.10274869109947644
9 0.018324607329842934
3 0.008507853403141362
4 0.0071989528795811525
7 0.006544502617801047
2 0.006544502617801047
6 0.005235602094240838
1 0.0045811518324607335
doc : 41
9 0.36675866298681387
8 0.3514259429622815
0 0.2631094756209752
5 0.005519779208831647
3 0.0033731984053971178
2 0.0027598896044158236
1 0.0021465808034345293
7 0.0018399264029438822
6 0.0015332720024532353
4 0.0015332720024532353
doc : 42
3 0.8330494037478705
5 0.07751277683134583
0 0.04727427597955707
9 0.014480408858603067
8 0.008517887563884156
1 0.005536626916524702
2 0.004684838160136286
7 0.002981260647359455
6 0.002981260647359455
4 0.002981260647359455
doc : 43
8 0.48836206896551726
9 0.4685344827586207
5 0.014655172413793103
0 0.009051724137931035
3 0.0047413793103448275
2 0.003879310344827586
1 0.0034482758620689655
6 0.003017241379310345
7 0.0021551724137931034
4 0.0021551724137931034
doc : 44
8 0.8720748829953199
5 0.07020280811232449
9 0.01326053042121685
2 0.00858034321372855
0 0.00858034321372855
1 0.0070202808112324495
7 0.00546021840873635
6 0.00546021840873635
4 0.0046801872074883
3 0.0046801872074883
doc : 45
1 0.6074362300043233
3 0.14180717682663208
5 0.14051015996541288
9 0.04971897968006917
8 0.030696065715520967
0 0.015131863380890618
6 0.00432338953739732
2 0.00432338953739732
4 0.0034587116299178555
7 0.0025940337224383916
doc : 46
1 0.38596491228070173
2 0.18128654970760233
8 0.07602339181286549
3 0.07602339181286549
9 0.05263157894736842
6 0.05263157894736842
0 0.05263157894736842
5 0.04678362573099415
4 0.04678362573099415
7 0.029239766081871343
doc : 47
7 0.8643911439114391
6 0.024907749077490774
1 0.023985239852398522
2 0.023062730627306273
8 0.017527675276752766
3 0.012915129151291513
9 0.01107011070110701
5 0.008302583025830259
4 0.007380073800738007
0 0.006457564575645757
doc : 48
2 0.5502793296089385
1 0.09497206703910614
9 0.09217877094972067
6 0.05865921787709497
8 0.0558659217877095
3 0.04189944134078213
5 0.030726256983240226
7 0.02793296089385475
0 0.02793296089385475
4 0.019553072625698324
doc : 49
9 0.3590709353421218
8 0.33113622096672946
0 0.2884494664155681
5 0.010357815442561206
3 0.0021971123666038924
7 0.0018832391713747647
6 0.0018832391713747647
2 0.0018832391713747647
4 0.0015693659761456373
1 0.0015693659761456373
