doc : 0
2 0.8028379387602689
8 0.030619865571321885
9 0.02987303958177745
0 0.02763256161314414
3 0.02389843166542196
1 0.023151605675877523
5 0.01941747572815534
6 0.018670649738610906
4 0.013442867811799852
7 0.010455563853622106
doc : 1
2 0.8651804670912951
8 0.02653927813163482
6 0.020169851380042462
3 0.01910828025477707
4 0.013800424628450107
5 0.012738853503184714
0 0.012738853503184714
7 0.010615711252653927
1 0.010615711252653927
9 0.008492569002123142
doc : 2
0 0.8528724894908921
6 0.04156936011209715
9 0.033162073797290983
8 0.014012143858010275
5 0.013545072396076599
3 0.012610929472209247
4 0.010742643624474545
2 0.010742643624474545
7 0.006071929005137785
1 0.004670714619336758
doc : 3
9 0.8377535101404057
2 0.0436817472698908
6 0.031201248049921998
8 0.01950078003120125
3 0.014820592823712949
0 0.014040561622464899
5 0.01326053042121685
1 0.01014040561622465
7 0.0078003120124804995
4 0.0078003120124804995
doc : 4
6 0.3878116343490305
2 0.19667590027700832
0 0.19113573407202217
5 0.06925207756232687
8 0.038781163434903045
7 0.030470914127423823
3 0.030470914127423823
9 0.024930747922437674
4 0.01662049861495845
1 0.013850415512465374
doc : 5
0 0.8608137044967881
9 0.02569593147751606
4 0.021413276231263385
8 0.017130620985010708
5 0.014989293361884369
2 0.014989293361884369
3 0.01284796573875803
7 0.010706638115631693
6 0.010706638115631693
1 0.010706638115631693
doc : 6
9 0.5370919881305638
6 0.3026706231454006
1 0.02967359050445104
2 0.026706231454005934
5 0.02077151335311573
4 0.02077151335311573
0 0.017804154302670624
8 0.01483679525222552
7 0.01483679525222552
3 0.01483679525222552
doc : 7
2 0.5181818181818182
6 0.17636363636363636
5 0.0890909090909091
8 0.04181818181818182
9 0.04
1 0.04
7 0.02909090909090909
3 0.02909090909090909
4 0.023636363636363636
0 0.012727272727272728
doc : 8
7 0.6616541353383458
9 0.03759398496240601
8 0.03759398496240601
6 0.03759398496240601
5 0.03759398496240601
4 0.03759398496240601
3 0.03759398496240601
2 0.03759398496240601
1 0.03759398496240601
0 0.03759398496240601
doc : 9
7 0.6616541353383458
9 0.03759398496240601
8 0.03759398496240601
6 0.03759398496240601
5 0.03759398496240601
4 0.03759398496240601
3 0.03759398496240601
2 0.03759398496240601
1 0.03759398496240601
0 0.03759398496240601
doc : 10
8 0.6218809980806141
6 0.09980806142034548
5 0.08445297504798464
9 0.06333973128598848
3 0.04990403071017274
0 0.02111324376199616
2 0.01727447216890595
4 0.015355086372360844
1 0.015355086372360844
7 0.011516314779270634
doc : 11
7 0.6390977443609023
9 0.06015037593984962
8 0.03759398496240601
6 0.03759398496240601
5 0.03759398496240601
4 0.03759398496240601
3 0.03759398496240601
2 0.03759398496240601
1 0.03759398496240601
0 0.03759398496240601
doc : 12
7 0.6541353383458646
5 0.045112781954887216
9 0.03759398496240601
8 0.03759398496240601
6 0.03759398496240601
4 0.03759398496240601
3 0.03759398496240601
2 0.03759398496240601
1 0.03759398496240601
0 0.03759398496240601
doc : 13
7 0.6616541353383458
9 0.03759398496240601
8 0.03759398496240601
6 0.03759398496240601
5 0.03759398496240601
4 0.03759398496240601
3 0.03759398496240601
2 0.03759398496240601
1 0.03759398496240601
0 0.03759398496240601
doc : 14
6 0.7011235955056181
2 0.06966292134831462
9 0.04719101123595506
1 0.04269662921348315
8 0.029213483146067417
5 0.029213483146067417
3 0.02471910112359551
0 0.020224719101123598
7 0.017977528089887642
4 0.017977528089887642
doc : 15
9 0.9102564102564104
4 0.015779092702169626
2 0.014792899408284025
5 0.012820512820512822
3 0.010848126232741617
8 0.009861932938856016
0 0.008875739644970414
6 0.006903353057199212
7 0.004930966469428008
1 0.004930966469428008
doc : 16
6 0.748587570621469
9 0.03954802259887005
5 0.03389830508474576
0 0.031073446327683614
8 0.02824858757062147
7 0.02824858757062147
3 0.02824858757062147
4 0.025423728813559324
1 0.022598870056497175
2 0.014124293785310734
doc : 17
6 0.5939675174013921
8 0.08816705336426914
2 0.060324825986078884
9 0.058004640371229696
3 0.058004640371229696
4 0.030162412993039442
1 0.030162412993039442
7 0.027842227378190254
5 0.027842227378190254
0 0.025522041763341066
doc : 18
2 0.6826666666666666
5 0.208
6 0.018666666666666665
9 0.016
4 0.016
8 0.014666666666666666
1 0.014666666666666666
0 0.012
3 0.009333333333333332
7 0.008
doc : 19
9 0.8181818181818182
6 0.030303030303030304
3 0.024242424242424242
5 0.021212121212121213
0 0.021212121212121213
8 0.01818181818181818
2 0.01818181818181818
1 0.01818181818181818
7 0.015151515151515152
4 0.015151515151515152
doc : 20
7 0.6616541353383458
9 0.03759398496240601
8 0.03759398496240601
6 0.03759398496240601
5 0.03759398496240601
4 0.03759398496240601
3 0.03759398496240601
2 0.03759398496240601
1 0.03759398496240601
0 0.03759398496240601
doc : 21
7 0.6616541353383458
9 0.03759398496240601
8 0.03759398496240601
6 0.03759398496240601
5 0.03759398496240601
4 0.03759398496240601
3 0.03759398496240601
2 0.03759398496240601
1 0.03759398496240601
0 0.03759398496240601
doc : 22
7 0.6616541353383458
9 0.03759398496240601
8 0.03759398496240601
6 0.03759398496240601
5 0.03759398496240601
4 0.03759398496240601
3 0.03759398496240601
2 0.03759398496240601
1 0.03759398496240601
0 0.03759398496240601
doc : 23
9 0.7896551724137931
8 0.03103448275862069
6 0.03103448275862069
5 0.03103448275862069
1 0.02413793103448276
7 0.020689655172413793
4 0.020689655172413793
3 0.017241379310344827
2 0.017241379310344827
0 0.017241379310344827
doc : 24
5 0.7228571428571429
9 0.08285714285714285
6 0.04
0 0.02857142857142857
8 0.025714285714285714
3 0.022857142857142857
2 0.022857142857142857
1 0.022857142857142857
7 0.017142857142857144
4 0.014285714285714285
doc : 25
4 0.8832318760376314
1 0.026563364692861094
8 0.024349750968456003
6 0.015495296070835638
7 0.01383508577753182
2 0.01162147205312673
9 0.007747648035417819
0 0.007747648035417819
5 0.004980630879911455
3 0.004427227448810182
doc : 26
6 0.4482758620689655
9 0.1586206896551724
5 0.06896551724137931
3 0.06206896551724138
0 0.06206896551724138
2 0.04827586206896552
7 0.041379310344827586
1 0.041379310344827586
8 0.034482758620689655
4 0.034482758620689655
doc : 27
9 0.8176100628930818
2 0.031446540880503145
5 0.025157232704402517
3 0.022012578616352203
6 0.01886792452830189
1 0.01886792452830189
0 0.01886792452830189
8 0.015723270440251572
7 0.015723270440251572
4 0.015723270440251572
doc : 28
0 0.8773388773388774
9 0.018711018711018712
8 0.016632016632016633
5 0.014553014553014554
4 0.014553014553014554
6 0.012474012474012475
2 0.012474012474012475
1 0.012474012474012475
7 0.010395010395010396
3 0.010395010395010396
doc : 29
7 0.5266666666666666
6 0.20444444444444443
2 0.06666666666666667
8 0.05185185185185185
5 0.04814814814814815
9 0.03777777777777778
4 0.03111111111111111
3 0.017037037037037035
1 0.009629629629629629
0 0.006666666666666666
doc : 30
7 0.6616541353383458
9 0.03759398496240601
8 0.03759398496240601
6 0.03759398496240601
5 0.03759398496240601
4 0.03759398496240601
3 0.03759398496240601
2 0.03759398496240601
1 0.03759398496240601
0 0.03759398496240601
doc : 31
2 0.5390070921985816
6 0.09574468085106383
9 0.08156028368794326
8 0.06382978723404255
4 0.04609929078014184
0 0.0425531914893617
5 0.03900709219858156
7 0.035460992907801414
1 0.031914893617021274
3 0.024822695035460994
doc : 32
5 0.6682027649769585
3 0.05529953917050691
2 0.05529953917050691
7 0.041474654377880185
1 0.03686635944700461
6 0.03225806451612903
4 0.03225806451612903
9 0.027649769585253454
8 0.027649769585253454
0 0.02304147465437788
doc : 33
5 0.7639484978540773
2 0.05150214592274678
1 0.030042918454935622
9 0.027896995708154508
3 0.027896995708154508
0 0.023605150214592273
4 0.02145922746781116
7 0.019313304721030045
8 0.017167381974248927
6 0.017167381974248927
doc : 34
6 0.7090301003344481
1 0.056856187290969896
2 0.043478260869565216
8 0.04013377926421405
9 0.03678929765886287
4 0.030100334448160536
3 0.023411371237458192
0 0.023411371237458192
5 0.020066889632107024
7 0.016722408026755852
doc : 35
1 0.9212454212454212
2 0.0115995115995116
6 0.010989010989010988
8 0.010378510378510378
4 0.009157509157509158
0 0.008547008547008548
9 0.007936507936507936
5 0.007936507936507936
7 0.006715506715506716
3 0.005494505494505494
doc : 36
3 0.8521505376344086
5 0.028897849462365593
8 0.024865591397849465
6 0.021505376344086023
1 0.018145161290322582
2 0.014112903225806453
7 0.013440860215053765
9 0.010080645161290324
0 0.009408602150537635
4 0.00739247311827957
doc : 37
6 0.14285714285714285
2 0.14285714285714285
0 0.14285714285714285
9 0.11904761904761904
3 0.09523809523809523
7 0.08333333333333333
8 0.07142857142857142
5 0.07142857142857142
1 0.07142857142857142
4 0.05952380952380952
doc : 38
5 0.9119897959183673
9 0.016581632653061222
7 0.012755102040816325
0 0.011479591836734693
8 0.008928571428571428
4 0.008928571428571428
1 0.008928571428571428
3 0.007653061224489796
6 0.0063775510204081625
2 0.0063775510204081625
doc : 39
2 0.8873994638069705
5 0.020107238605898123
8 0.01742627345844504
6 0.013404825737265416
4 0.013404825737265416
1 0.013404825737265416
9 0.010723860589812333
7 0.00938337801608579
0 0.00804289544235925
3 0.006702412868632708
doc : 40
5 0.8100961538461539
9 0.038461538461538464
6 0.03125
2 0.026442307692307696
1 0.019230769230769232
8 0.01682692307692308
3 0.01682692307692308
7 0.014423076923076924
4 0.014423076923076924
0 0.01201923076923077
doc : 41
5 0.8204488778054863
9 0.032418952618453865
2 0.032418952618453865
6 0.029925187032418952
4 0.017456359102244388
3 0.014962593516209476
1 0.014962593516209476
8 0.012468827930174564
7 0.012468827930174564
0 0.012468827930174564
doc : 42
8 0.905511811023622
2 0.02230971128608924
6 0.013123359580052493
3 0.010498687664041995
9 0.009186351706036745
4 0.009186351706036745
5 0.007874015748031496
1 0.007874015748031496
0 0.007874015748031496
7 0.006561679790026247
doc : 43
8 0.9194805194805195
2 0.016883116883116882
1 0.01038961038961039
3 0.00909090909090909
9 0.007792207792207792
7 0.007792207792207792
5 0.007792207792207792
0 0.007792207792207792
6 0.006493506493506494
4 0.006493506493506494
doc : 44
3 0.6295081967213114
2 0.08196721311475409
6 0.05901639344262295
9 0.05245901639344262
5 0.04590163934426229
8 0.036065573770491806
0 0.029508196721311476
1 0.02622950819672131
4 0.022950819672131147
7 0.01639344262295082
doc : 45
1 0.8093750000000001
6 0.040625
9 0.021875000000000002
7 0.021875000000000002
2 0.021875000000000002
3 0.018750000000000003
0 0.018750000000000003
8 0.015625
5 0.015625
4 0.015625
doc : 46
3 0.6876712328767123
5 0.057534246575342465
9 0.049315068493150684
8 0.043835616438356165
6 0.038356164383561646
2 0.038356164383561646
0 0.03561643835616438
7 0.016438356164383564
4 0.016438356164383564
1 0.016438356164383564
doc : 47
5 0.615
3 0.075
2 0.0725
1 0.0725
9 0.0475
8 0.0325
0 0.0275
7 0.0225
4 0.02
6 0.015
doc : 48
5 0.47648902821316613
2 0.13166144200626959
1 0.07366771159874608
9 0.06739811912225704
3 0.05799373040752351
4 0.05329153605015674
6 0.04231974921630094
7 0.03605015673981191
8 0.032915360501567396
0 0.028213166144200625
doc : 49
5 0.439873417721519
2 0.21835443037974683
1 0.10759493670886076
9 0.04430379746835443
8 0.04430379746835443
4 0.0379746835443038
3 0.03164556962025317
7 0.028481012658227847
6 0.02531645569620253
0 0.022151898734177215
