doc : 0
5 0.8628019323671497
9 0.03961352657004831
0 0.03768115942028986
2 0.020289855072463767
3 0.008695652173913044
8 0.006763285024154589
7 0.006763285024154589
1 0.006763285024154589
6 0.005797101449275362
4 0.004830917874396135
doc : 1
5 0.9010204081632653
2 0.036734693877551024
0 0.014285714285714287
4 0.009183673469387756
3 0.00816326530612245
9 0.0071428571428571435
8 0.006122448979591837
7 0.006122448979591837
6 0.006122448979591837
1 0.005102040816326531
doc : 2
5 0.8176426982950333
0 0.06523350630096367
9 0.04744255003706449
2 0.022238695329873978
4 0.010378057820607857
6 0.009636767976278725
1 0.008895478131949592
7 0.007412898443291327
3 0.006671608598962194
8 0.004447739065974796
doc : 3
5 0.8059384941675505
2 0.07423117709437965
1 0.024390243902439025
9 0.02332979851537646
6 0.013785790031813364
3 0.012725344644750797
0 0.012725344644750797
7 0.01166489925768823
8 0.010604453870625663
4 0.010604453870625663
doc : 4
5 0.931791907514451
4 0.012716763005780347
7 0.00809248554913295
2 0.00809248554913295
9 0.006936416184971098
8 0.006936416184971098
6 0.006936416184971098
1 0.006936416184971098
3 0.005780346820809249
0 0.005780346820809249
doc : 5
5 0.8920704845814978
2 0.024229074889867842
4 0.019823788546255508
1 0.013215859030837006
3 0.009911894273127754
0 0.009911894273127754
9 0.00881057268722467
7 0.007709251101321587
6 0.007709251101321587
8 0.006607929515418503
doc : 6
5 0.8406113537117903
2 0.08296943231441048
1 0.02074235807860262
0 0.00982532751091703
7 0.008733624454148471
6 0.008733624454148471
9 0.007641921397379912
8 0.007641921397379912
4 0.007641921397379912
3 0.0054585152838427945
doc : 7
5 0.8525139664804469
2 0.0670391061452514
6 0.013407821229050279
9 0.012290502793296089
1 0.012290502793296089
4 0.011173184357541898
3 0.008938547486033519
8 0.007821229050279328
0 0.007821229050279328
7 0.0067039106145251395
doc : 8
0 0.25
5 0.20714285714285713
9 0.11785714285714285
4 0.11428571428571428
2 0.10714285714285714
8 0.060714285714285714
3 0.04285714285714286
1 0.04285714285714286
7 0.03571428571428571
6 0.02142857142857143
doc : 9
5 0.896551724137931
2 0.0389321468298109
1 0.010011123470522803
9 0.008898776418242492
3 0.008898776418242492
8 0.00778642936596218
6 0.00778642936596218
4 0.00778642936596218
0 0.00778642936596218
7 0.0055617352614015575
doc : 10
5 0.9291521486643438
9 0.011614401858304297
4 0.009291521486643438
7 0.008130081300813007
6 0.008130081300813007
1 0.008130081300813007
3 0.006968641114982578
2 0.006968641114982578
8 0.005807200929152149
0 0.005807200929152149
doc : 11
5 0.9037372593431484
2 0.03737259343148358
1 0.010192525481313703
9 0.007927519818799548
7 0.007927519818799548
6 0.007927519818799548
4 0.006795016987542469
0 0.006795016987542469
8 0.005662514156285391
3 0.005662514156285391
doc : 12
5 0.9002320185614849
0 0.016241299303944315
2 0.015081206496519721
1 0.013921113689095127
9 0.010440835266821345
3 0.010440835266821345
7 0.009280742459396751
6 0.009280742459396751
4 0.008120649651972157
8 0.0069605568445475635
doc : 13
5 0.9300947867298579
9 0.01066350710900474
1 0.01066350710900474
2 0.008293838862559242
0 0.008293838862559242
4 0.007109004739336493
3 0.007109004739336493
8 0.0059241706161137445
7 0.0059241706161137445
6 0.0059241706161137445
doc : 14
5 0.7898832684824902
9 0.07684824902723736
0 0.04377431906614786
4 0.02237354085603113
1 0.02237354085603113
2 0.01264591439688716
3 0.010700389105058366
7 0.009727626459143969
8 0.005836575875486381
6 0.005836575875486381
doc : 15
1 0.7759784075573549
2 0.09986504723346828
7 0.02834008097165992
8 0.02564102564102564
9 0.014844804318488529
3 0.014844804318488529
6 0.012145748987854251
4 0.010796221322537112
5 0.009446693657219972
0 0.008097165991902834
doc : 16
2 0.6476868327402135
1 0.2548042704626335
5 0.037010676156583634
9 0.021352313167259787
4 0.009252669039145909
0 0.008540925266903915
7 0.0056939501779359435
6 0.0056939501779359435
3 0.0056939501779359435
8 0.004270462633451958
doc : 17
4 0.8067796610169491
2 0.04067796610169491
0 0.03898305084745762
6 0.023728813559322035
9 0.022033898305084745
1 0.01694915254237288
8 0.013559322033898305
7 0.013559322033898305
5 0.013559322033898305
3 0.010169491525423728
doc : 18
2 0.2672811059907834
4 0.1935483870967742
5 0.08755760368663594
9 0.08294930875576037
3 0.08294930875576037
0 0.07834101382488479
1 0.07373271889400922
8 0.05069124423963134
7 0.041474654377880185
6 0.041474654377880185
doc : 19
5 0.6938775510204082
0 0.25213956550362077
9 0.016458196181698484
7 0.007241606319947334
2 0.005924950625411454
1 0.005924950625411454
4 0.005266622778143515
8 0.004608294930875576
3 0.004608294930875576
6 0.003949967083607637
doc : 20
5 0.5863236289776574
9 0.32295192958700064
0 0.02843601895734597
2 0.02098849018280298
4 0.011509817197020988
8 0.007447528774542992
1 0.006770480704129993
6 0.005416384563303994
3 0.005416384563303994
7 0.004739336492890995
doc : 21
5 0.5254346426271732
9 0.4069542820347714
2 0.019961365099806824
0 0.009658725048293624
1 0.00901481004507405
8 0.00643915003219575
4 0.00643915003219575
3 0.00643915003219575
7 0.005795235028976175
6 0.0038634900193174502
doc : 22
5 0.7665662650602411
0 0.12650602409638556
9 0.06852409638554217
3 0.008283132530120483
8 0.006024096385542169
4 0.006024096385542169
7 0.005271084337349398
6 0.004518072289156627
1 0.004518072289156627
2 0.0037650602409638554
doc : 23
5 0.8667239896818573
0 0.0472914875322442
2 0.0352536543422184
9 0.013757523645743766
6 0.008598452278589854
4 0.008598452278589854
3 0.0060189165950128975
7 0.005159071367153913
8 0.004299226139294927
1 0.004299226139294927
doc : 24
5 0.8892543859649122
2 0.021929824561403508
4 0.019736842105263157
1 0.013157894736842105
9 0.010964912280701754
8 0.009868421052631578
6 0.009868421052631578
3 0.008771929824561403
0 0.008771929824561403
7 0.007675438596491228
doc : 25
5 0.9120750293083235
6 0.014067995310668229
1 0.014067995310668229
4 0.010550996483001172
3 0.010550996483001172
9 0.0082063305978898
8 0.0082063305978898
7 0.0082063305978898
2 0.0082063305978898
0 0.005861664712778429
doc : 26
7 0.7023060796645703
3 0.07337526205450734
2 0.04402515723270441
9 0.033542976939203356
1 0.033542976939203356
6 0.031446540880503145
0 0.02725366876310273
4 0.023060796645702306
8 0.016771488469601678
5 0.014675052410901468
doc : 27
2 0.7930489731437599
1 0.08056872037914692
5 0.03317535545023697
0 0.018957345971563982
9 0.01579778830963665
6 0.014218009478672985
4 0.01263823064770932
3 0.01263823064770932
7 0.011058451816745656
8 0.007898894154818325
doc : 28
1 0.5739549839228296
2 0.2877813504823151
9 0.028938906752411574
0 0.02090032154340836
8 0.01607717041800643
6 0.01607717041800643
3 0.01607717041800643
4 0.014469453376205787
7 0.012861736334405145
5 0.012861736334405145
doc : 29
2 0.7858672376873662
1 0.07494646680942185
5 0.047109207708779445
9 0.02676659528907923
0 0.020342612419700215
4 0.01284796573875803
6 0.010706638115631693
3 0.009635974304068522
7 0.006423982869379015
8 0.005353319057815846
doc : 30
3 0.760797342192691
6 0.04983388704318937
7 0.036544850498338874
0 0.036544850498338874
5 0.023255813953488372
4 0.023255813953488372
8 0.019933554817275746
9 0.016611295681063124
2 0.016611295681063124
1 0.016611295681063124
doc : 31
3 0.7744360902255638
7 0.042606516290726815
4 0.040100250626566414
0 0.03258145363408521
8 0.02756892230576441
6 0.020050125313283207
2 0.017543859649122806
1 0.017543859649122806
5 0.015037593984962405
9 0.012531328320802004
doc : 32
8 0.9027522935779817
9 0.012844036697247707
7 0.012844036697247707
6 0.012844036697247707
1 0.011009174311926606
0 0.011009174311926606
5 0.009174311926605505
4 0.009174311926605505
3 0.009174311926605505
2 0.009174311926605505
doc : 33
8 0.9067164179104478
0 0.01990049751243781
1 0.011194029850746268
9 0.009950248756218905
4 0.009950248756218905
3 0.009950248756218905
7 0.008706467661691543
6 0.008706467661691543
5 0.007462686567164179
2 0.007462686567164179
doc : 34
8 0.896484375
3 0.015625
9 0.013671875
6 0.013671875
2 0.01171875
7 0.009765625
5 0.009765625
4 0.009765625
1 0.009765625
0 0.009765625
doc : 35
8 0.8890625000000001
6 0.0203125
3 0.0171875
0 0.0125
7 0.010937500000000001
5 0.010937500000000001
4 0.010937500000000001
9 0.009375000000000001
2 0.009375000000000001
1 0.009375000000000001
doc : 36
8 0.8632034632034632
3 0.03722943722943723
6 0.02251082251082251
0 0.01904761904761905
4 0.013852813852813853
9 0.012987012987012988
7 0.011255411255411255
2 0.009523809523809525
1 0.006060606060606061
5 0.004329004329004329
doc : 37
3 0.48648648648648646
4 0.09009009009009009
2 0.09009009009009009
7 0.05405405405405406
1 0.05405405405405406
9 0.04504504504504504
8 0.04504504504504504
6 0.04504504504504504
5 0.04504504504504504
0 0.04504504504504504
doc : 38
5 0.8219616204690832
2 0.08742004264392324
1 0.021321961620469083
9 0.013859275053304903
3 0.01279317697228145
6 0.010660980810234541
0 0.009594882729211086
4 0.008528784648187633
7 0.007462686567164179
8 0.006396588486140725
doc : 39
5 0.9085841694537347
4 0.017837235228539576
9 0.012263099219620958
6 0.011148272017837236
2 0.011148272017837236
1 0.010033444816053512
3 0.008918617614269788
0 0.007803790412486064
8 0.006688963210702341
7 0.005574136008918618
doc : 40
5 0.9237187127532777
4 0.011918951132300357
1 0.011918951132300357
9 0.01072705601907032
0 0.01072705601907032
2 0.007151370679380214
8 0.0059594755661501785
7 0.0059594755661501785
6 0.0059594755661501785
3 0.0059594755661501785
doc : 41
5 0.8868092691622103
0 0.0285204991087344
9 0.022281639928698752
2 0.01871657754010695
4 0.01158645276292335
8 0.0089126559714795
1 0.0071301247771836
6 0.006238859180035651
3 0.0053475935828877
7 0.00445632798573975
doc : 42
5 0.7831050228310502
0 0.14687975646879756
9 0.01750380517503805
2 0.0167427701674277
1 0.0136986301369863
8 0.0060882800608828
7 0.0045662100456621
6 0.00380517503805175
4 0.00380517503805175
3 0.00380517503805175
doc : 43
5 0.8955223880597015
0 0.029850746268656716
2 0.016681299385425813
9 0.014047410008779631
1 0.01141352063213345
6 0.007901668129938543
7 0.007023705004389816
3 0.007023705004389816
8 0.0052677787532923615
4 0.0052677787532923615
doc : 44
7 0.8524945770065077
8 0.02386117136659436
6 0.02386117136659436
3 0.019522776572668113
9 0.015184381778741866
1 0.015184381778741866
5 0.013015184381778743
4 0.013015184381778743
2 0.013015184381778743
0 0.010845986984815618
doc : 45
7 0.8213296398891967
6 0.04847645429362881
3 0.037396121883656507
4 0.02077562326869806
2 0.01662049861495845
8 0.012465373961218837
5 0.012465373961218837
9 0.0110803324099723
1 0.0110803324099723
0 0.008310249307479225
doc : 46
6 0.9271465741543798
4 0.013009540329575022
3 0.012142237640936686
7 0.008673026886383347
2 0.008673026886383347
1 0.006938421509106678
0 0.006938421509106678
8 0.006071118820468343
9 0.005203816131830009
5 0.005203816131830009
doc : 47
8 0.868369351669941
6 0.041257367387033395
9 0.02554027504911591
4 0.013752455795677798
7 0.010805500982318271
2 0.009823182711198428
1 0.008840864440078585
0 0.008840864440078585
3 0.006876227897838899
5 0.005893909626719056
doc : 48
1 0.5975609756097562
2 0.17479674796747968
6 0.04065040650406505
9 0.03658536585365854
3 0.032520325203252036
8 0.02845528455284553
5 0.024390243902439025
0 0.024390243902439025
7 0.020325203252032523
4 0.020325203252032523
doc : 49
1 0.7160883280757098
2 0.1661409043112513
9 0.03259726603575184
0 0.02103049421661409
3 0.015772870662460567
4 0.012618296529968454
8 0.011566771819137749
7 0.00946372239747634
6 0.008412197686645636
5 0.006309148264984227
