doc : 0
0 0.31376975169300225
2 0.2347629796839729
8 0.17381489841986456
4 0.0948081264108352
7 0.05191873589164785
9 0.04288939051918735
3 0.03160270880361173
5 0.02257336343115124
1 0.01805869074492099
6 0.015801354401805866
doc : 1
4 0.8053435114503817
2 0.07124681933842239
0 0.05661577608142494
8 0.029262086513994912
7 0.011450381679389315
6 0.006997455470737914
3 0.005725190839694657
9 0.005089058524173028
1 0.005089058524173028
5 0.0031806615776081427
doc : 2
0 0.6084905660377359
8 0.12735849056603774
2 0.051886792452830184
4 0.04245283018867924
9 0.03773584905660377
6 0.0330188679245283
1 0.02830188679245283
7 0.023584905660377357
5 0.023584905660377357
3 0.023584905660377357
doc : 3
8 0.9209932279909706
2 0.03642873822682338
6 0.03214758309332918
9 0.0024130147116058222
4 0.0017903012376430294
0 0.0016346228691523311
3 0.0015567836849069822
5 0.0013232661321709348
7 9.340702109441893E-4
1 7.783918424534911E-4
doc : 4
4 0.12727272727272726
3 0.12727272727272726
6 0.10909090909090909
9 0.09090909090909091
8 0.09090909090909091
7 0.09090909090909091
5 0.09090909090909091
2 0.09090909090909091
1 0.09090909090909091
0 0.09090909090909091
doc : 5
9 0.8650887573964497
7 0.021301775147928994
4 0.020118343195266272
6 0.01893491124260355
8 0.016568047337278107
2 0.015384615384615385
1 0.01301775147928994
5 0.011834319526627219
0 0.009467455621301775
3 0.008284023668639054
doc : 6
0 0.895222129086337
8 0.021793797150041913
6 0.021793797150041913
2 0.015088013411567477
7 0.010896898575020957
5 0.009220452640402346
9 0.008382229673093043
4 0.006705783738474434
1 0.00586756077116513
3 0.005029337803855826
doc : 7
0 0.7261146496815286
8 0.13885350318471337
6 0.030573248407643312
2 0.022929936305732482
9 0.02038216560509554
7 0.02038216560509554
3 0.011464968152866241
5 0.01019108280254777
1 0.01019108280254777
4 0.008917197452229299
doc : 8
0 0.718052738336714
8 0.06490872210953347
2 0.05273833671399594
6 0.0486815415821501
4 0.030425963488843813
7 0.02129817444219067
9 0.019269776876267748
1 0.019269776876267748
3 0.014198782961460446
5 0.011156186612576065
doc : 9
5 0.708779443254818
6 0.05781584582441114
0 0.05139186295503212
4 0.03854389721627409
9 0.029978586723768737
8 0.0278372591006424
7 0.02569593147751606
1 0.02569593147751606
2 0.019271948608137045
3 0.014989293361884369
doc : 10
5 0.7904967602591794
8 0.047516198704103674
6 0.03455723542116631
2 0.02591792656587473
9 0.021598272138228944
0 0.019438444924406047
1 0.017278617710583154
4 0.01511879049676026
3 0.01511879049676026
7 0.012958963282937365
doc : 11
0 0.7185761957730812
4 0.0778642936596218
3 0.05005561735261402
2 0.03670745272525028
8 0.024471635150166853
6 0.024471635150166853
9 0.020022246941045607
1 0.020022246941045607
5 0.01557285873192436
7 0.012235817575083427
doc : 12
2 0.47400000000000003
9 0.10200000000000001
4 0.10200000000000001
3 0.078
1 0.062
5 0.044
0 0.042
6 0.04
8 0.028
7 0.028
doc : 13
5 0.46511627906976744
4 0.06976744186046512
9 0.05813953488372093
8 0.05813953488372093
7 0.05813953488372093
6 0.05813953488372093
3 0.05813953488372093
2 0.05813953488372093
1 0.05813953488372093
0 0.05813953488372093
doc : 14
5 0.46511627906976744
6 0.06976744186046512
9 0.05813953488372093
8 0.05813953488372093
7 0.05813953488372093
4 0.05813953488372093
3 0.05813953488372093
2 0.05813953488372093
1 0.05813953488372093
0 0.05813953488372093
doc : 15
5 0.4418604651162791
8 0.06976744186046512
7 0.06976744186046512
2 0.06976744186046512
9 0.05813953488372093
6 0.05813953488372093
4 0.05813953488372093
3 0.05813953488372093
1 0.05813953488372093
0 0.05813953488372093
doc : 16
5 0.43023255813953487
9 0.08139534883720931
4 0.06976744186046512
3 0.06976744186046512
8 0.05813953488372093
7 0.05813953488372093
6 0.05813953488372093
2 0.05813953488372093
1 0.05813953488372093
0 0.05813953488372093
doc : 17
5 0.46511627906976744
6 0.06976744186046512
9 0.05813953488372093
8 0.05813953488372093
7 0.05813953488372093
4 0.05813953488372093
3 0.05813953488372093
2 0.05813953488372093
1 0.05813953488372093
0 0.05813953488372093
doc : 18
5 0.6540502299257163
2 0.15351963211885392
8 0.0930314821365405
6 0.032189600282985495
0 0.023700035373187125
9 0.01238061549345596
3 0.01238061549345596
1 0.007782101167315175
7 0.005659709939865582
4 0.005305978068623983
doc : 19
1 0.8740685543964233
9 0.02682563338301043
2 0.021609538002980627
6 0.01713859910581222
4 0.012667660208643815
0 0.011922503725782414
3 0.011177347242921014
7 0.009687034277198211
5 0.009687034277198211
8 0.005216095380029807
doc : 20
5 0.4418604651162791
6 0.06976744186046512
3 0.06976744186046512
0 0.06976744186046512
9 0.05813953488372093
8 0.05813953488372093
7 0.05813953488372093
4 0.05813953488372093
2 0.05813953488372093
1 0.05813953488372093
doc : 21
5 0.45348837209302323
9 0.06976744186046512
0 0.06976744186046512
8 0.05813953488372093
7 0.05813953488372093
6 0.05813953488372093
4 0.05813953488372093
3 0.05813953488372093
2 0.05813953488372093
1 0.05813953488372093
doc : 22
5 0.45348837209302323
9 0.06976744186046512
3 0.06976744186046512
8 0.05813953488372093
7 0.05813953488372093
6 0.05813953488372093
4 0.05813953488372093
2 0.05813953488372093
1 0.05813953488372093
0 0.05813953488372093
doc : 23
5 0.41860465116279066
3 0.08139534883720931
0 0.08139534883720931
2 0.06976744186046512
9 0.05813953488372093
8 0.05813953488372093
7 0.05813953488372093
6 0.05813953488372093
4 0.05813953488372093
1 0.05813953488372093
doc : 24
4 0.8461538461538461
8 0.02631578947368421
3 0.02631578947368421
2 0.018218623481781375
0 0.018218623481781375
9 0.01417004048582996
7 0.01417004048582996
1 0.01417004048582996
5 0.012145748987854251
6 0.010121457489878543
doc : 25
4 0.8309352517985612
8 0.0683453237410072
3 0.017985611510791366
7 0.01618705035971223
9 0.014388489208633094
6 0.01079136690647482
5 0.01079136690647482
1 0.01079136690647482
0 0.01079136690647482
2 0.008992805755395683
doc : 26
3 0.1764705882352941
4 0.1323529411764706
5 0.11764705882352941
9 0.08823529411764705
7 0.08823529411764705
6 0.08823529411764705
1 0.08823529411764705
8 0.07352941176470588
2 0.07352941176470588
0 0.07352941176470588
doc : 27
0 0.47247706422018354
2 0.26605504587155965
4 0.05963302752293578
9 0.03669724770642202
7 0.03211009174311927
1 0.03211009174311927
8 0.027522935779816515
5 0.027522935779816515
6 0.022935779816513763
3 0.022935779816513763
doc : 28
7 0.8022670025188917
6 0.04030226700251889
8 0.030226700251889168
2 0.030226700251889168
0 0.027707808564231738
1 0.020151133501259445
9 0.0163727959697733
4 0.015113350125944584
3 0.010075566750629723
5 0.007556675062972292
doc : 29
7 0.726
8 0.088
0 0.037
9 0.032
2 0.027
6 0.025
4 0.025
1 0.014
5 0.013000000000000001
3 0.013000000000000001
doc : 30
5 0.46511627906976744
4 0.06976744186046512
9 0.05813953488372093
8 0.05813953488372093
7 0.05813953488372093
6 0.05813953488372093
3 0.05813953488372093
2 0.05813953488372093
1 0.05813953488372093
0 0.05813953488372093
doc : 31
5 0.45348837209302323
0 0.08139534883720931
9 0.05813953488372093
8 0.05813953488372093
7 0.05813953488372093
6 0.05813953488372093
4 0.05813953488372093
3 0.05813953488372093
2 0.05813953488372093
1 0.05813953488372093
doc : 32
6 0.4849921011058452
2 0.12006319115323855
1 0.08056872037914692
3 0.07424960505529225
0 0.06003159557661927
8 0.052132701421800945
7 0.04739336492890995
9 0.037914691943127965
4 0.02527646129541864
5 0.017377567140600316
doc : 33
4 0.8666666666666667
0 0.022222222222222223
3 0.017777777777777778
9 0.015555555555555555
6 0.015555555555555555
2 0.015555555555555555
8 0.013333333333333332
7 0.011111111111111112
5 0.011111111111111112
1 0.011111111111111112
doc : 34
4 0.7958579881656804
6 0.03254437869822485
7 0.026627218934911243
9 0.023668639053254437
3 0.023668639053254437
2 0.023668639053254437
0 0.023668639053254437
8 0.02071005917159763
5 0.014792899408284023
1 0.014792899408284023
doc : 35
4 0.8404907975460123
8 0.04703476482617587
7 0.016359918200409
3 0.016359918200409
0 0.016359918200409
2 0.014314928425357875
1 0.014314928425357875
6 0.01226993865030675
5 0.01226993865030675
9 0.010224948875255624
doc : 36
4 0.8581560283687943
0 0.02304964539007092
8 0.02127659574468085
6 0.02127659574468085
2 0.017730496453900707
5 0.015957446808510637
3 0.014184397163120567
9 0.010638297872340425
7 0.008865248226950354
1 0.008865248226950354
doc : 37
9 0.9110225763612217
8 0.014608233731739707
7 0.010624169986719787
3 0.010624169986719787
2 0.010624169986719787
0 0.010624169986719787
5 0.009296148738379813
6 0.00796812749003984
1 0.00796812749003984
4 0.0066401062416998665
doc : 38
9 0.9124668435013262
8 0.014588859416445622
7 0.011936339522546418
5 0.010610079575596816
6 0.009283819628647215
4 0.009283819628647215
0 0.009283819628647215
3 0.007957559681697613
2 0.007957559681697613
1 0.00663129973474801
doc : 39
3 0.9321368480089737
4 0.03196859226023556
0 0.006730229949523275
1 0.0061693774537296695
6 0.005608524957936063
8 0.00448681996634885
9 0.003925967470555244
7 0.0033651149747616375
5 0.0028042624789680315
2 0.0028042624789680315
doc : 40
3 0.9271781534460338
4 0.029258777633289986
0 0.007152145643693108
8 0.006501950585175553
9 0.005851755526657998
2 0.005851755526657998
6 0.005201560468140442
7 0.004551365409622887
5 0.004551365409622887
1 0.0039011703511053317
doc : 41
6 0.7538779731127198
8 0.14891416752843847
0 0.026370217166494313
4 0.019648397104446744
2 0.013960703205791108
7 0.012926577042399174
1 0.007238883143743538
9 0.006204756980351603
5 0.005687693898655637
3 0.005170630816959669
doc : 42
6 0.5729537366548042
9 0.07473309608540925
5 0.06761565836298931
2 0.060498220640569395
8 0.046263345195729534
4 0.046263345195729534
7 0.03558718861209964
3 0.03202846975088968
1 0.03202846975088968
0 0.03202846975088968
doc : 43
9 0.906210392902408
4 0.017743979721166033
8 0.012674271229404309
2 0.012674271229404309
1 0.012674271229404309
7 0.008871989860583017
0 0.008871989860583017
6 0.007604562737642585
5 0.0063371356147021544
3 0.0063371356147021544
doc : 44
9 0.8968824940047961
8 0.021582733812949638
2 0.020383693045563547
5 0.010791366906474819
4 0.010791366906474819
0 0.009592326139088728
7 0.008393285371702638
6 0.007194244604316546
3 0.007194244604316546
1 0.007194244604316546
doc : 45
5 0.776470588235294
8 0.051764705882352935
2 0.03294117647058823
1 0.025882352941176467
0 0.025882352941176467
9 0.023529411764705882
7 0.018823529411764704
3 0.016470588235294115
6 0.014117647058823528
4 0.014117647058823528
doc : 46
5 0.46511627906976744
7 0.06976744186046512
9 0.05813953488372093
8 0.05813953488372093
6 0.05813953488372093
4 0.05813953488372093
3 0.05813953488372093
2 0.05813953488372093
1 0.05813953488372093
0 0.05813953488372093
doc : 47
4 0.84
9 0.022222222222222223
6 0.022222222222222223
8 0.02
5 0.017777777777777778
3 0.017777777777777778
2 0.017777777777777778
1 0.015555555555555555
7 0.013333333333333332
0 0.013333333333333332
doc : 48
4 0.8460144927536232
8 0.04891304347826087
0 0.021739130434782608
6 0.014492753623188406
3 0.014492753623188406
5 0.012681159420289856
2 0.012681159420289856
1 0.010869565217391304
9 0.009057971014492754
7 0.009057971014492754
doc : 49
4 0.8506616257088847
8 0.03213610586011342
3 0.01890359168241966
2 0.01890359168241966
9 0.017013232514177693
7 0.017013232514177693
0 0.015122873345935728
5 0.011342155009451797
6 0.00945179584120983
1 0.00945179584120983
