doc : 0
4 0.9371179039301311
9 0.00960698689956332
7 0.00960698689956332
2 0.008733624454148471
8 0.0069868995633187774
5 0.0069868995633187774
6 0.00611353711790393
1 0.00611353711790393
3 0.004366812227074236
0 0.004366812227074236
doc : 1
4 0.9383499546690843
2 0.009066183136899365
9 0.008159564823209429
8 0.008159564823209429
7 0.008159564823209429
5 0.008159564823209429
1 0.006346328195829556
6 0.004533091568449683
3 0.004533091568449683
0 0.004533091568449683
doc : 2
5 0.24423963133640553
4 0.17972350230414746
2 0.16129032258064516
0 0.12442396313364056
7 0.06451612903225806
6 0.059907834101382486
9 0.05069124423963134
3 0.04608294930875576
1 0.04608294930875576
8 0.02304147465437788
doc : 3
5 0.8383233532934131
4 0.032335329341317366
6 0.02874251497005988
3 0.02155688622754491
0 0.019161676646706587
7 0.015568862275449102
2 0.015568862275449102
9 0.011976047904191617
1 0.009580838323353293
8 0.00718562874251497
doc : 4
5 0.4282608695652174
4 0.2891304347826087
0 0.14782608695652175
6 0.034782608695652174
7 0.021739130434782608
9 0.017391304347826087
8 0.017391304347826087
2 0.015217391304347827
1 0.015217391304347827
3 0.013043478260869566
doc : 5
2 0.8980582524271844
9 0.03398058252427184
7 0.015776699029126214
4 0.010922330097087377
8 0.00849514563106796
6 0.007281553398058252
1 0.007281553398058252
5 0.006067961165048543
3 0.006067961165048543
0 0.006067961165048543
doc : 6
2 0.32673267326732675
5 0.31485148514851485
7 0.12277227722772277
9 0.07326732673267326
8 0.055445544554455446
1 0.047524752475247525
0 0.017821782178217824
6 0.015841584158415842
3 0.013861386138613862
4 0.011881188118811881
doc : 7
5 0.45930232558139533
3 0.2965116279069767
0 0.0872093023255814
9 0.029069767441860465
8 0.026162790697674417
4 0.026162790697674417
1 0.023255813953488372
7 0.01744186046511628
6 0.01744186046511628
2 0.01744186046511628
doc : 8
6 0.9839046199701937
9 0.0020864381520119225
8 0.0020864381520119225
0 0.0020864381520119225
4 0.0017883755588673621
3 0.0017883755588673621
1 0.0017883755588673621
7 0.0014903129657228018
5 0.0014903129657228018
2 0.0014903129657228018
doc : 9
6 0.9845007451564829
5 0.0020864381520119225
4 0.0020864381520119225
8 0.0017883755588673621
3 0.0017883755588673621
0 0.0017883755588673621
9 0.0014903129657228018
7 0.0014903129657228018
2 0.0014903129657228018
1 0.0014903129657228018
doc : 10
8 0.8882769472856019
9 0.09693154996066089
2 0.004878048780487805
1 0.0025177025963808025
7 0.002045633359559402
0 0.0015735641227380016
3 0.0012588512981904013
5 9.441384736428009E-4
6 7.867820613690008E-4
4 7.867820613690008E-4
doc : 11
2 0.501577287066246
4 0.11041009463722397
8 0.0725552050473186
7 0.06309148264984227
0 0.06309148264984227
9 0.056782334384858045
5 0.0473186119873817
1 0.044164037854889586
3 0.022082018927444793
6 0.01892744479495268
doc : 12
2 0.6363636363636365
5 0.06060606060606061
7 0.05555555555555556
1 0.045454545454545456
0 0.045454545454545456
8 0.04040404040404041
9 0.030303030303030304
6 0.030303030303030304
4 0.030303030303030304
3 0.025252525252525256
doc : 13
2 0.8654822335025381
7 0.03680203045685279
8 0.03045685279187817
9 0.013959390862944161
0 0.011421319796954314
1 0.01015228426395939
5 0.008883248730964466
6 0.0076142131979695426
4 0.0076142131979695426
3 0.0076142131979695426
doc : 14
0 0.8065693430656934
9 0.05656934306569343
2 0.040145985401459854
8 0.021897810218978103
1 0.01824817518248175
7 0.014598540145985401
5 0.012773722627737226
6 0.010948905109489052
4 0.009124087591240875
3 0.009124087591240875
doc : 15
0 0.8501026694045175
2 0.024640657084188913
8 0.022587268993839837
7 0.022587268993839837
3 0.02053388090349076
9 0.018480492813141684
6 0.01026694045174538
5 0.01026694045174538
4 0.01026694045174538
1 0.01026694045174538
doc : 16
9 0.6526655896607432
8 0.18093699515347336
2 0.048465266558966075
7 0.037156704361873995
1 0.029079159935379646
3 0.014539579967689823
5 0.011308562197092085
0 0.009693053311793216
6 0.008077544426494346
4 0.008077544426494346
doc : 17
9 0.6111869031377899
8 0.2837653478854025
2 0.02455661664392906
1 0.017735334242837655
0 0.013642564802182811
7 0.01227830832196453
4 0.010914051841746248
5 0.009549795361527967
6 0.008185538881309686
3 0.008185538881309686
doc : 18
7 0.8340985613712887
2 0.07591062136516682
9 0.050505050505050504
8 0.012855831037649219
1 0.009488827670645853
0 0.0058157330884603614
5 0.0036730945821854912
4 0.003060912151821243
3 0.003060912151821243
6 0.0015304560759106215
doc : 19
5 0.38
0 0.16666666666666669
3 0.11333333333333334
9 0.06666666666666667
1 0.06666666666666667
7 0.04666666666666667
6 0.04666666666666667
4 0.04666666666666667
8 0.03333333333333333
2 0.03333333333333333
doc : 20
2 0.8473389355742297
7 0.04481792717086835
8 0.02661064425770308
9 0.023809523809523808
1 0.011204481792717087
6 0.00980392156862745
4 0.00980392156862745
0 0.00980392156862745
5 0.008403361344537815
3 0.008403361344537815
doc : 21
0 0.8574338085539714
1 0.024439918533604887
2 0.02036659877800407
3 0.018329938900203666
9 0.016293279022403257
8 0.016293279022403257
7 0.012219959266802444
6 0.012219959266802444
4 0.012219959266802444
5 0.010183299389002035
doc : 22
0 0.8461538461538463
8 0.033264033264033266
2 0.02286902286902287
9 0.02079002079002079
1 0.016632016632016633
6 0.012474012474012475
5 0.012474012474012475
4 0.012474012474012475
3 0.012474012474012475
7 0.010395010395010396
doc : 23
1 0.3449074074074074
9 0.25
2 0.11574074074074073
7 0.08564814814814814
8 0.06018518518518518
0 0.048611111111111105
5 0.039351851851851846
4 0.02546296296296296
3 0.016203703703703703
6 0.013888888888888888
doc : 24
9 0.4115138592750533
2 0.21535181236673773
7 0.12153518123667377
8 0.10660980810234541
1 0.0511727078891258
5 0.031982942430703626
0 0.021321961620469083
4 0.014925373134328358
3 0.014925373134328358
6 0.010660980810234541
doc : 25
2 0.4727540500736377
1 0.3078055964653903
7 0.06921944035346098
8 0.04418262150220913
9 0.039764359351988215
5 0.020618556701030927
0 0.01914580265095729
3 0.010309278350515464
4 0.008836524300441826
6 0.007363770250368188
doc : 26
6 0.9826658696951583
4 0.0038852361028093242
5 0.002390914524805738
3 0.0017931858936043035
2 0.0017931858936043035
9 0.0014943215780035862
8 0.0014943215780035862
7 0.0014943215780035862
1 0.0014943215780035862
0 0.0014943215780035862
doc : 27
2 0.9435695538057742
7 0.013123359580052493
9 0.01115485564304462
8 0.007217847769028871
1 0.005249343832020997
0 0.004593175853018373
6 0.003937007874015748
5 0.003937007874015748
4 0.003937007874015748
3 0.0032808398950131233
doc : 28
1 0.7604166666666666
2 0.16276041666666666
7 0.018229166666666664
0 0.01171875
8 0.009114583333333332
5 0.009114583333333332
9 0.0078125
4 0.0078125
6 0.006510416666666666
3 0.006510416666666666
doc : 29
6 0.9352941176470587
4 0.04985994397759103
5 0.00392156862745098
8 0.001680672268907563
3 0.001680672268907563
2 0.001680672268907563
0 0.001680672268907563
9 0.0014005602240896356
7 0.0014005602240896356
1 0.0014005602240896356
doc : 30
5 0.8519040902679831
0 0.039492242595204514
4 0.02538787023977433
3 0.021156558533145273
8 0.014104372355430182
9 0.011283497884344146
6 0.011283497884344146
7 0.00846262341325811
2 0.00846262341325811
1 0.00846262341325811
doc : 31
5 0.2558139534883721
0 0.11627906976744186
4 0.10465116279069767
3 0.10465116279069767
7 0.08139534883720931
1 0.08139534883720931
6 0.06976744186046512
2 0.06976744186046512
9 0.05813953488372093
8 0.05813953488372093
doc : 32
9 0.9125475285171102
8 0.024714828897338403
7 0.0164765525982256
1 0.010773130544993662
0 0.009505703422053232
3 0.008871989860583017
2 0.0063371356147021544
6 0.0038022813688212923
5 0.0038022813688212923
4 0.0031685678073510772
doc : 33
2 0.32266666666666666
9 0.25866666666666666
7 0.16799999999999998
8 0.056
3 0.050666666666666665
5 0.04533333333333333
1 0.042666666666666665
4 0.021333333333333333
0 0.021333333333333333
6 0.013333333333333332
doc : 34
3 0.9208754208754208
8 0.027777777777777776
9 0.01515151515151515
7 0.006734006734006734
2 0.006734006734006734
5 0.00505050505050505
4 0.00505050505050505
6 0.004208754208754209
1 0.004208754208754209
0 0.004208754208754209
doc : 35
1 0.6345062429057888
8 0.15891032917139614
9 0.07945516458569807
2 0.04540295119182747
7 0.03859250851305335
5 0.01362088535754824
3 0.009080590238365494
4 0.007945516458569807
6 0.00681044267877412
0 0.0056753688989784334
doc : 36
9 0.648936170212766
8 0.10638297872340426
2 0.06028368794326241
3 0.03900709219858156
5 0.035460992907801414
1 0.028368794326241134
7 0.02127659574468085
4 0.02127659574468085
0 0.02127659574468085
6 0.017730496453900707
doc : 37
3 0.8910614525139665
8 0.0223463687150838
2 0.018156424581005588
7 0.013966480446927375
9 0.012569832402234637
1 0.0111731843575419
6 0.008379888268156424
0 0.008379888268156424
5 0.006983240223463688
4 0.006983240223463688
doc : 38
3 0.8632286995515694
8 0.033632286995515695
9 0.01905829596412556
7 0.014573991031390135
2 0.014573991031390135
4 0.013452914798206279
1 0.01233183856502242
6 0.011210762331838564
5 0.008968609865470852
0 0.008968609865470852
doc : 39
3 0.9234006734006733
8 0.026094276094276093
9 0.014309764309764309
7 0.007575757575757575
2 0.006734006734006734
0 0.00505050505050505
6 0.004208754208754209
5 0.004208754208754209
4 0.004208754208754209
1 0.004208754208754209
doc : 40
3 0.9018932874354562
7 0.01549053356282272
8 0.013769363166953529
5 0.012048192771084338
0 0.012048192771084338
9 0.010327022375215147
6 0.008605851979345956
4 0.008605851979345956
2 0.008605851979345956
1 0.008605851979345956
doc : 41
3 0.8935018050541517
9 0.01624548736462094
0 0.01624548736462094
8 0.012635379061371842
1 0.012635379061371842
7 0.010830324909747294
5 0.010830324909747294
6 0.009025270758122744
4 0.009025270758122744
2 0.009025270758122744
doc : 42
2 0.8545816733067729
7 0.054780876494023904
9 0.0249003984063745
8 0.0199203187250996
3 0.010956175298804782
0 0.0099601593625498
1 0.00896414342629482
5 0.00597609561752988
6 0.0049800796812749
4 0.0049800796812749
doc : 43
7 0.6419753086419753
2 0.16569200779727095
9 0.0539311241065627
8 0.050032488628979854
1 0.03573749187784275
5 0.02664067576348278
0 0.011046133853151396
4 0.005847953216374269
3 0.005198180636777128
6 0.003898635477582846
doc : 44
9 0.6686046511627907
8 0.23837209302325582
2 0.0377906976744186
5 0.012596899224806201
7 0.011627906976744186
1 0.009689922480620155
4 0.005813953488372093
0 0.005813953488372093
6 0.0048449612403100775
3 0.0048449612403100775
doc : 45
5 0.3023255813953488
3 0.10465116279069767
4 0.09302325581395349
0 0.09302325581395349
7 0.08139534883720931
1 0.08139534883720931
8 0.06976744186046512
9 0.05813953488372093
6 0.05813953488372093
2 0.05813953488372093
doc : 46
3 0.9072512647554806
5 0.01517706576728499
0 0.013490725126475547
2 0.011804384485666104
8 0.01011804384485666
9 0.008431703204047217
7 0.008431703204047217
6 0.008431703204047217
4 0.008431703204047217
1 0.008431703204047217
doc : 47
1 0.7637231503579953
8 0.08949880668257756
9 0.06324582338902149
2 0.027446300715990454
7 0.011933174224343677
5 0.011933174224343677
0 0.00954653937947494
3 0.008353221957040573
6 0.007159904534606206
4 0.007159904534606206
doc : 48
5 0.29069767441860467
4 0.13953488372093023
3 0.13953488372093023
0 0.08139534883720931
9 0.05813953488372093
8 0.05813953488372093
7 0.05813953488372093
6 0.05813953488372093
2 0.05813953488372093
1 0.05813953488372093
doc : 49
0 0.821501014198783
2 0.04056795131845842
7 0.034482758620689655
9 0.02434077079107505
1 0.018255578093306288
6 0.014198782961460446
4 0.014198782961460446
8 0.012170385395537525
5 0.010141987829614604
3 0.010141987829614604
