doc : 0
2 0.2892561983471075
0 0.14049586776859505
9 0.09917355371900827
5 0.08264462809917356
3 0.08264462809917356
8 0.0743801652892562
4 0.06611570247933884
7 0.05785123966942149
6 0.05785123966942149
1 0.049586776859504134
doc : 1
6 0.22093023255813954
5 0.22093023255813954
8 0.08139534883720931
1 0.08139534883720931
0 0.08139534883720931
9 0.06976744186046512
4 0.06976744186046512
7 0.05813953488372093
3 0.05813953488372093
2 0.05813953488372093
doc : 2
6 0.19767441860465115
5 0.16279069767441862
0 0.10465116279069767
8 0.09302325581395349
7 0.09302325581395349
4 0.08139534883720931
3 0.08139534883720931
9 0.06976744186046512
2 0.05813953488372093
1 0.05813953488372093
doc : 3
1 0.9035087719298245
3 0.024853801169590642
0 0.011695906432748537
5 0.01023391812865497
9 0.008771929824561403
7 0.008771929824561403
4 0.008771929824561403
2 0.008771929824561403
8 0.007309941520467836
6 0.007309941520467836
doc : 4
1 0.9006734006734006
6 0.013468013468013467
3 0.013468013468013467
9 0.011784511784511785
8 0.011784511784511785
0 0.011784511784511785
7 0.0101010101010101
4 0.0101010101010101
5 0.008417508417508417
2 0.008417508417508417
doc : 5
5 0.6542553191489362
7 0.09042553191489361
9 0.06914893617021277
0 0.06028368794326241
6 0.028368794326241134
1 0.024822695035460994
8 0.01950354609929078
4 0.01950354609929078
3 0.01950354609929078
2 0.014184397163120567
doc : 6
2 0.40074906367041196
3 0.16853932584269662
6 0.16292134831460675
4 0.09176029962546817
1 0.0449438202247191
5 0.04119850187265918
9 0.033707865168539325
8 0.024344569288389514
7 0.018726591760299626
0 0.013108614232209739
doc : 7
8 0.9195849546044098
7 0.011673151750972763
5 0.011673151750972763
9 0.010376134889753566
0 0.00907911802853437
6 0.007782101167315175
4 0.007782101167315175
3 0.007782101167315175
2 0.007782101167315175
1 0.006485084306095979
doc : 8
4 0.8247535596933188
5 0.03066812705366922
0 0.028477546549835704
1 0.025191675794085433
3 0.023001095290251915
6 0.017524644030668127
2 0.01533406352683461
9 0.013143483023001095
8 0.013143483023001095
7 0.008762322015334063
doc : 9
2 0.3533834586466165
9 0.15789473684210525
5 0.11278195488721804
3 0.06766917293233082
1 0.06015037593984962
8 0.05263157894736842
4 0.05263157894736842
0 0.05263157894736842
7 0.045112781954887216
6 0.045112781954887216
doc : 10
8 0.9194805194805195
9 0.011688311688311689
1 0.011688311688311689
5 0.01038961038961039
4 0.00909090909090909
0 0.00909090909090909
7 0.007792207792207792
2 0.007792207792207792
6 0.006493506493506494
3 0.006493506493506494
doc : 11
8 0.9147496617050068
9 0.014884979702300407
3 0.013531799729364007
7 0.010825439783491205
4 0.008119079837618403
2 0.008119079837618403
1 0.008119079837618403
0 0.008119079837618403
6 0.006765899864682004
5 0.006765899864682004
doc : 12
8 0.9022988505747126
7 0.017241379310344827
9 0.014367816091954023
1 0.01293103448275862
6 0.010057471264367816
5 0.010057471264367816
0 0.010057471264367816
4 0.008620689655172414
3 0.007183908045977011
2 0.007183908045977011
doc : 13
8 0.9230769230769231
7 0.011188811188811189
9 0.009790209790209791
3 0.009790209790209791
2 0.009790209790209791
6 0.008391608391608392
5 0.006993006993006993
4 0.006993006993006993
1 0.006993006993006993
0 0.006993006993006993
doc : 14
1 0.9203980099502488
9 0.011608623548922057
3 0.009950248756218905
8 0.008291873963515755
7 0.008291873963515755
6 0.008291873963515755
5 0.008291873963515755
4 0.008291873963515755
2 0.008291873963515755
0 0.008291873963515755
doc : 15
1 0.9135220125786164
3 0.012578616352201259
5 0.011006289308176102
9 0.009433962264150945
7 0.009433962264150945
6 0.009433962264150945
4 0.009433962264150945
0 0.009433962264150945
8 0.007861635220125786
2 0.007861635220125786
doc : 16
1 0.8846153846153847
3 0.023351648351648352
6 0.015109890109890112
4 0.013736263736263738
0 0.013736263736263738
5 0.012362637362637364
8 0.01098901098901099
2 0.01098901098901099
9 0.008241758241758242
7 0.006868131868131869
doc : 17
5 0.40271493212669685
9 0.14932126696832582
7 0.0995475113122172
8 0.06334841628959277
2 0.06334841628959277
6 0.0497737556561086
4 0.0497737556561086
0 0.0497737556561086
1 0.04072398190045249
3 0.031674208144796386
doc : 18
1 0.9021558872305141
0 0.014925373134328358
8 0.013266998341625208
2 0.013266998341625208
7 0.009950248756218905
6 0.009950248756218905
4 0.009950248756218905
3 0.009950248756218905
9 0.008291873963515755
5 0.008291873963515755
doc : 19
2 0.2932330827067669
9 0.12030075187969924
5 0.12030075187969924
7 0.09022556390977443
0 0.08270676691729323
8 0.06766917293233082
4 0.06015037593984962
3 0.06015037593984962
1 0.06015037593984962
6 0.045112781954887216
doc : 20
9 0.8887171561051005
8 0.02009273570324575
5 0.02009273570324575
3 0.013910355486862442
0 0.012364760432766615
7 0.010819165378670788
4 0.00927357032457496
2 0.00927357032457496
6 0.0077279752704791345
1 0.0077279752704791345
doc : 21
9 0.8854961832061068
8 0.015267175572519083
4 0.015267175572519083
0 0.015267175572519083
5 0.013358778625954198
6 0.011450381679389313
3 0.011450381679389313
2 0.011450381679389313
1 0.011450381679389313
7 0.009541984732824428
doc : 22
8 0.9184713375796177
0 0.014012738853503183
5 0.011464968152866241
9 0.008917197452229299
7 0.008917197452229299
3 0.008917197452229299
1 0.008917197452229299
2 0.007643312101910828
6 0.006369426751592356
4 0.006369426751592356
doc : 23
8 0.6031746031746031
0 0.13151927437641725
5 0.07256235827664399
3 0.045351473922902494
7 0.03854875283446712
9 0.02947845804988662
1 0.022675736961451247
6 0.020408163265306124
2 0.020408163265306124
4 0.015873015873015872
doc : 24
3 0.3735294117647059
0 0.16470588235294117
5 0.09411764705882353
4 0.08823529411764705
9 0.07058823529411765
2 0.061764705882352944
6 0.055882352941176466
1 0.041176470588235294
7 0.029411764705882353
8 0.020588235294117647
doc : 25
1 0.9109375000000001
9 0.015625
4 0.0125
8 0.009375000000000001
6 0.009375000000000001
5 0.009375000000000001
2 0.009375000000000001
7 0.0078125
3 0.0078125
0 0.0078125
doc : 26
1 0.9096296296296296
3 0.016296296296296295
7 0.011851851851851851
0 0.011851851851851851
8 0.008888888888888889
5 0.008888888888888889
4 0.008888888888888889
2 0.008888888888888889
9 0.007407407407407407
6 0.007407407407407407
doc : 27
2 0.24311926605504589
0 0.24311926605504589
7 0.13761467889908258
9 0.08256880733944955
5 0.06422018348623854
3 0.06422018348623854
8 0.05045871559633028
1 0.045871559633027525
4 0.03669724770642202
6 0.03211009174311927
doc : 28
9 0.9026717557251908
7 0.015267175572519083
8 0.011450381679389313
6 0.011450381679389313
5 0.011450381679389313
4 0.009541984732824428
3 0.009541984732824428
2 0.009541984732824428
1 0.009541984732824428
0 0.009541984732824428
doc : 29
9 0.8973384030418251
8 0.015209125475285171
5 0.013307984790874524
6 0.011406844106463879
4 0.011406844106463879
2 0.011406844106463879
0 0.011406844106463879
7 0.009505703422053232
3 0.009505703422053232
1 0.009505703422053232
doc : 30
1 0.9009433962264152
3 0.020440251572327046
9 0.012578616352201259
8 0.011006289308176102
6 0.011006289308176102
5 0.011006289308176102
0 0.009433962264150945
7 0.007861635220125786
4 0.007861635220125786
2 0.007861635220125786
doc : 31
9 0.1
8 0.1
7 0.1
6 0.1
5 0.1
4 0.1
3 0.1
2 0.1
1 0.1
0 0.1
doc : 32
3 0.6201923076923077
0 0.11538461538461538
1 0.07371794871794872
5 0.056089743589743585
9 0.03685897435897436
7 0.030448717948717948
2 0.019230769230769232
8 0.017628205128205128
4 0.016025641025641024
6 0.014423076923076922
doc : 33
8 0.7494145199063231
9 0.05152224824355972
5 0.03278688524590164
0 0.03278688524590164
7 0.03044496487119438
6 0.02810304449648712
4 0.023419203747072598
3 0.023419203747072598
2 0.01405152224824356
1 0.01405152224824356
doc : 34
9 0.1
8 0.1
7 0.1
6 0.1
5 0.1
4 0.1
3 0.1
2 0.1
1 0.1
0 0.1
doc : 35
0 0.7078651685393258
9 0.04868913857677903
5 0.04119850187265918
7 0.03745318352059925
8 0.033707865168539325
3 0.033707865168539325
2 0.0299625468164794
1 0.026217228464419477
6 0.02247191011235955
4 0.018726591760299626
doc : 36
0 0.7881136950904393
3 0.03359173126614987
1 0.031007751937984496
6 0.02583979328165375
5 0.023255813953488372
4 0.023255813953488372
8 0.020671834625323
2 0.020671834625323
7 0.018087855297157625
9 0.015503875968992248
doc : 37
3 0.771356783919598
1 0.0728643216080402
0 0.04020100502512563
8 0.020100502512562814
6 0.017587939698492462
4 0.017587939698492462
2 0.017587939698492462
9 0.01507537688442211
7 0.01507537688442211
5 0.01256281407035176
doc : 38
5 0.6302895322939867
0 0.12917594654788417
9 0.04008908685968819
8 0.03340757238307349
1 0.03340757238307349
7 0.031180400890868595
4 0.031180400890868595
3 0.031180400890868595
2 0.022271714922048998
6 0.017817371937639197
doc : 39
5 0.6794582392776524
0 0.1309255079006772
8 0.03160270880361173
7 0.02934537246049661
4 0.02708803611738149
2 0.024830699774266364
3 0.02257336343115124
9 0.020316027088036117
6 0.020316027088036117
1 0.013544018058690745
doc : 40
0 0.8054711246200608
5 0.030395136778115502
7 0.02735562310030395
1 0.02735562310030395
9 0.02127659574468085
8 0.02127659574468085
4 0.0182370820668693
3 0.0182370820668693
6 0.015197568389057751
2 0.015197568389057751
doc : 41
7 0.8455284552845529
3 0.025745257452574527
1 0.02168021680216802
5 0.02032520325203252
9 0.017615176151761516
8 0.016260162601626015
4 0.016260162601626015
6 0.012195121951219513
2 0.012195121951219513
0 0.012195121951219513
doc : 42
3 0.49275362318840576
4 0.1400966183574879
1 0.08695652173913043
5 0.05797101449275362
2 0.05797101449275362
7 0.03864734299516908
6 0.03864734299516908
8 0.033816425120772944
0 0.02898550724637681
9 0.024154589371980676
doc : 43
7 0.6533333333333333
0 0.12727272727272726
5 0.07272727272727272
9 0.03515151515151515
3 0.033939393939393936
8 0.020606060606060607
2 0.019393939393939394
4 0.013333333333333332
6 0.012121212121212121
1 0.012121212121212121
doc : 44
9 0.1
8 0.1
7 0.1
6 0.1
5 0.1
4 0.1
3 0.1
2 0.1
1 0.1
0 0.1
doc : 45
7 0.5419354838709678
0 0.16774193548387098
5 0.06290322580645161
3 0.05967741935483871
9 0.03870967741935484
8 0.037096774193548385
4 0.03064516129032258
1 0.02903225806451613
2 0.020967741935483872
6 0.01129032258064516
doc : 46
4 0.5
0 0.1631578947368421
5 0.06315789473684211
2 0.05263157894736842
3 0.04736842105263158
6 0.042105263157894736
1 0.042105263157894736
8 0.03684210526315789
9 0.02631578947368421
7 0.02631578947368421
doc : 47
2 0.753061224489796
4 0.04285714285714286
8 0.03877551020408164
7 0.030612244897959186
6 0.028571428571428574
5 0.028571428571428574
1 0.02448979591836735
3 0.020408163265306124
9 0.018367346938775512
0 0.014285714285714287
doc : 48
7 0.5653495440729484
0 0.1838905775075988
8 0.060790273556231005
9 0.057750759878419454
2 0.0364741641337386
3 0.025835866261398176
5 0.022796352583586626
4 0.0182370820668693
1 0.0182370820668693
6 0.010638297872340425
doc : 49
6 0.803960396039604
2 0.05643564356435644
4 0.033663366336633666
5 0.0297029702970297
9 0.015841584158415842
3 0.015841584158415842
1 0.01485148514851485
0 0.013861386138613862
7 0.008910891089108912
8 0.006930693069306931
