doc : 0
1 0.9510456273764258
9 0.008555133079847909
8 0.0076045627376425855
6 0.006653992395437262
7 0.006178707224334601
4 0.006178707224334601
2 0.0042775665399239545
5 0.003326996197718631
3 0.003326996197718631
0 0.0028517110266159697
doc : 1
1 0.9457547169811321
7 0.011320754716981133
4 0.00990566037735849
8 0.007547169811320755
3 0.0056603773584905665
5 0.005188679245283019
6 0.0047169811320754715
0 0.0037735849056603774
2 0.0033018867924528303
9 0.0028301886792452833
doc : 2
4 0.6768149882903981
6 0.13817330210772832
3 0.046838407494145196
0 0.04215456674473068
5 0.01873536299765808
9 0.01639344262295082
7 0.01639344262295082
2 0.01639344262295082
8 0.01405152224824356
1 0.01405152224824356
doc : 3
7 0.8905086848635235
8 0.028846153846153848
1 0.02512406947890819
2 0.022642679900744415
5 0.009925558312655087
6 0.006203473945409429
9 0.005272952853598015
4 0.004342431761786601
3 0.004342431761786601
0 0.002791563275434243
doc : 4
7 0.35492957746478876
8 0.23098591549295777
1 0.08732394366197184
2 0.08450704225352113
5 0.056338028169014086
0 0.053521126760563385
9 0.04225352112676056
3 0.033802816901408454
6 0.030985915492957747
4 0.02535211267605634
doc : 5
9 0.5462962962962963
8 0.23958333333333331
0 0.06828703703703703
2 0.048611111111111105
7 0.023148148148148147
3 0.023148148148148147
5 0.016203703703703703
1 0.01273148148148148
6 0.011574074074074073
4 0.010416666666666666
doc : 6
8 0.949413689664576
7 0.014725934005999454
2 0.009271884374147804
1 0.009271884374147804
5 0.0051813471502590676
9 0.005044995909462776
0 0.002317971093536951
3 0.00218161985274066
6 0.0013635124079629125
4 0.001227161167166621
doc : 7
7 0.24074074074074073
6 0.13580246913580246
9 0.12345679012345678
3 0.10493827160493827
1 0.09259259259259259
4 0.08641975308641975
2 0.07407407407407407
0 0.05555555555555555
5 0.04938271604938271
8 0.037037037037037035
doc : 8
4 0.9380127620783956
1 0.010938924339106655
9 0.007292616226071103
8 0.007292616226071103
5 0.007292616226071103
2 0.007292616226071103
6 0.006381039197812215
7 0.0054694621695533276
3 0.0054694621695533276
0 0.004557885141294439
doc : 9
4 0.9434306569343065
8 0.008211678832116789
7 0.008211678832116789
1 0.008211678832116789
9 0.006386861313868613
3 0.006386861313868613
6 0.005474452554744526
5 0.004562043795620438
2 0.004562043795620438
0 0.004562043795620438
doc : 10
2 0.6680080482897384
1 0.13682092555331993
7 0.06841046277665996
5 0.04024144869215292
0 0.03085177733065057
8 0.022132796780684104
6 0.015425888665325285
9 0.008048289738430584
3 0.0053655264922870555
4 0.004694835680751174
doc : 11
7 0.6951566951566952
9 0.13675213675213677
8 0.042735042735042736
3 0.022792022792022793
1 0.022792022792022793
6 0.021367521367521368
0 0.017094017094017096
4 0.01566951566951567
5 0.012820512820512822
2 0.012820512820512822
doc : 12
3 0.5891472868217054
4 0.08139534883720931
1 0.07364341085271317
2 0.046511627906976744
0 0.046511627906976744
8 0.03488372093023256
7 0.03488372093023256
9 0.031007751937984496
6 0.031007751937984496
5 0.031007751937984496
doc : 13
6 0.857331571994716
2 0.026420079260237782
7 0.021136063408190225
5 0.021136063408190225
4 0.017173051519154558
9 0.015852047556142668
3 0.013210039630118891
0 0.010568031704095112
1 0.009247027741083224
8 0.007926023778071334
doc : 14
9 0.33663366336633666
0 0.21287128712871287
2 0.08415841584158416
1 0.07920792079207921
3 0.07425742574257425
8 0.04950495049504951
6 0.04455445544554455
7 0.039603960396039604
5 0.039603960396039604
4 0.039603960396039604
doc : 15
0 0.3880208333333333
9 0.125
3 0.12239583333333333
1 0.08072916666666666
2 0.0703125
7 0.057291666666666664
6 0.057291666666666664
5 0.046875
8 0.028645833333333332
4 0.0234375
doc : 16
9 0.9228896103896105
1 0.017045454545454548
2 0.00974025974025974
0 0.00974025974025974
6 0.008116883116883118
5 0.008116883116883118
3 0.007305194805194806
8 0.006493506493506494
7 0.006493506493506494
4 0.004058441558441559
doc : 17
4 0.9351032448377582
8 0.011799410029498525
0 0.008849557522123894
5 0.007866273352999017
9 0.00688298918387414
6 0.00688298918387414
2 0.00688298918387414
1 0.0058997050147492625
7 0.004916420845624386
3 0.004916420845624386
doc : 18
4 0.9412844036697248
9 0.007339449541284404
8 0.007339449541284404
5 0.007339449541284404
0 0.007339449541284404
7 0.006422018348623854
6 0.006422018348623854
2 0.006422018348623854
1 0.005504587155963303
3 0.0045871559633027525
doc : 19
0 0.36860068259385664
1 0.13993174061433447
5 0.12286689419795221
2 0.07849829351535836
8 0.06484641638225257
6 0.06484641638225257
9 0.05802047781569966
3 0.04778156996587031
7 0.030716723549488054
4 0.023890784982935155
doc : 20
3 0.5490909090909091
1 0.07272727272727272
0 0.06545454545454546
4 0.06181818181818182
6 0.05090909090909091
9 0.04727272727272727
8 0.04727272727272727
7 0.04727272727272727
2 0.04
5 0.01818181818181818
doc : 21
0 0.8627218934911243
8 0.03076923076923077
3 0.01893491124260355
5 0.01775147928994083
2 0.016568047337278107
4 0.015384615384615385
6 0.010650887573964497
7 0.009467455621301775
1 0.009467455621301775
9 0.008284023668639054
doc : 22
4 0.9155060352831941
8 0.02692664809656453
7 0.012070566388115135
1 0.009285051067780874
0 0.008356545961002786
3 0.007428040854224698
9 0.0064995357474466105
6 0.004642525533890437
5 0.004642525533890437
2 0.004642525533890437
doc : 23
4 0.9220055710306406
8 0.02414113277623027
9 0.008356545961002786
5 0.008356545961002786
1 0.008356545961002786
0 0.007428040854224698
7 0.005571030640668524
6 0.005571030640668524
2 0.005571030640668524
3 0.004642525533890437
doc : 24
9 0.2246376811594203
6 0.13768115942028986
3 0.13043478260869565
7 0.10869565217391304
4 0.09420289855072464
5 0.08695652173913043
1 0.08695652173913043
8 0.043478260869565216
2 0.043478260869565216
0 0.043478260869565216
doc : 25
5 0.8813559322033898
2 0.033091202582728005
1 0.020581113801452784
0 0.01735270379338176
7 0.013720742534301856
6 0.010492332526230832
9 0.008071025020177562
3 0.007667473769168684
8 0.004842615012106538
4 0.002824858757062147
doc : 26
4 0.13461538461538464
9 0.09615384615384616
8 0.09615384615384616
7 0.09615384615384616
6 0.09615384615384616
5 0.09615384615384616
3 0.09615384615384616
2 0.09615384615384616
1 0.09615384615384616
0 0.09615384615384616
doc : 27
6 0.8378698224852071
1 0.0378698224852071
7 0.03550295857988166
5 0.022485207100591716
4 0.015384615384615385
3 0.011834319526627219
9 0.010650887573964497
8 0.009467455621301775
2 0.009467455621301775
0 0.009467455621301775
doc : 28
9 0.5427631578947368
3 0.09210526315789473
1 0.07236842105263158
2 0.0625
0 0.0625
5 0.046052631578947366
6 0.03618421052631579
7 0.03289473684210526
8 0.029605263157894735
4 0.023026315789473683
doc : 29
0 0.6129032258064516
6 0.07795698924731183
7 0.05913978494623656
8 0.048387096774193554
5 0.0456989247311828
9 0.03763440860215054
3 0.03763440860215054
1 0.03494623655913979
2 0.02688172043010753
4 0.01881720430107527
doc : 30
2 0.7801268498942918
6 0.0412262156448203
3 0.03805496828752643
1 0.03699788583509514
5 0.029598308668076112
0 0.020084566596194505
7 0.019027484143763214
9 0.014799154334038056
8 0.010570824524312896
4 0.009513742071881607
doc : 31
0 0.6653465346534654
2 0.08712871287128712
6 0.055445544554455446
5 0.04356435643564356
9 0.03564356435643565
1 0.0297029702970297
7 0.027722772277227723
4 0.02178217821782178
3 0.019801980198019802
8 0.013861386138613862
doc : 32
4 0.9236868186323092
8 0.024777006937561942
9 0.007928642220019821
3 0.007928642220019821
1 0.006937561942517344
7 0.005946481665014866
6 0.005946481665014866
2 0.005946481665014866
0 0.005946481665014866
5 0.004955401387512388
doc : 33
5 0.8888888888888888
2 0.016726403823178016
1 0.016726403823178016
8 0.015531660692951015
0 0.013142174432497012
3 0.01194743130227001
6 0.01075268817204301
4 0.01075268817204301
7 0.009557945041816009
9 0.005973715651135005
doc : 34
5 0.8158508158508159
7 0.04195804195804196
2 0.02564102564102564
0 0.02564102564102564
1 0.018648018648018648
9 0.016317016317016316
8 0.016317016317016316
6 0.013986013986013986
4 0.013986013986013986
3 0.011655011655011656
doc : 35
6 0.6723027375201288
8 0.06360708534621579
7 0.05555555555555555
1 0.04830917874396135
4 0.04589371980676329
2 0.036231884057971016
0 0.0249597423510467
9 0.023349436392914653
5 0.02254428341384863
3 0.007246376811594203
doc : 36
6 0.8208812260536398
7 0.042145593869731796
2 0.028735632183908046
3 0.023946360153256702
0 0.020114942528735632
4 0.017241379310344827
1 0.016283524904214558
5 0.013409961685823753
9 0.009578544061302681
8 0.007662835249042145
doc : 37
0 0.460352422907489
1 0.17400881057268724
9 0.08370044052863437
6 0.059471365638766524
8 0.048458149779735685
5 0.04625550660792952
2 0.04405286343612335
7 0.03744493392070485
4 0.026431718061674013
3 0.019823788546255508
doc : 38
3 0.8390243902439024
6 0.027642276422764227
7 0.022764227642276424
8 0.01951219512195122
9 0.01788617886178862
1 0.01788617886178862
0 0.01788617886178862
4 0.016260162601626015
2 0.013008130081300813
5 0.008130081300813007
doc : 39
4 0.8607809847198642
3 0.042444821731748725
9 0.022071307300509338
5 0.015280135823429542
1 0.013582342954159592
7 0.010186757215619693
2 0.010186757215619693
8 0.008488964346349746
6 0.008488964346349746
0 0.008488964346349746
doc : 40
0 0.6492890995260664
2 0.08056872037914692
5 0.07740916271721959
7 0.036334913112164295
9 0.0315955766192733
8 0.030015797788309637
1 0.030015797788309637
4 0.023696682464454975
6 0.020537124802527645
3 0.020537124802527645
doc : 41
9 0.4195804195804196
1 0.11188811188811189
7 0.09090909090909091
0 0.07692307692307693
3 0.06993006993006994
6 0.055944055944055944
2 0.055944055944055944
5 0.04195804195804196
4 0.04195804195804196
8 0.03496503496503497
doc : 42
6 0.830102622576967
2 0.03534777651083239
1 0.02394526795895097
5 0.021664766248574687
9 0.019384264538198404
4 0.019384264538198404
0 0.014823261117445839
7 0.013683010262257697
3 0.012542759407069556
8 0.009122006841505131
doc : 43
6 0.8389261744966443
2 0.03271812080536913
5 0.02348993288590604
0 0.020134228187919462
8 0.01929530201342282
7 0.018456375838926176
1 0.01761744966442953
4 0.010906040268456376
9 0.009228187919463088
3 0.009228187919463088
doc : 44
2 0.4
9 0.14814814814814814
1 0.0962962962962963
8 0.08148148148148149
7 0.06666666666666667
5 0.05925925925925926
6 0.04814814814814815
3 0.040740740740740744
0 0.037037037037037035
4 0.022222222222222223
doc : 45
6 0.8597560975609756
3 0.023519163763066203
7 0.02177700348432056
1 0.02003484320557491
0 0.018292682926829267
5 0.0156794425087108
9 0.012195121951219513
4 0.012195121951219513
2 0.009581881533101045
8 0.006968641114982578
doc : 46
3 0.7981283422459893
0 0.0748663101604278
6 0.026737967914438502
1 0.025401069518716575
8 0.017379679144385027
4 0.0160427807486631
2 0.013368983957219251
7 0.012032085561497326
9 0.009358288770053475
5 0.0066844919786096255
doc : 47
0 0.3945945945945946
5 0.24594594594594596
2 0.10810810810810811
1 0.06756756756756757
9 0.05945945945945946
7 0.04054054054054054
8 0.021621621621621623
4 0.021621621621621623
3 0.021621621621621623
6 0.01891891891891892
doc : 48
5 0.8530120481927712
8 0.02168674698795181
0 0.02168674698795181
9 0.016867469879518072
3 0.016867469879518072
2 0.016867469879518072
6 0.014457831325301207
1 0.014457831325301207
7 0.012048192771084338
4 0.012048192771084338
doc : 49
5 0.8647058823529412
8 0.023529411764705882
0 0.023529411764705882
1 0.01764705882352941
6 0.01568627450980392
9 0.011764705882352941
4 0.011764705882352941
2 0.011764705882352941
7 0.00980392156862745
3 0.00980392156862745
