doc : 0
1 0.7633681622618316
3 0.1210817455439459
5 0.09895513214505224
4 0.003073140749846343
2 0.0027658266748617085
0 0.002458512599877074
8 0.00215119852489244
7 0.00215119852489244
6 0.00215119852489244
9 0.0018438844499078055
doc : 1
8 0.34269662921348315
2 0.15730337078651685
9 0.07865168539325842
7 0.07865168539325842
0 0.07865168539325842
6 0.06741573033707865
5 0.056179775280898875
3 0.056179775280898875
4 0.05056179775280899
1 0.033707865168539325
doc : 2
0 0.7203065134099617
8 0.053639846743295014
6 0.04597701149425287
2 0.038314176245210725
9 0.026819923371647507
4 0.026819923371647507
7 0.022988505747126436
5 0.022988505747126436
3 0.022988505747126436
1 0.019157088122605363
doc : 3
0 0.821875
6 0.03125
2 0.021875000000000002
8 0.018750000000000003
7 0.018750000000000003
5 0.018750000000000003
4 0.018750000000000003
3 0.018750000000000003
9 0.015625
1 0.015625
doc : 4
0 0.8125
6 0.03125
8 0.025
2 0.025
3 0.021875000000000002
9 0.018750000000000003
5 0.018750000000000003
7 0.015625
4 0.015625
1 0.015625
doc : 5
0 0.821875
6 0.028125
2 0.028125
9 0.018750000000000003
8 0.018750000000000003
5 0.018750000000000003
3 0.018750000000000003
7 0.015625
4 0.015625
1 0.015625
doc : 6
0 0.8375
6 0.025
9 0.018750000000000003
8 0.018750000000000003
5 0.018750000000000003
2 0.018750000000000003
7 0.015625
4 0.015625
3 0.015625
1 0.015625
doc : 7
0 0.8406250000000001
8 0.028125
6 0.018750000000000003
2 0.018750000000000003
9 0.015625
7 0.015625
5 0.015625
4 0.015625
3 0.015625
1 0.015625
doc : 8
6 0.30327868852459017
8 0.21311475409836067
9 0.10655737704918034
0 0.07377049180327869
3 0.06557377049180328
2 0.06557377049180328
7 0.04918032786885246
5 0.04098360655737705
4 0.04098360655737705
1 0.04098360655737705
doc : 9
9 0.5480427046263345
8 0.07473309608540925
7 0.06761565836298931
4 0.06761565836298931
6 0.06405693950177936
0 0.046263345195729534
2 0.03914590747330961
5 0.03202846975088968
1 0.03202846975088968
3 0.028469750889679714
doc : 10
1 0.7575291948371234
3 0.1192378610940381
5 0.1057160417947142
4 0.004917025199754148
9 0.003073140749846343
2 0.002458512599877074
0 0.00215119852489244
6 0.0018438844499078055
8 0.0015365703749231714
7 0.0015365703749231714
doc : 11
0 0.8187500000000001
6 0.028125
8 0.025
2 0.021875000000000002
1 0.021875000000000002
7 0.018750000000000003
3 0.018750000000000003
9 0.015625
5 0.015625
4 0.015625
doc : 12
0 0.8093750000000001
2 0.046875
6 0.025
9 0.018750000000000003
7 0.018750000000000003
1 0.018750000000000003
8 0.015625
5 0.015625
4 0.015625
3 0.015625
doc : 13
0 0.803921568627451
6 0.032679738562091505
2 0.029411764705882353
9 0.022875816993464054
3 0.022875816993464054
8 0.0196078431372549
7 0.0196078431372549
5 0.016339869281045753
4 0.016339869281045753
1 0.016339869281045753
doc : 14
0 0.815625
6 0.037500000000000006
9 0.021875000000000002
8 0.021875000000000002
2 0.021875000000000002
3 0.018750000000000003
7 0.015625
5 0.015625
4 0.015625
1 0.015625
doc : 15
0 0.796875
6 0.028125
3 0.028125
2 0.028125
8 0.025
5 0.025
4 0.018750000000000003
1 0.018750000000000003
9 0.015625
7 0.015625
doc : 16
0 0.80625
6 0.03125
7 0.028125
8 0.025
2 0.025
9 0.021875000000000002
5 0.015625
4 0.015625
3 0.015625
1 0.015625
doc : 17
0 0.823529411764706
6 0.03594771241830066
8 0.0196078431372549
5 0.0196078431372549
2 0.0196078431372549
9 0.016339869281045753
7 0.016339869281045753
4 0.016339869281045753
3 0.016339869281045753
1 0.016339869281045753
doc : 18
0 0.8267973856209151
8 0.022875816993464054
6 0.022875816993464054
2 0.022875816993464054
7 0.0196078431372549
4 0.0196078431372549
9 0.016339869281045753
5 0.016339869281045753
3 0.016339869281045753
1 0.016339869281045753
doc : 19
0 0.80625
2 0.040625
8 0.025
3 0.025
6 0.021875000000000002
5 0.018750000000000003
9 0.015625
7 0.015625
4 0.015625
1 0.015625
doc : 20
6 0.6744186046511628
8 0.10465116279069767
9 0.03875968992248062
3 0.031007751937984496
7 0.027131782945736434
4 0.027131782945736434
0 0.027131782945736434
5 0.023255813953488372
2 0.023255813953488372
1 0.023255813953488372
doc : 21
1 0.7667486170866625
3 0.11616472034419176
5 0.0995697602950215
4 0.004917025199754148
6 0.0027658266748617085
8 0.002458512599877074
0 0.00215119852489244
7 0.0018438844499078055
2 0.0018438844499078055
9 0.0015365703749231714
doc : 22
0 0.8406250000000001
6 0.021875000000000002
2 0.021875000000000002
7 0.018750000000000003
4 0.018750000000000003
9 0.015625
8 0.015625
5 0.015625
3 0.015625
1 0.015625
doc : 23
0 0.8169934640522876
2 0.032679738562091505
8 0.026143790849673203
7 0.022875816993464054
1 0.0196078431372549
9 0.016339869281045753
6 0.016339869281045753
5 0.016339869281045753
4 0.016339869281045753
3 0.016339869281045753
doc : 24
0 0.8250000000000001
8 0.028125
9 0.018750000000000003
7 0.018750000000000003
6 0.018750000000000003
5 0.018750000000000003
3 0.018750000000000003
2 0.018750000000000003
1 0.018750000000000003
4 0.015625
doc : 25
0 0.8006535947712419
2 0.03594771241830066
8 0.029411764705882353
6 0.029411764705882353
4 0.0196078431372549
3 0.0196078431372549
9 0.016339869281045753
7 0.016339869281045753
5 0.016339869281045753
1 0.016339869281045753
doc : 26
0 0.7647058823529412
2 0.04575163398692811
8 0.029411764705882353
6 0.029411764705882353
5 0.026143790849673203
9 0.022875816993464054
7 0.022875816993464054
3 0.022875816993464054
4 0.0196078431372549
1 0.016339869281045753
doc : 27
0 0.8202614379084967
6 0.029411764705882353
5 0.022875816993464054
2 0.022875816993464054
8 0.0196078431372549
4 0.0196078431372549
9 0.016339869281045753
7 0.016339869281045753
3 0.016339869281045753
1 0.016339869281045753
doc : 28
0 0.8006535947712419
2 0.0392156862745098
7 0.029411764705882353
8 0.022875816993464054
6 0.022875816993464054
1 0.0196078431372549
9 0.016339869281045753
5 0.016339869281045753
4 0.016339869281045753
3 0.016339869281045753
doc : 29
0 0.8031250000000001
6 0.040625
8 0.025
2 0.025
9 0.021875000000000002
7 0.018750000000000003
4 0.018750000000000003
5 0.015625
3 0.015625
1 0.015625
doc : 30
0 0.821875
3 0.03125
4 0.021875000000000002
9 0.018750000000000003
8 0.018750000000000003
6 0.018750000000000003
5 0.018750000000000003
1 0.018750000000000003
7 0.015625
2 0.015625
doc : 31
7 0.7310344827586207
8 0.09425287356321839
6 0.034482758620689655
4 0.022988505747126436
2 0.022988505747126436
1 0.020689655172413793
0 0.020689655172413793
5 0.01839080459770115
3 0.01839080459770115
9 0.016091954022988506
doc : 32
1 0.7624462200368777
3 0.1192378610940381
5 0.10079901659496004
4 0.003995082974800245
8 0.0027658266748617085
2 0.002458512599877074
0 0.002458512599877074
6 0.00215119852489244
9 0.0018438844499078055
7 0.0018438844499078055
doc : 33
0 0.8031250000000001
6 0.03125
2 0.03125
9 0.021875000000000002
8 0.021875000000000002
7 0.018750000000000003
5 0.018750000000000003
3 0.018750000000000003
1 0.018750000000000003
4 0.015625
doc : 34
0 0.8250000000000001
8 0.028125
1 0.021875000000000002
9 0.018750000000000003
6 0.018750000000000003
5 0.018750000000000003
4 0.018750000000000003
3 0.018750000000000003
7 0.015625
2 0.015625
doc : 35
0 0.8202614379084967
6 0.029411764705882353
8 0.022875816993464054
2 0.022875816993464054
7 0.0196078431372549
5 0.0196078431372549
9 0.016339869281045753
4 0.016339869281045753
3 0.016339869281045753
1 0.016339869281045753
doc : 36
0 0.7941176470588236
2 0.03594771241830066
6 0.032679738562091505
7 0.026143790849673203
3 0.022875816993464054
8 0.0196078431372549
1 0.0196078431372549
9 0.016339869281045753
5 0.016339869281045753
4 0.016339869281045753
doc : 37
0 0.8093750000000001
2 0.034375
8 0.025
6 0.021875000000000002
3 0.021875000000000002
9 0.018750000000000003
7 0.018750000000000003
1 0.018750000000000003
5 0.015625
4 0.015625
doc : 38
0 0.83125
8 0.025
2 0.025
6 0.018750000000000003
5 0.018750000000000003
3 0.018750000000000003
9 0.015625
7 0.015625
4 0.015625
1 0.015625
doc : 39
7 0.5741525423728814
2 0.08898305084745763
9 0.07838983050847458
4 0.0614406779661017
8 0.04449152542372881
3 0.04025423728813559
0 0.04025423728813559
5 0.029661016949152543
6 0.025423728813559324
1 0.01694915254237288
doc : 40
2 0.8091216216216217
0 0.057432432432432436
8 0.037162162162162164
1 0.02027027027027027
7 0.015202702702702704
5 0.015202702702702704
6 0.011824324324324325
4 0.011824324324324325
3 0.011824324324324325
9 0.010135135135135136
doc : 41
6 0.7649667405764967
8 0.044345898004434586
3 0.03547671840354767
2 0.03325942350332594
7 0.026607538802660754
9 0.024390243902439025
4 0.024390243902439025
0 0.022172949002217293
1 0.013303769401330377
5 0.011086474501108647
doc : 42
8 0.3951612903225806
6 0.1774193548387097
0 0.0967741935483871
7 0.056451612903225805
5 0.04838709677419355
3 0.04838709677419355
2 0.04838709677419355
1 0.04838709677419355
9 0.04032258064516129
4 0.04032258064516129
doc : 43
0 0.8250000000000001
6 0.03125
2 0.025
8 0.018750000000000003
7 0.018750000000000003
3 0.018750000000000003
9 0.015625
5 0.015625
4 0.015625
1 0.015625
doc : 44
0 0.8
8 0.037500000000000006
6 0.028125
2 0.028125
9 0.025
3 0.018750000000000003
7 0.015625
5 0.015625
4 0.015625
1 0.015625
doc : 45
9 0.6912751677852349
8 0.1029082774049217
7 0.03803131991051454
0 0.03131991051454139
6 0.026845637583892617
1 0.026845637583892617
5 0.024608501118568233
4 0.022371364653243846
2 0.022371364653243846
3 0.013422818791946308
doc : 46
8 0.28205128205128205
6 0.17307692307692307
4 0.1282051282051282
2 0.12179487179487179
9 0.07051282051282051
7 0.07051282051282051
5 0.04487179487179487
3 0.038461538461538464
0 0.038461538461538464
1 0.03205128205128205
doc : 47
6 0.8390804597701149
9 0.022988505747126436
8 0.022988505747126436
2 0.022988505747126436
7 0.020689655172413793
4 0.01839080459770115
0 0.016091954022988506
5 0.013793103448275862
3 0.011494252873563218
1 0.011494252873563218
doc : 48
8 0.4528301886792453
7 0.11320754716981132
9 0.0660377358490566
6 0.0660377358490566
2 0.0660377358490566
3 0.06132075471698113
4 0.05660377358490566
0 0.04245283018867924
5 0.03773584905660377
1 0.03773584905660377
doc : 49
4 0.7847446670976083
1 0.07045895281189399
3 0.05235940530058177
5 0.023270846800258566
8 0.02068519715578539
2 0.017453135100193924
7 0.010342598577892695
9 0.008403361344537815
0 0.006464124111182934
6 0.005817711700064641
