doc : 0
3 0.5483870967741935
2 0.16129032258064516
9 0.053763440860215055
1 0.04659498207885305
6 0.03942652329749104
8 0.03225806451612903
5 0.03225806451612903
0 0.03225806451612903
4 0.02867383512544803
7 0.025089605734767026
doc : 1
3 0.6377708978328174
2 0.09907120743034056
5 0.04953560371517028
6 0.04643962848297214
8 0.04024767801857585
9 0.03715170278637771
1 0.030959752321981428
0 0.021671826625386997
7 0.018575851393188854
4 0.018575851393188854
doc : 2
3 0.6920821114369502
6 0.07917888563049853
5 0.05865102639296188
2 0.04105571847507331
8 0.02932551319648094
1 0.02932551319648094
9 0.020527859237536656
4 0.01759530791788856
0 0.01759530791788856
7 0.01466275659824047
doc : 3
9 0.951394422310757
3 0.008764940239043825
2 0.00796812749003984
1 0.007171314741035857
8 0.004780876494023905
7 0.00398406374501992
6 0.00398406374501992
5 0.00398406374501992
4 0.00398406374501992
0 0.00398406374501992
doc : 4
3 0.6593886462882096
2 0.10917030567685589
0 0.05458515283842794
9 0.048034934497816595
5 0.03275109170305677
4 0.03275109170305677
6 0.026200873362445413
8 0.013100436681222707
7 0.013100436681222707
1 0.010917030567685589
doc : 5
3 0.815845824411135
2 0.036402569593147756
5 0.0278372591006424
9 0.023554603854389723
4 0.021413276231263385
1 0.019271948608137045
6 0.014989293361884369
0 0.014989293361884369
8 0.01284796573875803
7 0.01284796573875803
doc : 6
3 0.8168604651162791
2 0.03197674418604651
6 0.026162790697674417
0 0.026162790697674417
8 0.020348837209302327
5 0.01744186046511628
1 0.01744186046511628
9 0.014534883720930232
7 0.014534883720930232
4 0.014534883720930232
doc : 7
9 0.16883116883116883
6 0.15584415584415584
2 0.12987012987012989
5 0.1038961038961039
3 0.09090909090909091
7 0.07792207792207792
0 0.07792207792207792
8 0.06493506493506494
4 0.06493506493506494
1 0.06493506493506494
doc : 8
2 0.4380664652567976
3 0.1691842900302115
6 0.09063444108761329
1 0.0755287009063444
9 0.05740181268882175
5 0.045317220543806644
7 0.03927492447129909
8 0.030211480362537763
0 0.030211480362537763
4 0.02416918429003021
doc : 9
3 0.7528455284552845
6 0.061788617886178863
9 0.04390243902439024
2 0.03739837398373984
5 0.024390243902439025
0 0.024390243902439025
1 0.016260162601626015
4 0.014634146341463414
7 0.013008130081300813
8 0.011382113821138212
doc : 10
2 0.8340909090909091
8 0.05378787878787879
3 0.025
5 0.022727272727272728
7 0.021212121212121213
6 0.012121212121212121
4 0.009848484848484848
1 0.008333333333333333
9 0.007575757575757576
0 0.005303030303030303
doc : 11
3 0.7827102803738317
2 0.035046728971962614
6 0.03271028037383177
0 0.03271028037383177
4 0.02570093457943925
5 0.02102803738317757
7 0.018691588785046728
1 0.018691588785046728
9 0.016355140186915886
8 0.016355140186915886
doc : 12
2 0.8657817109144542
3 0.022123893805309734
1 0.02064896755162242
8 0.019174041297935103
6 0.016224188790560472
9 0.014749262536873156
7 0.01327433628318584
5 0.01032448377581121
4 0.008849557522123894
0 0.008849557522123894
doc : 13
7 0.7978436657681941
8 0.05121293800539084
1 0.026954177897574125
9 0.0215633423180593
2 0.0215633423180593
5 0.01886792452830189
6 0.016172506738544475
3 0.016172506738544475
0 0.016172506738544475
4 0.013477088948787063
doc : 14
6 0.9170124481327802
2 0.012448132780082988
3 0.011065006915629323
9 0.009681881051175657
5 0.009681881051175657
0 0.009681881051175657
8 0.008298755186721992
4 0.008298755186721992
7 0.006915629322268327
1 0.006915629322268327
doc : 15
3 0.8162544169611308
0 0.028268551236749116
6 0.021201413427561835
5 0.021201413427561835
4 0.021201413427561835
2 0.021201413427561835
9 0.0176678445229682
8 0.0176678445229682
7 0.0176678445229682
1 0.0176678445229682
doc : 16
3 0.7952755905511811
2 0.031496062992125984
9 0.023622047244094488
6 0.023622047244094488
1 0.023622047244094488
0 0.023622047244094488
8 0.01968503937007874
7 0.01968503937007874
5 0.01968503937007874
4 0.01968503937007874
doc : 17
6 0.1792452830188679
3 0.16981132075471697
9 0.1320754716981132
5 0.11320754716981132
2 0.07547169811320754
0 0.07547169811320754
8 0.0660377358490566
7 0.0660377358490566
4 0.0660377358490566
1 0.05660377358490566
doc : 18
8 0.8484107579462102
7 0.08190709046454768
2 0.018337408312958436
3 0.009779951100244499
1 0.008557457212713936
4 0.007334963325183374
0 0.007334963325183374
9 0.006112469437652812
6 0.006112469437652812
5 0.006112469437652812
doc : 19
5 0.5570934256055363
3 0.2820069204152249
9 0.03633217993079585
2 0.025951557093425608
1 0.02249134948096886
8 0.01903114186851211
4 0.01730103806228374
6 0.015570934256055364
7 0.01384083044982699
0 0.010380622837370242
doc : 20
4 0.5837264150943396
1 0.375
8 0.010377358490566037
7 0.008726415094339622
3 0.006603773584905661
5 0.004481132075471698
0 0.003537735849056604
2 0.0028301886792452833
9 0.0025943396226415093
6 0.0021226415094339622
doc : 21
4 0.970074812967581
1 0.006234413965087282
0 0.004987531172069825
7 0.004364089775561097
8 0.003428927680798005
5 0.0024937655860349127
3 0.0024937655860349127
2 0.0024937655860349127
9 0.0018703241895261845
6 0.0015586034912718205
doc : 22
4 0.9691300280636108
5 0.004677268475210477
1 0.004365450576863112
3 0.004053632678515747
0 0.0037418147801683817
9 0.003429996881821016
7 0.003429996881821016
2 0.002806361085126286
8 0.002182725288431556
6 0.002182725288431556
doc : 23
4 0.9728403141361257
7 0.004908376963350785
0 0.004253926701570681
8 0.0032722513089005235
1 0.0032722513089005235
9 0.0029450261780104713
6 0.0022905759162303667
3 0.0022905759162303667
5 0.0019633507853403145
2 0.0019633507853403145
doc : 24
3 0.823529411764706
2 0.027863777089783284
0 0.02476780185758514
8 0.021671826625386997
6 0.018575851393188854
5 0.018575851393188854
1 0.018575851393188854
9 0.015479876160990714
7 0.015479876160990714
4 0.015479876160990714
doc : 25
8 0.8550143266475644
7 0.09398280802292262
1 0.00974212034383954
0 0.008595988538681949
5 0.0074498567335243545
4 0.006876790830945558
2 0.0057306590257879654
3 0.004584527220630372
9 0.0040114613180515755
6 0.0040114613180515755
doc : 26
6 0.7584994138335287
9 0.14185228604923797
2 0.019929660023446656
5 0.015240328253223915
3 0.015240328253223915
1 0.012895662368112543
4 0.011723329425556858
0 0.009378663540445486
7 0.0082063305978898
8 0.007033997655334114
doc : 27
5 0.6930091185410334
7 0.08814589665653495
2 0.03951367781155015
8 0.030395136778115502
3 0.030395136778115502
4 0.02735562310030395
1 0.0243161094224924
0 0.0243161094224924
9 0.02127659574468085
6 0.02127659574468085
doc : 28
9 0.41843971631205673
6 0.4018912529550827
5 0.035460992907801414
2 0.028368794326241134
3 0.026004728132387706
1 0.02127659574468085
4 0.018912529550827423
0 0.018912529550827423
8 0.016548463356973995
7 0.014184397163120567
doc : 29
5 0.8288135593220338
7 0.04745762711864407
2 0.0288135593220339
6 0.020338983050847456
3 0.01864406779661017
4 0.015254237288135592
9 0.011864406779661017
8 0.010169491525423728
1 0.010169491525423728
0 0.00847457627118644
doc : 30
4 0.9622493118364136
7 0.007471490365709791
8 0.007078254030672434
1 0.006291781360597719
9 0.003539127015336217
0 0.003539127015336217
6 0.002752654345261502
2 0.002752654345261502
3 0.0023594180102241447
5 0.001966181675186787
doc : 31
7 0.8571428571428571
5 0.038523274478330656
8 0.024077046548956663
0 0.016051364365971106
9 0.012841091492776886
4 0.012841091492776886
1 0.011235955056179775
3 0.009630818619582664
2 0.009630818619582664
6 0.008025682182985553
doc : 32
7 0.8813905930470348
8 0.04192229038854806
9 0.015337423312883437
1 0.01226993865030675
5 0.010224948875255624
2 0.009202453987730062
0 0.009202453987730062
6 0.0071574642126789375
3 0.0071574642126789375
4 0.006134969325153375
doc : 33
7 0.9086538461538463
8 0.025961538461538463
1 0.011538461538461539
0 0.009615384615384616
6 0.008653846153846154
3 0.008653846153846154
5 0.007692307692307693
9 0.006730769230769231
2 0.006730769230769231
4 0.0057692307692307696
doc : 34
0 0.18461538461538463
8 0.13846153846153847
9 0.11538461538461539
3 0.11538461538461539
6 0.09230769230769231
1 0.08461538461538462
5 0.07692307692307693
4 0.07692307692307693
2 0.06153846153846154
7 0.05384615384615385
doc : 35
0 0.4219858156028369
9 0.1276595744680851
6 0.12056737588652482
4 0.08156028368794326
5 0.07446808510638298
2 0.06028368794326241
3 0.03900709219858156
8 0.028368794326241134
1 0.024822695035460994
7 0.02127659574468085
doc : 36
9 0.5705882352941176
4 0.07058823529411765
3 0.06470588235294117
0 0.058823529411764705
2 0.052941176470588235
6 0.047058823529411764
8 0.03529411764705882
5 0.03529411764705882
1 0.03529411764705882
7 0.029411764705882353
doc : 37
5 0.6501240694789082
6 0.06947890818858561
4 0.05955334987593052
2 0.05459057071960298
3 0.04714640198511166
9 0.02977667493796526
1 0.02977667493796526
8 0.022332506203473945
0 0.022332506203473945
7 0.01488833746898263
doc : 38
7 0.6016597510373444
5 0.11203319502074689
8 0.05394190871369295
2 0.05394190871369295
3 0.04149377593360996
0 0.03319502074688797
4 0.029045643153526972
1 0.029045643153526972
9 0.024896265560165977
6 0.02074688796680498
doc : 39
8 0.7518248175182481
7 0.0827250608272506
2 0.043795620437956206
9 0.021897810218978103
5 0.019464720194647202
4 0.0170316301703163
1 0.0170316301703163
0 0.0170316301703163
6 0.014598540145985401
3 0.014598540145985401
doc : 40
6 0.7384615384615385
5 0.06263736263736264
1 0.051648351648351645
3 0.046153846153846156
9 0.03076923076923077
0 0.020879120879120878
2 0.01978021978021978
7 0.012087912087912088
8 0.010989010989010988
4 0.006593406593406593
doc : 41
3 0.6925795053003534
9 0.0636042402826855
8 0.04240282685512367
0 0.04240282685512367
6 0.03180212014134275
2 0.03180212014134275
4 0.028268551236749116
1 0.028268551236749116
5 0.021201413427561835
7 0.0176678445229682
doc : 42
3 0.7290748898678415
4 0.050660792951541855
5 0.04405286343612335
9 0.03524229074889868
0 0.03524229074889868
2 0.02863436123348018
6 0.022026431718061675
1 0.022026431718061675
8 0.019823788546255508
7 0.013215859030837006
doc : 43
9 0.23076923076923075
0 0.16666666666666666
6 0.08974358974358974
3 0.08974358974358974
5 0.07692307692307693
4 0.07692307692307693
2 0.07692307692307693
8 0.0641025641025641
7 0.0641025641025641
1 0.0641025641025641
doc : 44
6 0.9026275115919629
9 0.02009273570324575
3 0.013910355486862442
0 0.012364760432766615
7 0.00927357032457496
4 0.00927357032457496
2 0.00927357032457496
8 0.0077279752704791345
5 0.0077279752704791345
1 0.0077279752704791345
doc : 45
0 0.9573770491803278
3 0.005901639344262295
2 0.005901639344262295
5 0.005245901639344262
7 0.0045901639344262295
6 0.0045901639344262295
4 0.0045901639344262295
9 0.003934426229508197
8 0.003934426229508197
1 0.003934426229508197
doc : 46
8 0.1794871794871795
2 0.1282051282051282
0 0.1282051282051282
7 0.10256410256410256
1 0.10256410256410256
3 0.08974358974358974
5 0.07692307692307693
9 0.0641025641025641
6 0.0641025641025641
4 0.0641025641025641
doc : 47
9 0.7964285714285714
6 0.039285714285714285
3 0.024999999999999998
2 0.024999999999999998
5 0.02142857142857143
0 0.02142857142857143
8 0.017857142857142856
7 0.017857142857142856
4 0.017857142857142856
1 0.017857142857142856
doc : 48
7 0.9023569023569024
8 0.01515151515151515
3 0.011784511784511785
2 0.011784511784511785
9 0.0101010101010101
6 0.0101010101010101
5 0.0101010101010101
4 0.0101010101010101
0 0.0101010101010101
1 0.008417508417508417
doc : 49
7 0.847457627118644
8 0.04745762711864407
2 0.01864406779661017
5 0.01694915254237288
1 0.01694915254237288
4 0.015254237288135592
3 0.010169491525423728
0 0.010169491525423728
9 0.00847457627118644
6 0.00847457627118644
