doc : 0
8 0.8976545842217484
9 0.01279317697228145
4 0.01279317697228145
0 0.01279317697228145
7 0.010660980810234541
6 0.010660980810234541
5 0.010660980810234541
3 0.010660980810234541
2 0.010660980810234541
1 0.010660980810234541
doc : 1
8 0.8912579957356077
3 0.014925373134328358
9 0.01279317697228145
6 0.01279317697228145
4 0.01279317697228145
1 0.01279317697228145
7 0.010660980810234541
5 0.010660980810234541
2 0.010660980810234541
0 0.010660980810234541
doc : 2
4 0.8083623693379791
2 0.027874564459930314
8 0.024390243902439025
3 0.024390243902439025
1 0.024390243902439025
6 0.020905923344947737
9 0.017421602787456445
7 0.017421602787456445
5 0.017421602787456445
0 0.017421602787456445
doc : 3
4 0.4518828451882845
8 0.19665271966527195
3 0.07531380753138074
9 0.05439330543933054
2 0.050209205020920494
0 0.050209205020920494
7 0.03347280334728033
5 0.03347280334728033
1 0.03347280334728033
6 0.02092050209205021
doc : 4
4 0.3768545994065282
8 0.3649851632047478
3 0.0771513353115727
2 0.032640949554896145
7 0.02967359050445104
5 0.02967359050445104
1 0.02967359050445104
9 0.02373887240356083
6 0.017804154302670624
0 0.017804154302670624
doc : 5
6 0.5534591194968553
4 0.2578616352201258
0 0.031446540880503145
5 0.02830188679245283
2 0.02830188679245283
1 0.025157232704402517
9 0.022012578616352203
3 0.022012578616352203
8 0.015723270440251572
7 0.015723270440251572
doc : 6
6 0.7972972972972974
4 0.06563706563706564
1 0.0250965250965251
0 0.0250965250965251
8 0.019305019305019305
7 0.015444015444015444
5 0.015444015444015444
3 0.013513513513513514
2 0.013513513513513514
9 0.009652509652509652
doc : 7
9 0.1
8 0.1
7 0.1
6 0.1
5 0.1
4 0.1
3 0.1
2 0.1
1 0.1
0 0.1
doc : 8
4 0.43209876543209874
8 0.16666666666666666
3 0.1111111111111111
7 0.05555555555555555
0 0.05555555555555555
9 0.037037037037037035
5 0.037037037037037035
2 0.037037037037037035
1 0.037037037037037035
6 0.030864197530864196
doc : 9
4 0.6818181818181819
3 0.10227272727272728
0 0.08333333333333334
8 0.03409090909090909
1 0.023674242424242424
9 0.01893939393939394
5 0.017045454545454544
6 0.016098484848484848
2 0.013257575757575758
7 0.00946969696969697
doc : 10
6 0.7895752895752896
4 0.06563706563706564
0 0.04054054054054054
3 0.021235521235521235
2 0.019305019305019305
7 0.015444015444015444
5 0.015444015444015444
8 0.013513513513513514
9 0.009652509652509652
1 0.009652509652509652
doc : 11
6 0.7803379416282642
1 0.08294930875576037
9 0.0445468509984639
3 0.019969278033794162
4 0.015360983102918587
2 0.015360983102918587
0 0.01228878648233487
8 0.010752688172043012
7 0.009216589861751152
5 0.009216589861751152
doc : 12
4 0.43827160493827155
8 0.14814814814814814
3 0.09876543209876543
1 0.06172839506172839
0 0.06172839506172839
9 0.04938271604938271
2 0.043209876543209874
7 0.037037037037037035
6 0.030864197530864196
5 0.030864197530864196
doc : 13
4 0.33650793650793653
8 0.1619047619047619
3 0.13015873015873017
2 0.09206349206349207
6 0.0761904761904762
0 0.0761904761904762
9 0.0380952380952381
1 0.0380952380952381
5 0.02857142857142857
7 0.022222222222222223
doc : 14
9 0.1
8 0.1
7 0.1
6 0.1
5 0.1
4 0.1
3 0.1
2 0.1
1 0.1
0 0.1
doc : 15
0 0.8266666666666668
4 0.060000000000000005
8 0.04583333333333334
2 0.013333333333333334
6 0.0125
9 0.010833333333333334
3 0.010833333333333334
1 0.009166666666666667
7 0.006666666666666667
5 0.004166666666666667
doc : 16
0 0.6763565891472868
4 0.12790697674418605
8 0.06976744186046512
2 0.027131782945736434
7 0.023255813953488372
5 0.02131782945736434
3 0.02131782945736434
6 0.013565891472868217
9 0.009689922480620155
1 0.009689922480620155
doc : 17
4 0.8441558441558441
8 0.03116883116883117
6 0.023376623376623377
0 0.01818181818181818
9 0.015584415584415584
7 0.015584415584415584
5 0.012987012987012988
3 0.012987012987012988
2 0.012987012987012988
1 0.012987012987012988
doc : 18
2 0.6022304832713754
8 0.08921933085501858
4 0.08921933085501858
6 0.05204460966542751
0 0.03717472118959107
9 0.02973977695167286
7 0.02973977695167286
1 0.02973977695167286
3 0.022304832713754646
5 0.018587360594795536
doc : 19
6 0.25170068027210885
4 0.23809523809523808
8 0.1292517006802721
0 0.09523809523809523
1 0.07482993197278912
5 0.047619047619047616
2 0.047619047619047616
9 0.04081632653061224
3 0.04081632653061224
7 0.03401360544217687
doc : 20
2 0.6212121212121212
8 0.11742424242424243
4 0.10227272727272728
6 0.026515151515151516
5 0.026515151515151516
0 0.026515151515151516
9 0.022727272727272728
7 0.01893939393939394
3 0.01893939393939394
1 0.01893939393939394
doc : 21
2 0.6133828996282528
8 0.12267657992565055
4 0.07434944237918215
0 0.03717472118959107
6 0.03345724907063197
7 0.02973977695167286
3 0.026022304832713755
9 0.022304832713754646
5 0.022304832713754646
1 0.018587360594795536
doc : 22
8 0.8101983002832862
4 0.0368271954674221
0 0.028328611898016998
7 0.0254957507082153
6 0.019830028328611898
9 0.0169971671388102
3 0.0169971671388102
2 0.0169971671388102
5 0.014164305949008499
1 0.014164305949008499
doc : 23
8 0.813299232736573
0 0.03836317135549872
4 0.025575447570332484
3 0.023017902813299233
9 0.01790281329923274
7 0.01790281329923274
2 0.01790281329923274
6 0.015345268542199489
5 0.015345268542199489
1 0.015345268542199489
doc : 24
8 0.8088235294117647
1 0.03529411764705882
4 0.023529411764705882
9 0.020588235294117647
7 0.020588235294117647
6 0.020588235294117647
3 0.020588235294117647
5 0.01764705882352941
0 0.01764705882352941
2 0.014705882352941176
doc : 25
8 0.8387096774193549
7 0.024193548387096777
4 0.021505376344086023
0 0.021505376344086023
1 0.01881720430107527
6 0.016129032258064516
5 0.016129032258064516
2 0.016129032258064516
9 0.013440860215053765
3 0.013440860215053765
doc : 26
6 0.4604651162790698
4 0.3116279069767442
8 0.06511627906976744
3 0.046511627906976744
5 0.030232558139534883
9 0.02558139534883721
2 0.018604651162790697
7 0.01627906976744186
1 0.013953488372093023
0 0.011627906976744186
doc : 27
8 0.4820936639118457
4 0.325068870523416
0 0.046831955922865015
6 0.024793388429752067
2 0.024793388429752067
9 0.02203856749311295
5 0.02203856749311295
7 0.01928374655647383
3 0.01652892561983471
1 0.01652892561983471
doc : 28
8 0.6826923076923077
4 0.09615384615384615
0 0.04807692307692307
6 0.035256410256410256
2 0.03205128205128205
9 0.028846153846153844
7 0.02564102564102564
3 0.019230769230769232
5 0.016025641025641024
1 0.016025641025641024
doc : 29
4 0.6907216494845361
5 0.061855670103092786
0 0.041237113402061855
9 0.030927835051546393
8 0.030927835051546393
7 0.030927835051546393
2 0.030927835051546393
1 0.030927835051546393
6 0.02577319587628866
3 0.02577319587628866
doc : 30
0 0.6851851851851852
4 0.10555555555555556
8 0.05925925925925926
5 0.05
9 0.022222222222222223
7 0.022222222222222223
1 0.018518518518518517
6 0.014814814814814815
3 0.011111111111111112
2 0.011111111111111112
doc : 31
8 0.9006342494714588
6 0.012684989429175477
0 0.012684989429175477
9 0.010570824524312896
7 0.010570824524312896
5 0.010570824524312896
4 0.010570824524312896
3 0.010570824524312896
2 0.010570824524312896
1 0.010570824524312896
doc : 32
4 0.5930735930735931
8 0.20346320346320346
5 0.03463203463203463
0 0.030303030303030304
9 0.025974025974025976
1 0.025974025974025976
7 0.021645021645021644
6 0.021645021645021644
3 0.021645021645021644
2 0.021645021645021644
doc : 33
2 0.4518072289156626
8 0.2751004016064257
4 0.0642570281124498
0 0.05421686746987951
6 0.04216867469879518
5 0.03614457831325301
3 0.024096385542168672
9 0.020080321285140562
1 0.018072289156626505
7 0.014056224899598391
doc : 34
4 0.6312849162011174
3 0.0558659217877095
7 0.0446927374301676
6 0.0446927374301676
2 0.0446927374301676
8 0.03910614525139665
1 0.03910614525139665
0 0.03910614525139665
5 0.0335195530726257
9 0.02793296089385475
doc : 35
4 0.5714285714285715
8 0.11538461538461539
3 0.06043956043956045
5 0.04395604395604396
1 0.04395604395604396
2 0.038461538461538464
9 0.03296703296703297
6 0.03296703296703297
0 0.03296703296703297
7 0.027472527472527476
doc : 36
8 0.6426229508196721
4 0.13114754098360656
0 0.07213114754098361
6 0.029508196721311476
9 0.022950819672131147
5 0.022950819672131147
7 0.019672131147540982
3 0.019672131147540982
2 0.019672131147540982
1 0.019672131147540982
doc : 37
8 0.640926640926641
4 0.1003861003861004
0 0.06563706563706564
5 0.05405405405405406
1 0.03088803088803089
9 0.02702702702702703
2 0.02316602316602317
7 0.019305019305019305
6 0.019305019305019305
3 0.019305019305019305
doc : 38
8 0.6795366795366795
4 0.07335907335907337
0 0.05791505791505792
9 0.03474903474903475
5 0.03474903474903475
6 0.02702702702702703
3 0.02702702702702703
2 0.02702702702702703
7 0.019305019305019305
1 0.019305019305019305
doc : 39
4 0.6810344827586207
8 0.04741379310344827
0 0.04741379310344827
3 0.04310344827586207
2 0.03879310344827586
5 0.034482758620689655
9 0.030172413793103446
7 0.030172413793103446
6 0.02586206896551724
1 0.021551724137931036
doc : 40
5 0.7381578947368421
7 0.08552631578947369
2 0.03289473684210526
1 0.02763157894736842
9 0.02631578947368421
4 0.021052631578947368
3 0.021052631578947368
0 0.019736842105263157
8 0.017105263157894738
6 0.010526315789473684
doc : 41
8 0.5786802030456852
4 0.21319796954314718
0 0.053299492385786795
3 0.025380710659898477
2 0.025380710659898477
1 0.025380710659898477
5 0.02284263959390863
9 0.02030456852791878
7 0.017766497461928932
6 0.017766497461928932
doc : 42
8 0.930517711171662
6 0.009536784741144414
9 0.008174386920980926
7 0.008174386920980926
5 0.008174386920980926
3 0.008174386920980926
4 0.006811989100817439
2 0.006811989100817439
1 0.006811989100817439
0 0.006811989100817439
doc : 43
8 0.9311740890688258
5 0.009446693657219972
4 0.009446693657219972
7 0.008097165991902834
6 0.008097165991902834
9 0.0067476383265856945
3 0.0067476383265856945
2 0.0067476383265856945
1 0.0067476383265856945
0 0.0067476383265856945
doc : 44
4 0.673289183222958
8 0.08167770419426049
3 0.052980132450331126
9 0.039735099337748346
6 0.039735099337748346
7 0.02869757174392936
5 0.02869757174392936
0 0.02207505518763797
2 0.017660044150110375
1 0.015452538631346577
doc : 45
9 0.9268030139935414
1 0.013993541442411193
3 0.011840688912809472
8 0.008611410118406888
6 0.007534983853606027
2 0.007534983853606027
4 0.006458557588805166
0 0.006458557588805166
7 0.005382131324004305
5 0.005382131324004305
doc : 46
9 0.6177847113884556
4 0.0795631825273011
6 0.0670826833073323
2 0.059282371294851796
0 0.054602184087363496
7 0.029641185647425898
8 0.0265210608424337
3 0.0265210608424337
5 0.0234009360374415
1 0.015600624024960999
doc : 47
8 0.34541062801932365
4 0.2946859903381642
0 0.1932367149758454
6 0.036231884057971016
1 0.036231884057971016
3 0.026570048309178744
2 0.024154589371980676
7 0.016908212560386472
5 0.014492753623188404
9 0.012077294685990338
doc : 48
1 0.640083945435467
7 0.11227701993704092
9 0.0912906610703043
3 0.06610703043022036
0 0.022035676810073453
4 0.01888772298006296
5 0.016789087093389297
2 0.013641133263378805
8 0.012591815320041973
6 0.0062959076600209865
doc : 49
0 0.8306288032454361
8 0.057809330628803245
4 0.04259634888438134
3 0.016227180527383367
2 0.012170385395537525
9 0.009127789046653144
7 0.009127789046653144
6 0.009127789046653144
1 0.008113590263691683
5 0.005070993914807302
doc : 50
4 0.8062200956937798
8 0.06698564593301436
6 0.019138755980861243
2 0.01674641148325359
1 0.01674641148325359
0 0.01674641148325359
9 0.014354066985645932
7 0.014354066985645932
5 0.014354066985645932
3 0.014354066985645932
doc : 51
4 0.8251231527093597
8 0.03201970443349754
2 0.03201970443349754
5 0.022167487684729065
9 0.017241379310344827
3 0.017241379310344827
1 0.017241379310344827
7 0.012315270935960592
6 0.012315270935960592
0 0.012315270935960592
doc : 52
8 0.536283185840708
4 0.231858407079646
2 0.05132743362831858
5 0.047787610619469026
0 0.03716814159292035
7 0.03008849557522124
1 0.021238938053097345
6 0.01592920353982301
3 0.01592920353982301
9 0.012389380530973451
doc : 53
8 0.8942917547568711
0 0.014799154334038056
9 0.012684989429175477
7 0.012684989429175477
4 0.012684989429175477
6 0.010570824524312896
5 0.010570824524312896
3 0.010570824524312896
2 0.010570824524312896
1 0.010570824524312896
doc : 54
5 0.6009310198899704
6 0.17985611510791366
3 0.0732120186203978
2 0.0490901396529835
4 0.032585696148963186
7 0.02158273381294964
0 0.016927634363097757
1 0.010156580617858655
8 0.00973338975878121
9 0.005924672027084215
doc : 55
8 0.4196185286103542
5 0.2316076294277929
4 0.10081743869209808
0 0.07629427792915532
3 0.04087193460490463
2 0.03814713896457766
1 0.02997275204359673
7 0.027247956403269755
9 0.01907356948228883
6 0.01634877384196185
doc : 56
8 0.8760890609874153
0 0.03969022265246854
5 0.019361084220716362
4 0.01452081316553727
3 0.012584704743465635
6 0.009680542110358181
2 0.007744433688286544
9 0.006776379477250726
7 0.006776379477250726
1 0.006776379477250726
doc : 57
7 0.9070480081716037
3 0.020429009193054137
5 0.011235955056179775
1 0.011235955056179775
9 0.010214504596527068
4 0.009193054136874362
2 0.008171603677221655
0 0.008171603677221655
8 0.007150153217568948
6 0.007150153217568948
doc : 58
9 0.6984126984126985
1 0.12471655328798187
4 0.08390022675736962
6 0.01927437641723356
3 0.015873015873015872
8 0.01360544217687075
7 0.01360544217687075
0 0.011337868480725623
5 0.010204081632653062
2 0.009070294784580499
doc : 59
4 0.5910780669144982
8 0.13382899628252787
3 0.055762081784386616
7 0.04460966542750929
5 0.03717472118959107
1 0.03345724907063197
0 0.02973977695167286
9 0.026022304832713755
2 0.026022304832713755
6 0.022304832713754646
doc : 60
5 0.8247151621384751
8 0.07624890446976337
4 0.02716914986853637
3 0.019281332164767746
0 0.01577563540753725
2 0.014022787028921999
7 0.007011393514460999
9 0.006134969325153374
6 0.0052585451358457495
1 0.0043821209465381246
doc : 61
1 0.5588235294117647
8 0.07720588235294118
3 0.06985294117647059
7 0.0661764705882353
4 0.04779411764705882
5 0.044117647058823525
0 0.044117647058823525
2 0.04044117647058824
6 0.029411764705882353
9 0.022058823529411763
doc : 62
2 0.9066820276497696
4 0.016129032258064516
1 0.013824884792626727
8 0.012672811059907835
5 0.01152073732718894
0 0.010368663594470046
9 0.009216589861751152
7 0.006912442396313364
3 0.006912442396313364
6 0.00576036866359447
doc : 63
4 0.5657370517928286
7 0.08764940239043825
2 0.06374501992031872
9 0.05179282868525896
6 0.05179282868525896
3 0.0398406374501992
8 0.03585657370517928
5 0.03585657370517928
1 0.03585657370517928
0 0.03187250996015936
doc : 64
3 0.7672583826429981
1 0.05522682445759369
9 0.03353057199211046
4 0.025641025641025644
0 0.025641025641025644
6 0.02366863905325444
8 0.01972386587771203
5 0.01972386587771203
7 0.015779092702169626
2 0.013806706114398423
doc : 65
9 0.6703786191536748
3 0.06904231625835189
8 0.042316258351893093
6 0.04008908685968819
4 0.035634743875278395
0 0.035634743875278395
7 0.03340757238307349
2 0.028953229398663696
1 0.024498886414253896
5 0.020044543429844096
doc : 66
4 0.42565597667638483
3 0.1836734693877551
2 0.10204081632653061
0 0.09766763848396501
9 0.07725947521865889
8 0.029154518950437316
7 0.029154518950437316
6 0.02769679300291545
1 0.016034985422740525
5 0.011661807580174927
doc : 67
9 0.939885496183206
7 0.007633587786259542
6 0.007633587786259542
5 0.007633587786259542
8 0.006679389312977099
4 0.006679389312977099
0 0.006679389312977099
3 0.0057251908396946565
2 0.0057251908396946565
1 0.0057251908396946565
doc : 68
6 0.8316430020283976
3 0.036511156186612576
5 0.035496957403651115
0 0.02332657200811359
7 0.02231237322515213
9 0.013184584178498986
8 0.011156186612576065
4 0.009127789046653144
1 0.009127789046653144
2 0.008113590263691683
doc : 69
0 0.7673935617860851
4 0.06438213914849429
8 0.03946002076843198
3 0.035306334371754934
5 0.021806853582554516
6 0.016614745586708203
2 0.016614745586708203
9 0.014537902388369679
1 0.013499480789200415
7 0.010384215991692626
doc : 70
5 0.8839122486288848
4 0.03016453382084095
3 0.02010968921389397
8 0.019195612431444242
0 0.010968921389396709
9 0.007312614259597806
7 0.007312614259597806
6 0.007312614259597806
2 0.007312614259597806
1 0.006398537477148081
doc : 71
9 0.5629453681710214
1 0.2007125890736342
3 0.0819477434679335
4 0.03800475059382423
0 0.035629453681710214
6 0.028503562945368172
8 0.020190023752969122
7 0.013064133016627079
5 0.010688836104513065
2 0.00831353919239905
doc : 72
2 0.6287519747235387
7 0.08530805687203791
3 0.07266982622432859
8 0.0679304897314376
9 0.06635071090047394
0 0.03317535545023697
6 0.017377567140600316
4 0.011058451816745656
1 0.009478672985781991
5 0.007898894154818325
doc : 73
2 0.9056603773584905
7 0.01607267645003494
6 0.012578616352201257
4 0.012578616352201257
9 0.011180992313067784
3 0.011180992313067784
0 0.009084556254367574
5 0.008385744234800839
1 0.006988120195667365
8 0.006289308176100628
doc : 74
1 0.33606557377049184
9 0.10655737704918034
6 0.10655737704918034
4 0.09016393442622951
3 0.0819672131147541
8 0.07377049180327869
0 0.06557377049180328
7 0.04918032786885246
5 0.04918032786885246
2 0.04098360655737705
doc : 75
7 0.910828025477707
4 0.018198362147406735
5 0.01364877161055505
6 0.01091901728844404
1 0.010009099181073703
2 0.00818926296633303
8 0.007279344858962694
3 0.007279344858962694
0 0.007279344858962694
9 0.006369426751592357
doc : 76
6 0.5701492537313433
9 0.22985074626865673
1 0.05074626865671642
8 0.026865671641791045
7 0.026865671641791045
3 0.023880597014925373
0 0.023880597014925373
2 0.01791044776119403
5 0.014925373134328358
4 0.014925373134328358
doc : 77
4 0.6969696969696969
7 0.09427609427609428
2 0.0404040404040404
6 0.026936026936026935
5 0.026936026936026935
9 0.02356902356902357
3 0.02356902356902357
1 0.02356902356902357
0 0.02356902356902357
8 0.0202020202020202
doc : 78
0 0.769620253164557
3 0.1329113924050633
9 0.020253164556962026
4 0.013924050632911392
7 0.012658227848101266
2 0.012658227848101266
1 0.01139240506329114
6 0.010126582278481013
5 0.010126582278481013
8 0.006329113924050633
doc : 79
3 0.8841439304072757
4 0.0276789244760775
0 0.027283511269276396
8 0.01265322261763543
9 0.011466982997232108
1 0.011466982997232108
5 0.010280743376828787
7 0.009885330170027679
6 0.00276789244760775
2 0.002372479240806643
doc : 80
1 0.8011240812797232
6 0.13661910938175528
9 0.020752269779507133
8 0.00864677907479464
3 0.007782101167315175
0 0.006485084306095979
5 0.005620406398616515
4 0.005188067444876783
7 0.004755728491137051
2 0.0030263726761781233
doc : 81
6 0.8626728110599078
3 0.03133640552995392
0 0.022119815668202765
7 0.020276497695852533
1 0.014746543778801843
9 0.012903225806451613
4 0.012903225806451613
2 0.010138248847926266
5 0.008294930875576038
8 0.004608294930875576
doc : 82
1 0.6576086956521738
6 0.22049689440993786
9 0.05667701863354037
4 0.017857142857142856
3 0.010869565217391304
5 0.009316770186335404
8 0.007763975155279502
7 0.007763975155279502
2 0.006211180124223602
0 0.005434782608695652
doc : 83
3 0.5294943820224719
2 0.08848314606741572
9 0.07724719101123595
0 0.07584269662921347
8 0.06601123595505617
4 0.05337078651685393
5 0.05056179775280899
1 0.02949438202247191
6 0.016853932584269662
7 0.012640449438202247
doc : 84
7 0.8571428571428572
4 0.028985507246376815
6 0.018633540372670808
9 0.016563146997929608
8 0.016563146997929608
3 0.014492753623188408
2 0.014492753623188408
1 0.012422360248447206
5 0.010351966873706004
0 0.010351966873706004
doc : 85
9 0.6282527881040892
1 0.1338289962825279
7 0.05204460966542751
4 0.04460966542750929
3 0.0322180916976456
2 0.0322180916976456
8 0.028500619578686492
0 0.01858736059479554
5 0.01734820322180917
6 0.012391573729863693
doc : 86
7 0.8484187568157034
0 0.03489640130861505
3 0.03162486368593239
8 0.019083969465648856
9 0.015812431842966195
1 0.015267175572519085
4 0.011995637949836423
2 0.011450381679389313
6 0.0070883315158124325
5 0.004362050163576881
doc : 87
7 0.8796561604584527
2 0.021967526265520534
3 0.020057306590257878
4 0.018147086914995225
9 0.01623686723973257
6 0.009551098376313277
5 0.009551098376313277
1 0.009551098376313277
0 0.009551098376313277
8 0.0057306590257879654
doc : 88
1 0.5800273597811217
9 0.12311901504787962
3 0.08481532147742818
0 0.0533515731874145
4 0.038303693570451436
8 0.03419972640218878
6 0.03419972640218878
2 0.02188782489740082
5 0.017783857729138167
7 0.012311901504787962
doc : 89
3 0.6404040404040404
4 0.06262626262626263
1 0.06262626262626263
8 0.05656565656565657
9 0.048484848484848485
0 0.04242424242424243
5 0.028282828282828285
7 0.0202020202020202
6 0.0202020202020202
2 0.01818181818181818
doc : 90
0 0.5147783251231527
4 0.19211822660098524
2 0.06896551724137931
8 0.04926108374384237
5 0.046798029556650245
7 0.03940886699507389
6 0.03694581280788178
1 0.019704433497536946
3 0.017241379310344827
9 0.014778325123152709
doc : 91
1 0.4510703363914373
9 0.2308868501529052
6 0.11467889908256881
7 0.05045871559633028
0 0.03669724770642202
3 0.03363914373088685
4 0.0290519877675841
2 0.024464831804281346
8 0.016819571865443424
5 0.012232415902140673
doc : 92
1 0.7184049079754602
6 0.2067484662576687
3 0.015337423312883437
7 0.011656441717791411
5 0.011656441717791411
9 0.009202453987730062
8 0.009202453987730062
0 0.00736196319018405
4 0.006134969325153374
2 0.004294478527607362
doc : 93
3 0.6971428571428572
4 0.07885714285714286
2 0.07314285714285715
8 0.035428571428571434
6 0.028571428571428574
1 0.025142857142857144
9 0.024
7 0.013714285714285715
5 0.013714285714285715
0 0.010285714285714287
doc : 94
6 0.6440677966101694
9 0.1638418079096045
1 0.04943502824858757
4 0.04096045197740113
3 0.0211864406779661
7 0.018361581920903956
0 0.018361581920903956
5 0.01694915254237288
8 0.015536723163841807
2 0.011299435028248588
doc : 95
3 0.5941807044410413
9 0.1209800918836141
1 0.07503828483920368
6 0.04134762633996937
7 0.036753445635528334
5 0.02756508422664625
2 0.02756508422664625
8 0.026033690658499236
0 0.026033690658499236
4 0.02450229709035222
doc : 96
3 0.631578947368421
7 0.060941828254847646
9 0.05817174515235457
6 0.04155124653739612
2 0.04155124653739612
1 0.038781163434903045
4 0.036011080332409975
5 0.0332409972299169
0 0.030470914127423823
8 0.027700831024930747
doc : 97
4 0.6413612565445027
0 0.06806282722513089
7 0.05759162303664922
3 0.05235602094240838
1 0.041884816753926704
6 0.03926701570680628
9 0.034031413612565446
2 0.02356020942408377
8 0.020942408376963352
5 0.020942408376963352
doc : 98
4 0.6247334754797441
6 0.15138592750533048
0 0.07462686567164178
2 0.04051172707889126
8 0.027718550106609806
7 0.023454157782515993
9 0.014925373134328358
3 0.014925373134328358
1 0.014925373134328358
5 0.01279317697228145
doc : 99
9 0.9414634146341463
1 0.011585365853658536
8 0.007926829268292683
0 0.007926829268292683
5 0.006707317073170732
3 0.006097560975609756
6 0.004878048780487805
4 0.004878048780487805
7 0.00426829268292683
2 0.00426829268292683
