doc : 0
6 0.9270270270270271
1 0.014864864864864866
3 0.008108108108108109
2 0.008108108108108109
0 0.008108108108108109
9 0.006756756756756757
8 0.006756756756756757
7 0.006756756756756757
5 0.006756756756756757
4 0.006756756756756757
doc : 1
1 0.39490445859872614
7 0.09554140127388536
8 0.089171974522293
6 0.07643312101910829
5 0.07643312101910829
4 0.07006369426751592
3 0.06369426751592357
0 0.05732484076433121
9 0.038216560509554146
2 0.038216560509554146
doc : 2
0 0.41496598639455784
7 0.15192743764172337
1 0.11337868480725624
5 0.08616780045351474
9 0.05668934240362812
4 0.05215419501133787
6 0.049886621315192746
8 0.036281179138321996
3 0.020408163265306124
2 0.018140589569160998
doc : 3
5 0.6305555555555555
1 0.14027777777777778
9 0.06666666666666667
3 0.05
8 0.030555555555555558
7 0.022222222222222223
2 0.018055555555555557
4 0.015277777777777779
0 0.01388888888888889
6 0.0125
doc : 4
1 0.3053435114503817
8 0.29389312977099236
3 0.10687022900763359
5 0.06870229007633588
6 0.0648854961832061
7 0.04198473282442748
4 0.04198473282442748
9 0.030534351145038167
0 0.026717557251908396
2 0.019083969465648856
doc : 5
8 0.7868217054263565
7 0.031007751937984496
6 0.027131782945736434
4 0.027131782945736434
9 0.023255813953488372
3 0.023255813953488372
1 0.023255813953488372
5 0.01937984496124031
2 0.01937984496124031
0 0.01937984496124031
doc : 6
8 0.6778523489932886
1 0.10067114093959731
6 0.05704697986577181
5 0.03355704697986577
3 0.030201342281879193
7 0.02348993288590604
4 0.02348993288590604
2 0.020134228187919462
9 0.016778523489932886
0 0.016778523489932886
doc : 7
8 0.7854545454545454
6 0.04
1 0.02909090909090909
9 0.02181818181818182
7 0.02181818181818182
5 0.02181818181818182
3 0.02181818181818182
0 0.02181818181818182
4 0.01818181818181818
2 0.01818181818181818
doc : 8
8 0.7925925925925926
1 0.037037037037037035
3 0.03333333333333333
4 0.022222222222222223
0 0.022222222222222223
9 0.018518518518518517
7 0.018518518518518517
6 0.018518518518518517
5 0.018518518518518517
2 0.018518518518518517
doc : 9
1 0.47619047619047616
3 0.11607142857142856
5 0.08928571428571427
6 0.07142857142857142
4 0.050595238095238096
2 0.047619047619047616
0 0.041666666666666664
8 0.03869047619047619
9 0.03571428571428571
7 0.03273809523809523
doc : 10
6 0.9256756756756758
1 0.013513513513513514
8 0.010810810810810811
7 0.008108108108108109
3 0.008108108108108109
9 0.006756756756756757
5 0.006756756756756757
4 0.006756756756756757
2 0.006756756756756757
0 0.006756756756756757
doc : 11
6 0.9135135135135135
1 0.014864864864864866
9 0.012162162162162163
8 0.00945945945945946
5 0.00945945945945946
3 0.00945945945945946
7 0.008108108108108109
4 0.008108108108108109
0 0.008108108108108109
2 0.006756756756756757
doc : 12
6 0.9162162162162163
1 0.012162162162162163
8 0.010810810810810811
5 0.010810810810810811
3 0.010810810810810811
7 0.00945945945945946
4 0.008108108108108109
2 0.008108108108108109
9 0.006756756756756757
0 0.006756756756756757
doc : 13
3 0.8138888888888889
8 0.030555555555555558
5 0.030555555555555558
1 0.022222222222222223
9 0.019444444444444445
0 0.019444444444444445
7 0.016666666666666666
4 0.016666666666666666
2 0.016666666666666666
6 0.01388888888888889
doc : 14
3 0.7977839335180056
8 0.04986149584487535
1 0.027700831024930747
4 0.024930747922437674
6 0.0221606648199446
9 0.01662049861495845
7 0.01662049861495845
5 0.01662049861495845
2 0.013850415512465374
0 0.013850415512465374
doc : 15
3 0.7740112994350282
8 0.0480225988700565
6 0.02824858757062147
5 0.02824858757062147
4 0.02824858757062147
7 0.022598870056497175
1 0.019774011299435026
0 0.019774011299435026
9 0.01694915254237288
2 0.014124293785310734
doc : 16
1 0.7012578616352202
8 0.10377358490566038
6 0.04716981132075472
3 0.02830188679245283
5 0.022012578616352203
4 0.022012578616352203
0 0.022012578616352203
9 0.01886792452830189
2 0.01886792452830189
7 0.015723270440251572
doc : 17
1 0.6728395061728395
8 0.10493827160493827
6 0.06790123456790123
9 0.030864197530864196
5 0.030864197530864196
3 0.024691358024691357
0 0.021604938271604937
7 0.015432098765432098
4 0.015432098765432098
2 0.015432098765432098
doc : 18
8 0.7472924187725632
9 0.039711191335740074
1 0.039711191335740074
6 0.036101083032490974
7 0.03249097472924188
5 0.02888086642599278
3 0.021660649819494587
4 0.018050541516245487
2 0.018050541516245487
0 0.018050541516245487
doc : 19
8 0.7324414715719063
5 0.06354515050167224
7 0.043478260869565216
9 0.030100334448160536
3 0.023411371237458192
2 0.023411371237458192
1 0.023411371237458192
6 0.020066889632107024
4 0.020066889632107024
0 0.020066889632107024
doc : 20
8 0.803921568627451
4 0.027450980392156862
9 0.023529411764705882
6 0.023529411764705882
1 0.023529411764705882
7 0.0196078431372549
5 0.0196078431372549
3 0.0196078431372549
2 0.0196078431372549
0 0.0196078431372549
doc : 21
1 0.6781609195402298
8 0.10727969348659003
9 0.034482758620689655
3 0.034482758620689655
6 0.026819923371647507
4 0.026819923371647507
7 0.022988505747126436
5 0.022988505747126436
2 0.022988505747126436
0 0.022988505747126436
doc : 22
1 0.6704980842911877
8 0.06896551724137931
9 0.05747126436781609
3 0.04980842911877394
0 0.03065134099616858
5 0.026819923371647507
4 0.026819923371647507
7 0.022988505747126436
6 0.022988505747126436
2 0.022988505747126436
doc : 23
6 0.9202702702702703
8 0.012162162162162163
3 0.010810810810810811
4 0.00945945945945946
0 0.00945945945945946
9 0.008108108108108109
5 0.008108108108108109
1 0.008108108108108109
7 0.006756756756756757
2 0.006756756756756757
doc : 24
6 0.9
8 0.016216216216216217
5 0.013513513513513514
3 0.013513513513513514
1 0.013513513513513514
9 0.010810810810810811
7 0.00945945945945946
4 0.00945945945945946
2 0.006756756756756757
0 0.006756756756756757
doc : 25
6 0.9014869888475836
9 0.013011152416356878
5 0.013011152416356878
8 0.011152416356877323
7 0.011152416356877323
3 0.011152416356877323
0 0.011152416356877323
4 0.009293680297397768
2 0.009293680297397768
1 0.009293680297397768
doc : 26
6 0.8007590132827325
1 0.06451612903225806
8 0.04174573055028463
7 0.020872865275142316
3 0.018975332068311195
4 0.013282732447817837
2 0.011385199240986717
9 0.009487666034155597
5 0.009487666034155597
0 0.009487666034155597
doc : 27
6 0.8817733990147782
1 0.0180623973727422
5 0.016420361247947456
4 0.014778325123152709
8 0.013136288998357963
3 0.013136288998357963
9 0.011494252873563218
7 0.011494252873563218
0 0.011494252873563218
2 0.008210180623973728
doc : 28
6 0.8747940691927513
8 0.02471169686985173
3 0.016474464579901153
4 0.014827018121911038
7 0.013179571663920923
9 0.011532125205930808
5 0.011532125205930808
1 0.011532125205930808
0 0.011532125205930808
2 0.009884678747940693
doc : 29
6 0.8519163763066202
3 0.02613240418118467
1 0.020905923344947737
2 0.01916376306620209
8 0.017421602787456445
4 0.017421602787456445
0 0.0156794425087108
7 0.012195121951219513
5 0.010452961672473868
9 0.008710801393728223
doc : 30
9 0.8181818181818182
1 0.03668261562998405
8 0.03189792663476874
3 0.023923444976076555
6 0.017543859649122806
4 0.017543859649122806
7 0.01594896331738437
2 0.01594896331738437
5 0.012759170653907496
0 0.009569377990430622
doc : 31
5 0.30177514792899407
3 0.22189349112426035
8 0.14497041420118342
0 0.09171597633136094
4 0.056213017751479286
1 0.05325443786982249
6 0.04437869822485207
9 0.03254437869822485
2 0.029585798816568046
7 0.023668639053254437
doc : 32
4 0.7295373665480427
2 0.0498220640569395
6 0.03914590747330961
1 0.03914590747330961
3 0.03558718861209964
0 0.02491103202846975
8 0.021352313167259787
7 0.021352313167259787
5 0.021352313167259787
9 0.01779359430604982
doc : 33
7 0.8428217821782178
0 0.04888613861386139
4 0.024133663366336634
6 0.01547029702970297
3 0.01485148514851485
1 0.01485148514851485
8 0.014232673267326733
5 0.012995049504950494
9 0.007425742574257425
2 0.004331683168316832
doc : 34
2 0.8916349809885932
5 0.03754752851711027
0 0.016634980988593156
9 0.01188212927756654
3 0.009505703422053232
4 0.00903041825095057
8 0.008079847908745247
7 0.005228136882129277
6 0.005228136882129277
1 0.005228136882129277
doc : 35
6 0.914864864864865
1 0.013513513513513514
8 0.012162162162162163
4 0.010810810810810811
7 0.00945945945945946
3 0.00945945945945946
5 0.008108108108108109
2 0.008108108108108109
9 0.006756756756756757
0 0.006756756756756757
doc : 36
6 0.9216216216216216
7 0.012162162162162163
8 0.010810810810810811
1 0.010810810810810811
3 0.00945945945945946
5 0.008108108108108109
9 0.006756756756756757
4 0.006756756756756757
2 0.006756756756756757
0 0.006756756756756757
doc : 37
8 0.8148148148148149
1 0.03333333333333333
0 0.022222222222222223
9 0.018518518518518517
7 0.018518518518518517
6 0.018518518518518517
5 0.018518518518518517
4 0.018518518518518517
3 0.018518518518518517
2 0.018518518518518517
doc : 38
8 0.803921568627451
9 0.027450980392156862
7 0.023529411764705882
6 0.023529411764705882
5 0.023529411764705882
4 0.0196078431372549
3 0.0196078431372549
2 0.0196078431372549
1 0.0196078431372549
0 0.0196078431372549
doc : 39
9 0.39035087719298245
5 0.09649122807017543
1 0.09649122807017543
0 0.09210526315789473
8 0.08333333333333333
7 0.06140350877192982
4 0.05263157894736842
3 0.05263157894736842
6 0.043859649122807015
2 0.03070175438596491
doc : 40
4 0.5973451327433629
7 0.13495575221238937
5 0.07300884955752213
3 0.035398230088495575
9 0.030973451327433628
8 0.028761061946902654
6 0.02654867256637168
2 0.02654867256637168
1 0.024336283185840708
0 0.022123893805309734
doc : 41
1 0.21311475409836067
8 0.1557377049180328
6 0.14754098360655737
5 0.09836065573770492
3 0.09836065573770492
0 0.0819672131147541
4 0.06557377049180328
7 0.04918032786885246
2 0.04918032786885246
9 0.04098360655737705
doc : 42
9 0.7673267326732673
4 0.04455445544554455
1 0.034653465346534656
0 0.033003300330033
6 0.028052805280528052
8 0.023102310231023104
3 0.019801980198019802
5 0.018151815181518153
2 0.0165016501650165
7 0.01485148514851485
doc : 43
4 0.7534246575342465
2 0.05136986301369863
7 0.030821917808219176
5 0.0273972602739726
0 0.0273972602739726
8 0.023972602739726026
3 0.023972602739726026
1 0.023972602739726026
9 0.02054794520547945
6 0.017123287671232876
doc : 44
0 0.464200477326969
3 0.38782816229116945
8 0.032219570405727926
6 0.02983293556085919
4 0.021479713603818618
7 0.02028639618138425
9 0.013126491646778043
1 0.013126491646778043
5 0.010739856801909309
2 0.007159904534606206
doc : 45
4 0.4444444444444444
7 0.12169312169312169
5 0.09523809523809523
1 0.06349206349206349
8 0.0582010582010582
6 0.05291005291005291
9 0.047619047619047616
3 0.042328042328042326
2 0.042328042328042326
0 0.031746031746031744
doc : 46
6 0.9175675675675676
3 0.013513513513513514
8 0.012162162162162163
5 0.010810810810810811
1 0.00945945945945946
9 0.008108108108108109
7 0.008108108108108109
4 0.006756756756756757
2 0.006756756756756757
0 0.006756756756756757
doc : 47
6 0.9256756756756758
7 0.00945945945945946
3 0.00945945945945946
1 0.00945945945945946
9 0.008108108108108109
8 0.008108108108108109
4 0.008108108108108109
0 0.008108108108108109
5 0.006756756756756757
2 0.006756756756756757
doc : 48
3 0.8
8 0.03962264150943396
1 0.033962264150943396
4 0.024528301886792454
6 0.020754716981132074
7 0.018867924528301886
0 0.018867924528301886
9 0.01509433962264151
2 0.01509433962264151
5 0.013207547169811321
doc : 49
1 0.27666666666666667
9 0.25333333333333335
8 0.13333333333333333
3 0.08
5 0.05666666666666667
6 0.05333333333333334
4 0.04666666666666667
7 0.04
0 0.03666666666666667
2 0.023333333333333334
