doc : 0
5 0.7792642140468228
1 0.05016722408026756
6 0.030100334448160536
2 0.023411371237458192
8 0.020066889632107024
7 0.020066889632107024
4 0.020066889632107024
3 0.020066889632107024
0 0.020066889632107024
9 0.016722408026755852
doc : 1
9 0.5953237410071943
0 0.31115107913669066
8 0.01618705035971223
2 0.01618705035971223
4 0.012589928057553958
7 0.01079136690647482
6 0.01079136690647482
5 0.008992805755395683
3 0.008992805755395683
1 0.008992805755395683
doc : 2
9 0.24050632911392406
0 0.13924050632911392
5 0.10126582278481013
1 0.08860759493670886
7 0.0759493670886076
4 0.0759493670886076
3 0.0759493670886076
2 0.0759493670886076
8 0.06329113924050633
6 0.06329113924050633
doc : 3
0 0.8157894736842105
7 0.031578947368421054
6 0.02894736842105263
3 0.02368421052631579
9 0.021052631578947368
8 0.018421052631578946
5 0.015789473684210527
4 0.015789473684210527
2 0.015789473684210527
1 0.013157894736842105
doc : 4
0 0.5406162464985994
3 0.30532212885154064
9 0.028011204481792718
8 0.0196078431372549
5 0.0196078431372549
4 0.0196078431372549
1 0.0196078431372549
6 0.01680672268907563
2 0.01680672268907563
7 0.014005602240896359
doc : 5
7 0.6346749226006192
5 0.12383900928792571
1 0.05727554179566564
3 0.043343653250773995
4 0.03405572755417957
0 0.03405572755417957
9 0.02321981424148607
6 0.02321981424148607
2 0.013931888544891642
8 0.01238390092879257
doc : 6
9 0.8275862068965517
0 0.04665314401622718
5 0.02434077079107505
8 0.02231237322515213
7 0.016227180527383367
2 0.016227180527383367
6 0.014198782961460446
3 0.012170385395537525
4 0.010141987829614604
1 0.010141987829614604
doc : 7
7 0.7138888888888889
3 0.09722222222222222
9 0.05555555555555556
0 0.02777777777777778
1 0.025
5 0.019444444444444445
8 0.016666666666666666
6 0.016666666666666666
4 0.01388888888888889
2 0.01388888888888889
doc : 8
1 0.7955271565495208
5 0.04153354632587859
9 0.02875399361022364
0 0.025559105431309903
7 0.022364217252396165
4 0.019169329073482427
3 0.019169329073482427
8 0.01597444089456869
6 0.01597444089456869
2 0.01597444089456869
doc : 9
9 0.5926605504587157
3 0.30091743119266057
8 0.02018348623853211
7 0.014678899082568808
2 0.014678899082568808
0 0.014678899082568808
6 0.012844036697247707
4 0.011009174311926606
5 0.009174311926605505
1 0.009174311926605505
doc : 10
3 0.6157205240174672
2 0.07641921397379912
8 0.05895196506550218
5 0.05240174672489083
9 0.043668122270742356
6 0.037117903930131
1 0.037117903930131
0 0.034934497816593885
7 0.021834061135371178
4 0.021834061135371178
doc : 11
3 0.7672413793103449
0 0.06321839080459771
7 0.031609195402298854
9 0.028735632183908046
2 0.028735632183908046
8 0.020114942528735632
1 0.017241379310344827
6 0.014367816091954023
5 0.014367816091954023
4 0.014367816091954023
doc : 12
3 0.9003164556962026
9 0.01740506329113924
4 0.012658227848101266
1 0.012658227848101266
7 0.011075949367088608
0 0.011075949367088608
8 0.00949367088607595
6 0.00949367088607595
5 0.007911392405063292
2 0.007911392405063292
doc : 13
2 0.7581967213114754
9 0.036885245901639344
5 0.028688524590163935
3 0.028688524590163935
1 0.028688524590163935
0 0.028688524590163935
7 0.02459016393442623
6 0.02459016393442623
8 0.020491803278688527
4 0.020491803278688527
doc : 14
1 0.819672131147541
5 0.03278688524590164
9 0.022950819672131147
7 0.022950819672131147
0 0.019672131147540982
8 0.01639344262295082
6 0.01639344262295082
4 0.01639344262295082
3 0.01639344262295082
2 0.01639344262295082
doc : 15
5 0.3
2 0.13333333333333333
1 0.125
7 0.09166666666666666
3 0.075
6 0.06666666666666667
0 0.06666666666666667
9 0.05
8 0.05
4 0.041666666666666664
doc : 16
8 0.6889089269612263
2 0.24797114517583407
6 0.012623985572587917
4 0.010820559062218214
0 0.010820559062218214
9 0.008115419296663661
7 0.005410279531109107
3 0.005410279531109107
1 0.005410279531109107
5 0.004508566275924256
doc : 17
3 0.8955696202531646
9 0.01740506329113924
0 0.01740506329113924
8 0.014240506329113924
5 0.011075949367088608
6 0.00949367088607595
4 0.00949367088607595
1 0.00949367088607595
7 0.007911392405063292
2 0.007911392405063292
doc : 18
7 0.7671641791044777
3 0.041791044776119404
6 0.029850746268656716
8 0.026865671641791045
1 0.026865671641791045
0 0.026865671641791045
2 0.023880597014925373
9 0.020895522388059702
4 0.020895522388059702
5 0.014925373134328358
doc : 19
7 0.7130681818181819
3 0.08238636363636363
8 0.036931818181818184
2 0.03125
6 0.02840909090909091
4 0.02556818181818182
9 0.022727272727272728
1 0.022727272727272728
5 0.019886363636363636
0 0.017045454545454544
doc : 20
0 0.45675675675675675
3 0.4
6 0.024324324324324326
8 0.021621621621621623
9 0.01891891891891892
2 0.01891891891891892
5 0.016216216216216217
1 0.016216216216216217
7 0.013513513513513514
4 0.013513513513513514
doc : 21
8 0.42127659574468085
5 0.20851063829787234
2 0.1
9 0.07659574468085106
0 0.04680851063829787
6 0.03617021276595745
3 0.029787234042553193
1 0.029787234042553193
7 0.025531914893617023
4 0.025531914893617023
doc : 22
0 0.4335378323108385
5 0.1901840490797546
2 0.10224948875255625
3 0.0736196319018405
9 0.06134969325153375
1 0.0408997955010225
6 0.030674846625766874
4 0.026584867075664625
8 0.022494887525562373
7 0.018404907975460124
doc : 23
2 0.5443425076452599
3 0.08256880733944955
0 0.06422018348623854
7 0.06116207951070336
9 0.05198776758409786
6 0.045871559633027525
5 0.039755351681957186
4 0.039755351681957186
8 0.03669724770642202
1 0.03363914373088685
doc : 24
2 0.3945945945945946
8 0.16756756756756758
6 0.07297297297297298
0 0.06756756756756757
5 0.06486486486486487
9 0.051351351351351354
7 0.051351351351351354
3 0.04594594594594595
1 0.04594594594594595
4 0.03783783783783784
doc : 25
0 0.7383720930232558
6 0.055232558139534885
3 0.040697674418604654
8 0.03197674418604651
7 0.026162790697674417
2 0.026162790697674417
9 0.023255813953488372
1 0.023255813953488372
5 0.020348837209302327
4 0.014534883720930232
doc : 26
9 0.5935251798561152
0 0.3165467625899281
8 0.014388489208633094
4 0.014388489208633094
2 0.014388489208633094
3 0.01079136690647482
7 0.008992805755395683
6 0.008992805755395683
5 0.008992805755395683
1 0.008992805755395683
doc : 27
0 0.8596187175043327
8 0.036395147313691506
9 0.02772963604852686
5 0.015597920277296359
7 0.012131715771230503
4 0.010398613518197573
2 0.010398613518197573
1 0.010398613518197573
6 0.008665511265164644
3 0.008665511265164644
doc : 28
0 0.8717504332755632
9 0.03292894280762565
3 0.01733102253032929
8 0.015597920277296359
6 0.012131715771230503
5 0.012131715771230503
1 0.012131715771230503
7 0.008665511265164644
4 0.008665511265164644
2 0.008665511265164644
doc : 29
1 0.7103918228279387
7 0.07325383304940375
9 0.06132879045996593
2 0.030664395229982964
6 0.02555366269165247
0 0.02555366269165247
8 0.020442930153321978
3 0.020442930153321978
5 0.018739352640545145
4 0.013628620102214651
doc : 30
8 0.8532555879494654
1 0.027210884353741496
7 0.025267249757045675
5 0.025267249757045675
0 0.01652089407191448
9 0.013605442176870748
2 0.012633624878522837
3 0.009718172983479106
4 0.008746355685131196
6 0.007774538386783284
doc : 31
8 0.7414965986394557
3 0.05952380952380952
9 0.04591836734693877
4 0.0391156462585034
7 0.023809523809523808
2 0.022108843537414966
0 0.02040816326530612
6 0.01870748299319728
1 0.01870748299319728
5 0.01020408163265306
doc : 32
8 0.8254211332312404
7 0.030627871362940276
6 0.026033690658499236
9 0.022970903522205207
0 0.022970903522205207
4 0.021439509954058193
3 0.01990811638591118
5 0.01225114854517611
2 0.010719754977029096
1 0.007656967840735069
doc : 33
6 0.5483686319404694
8 0.36061820263308525
9 0.02003434459072696
3 0.014310246136233542
4 0.013165426445334858
7 0.009730967372638809
2 0.009158557527189467
1 0.009158557527189467
0 0.008586147681740125
5 0.0068689181453921
doc : 34
8 0.7015306122448979
2 0.23214285714285712
6 0.012755102040816327
4 0.01020408163265306
9 0.00935374149659864
0 0.008503401360544217
7 0.006802721088435374
5 0.006802721088435374
1 0.006802721088435374
3 0.00510204081632653
doc : 35
4 0.8794367849809328
8 0.06130830155470813
6 0.009680258140217073
5 0.009093575828688765
3 0.009093575828688765
1 0.00792021120563215
0 0.007626870049867997
9 0.0067468465825755355
2 0.0049867996479906135
7 0.004106776180698152
doc : 36
0 0.7901234567901235
9 0.041152263374485604
6 0.02880658436213992
2 0.02674897119341564
8 0.02469135802469136
5 0.02469135802469136
7 0.02263374485596708
3 0.01646090534979424
4 0.01234567901234568
1 0.01234567901234568
doc : 37
5 0.8103254769921437
9 0.03703703703703704
1 0.03591470258136925
6 0.020202020202020204
3 0.020202020202020204
2 0.019079685746352416
7 0.017957351290684626
0 0.016835016835016835
4 0.01234567901234568
8 0.010101010101010102
doc : 38
6 0.7121212121212122
8 0.07575757575757576
2 0.045454545454545456
3 0.04242424242424243
7 0.03636363636363636
5 0.021212121212121213
0 0.021212121212121213
9 0.015151515151515152
4 0.015151515151515152
1 0.015151515151515152
doc : 39
2 0.8415233415233415
8 0.025798525798525797
5 0.02334152334152334
4 0.020884520884520884
6 0.019656019656019656
9 0.018427518427518427
0 0.01597051597051597
3 0.014742014742014743
7 0.011056511056511056
1 0.0085995085995086
doc : 40
9 0.37531172069825436
6 0.11471321695760599
3 0.10224438902743142
2 0.09476309226932668
7 0.08728179551122195
5 0.07481296758104738
1 0.062344139650872814
8 0.029925187032418952
0 0.029925187032418952
4 0.028678304239401497
doc : 41
6 0.7090012330456227
5 0.07953144266337854
9 0.056103575832305796
8 0.031442663378545004
2 0.030826140567200986
0 0.028976572133168926
3 0.02281134401972873
7 0.02096177558569667
4 0.010480887792848335
1 0.009864364981504316
doc : 42
2 0.41815235008103724
9 0.1944894651539708
6 0.1539708265802269
8 0.059967585089141004
4 0.04051863857374392
0 0.03727714748784441
7 0.03079416531604538
1 0.027552674230145867
3 0.02106969205834684
5 0.01620745542949757
doc : 43
1 0.7411385606874329
3 0.05477980665950591
9 0.05263157894736842
0 0.0322234156820623
4 0.024704618689581095
5 0.021482277121374866
6 0.02040816326530612
7 0.01933404940923738
2 0.018259935553168634
8 0.015037593984962405
doc : 44
5 0.3111111111111111
3 0.1
1 0.1
6 0.08888888888888889
8 0.07777777777777778
7 0.07777777777777778
4 0.06666666666666667
0 0.06666666666666667
9 0.05555555555555556
2 0.05555555555555556
doc : 45
5 0.3296703296703297
3 0.1208791208791209
7 0.08791208791208792
6 0.07692307692307693
9 0.06593406593406594
8 0.06593406593406594
2 0.06593406593406594
1 0.06593406593406594
0 0.06593406593406594
4 0.05494505494505495
doc : 46
8 0.6275132275132276
7 0.11851851851851852
6 0.07195767195767196
9 0.0380952380952381
2 0.03597883597883598
0 0.027513227513227514
5 0.026455026455026457
4 0.021164021164021166
3 0.021164021164021166
1 0.011640211640211642
doc : 47
0 0.7303030303030303
2 0.045454545454545456
8 0.03636363636363636
7 0.03636363636363636
9 0.03333333333333333
4 0.02727272727272727
3 0.02727272727272727
5 0.024242424242424242
1 0.021212121212121213
6 0.01818181818181818
doc : 48
5 0.5390835579514826
9 0.07816711590296496
7 0.07547169811320756
2 0.0646900269541779
8 0.04582210242587601
0 0.04582210242587601
3 0.0431266846361186
6 0.04043126684636119
1 0.03773584905660378
4 0.02964959568733154
doc : 49
8 0.8837209302325582
9 0.028727770177838577
5 0.01573187414500684
2 0.015047879616963064
3 0.012311901504787962
6 0.011627906976744186
7 0.01094391244870041
0 0.008891928864569083
4 0.006839945280437756
1 0.006155950752393981
