doc : 0
3 0.9539007092198581
8 0.0062056737588652485
6 0.0062056737588652485
1 0.0062056737588652485
7 0.005319148936170213
9 0.004432624113475177
5 0.004432624113475177
4 0.004432624113475177
2 0.004432624113475177
0 0.004432624113475177
doc : 1
1 0.9597544338335607
7 0.006139154160982265
4 0.006139154160982265
8 0.0047748976807639835
0 0.0047748976807639835
6 0.004092769440654843
2 0.004092769440654843
9 0.0034106412005457027
5 0.0034106412005457027
3 0.0034106412005457027
doc : 2
7 0.9519784863618902
1 0.018056089127929314
0 0.007299270072992701
4 0.005378409527468306
2 0.004994237418363427
8 0.003457548981943911
6 0.002689204763734153
5 0.002305032654629274
9 0.0019208605455243951
3 0.0019208605455243951
doc : 3
7 0.7714285714285714
5 0.049999999999999996
3 0.03214285714285714
1 0.024999999999999998
0 0.024999999999999998
8 0.02142857142857143
6 0.02142857142857143
9 0.017857142857142856
4 0.017857142857142856
2 0.017857142857142856
doc : 4
5 0.1320754716981132
1 0.11320754716981132
9 0.09433962264150943
8 0.09433962264150943
7 0.09433962264150943
6 0.09433962264150943
4 0.09433962264150943
3 0.09433962264150943
2 0.09433962264150943
0 0.09433962264150943
doc : 5
7 0.13043478260869565
9 0.11594202898550725
5 0.11594202898550725
4 0.11594202898550725
0 0.11594202898550725
8 0.08695652173913043
6 0.08695652173913043
3 0.08695652173913043
2 0.07246376811594203
1 0.07246376811594203
doc : 6
8 0.13043478260869565
9 0.11594202898550725
7 0.11594202898550725
5 0.11594202898550725
4 0.11594202898550725
0 0.10144927536231885
6 0.08695652173913043
3 0.07246376811594203
2 0.07246376811594203
1 0.07246376811594203
doc : 7
0 0.15942028985507248
9 0.11594202898550725
7 0.11594202898550725
8 0.10144927536231885
6 0.10144927536231885
5 0.10144927536231885
2 0.08695652173913043
4 0.07246376811594203
3 0.07246376811594203
1 0.07246376811594203
doc : 8
5 0.1320754716981132
7 0.11320754716981132
9 0.09433962264150943
8 0.09433962264150943
6 0.09433962264150943
4 0.09433962264150943
3 0.09433962264150943
2 0.09433962264150943
1 0.09433962264150943
0 0.09433962264150943
doc : 9
7 0.14492753623188406
5 0.11594202898550725
9 0.10144927536231885
8 0.10144927536231885
4 0.10144927536231885
2 0.10144927536231885
0 0.10144927536231885
6 0.08695652173913043
3 0.07246376811594203
1 0.07246376811594203
doc : 10
1 0.9645293315143247
7 0.0047748976807639835
3 0.0047748976807639835
8 0.004092769440654843
6 0.004092769440654843
0 0.004092769440654843
9 0.0034106412005457027
5 0.0034106412005457027
4 0.0034106412005457027
2 0.0034106412005457027
doc : 11
3 0.9574090505767525
1 0.006211180124223603
7 0.005323868677905946
9 0.0044365572315882874
8 0.0044365572315882874
6 0.0044365572315882874
5 0.0044365572315882874
4 0.0044365572315882874
2 0.0044365572315882874
0 0.0044365572315882874
doc : 12
8 0.8631178707224334
4 0.034220532319391636
0 0.026615969581749048
1 0.02217997465145754
7 0.021546261089987324
2 0.010139416983523447
9 0.007604562737642585
3 0.0057034220532319385
5 0.005069708491761723
6 0.0038022813688212923
doc : 13
8 0.5833333333333333
4 0.12585034013605442
2 0.10374149659863945
9 0.04591836734693877
7 0.0391156462585034
0 0.028911564625850338
5 0.027210884353741496
1 0.017006802721088433
3 0.015306122448979591
6 0.013605442176870748
doc : 14
7 0.8067729083665338
1 0.04780876494023904
0 0.045816733067729085
8 0.01792828685258964
4 0.01593625498007968
9 0.013944223107569721
5 0.013944223107569721
2 0.013944223107569721
6 0.01195219123505976
3 0.01195219123505976
doc : 15
6 0.9702909015886115
5 0.017330307406643285
7 0.0020631318341242004
4 0.0020631318341242004
2 0.0018568186507117806
8 0.0014441922838869404
0 0.0014441922838869404
3 0.0012378791004745203
1 0.0012378791004745203
9 0.0010315659170621002
doc : 16
7 0.8313253012048193
9 0.021084337349397592
2 0.021084337349397592
1 0.021084337349397592
0 0.021084337349397592
8 0.01807228915662651
4 0.01807228915662651
3 0.01807228915662651
6 0.015060240963855422
5 0.015060240963855422
doc : 17
7 0.7642857142857142
5 0.06428571428571428
3 0.02857142857142857
0 0.024999999999999998
6 0.02142857142857143
4 0.02142857142857143
1 0.02142857142857143
9 0.017857142857142856
8 0.017857142857142856
2 0.017857142857142856
doc : 18
7 0.7615571776155718
0 0.1411192214111922
8 0.02068126520681265
1 0.02068126520681265
4 0.013381995133819952
3 0.013381995133819952
2 0.00851581508515815
9 0.0072992700729927005
5 0.0072992700729927005
6 0.006082725060827251
doc : 19
7 0.8533057851239669
3 0.028925619834710745
1 0.026859504132231406
9 0.014462809917355372
5 0.014462809917355372
0 0.014462809917355372
8 0.012396694214876033
6 0.012396694214876033
2 0.012396694214876033
4 0.010330578512396695
doc : 20
7 0.11320754716981132
5 0.11320754716981132
0 0.11320754716981132
9 0.09433962264150943
8 0.09433962264150943
6 0.09433962264150943
4 0.09433962264150943
3 0.09433962264150943
2 0.09433962264150943
1 0.09433962264150943
doc : 21
8 0.632829373650108
4 0.1144708423326134
6 0.058315334773218146
2 0.04535637149028078
5 0.041036717062634995
0 0.0367170626349892
3 0.021598272138228944
9 0.019438444924406047
1 0.017278617710583154
7 0.012958963282937365
doc : 22
3 0.9547069271758437
0 0.006216696269982239
9 0.0053285968028419185
8 0.0053285968028419185
4 0.0053285968028419185
1 0.0053285968028419185
7 0.004440497335701598
6 0.004440497335701598
5 0.004440497335701598
2 0.004440497335701598
doc : 23
3 0.9555555555555556
0 0.006222222222222223
7 0.005333333333333334
4 0.005333333333333334
1 0.005333333333333334
9 0.0044444444444444444
8 0.0044444444444444444
6 0.0044444444444444444
5 0.0044444444444444444
2 0.0044444444444444444
doc : 24
5 0.15789473684210525
8 0.10526315789473684
7 0.10526315789473684
4 0.10526315789473684
9 0.08771929824561403
6 0.08771929824561403
3 0.08771929824561403
2 0.08771929824561403
1 0.08771929824561403
0 0.08771929824561403
doc : 25
5 0.2033898305084746
6 0.11864406779661017
9 0.0847457627118644
8 0.0847457627118644
7 0.0847457627118644
4 0.0847457627118644
3 0.0847457627118644
2 0.0847457627118644
1 0.0847457627118644
0 0.0847457627118644
doc : 26
7 0.903960396039604
1 0.019801980198019802
0 0.01881188118811881
9 0.011881188118811881
3 0.01089108910891089
2 0.008910891089108912
8 0.007920792079207921
4 0.006930693069306931
6 0.005940594059405941
5 0.0049504950495049506
doc : 27
7 0.8481308411214953
3 0.02803738317757009
1 0.02102803738317757
0 0.02102803738317757
9 0.016355140186915886
4 0.016355140186915886
8 0.014018691588785045
6 0.011682242990654205
5 0.011682242990654205
2 0.011682242990654205
doc : 28
0 0.6464088397790055
7 0.17679558011049723
1 0.04143646408839779
3 0.024861878453038673
9 0.022099447513812154
8 0.019337016574585635
2 0.019337016574585635
6 0.016574585635359115
5 0.016574585635359115
4 0.016574585635359115
doc : 29
5 0.64030131826742
6 0.2787193973634651
2 0.013182674199623351
0 0.011299435028248588
9 0.009416195856873822
8 0.009416195856873822
7 0.009416195856873822
4 0.009416195856873822
3 0.009416195856873822
1 0.009416195856873822
doc : 30
2 0.5220883534136546
8 0.12248995983935741
5 0.07028112449799197
7 0.0682730923694779
4 0.058232931726907626
0 0.04216867469879518
6 0.03614457831325301
9 0.0321285140562249
1 0.0321285140562249
3 0.01606425702811245
doc : 31
7 0.1320754716981132
0 0.11320754716981132
9 0.09433962264150943
8 0.09433962264150943
6 0.09433962264150943
5 0.09433962264150943
4 0.09433962264150943
3 0.09433962264150943
2 0.09433962264150943
1 0.09433962264150943
doc : 32
0 0.8302180685358255
7 0.09813084112149532
4 0.014797507788161994
1 0.010903426791277258
9 0.009345794392523364
3 0.009345794392523364
2 0.008566978193146417
8 0.00778816199376947
6 0.007009345794392523
5 0.003894080996884735
doc : 33
3 0.9583333333333333
7 0.005319148936170213
1 0.005319148936170213
9 0.004432624113475177
8 0.004432624113475177
6 0.004432624113475177
5 0.004432624113475177
4 0.004432624113475177
2 0.004432624113475177
0 0.004432624113475177
doc : 34
1 0.9624829467939973
7 0.005457025920873124
4 0.005457025920873124
9 0.0047748976807639835
2 0.004092769440654843
0 0.004092769440654843
8 0.0034106412005457027
6 0.0034106412005457027
5 0.0034106412005457027
3 0.0034106412005457027
doc : 35
3 0.9547069271758437
7 0.006216696269982239
6 0.006216696269982239
1 0.006216696269982239
9 0.004440497335701598
8 0.004440497335701598
5 0.004440497335701598
4 0.004440497335701598
2 0.004440497335701598
0 0.004440497335701598
doc : 36
0 0.5146641438032167
9 0.22138126773888364
8 0.1173131504257332
2 0.04162724692526017
7 0.03405865657521287
3 0.030274361400189215
4 0.017975402081362345
1 0.01229895931882687
5 0.005676442762535478
6 0.004730368968779565
doc : 37
6 0.7766323024054983
5 0.16237113402061856
2 0.01632302405498282
8 0.009450171821305841
4 0.006872852233676976
3 0.006872852233676976
9 0.006013745704467353
7 0.005154639175257732
1 0.005154639175257732
0 0.005154639175257732
doc : 38
7 0.5270270270270271
0 0.26351351351351354
1 0.04391891891891892
4 0.033783783783783786
8 0.02702702702702703
2 0.02702702702702703
9 0.02027027027027027
6 0.02027027027027027
5 0.02027027027027027
3 0.016891891891891893
doc : 39
7 0.7785714285714286
5 0.049999999999999996
3 0.024999999999999998
2 0.024999999999999998
6 0.02142857142857143
4 0.02142857142857143
1 0.02142857142857143
0 0.02142857142857143
9 0.017857142857142856
8 0.017857142857142856
doc : 40
6 0.5522682445759369
5 0.3431952662721894
2 0.01972386587771203
8 0.013806706114398423
0 0.013806706114398423
9 0.01183431952662722
7 0.01183431952662722
4 0.01183431952662722
3 0.01183431952662722
1 0.009861932938856016
doc : 41
5 0.1864406779661017
9 0.1016949152542373
8 0.1016949152542373
6 0.1016949152542373
7 0.0847457627118644
4 0.0847457627118644
3 0.0847457627118644
2 0.0847457627118644
1 0.0847457627118644
0 0.0847457627118644
doc : 42
5 0.5636363636363636
6 0.36363636363636365
7 0.012121212121212121
4 0.010606060606060607
8 0.00909090909090909
3 0.00909090909090909
2 0.00909090909090909
9 0.007575757575757576
1 0.007575757575757576
0 0.007575757575757576
doc : 43
4 0.43564356435643564
7 0.10891089108910891
0 0.10396039603960396
2 0.08415841584158416
1 0.07425742574257425
9 0.0594059405940594
5 0.039603960396039604
8 0.034653465346534656
3 0.034653465346534656
6 0.024752475247524754
doc : 44
5 0.7737556561085973
6 0.03619909502262444
7 0.027149321266968326
4 0.027149321266968326
9 0.022624434389140274
8 0.022624434389140274
3 0.022624434389140274
2 0.022624434389140274
1 0.022624434389140274
0 0.022624434389140274
doc : 45
8 0.22580645161290325
7 0.12903225806451613
1 0.10752688172043012
2 0.09677419354838711
9 0.08602150537634409
5 0.08602150537634409
4 0.08602150537634409
0 0.07526881720430108
6 0.05376344086021506
3 0.05376344086021506
doc : 46
3 0.9574090505767525
6 0.005323868677905946
4 0.005323868677905946
0 0.005323868677905946
9 0.0044365572315882874
8 0.0044365572315882874
7 0.0044365572315882874
5 0.0044365572315882874
2 0.0044365572315882874
1 0.0044365572315882874
doc : 47
1 0.965893587994543
8 0.004092769440654843
7 0.004092769440654843
5 0.004092769440654843
4 0.004092769440654843
0 0.004092769440654843
9 0.0034106412005457027
6 0.0034106412005457027
3 0.0034106412005457027
2 0.0034106412005457027
doc : 48
3 0.9547872340425532
7 0.0062056737588652485
4 0.0062056737588652485
1 0.0062056737588652485
9 0.004432624113475177
8 0.004432624113475177
6 0.004432624113475177
5 0.004432624113475177
2 0.004432624113475177
0 0.004432624113475177
doc : 49
5 0.23148148148148145
2 0.23148148148148145
8 0.12962962962962962
9 0.09259259259259259
4 0.07407407407407407
3 0.05555555555555555
7 0.046296296296296294
6 0.046296296296296294
1 0.046296296296296294
0 0.046296296296296294
doc : 50
7 0.7596899224806202
1 0.0516795865633075
2 0.043927648578811374
0 0.03617571059431525
4 0.02583979328165375
8 0.018087855297157625
3 0.018087855297157625
9 0.015503875968992248
6 0.015503875968992248
5 0.015503875968992248
doc : 51
7 0.75
5 0.075
0 0.02857142857142857
4 0.024999999999999998
8 0.02142857142857143
6 0.02142857142857143
3 0.02142857142857143
1 0.02142857142857143
9 0.017857142857142856
2 0.017857142857142856
doc : 52
6 0.8916067146282974
5 0.08776978417266187
8 0.0028776978417266188
4 0.0028776978417266188
3 0.0028776978417266188
9 0.002398081534772182
7 0.002398081534772182
2 0.002398081534772182
1 0.002398081534772182
0 0.002398081534772182
doc : 53
7 0.6103896103896105
0 0.07142857142857144
1 0.06493506493506494
9 0.03896103896103896
8 0.03896103896103896
5 0.03896103896103896
2 0.03896103896103896
6 0.03246753246753247
4 0.03246753246753247
3 0.03246753246753247
doc : 54
7 0.1320754716981132
0 0.11320754716981132
9 0.09433962264150943
8 0.09433962264150943
6 0.09433962264150943
5 0.09433962264150943
4 0.09433962264150943
3 0.09433962264150943
2 0.09433962264150943
1 0.09433962264150943
doc : 55
9 0.8883968113374668
1 0.01771479185119575
0 0.01682905225863596
8 0.015057573073516387
3 0.015057573073516387
2 0.015057573073516387
7 0.011514614703277236
6 0.007971656333038087
5 0.0070859167404783
4 0.005314437555358724
doc : 56
5 0.21311475409836067
7 0.11475409836065574
0 0.09836065573770492
9 0.0819672131147541
8 0.0819672131147541
6 0.0819672131147541
4 0.0819672131147541
3 0.0819672131147541
2 0.0819672131147541
1 0.0819672131147541
doc : 57
8 0.18461538461538463
3 0.1076923076923077
1 0.1076923076923077
7 0.09230769230769231
6 0.09230769230769231
4 0.09230769230769231
2 0.09230769230769231
9 0.07692307692307693
5 0.07692307692307693
0 0.07692307692307693
doc : 58
4 0.9067917021881217
7 0.03154305200341006
1 0.01648195510088093
2 0.013640238704177323
0 0.010514350667803353
8 0.005967604433077579
3 0.004830917874396135
9 0.004546746234725774
5 0.0034100596760443308
6 0.002273373117362887
doc : 59
3 0.9556344276841172
0 0.00709849157054126
7 0.005323868677905946
1 0.005323868677905946
9 0.0044365572315882874
8 0.0044365572315882874
6 0.0044365572315882874
5 0.0044365572315882874
4 0.0044365572315882874
2 0.0044365572315882874
doc : 60
1 0.9597544338335607
7 0.005457025920873124
2 0.005457025920873124
0 0.005457025920873124
8 0.0047748976807639835
4 0.0047748976807639835
5 0.004092769440654843
9 0.0034106412005457027
6 0.0034106412005457027
3 0.0034106412005457027
doc : 61
3 0.9574090505767525
5 0.005323868677905946
4 0.005323868677905946
0 0.005323868677905946
9 0.0044365572315882874
8 0.0044365572315882874
7 0.0044365572315882874
6 0.0044365572315882874
2 0.0044365572315882874
1 0.0044365572315882874
doc : 62
6 0.7746212121212122
5 0.16761363636363638
7 0.014204545454545456
2 0.008522727272727272
4 0.006628787878787879
0 0.006628787878787879
9 0.005681818181818182
8 0.005681818181818182
1 0.005681818181818182
3 0.004734848484848485
doc : 63
7 0.21649484536082475
0 0.14432989690721648
9 0.1134020618556701
4 0.09278350515463918
8 0.08247422680412371
6 0.08247422680412371
3 0.08247422680412371
5 0.07216494845360824
1 0.061855670103092786
2 0.05154639175257732
doc : 64
6 0.9149425287356322
5 0.03218390804597701
8 0.008045977011494253
9 0.006896551724137931
7 0.006896551724137931
2 0.006896551724137931
0 0.006896551724137931
4 0.005747126436781609
3 0.005747126436781609
1 0.005747126436781609
doc : 65
7 0.7928571428571428
5 0.03571428571428571
8 0.024999999999999998
9 0.02142857142857143
6 0.02142857142857143
3 0.02142857142857143
2 0.02142857142857143
1 0.02142857142857143
0 0.02142857142857143
4 0.017857142857142856
doc : 66
6 0.9269461077844311
5 0.02035928143712575
8 0.008383233532934131
7 0.00718562874251497
1 0.00718562874251497
9 0.005988023952095809
4 0.005988023952095809
3 0.005988023952095809
2 0.005988023952095809
0 0.005988023952095809
doc : 67
5 0.7752659574468085
6 0.1702127659574468
7 0.007978723404255319
9 0.006648936170212766
8 0.006648936170212766
4 0.006648936170212766
3 0.006648936170212766
2 0.006648936170212766
1 0.006648936170212766
0 0.006648936170212766
doc : 68
8 0.5808314087759815
7 0.16166281755196305
4 0.07736720554272518
9 0.06466512702078522
0 0.03579676674364896
1 0.03117782909930716
3 0.015011547344110854
2 0.013856812933025403
5 0.012702078521939953
6 0.0069284064665127015
doc : 69
4 0.6990740740740741
7 0.0625
1 0.05324074074074074
8 0.041666666666666664
3 0.041666666666666664
0 0.037037037037037035
9 0.02546296296296296
2 0.016203703703703703
6 0.011574074074074073
5 0.011574074074074073
doc : 70
3 0.9582222222222223
7 0.005333333333333334
1 0.005333333333333334
9 0.0044444444444444444
8 0.0044444444444444444
6 0.0044444444444444444
5 0.0044444444444444444
4 0.0044444444444444444
2 0.0044444444444444444
0 0.0044444444444444444
doc : 71
1 0.965893587994543
4 0.0047748976807639835
8 0.004092769440654843
7 0.004092769440654843
0 0.004092769440654843
9 0.0034106412005457027
6 0.0034106412005457027
5 0.0034106412005457027
3 0.0034106412005457027
2 0.0034106412005457027
doc : 72
3 0.9547069271758437
7 0.006216696269982239
1 0.006216696269982239
8 0.0053285968028419185
5 0.0053285968028419185
9 0.004440497335701598
6 0.004440497335701598
4 0.004440497335701598
2 0.004440497335701598
0 0.004440497335701598
doc : 73
0 0.7620320855614974
7 0.18449197860962568
1 0.016042780748663103
9 0.0074866310160427805
3 0.0074866310160427805
4 0.006417112299465241
2 0.004812834224598931
8 0.0042780748663101605
5 0.0037433155080213902
6 0.0032085561497326204
doc : 74
6 0.9586909871244635
5 0.017167381974248927
2 0.0037553648068669528
0 0.0037553648068669528
7 0.003218884120171674
9 0.002682403433476395
8 0.002682403433476395
4 0.002682403433476395
3 0.002682403433476395
1 0.002682403433476395
doc : 75
5 0.8846153846153847
6 0.01809954751131222
4 0.015837104072398193
0 0.013574660633484163
9 0.011312217194570137
8 0.011312217194570137
7 0.011312217194570137
3 0.011312217194570137
2 0.011312217194570137
1 0.011312217194570137
doc : 76
8 0.11320754716981132
7 0.11320754716981132
5 0.11320754716981132
9 0.09433962264150943
6 0.09433962264150943
4 0.09433962264150943
3 0.09433962264150943
2 0.09433962264150943
1 0.09433962264150943
0 0.09433962264150943
doc : 77
6 0.6370370370370371
5 0.18888888888888888
4 0.02962962962962963
7 0.02592592592592593
2 0.02592592592592593
9 0.018518518518518517
8 0.018518518518518517
3 0.018518518518518517
1 0.018518518518518517
0 0.018518518518518517
doc : 78
9 0.9326424870466321
7 0.012089810017271156
0 0.009499136442141624
3 0.008635578583765112
2 0.007772020725388601
1 0.0069084628670120895
6 0.006044905008635578
5 0.006044905008635578
4 0.006044905008635578
8 0.004317789291882556
doc : 79
9 0.8920765027322405
7 0.01639344262295082
0 0.01639344262295082
3 0.01366120218579235
6 0.01092896174863388
2 0.01092896174863388
1 0.01092896174863388
8 0.009562841530054645
5 0.009562841530054645
4 0.009562841530054645
doc : 80
9 0.930939226519337
0 0.010128913443830571
3 0.009208103130755065
8 0.008287292817679558
6 0.008287292817679558
5 0.008287292817679558
4 0.007366482504604052
2 0.006445672191528545
7 0.0055248618784530384
1 0.0055248618784530384
doc : 81
9 0.9507299270072992
0 0.0072992700729927005
4 0.006386861313868613
8 0.005474452554744526
7 0.005474452554744526
6 0.005474452554744526
3 0.005474452554744526
5 0.004562043795620438
2 0.004562043795620438
1 0.004562043795620438
doc : 82
9 0.9367965367965368
7 0.01038961038961039
4 0.008658008658008658
3 0.008658008658008658
2 0.007792207792207792
8 0.006926406926406926
0 0.006926406926406926
1 0.005194805194805195
6 0.004329004329004329
5 0.004329004329004329
doc : 83
3 0.9556344276841172
7 0.006211180124223603
9 0.005323868677905946
4 0.005323868677905946
1 0.005323868677905946
8 0.0044365572315882874
6 0.0044365572315882874
5 0.0044365572315882874
2 0.0044365572315882874
0 0.0044365572315882874
doc : 84
1 0.9618008185538881
7 0.006139154160982265
2 0.0047748976807639835
9 0.004092769440654843
8 0.004092769440654843
6 0.004092769440654843
4 0.004092769440654843
3 0.004092769440654843
5 0.0034106412005457027
0 0.0034106412005457027
doc : 85
3 0.9556344276841172
7 0.006211180124223603
8 0.005323868677905946
2 0.005323868677905946
0 0.005323868677905946
9 0.0044365572315882874
6 0.0044365572315882874
5 0.0044365572315882874
4 0.0044365572315882874
1 0.0044365572315882874
doc : 86
0 0.4863013698630137
4 0.2356164383561644
7 0.1095890410958904
1 0.06164383561643836
8 0.03424657534246575
2 0.030136986301369864
9 0.0136986301369863
5 0.010958904109589041
6 0.009589041095890411
3 0.008219178082191782
doc : 87
7 0.5444015444015444
0 0.11196911196911197
8 0.06563706563706564
4 0.05791505791505792
1 0.05791505791505792
2 0.04633204633204634
9 0.04247104247104247
5 0.03088803088803089
3 0.02316602316602317
6 0.019305019305019305
doc : 88
5 0.5100671140939598
6 0.1610738255033557
2 0.053691275167785234
8 0.04697986577181208
3 0.04697986577181208
7 0.040268456375838924
0 0.040268456375838924
9 0.03355704697986577
4 0.03355704697986577
1 0.03355704697986577
doc : 89
9 0.11320754716981132
7 0.11320754716981132
5 0.11320754716981132
8 0.09433962264150943
6 0.09433962264150943
4 0.09433962264150943
3 0.09433962264150943
2 0.09433962264150943
1 0.09433962264150943
0 0.09433962264150943
doc : 90
5 0.1320754716981132
0 0.11320754716981132
9 0.09433962264150943
8 0.09433962264150943
7 0.09433962264150943
6 0.09433962264150943
4 0.09433962264150943
3 0.09433962264150943
2 0.09433962264150943
1 0.09433962264150943
doc : 91
5 0.5477031802120141
8 0.127208480565371
6 0.12367491166077739
4 0.053003533568904596
2 0.045936395759717315
0 0.024734982332155476
9 0.021201413427561835
3 0.021201413427561835
7 0.0176678445229682
1 0.0176678445229682
doc : 92
2 0.30684931506849317
4 0.2547945205479452
1 0.20821917808219179
0 0.06027397260273973
7 0.057534246575342465
8 0.043835616438356165
3 0.021917808219178082
9 0.019178082191780823
6 0.0136986301369863
5 0.0136986301369863
doc : 93
5 0.24590163934426232
7 0.09836065573770492
9 0.0819672131147541
8 0.0819672131147541
6 0.0819672131147541
4 0.0819672131147541
3 0.0819672131147541
2 0.0819672131147541
1 0.0819672131147541
0 0.0819672131147541
doc : 94
8 0.6812386156648452
4 0.07103825136612021
5 0.060109289617486336
2 0.052823315118397086
6 0.03460837887067395
0 0.029143897996357013
7 0.023679417122040074
9 0.01639344262295082
3 0.01639344262295082
1 0.014571948998178506
doc : 95
3 0.9538598047914818
4 0.00709849157054126
9 0.006211180124223603
7 0.005323868677905946
1 0.005323868677905946
8 0.0044365572315882874
6 0.0044365572315882874
5 0.0044365572315882874
2 0.0044365572315882874
0 0.0044365572315882874
doc : 96
1 0.961118690313779
7 0.0068212824010914054
4 0.006139154160982265
9 0.004092769440654843
8 0.004092769440654843
0 0.004092769440654843
6 0.0034106412005457027
5 0.0034106412005457027
3 0.0034106412005457027
2 0.0034106412005457027
doc : 97
3 0.9583333333333333
4 0.005319148936170213
1 0.005319148936170213
9 0.004432624113475177
8 0.004432624113475177
7 0.004432624113475177
6 0.004432624113475177
5 0.004432624113475177
2 0.004432624113475177
0 0.004432624113475177
doc : 98
2 0.5701316386745348
4 0.36677258284157965
7 0.017703132092601
1 0.009532455742169769
8 0.007716749886518384
5 0.007716749886518384
0 0.007262823422605538
3 0.005901044030866999
6 0.0040853381752156154
9 0.003177485247389923
doc : 99
6 0.9365269461077844
5 0.011976047904191617
8 0.008383233532934131
2 0.00718562874251497
9 0.005988023952095809
7 0.005988023952095809
4 0.005988023952095809
3 0.005988023952095809
1 0.005988023952095809
0 0.005988023952095809
