doc : 0
0 0.7311946902654867
4 0.05973451327433628
1 0.04756637168141593
9 0.03871681415929203
3 0.034292035398230086
7 0.021017699115044246
8 0.01991150442477876
6 0.01991150442477876
5 0.018805309734513276
2 0.008849557522123894
doc : 1
9 0.881578947368421
0 0.019736842105263157
8 0.013157894736842105
6 0.013157894736842105
5 0.013157894736842105
4 0.013157894736842105
2 0.013157894736842105
7 0.010964912280701754
3 0.010964912280701754
1 0.010964912280701754
doc : 2
9 0.871264367816092
1 0.01839080459770115
8 0.016091954022988506
2 0.016091954022988506
7 0.013793103448275862
5 0.013793103448275862
3 0.013793103448275862
0 0.013793103448275862
6 0.011494252873563218
4 0.011494252873563218
doc : 3
9 0.8893905191873589
8 0.013544018058690745
5 0.013544018058690745
2 0.013544018058690745
1 0.013544018058690745
7 0.01128668171557562
6 0.01128668171557562
4 0.01128668171557562
3 0.01128668171557562
0 0.01128668171557562
doc : 4
9 0.876993166287016
7 0.018223234624145785
0 0.018223234624145785
2 0.01594533029612756
1 0.01366742596810934
8 0.011389521640091115
6 0.011389521640091115
5 0.011389521640091115
4 0.011389521640091115
3 0.011389521640091115
doc : 5
7 0.2978723404255319
6 0.15319148936170213
0 0.11063829787234043
9 0.09787234042553192
4 0.08085106382978724
8 0.07659574468085106
3 0.0723404255319149
5 0.04680851063829787
1 0.0425531914893617
2 0.02127659574468085
doc : 6
0 0.823529411764706
4 0.04671280276816609
8 0.032871972318339104
9 0.01903114186851211
7 0.01384083044982699
5 0.01384083044982699
3 0.01384083044982699
1 0.01384083044982699
6 0.012110726643598616
2 0.010380622837370242
doc : 7
7 0.6043478260869565
0 0.06086956521739131
4 0.05652173913043478
6 0.052173913043478265
5 0.04782608695652174
3 0.04782608695652174
9 0.0391304347826087
2 0.034782608695652174
1 0.030434782608695653
8 0.026086956521739132
doc : 8
9 0.8772321428571428
5 0.015625
2 0.015625
1 0.015625
0 0.015625
7 0.013392857142857142
4 0.013392857142857142
8 0.011160714285714284
6 0.011160714285714284
3 0.011160714285714284
doc : 9
4 0.782312925170068
9 0.027210884353741496
6 0.027210884353741496
1 0.027210884353741496
0 0.027210884353741496
7 0.023809523809523808
3 0.023809523809523808
2 0.023809523809523808
8 0.02040816326530612
5 0.017006802721088433
doc : 10
6 0.8628841607565012
7 0.02364066193853428
2 0.016548463356973995
9 0.014184397163120567
8 0.014184397163120567
5 0.014184397163120567
3 0.014184397163120567
1 0.014184397163120567
0 0.014184397163120567
4 0.01182033096926714
doc : 11
7 0.4382022471910112
4 0.16573033707865167
8 0.09550561797752809
0 0.08426966292134831
3 0.05056179775280899
6 0.0449438202247191
1 0.042134831460674156
9 0.033707865168539325
5 0.028089887640449437
2 0.016853932584269662
doc : 12
7 0.7322175732217573
0 0.050209205020920494
9 0.04184100418410042
6 0.03347280334728033
5 0.025104602510460247
3 0.025104602510460247
2 0.025104602510460247
1 0.025104602510460247
8 0.02092050209205021
4 0.02092050209205021
doc : 13
0 0.8405668733392383
4 0.07971656333038087
8 0.015943312666076175
9 0.010628875110717449
1 0.010628875110717449
7 0.009743135518157663
6 0.009743135518157663
3 0.008857395925597875
2 0.007971656333038087
5 0.006200177147918512
doc : 14
4 0.7130872483221476
0 0.06879194630872483
7 0.04194630872483222
1 0.040268456375838924
5 0.03523489932885906
3 0.03355704697986577
6 0.025167785234899327
9 0.016778523489932886
8 0.013422818791946308
2 0.01174496644295302
doc : 15
3 0.5164835164835165
5 0.1391941391941392
7 0.0879120879120879
6 0.06227106227106227
9 0.040293040293040296
0 0.040293040293040296
4 0.03663003663003663
1 0.03663003663003663
8 0.027472527472527472
2 0.01282051282051282
doc : 16
7 0.7745454545454545
0 0.04
6 0.03636363636363636
4 0.02909090909090909
8 0.02181818181818182
5 0.02181818181818182
2 0.02181818181818182
9 0.01818181818181818
3 0.01818181818181818
1 0.01818181818181818
doc : 17
6 0.7800586510263929
9 0.04985337243401759
0 0.04105571847507331
5 0.02346041055718475
7 0.020527859237536656
8 0.01759530791788856
4 0.01759530791788856
3 0.01759530791788856
2 0.01759530791788856
1 0.01466275659824047
doc : 18
4 0.7517934002869441
0 0.06456241032998565
8 0.038737446197991396
3 0.038737446197991396
9 0.028694404591104734
7 0.02582496413199426
6 0.015781922525107604
1 0.01291248206599713
5 0.011477761836441894
2 0.011477761836441894
doc : 19
1 0.6395604395604395
7 0.06373626373626373
4 0.05274725274725275
8 0.046153846153846156
5 0.04395604395604395
3 0.03956043956043956
6 0.03736263736263736
9 0.026373626373626374
0 0.026373626373626374
2 0.024175824175824177
doc : 20
9 0.5834670947030498
6 0.2552166934189406
5 0.07865168539325842
3 0.02086677367576244
1 0.012841091492776886
7 0.012038523274478331
2 0.011235955056179775
8 0.009630818619582664
4 0.009630818619582664
0 0.006420545746388443
doc : 21
8 0.3185483870967742
0 0.20564516129032256
7 0.1532258064516129
5 0.06854838709677419
4 0.05241935483870967
9 0.04435483870967742
3 0.04435483870967742
1 0.04435483870967742
6 0.04032258064516129
2 0.028225806451612902
doc : 22
4 0.8409742120343839
0 0.040114613180515755
7 0.022922636103151862
8 0.02148997134670487
1 0.02148997134670487
6 0.015759312320916905
9 0.012893982808022923
5 0.008595988538681949
3 0.008595988538681949
2 0.007163323782234957
doc : 23
5 0.8220461095100864
6 0.1015850144092219
8 0.016570605187319884
3 0.013688760806916426
7 0.012247838616714697
9 0.010806916426512967
4 0.00648414985590778
1 0.00648414985590778
0 0.005763688760806916
2 0.004322766570605187
doc : 24
8 0.8879508825786646
6 0.023023791250959325
7 0.019953952417498082
3 0.01841903300076746
5 0.011511895625479662
2 0.00920951650038373
9 0.007674597083653108
4 0.007674597083653108
0 0.007674597083653108
1 0.006907137375287797
doc : 25
3 0.9079048349961627
6 0.022256331542594012
9 0.013814274750575594
7 0.012279355333844973
8 0.009976976208749041
5 0.00920951650038373
2 0.006907137375287797
1 0.006907137375287797
0 0.0061396776669224865
4 0.004604758250191865
doc : 26
1 0.9093214965123653
7 0.020291693088142042
0 0.011414077362079899
8 0.01077996195307546
4 0.010145846544071021
9 0.009511731135066582
5 0.008243500317057704
6 0.006975269499048827
3 0.006975269499048827
2 0.0063411540900443885
doc : 27
4 0.7912457912457912
9 0.0303030303030303
8 0.026936026936026935
5 0.026936026936026935
3 0.02356902356902357
0 0.02356902356902357
6 0.0202020202020202
2 0.0202020202020202
1 0.0202020202020202
7 0.016835016835016835
doc : 28
7 0.37241379310344824
4 0.11724137931034483
0 0.0896551724137931
9 0.08275862068965517
6 0.06896551724137931
1 0.06896551724137931
8 0.06206896551724138
5 0.06206896551724138
3 0.041379310344827586
2 0.034482758620689655
doc : 29
4 0.7734627831715211
0 0.05177993527508091
8 0.02912621359223301
7 0.02912621359223301
6 0.022653721682847898
5 0.022653721682847898
3 0.022653721682847898
9 0.016181229773462785
2 0.016181229773462785
1 0.016181229773462785
doc : 30
6 0.847305389221557
8 0.017964071856287428
5 0.017964071856287428
4 0.017964071856287428
3 0.017964071856287428
1 0.017964071856287428
0 0.017964071856287428
9 0.014970059880239521
7 0.014970059880239521
2 0.014970059880239521
doc : 31
2 0.9515375632541845
8 0.014791747761775009
1 0.00846632931101596
3 0.007298559750875826
6 0.006228104320747372
7 0.0044764499805371736
0 0.0023355391202802647
4 0.0022382249902685868
5 0.001557026080186843
9 0.0010704554301284547
doc : 32
1 0.4461883408071749
5 0.12331838565022421
6 0.09417040358744394
7 0.08071748878923767
9 0.06502242152466367
8 0.04932735426008968
3 0.04932735426008968
0 0.04484304932735426
4 0.03587443946188341
2 0.011210762331838564
doc : 33
4 0.7967213114754098
8 0.029508196721311476
0 0.029508196721311476
7 0.02622950819672131
3 0.02622950819672131
6 0.022950819672131147
2 0.019672131147540982
9 0.01639344262295082
5 0.01639344262295082
1 0.01639344262295082
doc : 34
4 0.7949526813880126
9 0.028391167192429023
5 0.025236593059936908
3 0.025236593059936908
0 0.025236593059936908
7 0.022082018927444793
6 0.022082018927444793
1 0.022082018927444793
8 0.01892744479495268
2 0.015772870662460567
doc : 35
3 0.6298076923076923
4 0.07692307692307693
0 0.057692307692307696
9 0.04807692307692308
7 0.038461538461538464
5 0.038461538461538464
8 0.028846153846153848
6 0.028846153846153848
1 0.028846153846153848
2 0.02403846153846154
doc : 36
3 0.6415094339622641
4 0.08962264150943396
0 0.06132075471698113
5 0.04716981132075471
8 0.0330188679245283
6 0.02830188679245283
1 0.02830188679245283
9 0.023584905660377357
7 0.023584905660377357
2 0.023584905660377357
doc : 37
7 0.9273490474652889
8 0.01646754924120116
5 0.013884404262189214
6 0.009041007426541814
3 0.008072328059412335
1 0.007749434937035841
4 0.0061349693251533735
9 0.0048433968356474
2 0.004520503713270907
0 0.0019373587342589602
doc : 38
4 0.6095890410958904
0 0.08904109589041095
3 0.06164383561643835
2 0.0547945205479452
8 0.04794520547945205
1 0.030821917808219176
7 0.0273972602739726
6 0.0273972602739726
5 0.0273972602739726
9 0.023972602739726026
doc : 39
7 0.7966101694915254
4 0.03389830508474576
6 0.031073446327683614
0 0.031073446327683614
9 0.025423728813559324
2 0.022598870056497175
8 0.01694915254237288
5 0.014124293785310734
3 0.014124293785310734
1 0.014124293785310734
doc : 40
6 0.7748344370860927
3 0.033112582781456956
8 0.029801324503311258
5 0.026490066225165563
9 0.023178807947019868
7 0.023178807947019868
4 0.023178807947019868
2 0.023178807947019868
0 0.023178807947019868
1 0.019867549668874173
doc : 41
6 0.7262569832402235
1 0.0670391061452514
8 0.0446927374301676
3 0.03910614525139665
5 0.030726256983240226
7 0.0223463687150838
4 0.019553072625698324
0 0.019553072625698324
9 0.01675977653631285
2 0.013966480446927375
doc : 42
6 0.8159806295399517
3 0.031476997578692496
9 0.026634382566585957
7 0.02421307506053269
8 0.02179176755447942
5 0.02179176755447942
0 0.02179176755447942
4 0.012106537530266345
2 0.012106537530266345
1 0.012106537530266345
doc : 43
6 0.7766323024054983
1 0.03436426116838488
7 0.027491408934707903
0 0.027491408934707903
9 0.024054982817869414
5 0.024054982817869414
4 0.024054982817869414
3 0.024054982817869414
8 0.020618556701030927
2 0.01718213058419244
doc : 44
7 0.770764119601329
4 0.036544850498338874
3 0.029900332225913623
6 0.026578073089700997
1 0.026578073089700997
0 0.026578073089700997
8 0.023255813953488372
2 0.023255813953488372
5 0.019933554817275746
9 0.016611295681063124
doc : 45
0 0.9322607959356477
5 0.010160880609652836
4 0.009314140558848433
1 0.009314140558848433
8 0.00846740050804403
9 0.006773920406435224
7 0.006773920406435224
3 0.006773920406435224
6 0.0059271803556308214
2 0.004233700254022015
doc : 46
5 0.6522633744855968
9 0.05555555555555556
3 0.05555555555555556
2 0.04732510288065844
7 0.04526748971193416
4 0.03703703703703704
8 0.03497942386831276
6 0.03292181069958848
1 0.02469135802469136
0 0.01440329218106996
doc : 47
5 0.8812286689419795
7 0.027986348122866895
6 0.017064846416382253
3 0.015699658703071672
9 0.012286689419795223
4 0.010921501706484642
1 0.010238907849829351
8 0.00955631399317406
2 0.008873720136518772
0 0.006143344709897611
doc : 48
7 0.4054878048780488
4 0.23170731707317074
0 0.07926829268292683
5 0.057926829268292686
6 0.04878048780487805
3 0.04878048780487805
9 0.04573170731707317
2 0.03353658536585366
1 0.03048780487804878
8 0.01829268292682927
doc : 49
6 0.875
8 0.022887323943661973
3 0.022887323943661973
5 0.014084507042253521
9 0.012323943661971832
7 0.012323943661971832
2 0.012323943661971832
1 0.01056338028169014
4 0.008802816901408451
0 0.008802816901408451
