doc : 0
2 0.5818181818181818
6 0.07878787878787878
9 0.07474747474747474
7 0.06464646464646465
1 0.046464646464646465
4 0.0404040404040404
5 0.03434343434343434
8 0.03232323232323232
3 0.026262626262626262
0 0.0202020202020202
doc : 1
2 0.22641509433962265
5 0.1509433962264151
9 0.09433962264150943
8 0.09433962264150943
4 0.09433962264150943
0 0.08490566037735849
6 0.0660377358490566
3 0.0660377358490566
1 0.0660377358490566
7 0.05660377358490566
doc : 2
0 0.96048024012006
9 0.007503751875937968
7 0.006003001500750374
2 0.005502751375687844
8 0.004502251125562781
1 0.004502251125562781
4 0.0035017508754377185
6 0.003001500750375187
5 0.0025012506253126563
3 0.0025012506253126563
doc : 3
8 0.3711340206185567
3 0.10309278350515463
9 0.07216494845360824
7 0.07216494845360824
6 0.07216494845360824
4 0.07216494845360824
2 0.07216494845360824
1 0.061855670103092786
5 0.05154639175257732
0 0.05154639175257732
doc : 4
9 0.46875
0 0.23125
8 0.05625
1 0.05625
6 0.053125000000000006
2 0.040625
5 0.028125
4 0.028125
7 0.021875000000000002
3 0.015625
doc : 5
6 0.6304347826086956
2 0.13354037267080746
4 0.07142857142857142
7 0.03416149068322981
9 0.03105590062111801
8 0.024844720496894408
5 0.018633540372670808
3 0.018633540372670808
1 0.018633540372670808
0 0.018633540372670808
doc : 6
9 0.5760517799352751
0 0.23624595469255666
6 0.02912621359223301
5 0.025889967637540454
3 0.025889967637540454
1 0.025889967637540454
4 0.022653721682847898
2 0.022653721682847898
7 0.01941747572815534
8 0.016181229773462785
doc : 7
6 0.43956043956043955
4 0.18681318681318682
8 0.08058608058608059
2 0.08058608058608059
9 0.054945054945054944
7 0.04395604395604395
3 0.03663003663003663
5 0.029304029304029304
0 0.02564102564102564
1 0.021978021978021976
doc : 8
8 0.5192307692307693
6 0.09134615384615385
2 0.09134615384615385
5 0.07211538461538462
3 0.05288461538461539
4 0.04807692307692308
7 0.04326923076923077
1 0.028846153846153848
0 0.028846153846153848
9 0.02403846153846154
doc : 9
9 0.7667238421955404
0 0.06689536878216124
3 0.0634648370497427
8 0.0274442538593482
2 0.015437392795883362
1 0.015437392795883362
6 0.0137221269296741
4 0.012006861063464836
7 0.010291595197255574
5 0.008576329331046312
doc : 10
8 0.375
3 0.09375
9 0.08333333333333333
2 0.08333333333333333
0 0.07291666666666666
6 0.0625
5 0.0625
4 0.0625
7 0.05208333333333333
1 0.05208333333333333
doc : 11
6 0.8397839783978398
4 0.046804680468046804
2 0.037803780378037805
8 0.0144014401440144
7 0.013501350135013501
5 0.013501350135013501
1 0.012601260126012601
9 0.010801080108010801
3 0.0063006300630063005
0 0.004500450045004501
doc : 12
5 0.48118811881188117
4 0.18811881188118812
3 0.09108910891089109
2 0.07722772277227723
7 0.041584158415841586
9 0.039603960396039604
6 0.031683168316831684
1 0.019801980198019802
8 0.017821782178217824
0 0.011881188118811881
doc : 13
7 0.9280821917808219
2 0.0136986301369863
1 0.010273972602739725
9 0.007990867579908675
6 0.007990867579908675
5 0.007990867579908675
3 0.00684931506849315
8 0.005707762557077625
4 0.005707762557077625
0 0.005707762557077625
doc : 14
7 0.9394644935972061
5 0.008149010477299184
2 0.008149010477299184
1 0.008149010477299184
0 0.006984866123399301
9 0.005820721769499418
8 0.005820721769499418
6 0.005820721769499418
4 0.005820721769499418
3 0.005820721769499418
doc : 15
9 0.8233995584988962
3 0.04194260485651214
0 0.026490066225165563
7 0.02207505518763797
1 0.019867549668874173
2 0.015452538631346577
8 0.013245033112582781
6 0.013245033112582781
5 0.013245033112582781
4 0.011037527593818985
doc : 16
9 0.38372093023255816
7 0.09302325581395349
4 0.08139534883720931
1 0.08139534883720931
0 0.06976744186046512
8 0.05813953488372093
6 0.05813953488372093
5 0.05813953488372093
3 0.05813953488372093
2 0.05813953488372093
doc : 17
4 0.6698412698412698
2 0.08571428571428572
6 0.05238095238095238
7 0.049206349206349205
8 0.0380952380952381
5 0.0380952380952381
9 0.023809523809523808
3 0.01746031746031746
1 0.012698412698412698
0 0.012698412698412698
doc : 18
3 0.916051040967092
8 0.024848891873740765
6 0.01343183344526528
1 0.01007387508394896
5 0.009402283411685695
2 0.007387508394895903
9 0.005372733378106112
0 0.005372733378106112
7 0.004029550033579583
4 0.004029550033579583
doc : 19
1 0.7029520295202952
7 0.08302583025830258
9 0.07380073800738007
6 0.042435424354243544
8 0.02214022140221402
4 0.02214022140221402
5 0.016605166051660517
3 0.012915129151291513
2 0.012915129151291513
0 0.01107011070110701
doc : 20
2 0.9262023217247098
7 0.012437810945273632
8 0.01077943615257048
4 0.009950248756218905
6 0.00912106135986733
0 0.00912106135986733
1 0.008291873963515755
9 0.004975124378109453
3 0.004975124378109453
5 0.0041459369817578775
doc : 21
9 0.37209302325581395
4 0.09302325581395349
1 0.08139534883720931
7 0.06976744186046512
6 0.06976744186046512
5 0.06976744186046512
3 0.06976744186046512
8 0.05813953488372093
2 0.05813953488372093
0 0.05813953488372093
doc : 22
9 0.36046511627906974
7 0.11627906976744186
1 0.08139534883720931
6 0.06976744186046512
4 0.06976744186046512
2 0.06976744186046512
8 0.05813953488372093
5 0.05813953488372093
3 0.05813953488372093
0 0.05813953488372093
doc : 23
7 0.9417040358744394
9 0.007847533632286996
1 0.007847533632286996
8 0.006726457399103139
6 0.006726457399103139
4 0.006726457399103139
5 0.005605381165919282
3 0.005605381165919282
2 0.005605381165919282
0 0.005605381165919282
doc : 24
7 0.9368541905855339
5 0.009184845005740528
2 0.008036739380022962
9 0.006888633754305396
6 0.006888633754305396
4 0.006888633754305396
1 0.006888633754305396
0 0.006888633754305396
8 0.0057405281285878304
3 0.0057405281285878304
doc : 25
7 0.9449438202247192
9 0.006741573033707865
6 0.006741573033707865
4 0.006741573033707865
1 0.006741573033707865
8 0.005617977528089888
5 0.005617977528089888
3 0.005617977528089888
2 0.005617977528089888
0 0.005617977528089888
doc : 26
7 0.9421768707482994
9 0.007936507936507936
6 0.007936507936507936
4 0.006802721088435375
0 0.006802721088435375
8 0.005668934240362812
5 0.005668934240362812
3 0.005668934240362812
2 0.005668934240362812
1 0.005668934240362812
doc : 27
7 0.9406392694063926
1 0.0091324200913242
5 0.007990867579908675
9 0.00684931506849315
0 0.00684931506849315
8 0.005707762557077625
6 0.005707762557077625
4 0.005707762557077625
3 0.005707762557077625
2 0.005707762557077625
doc : 28
7 0.9436781609195403
9 0.006896551724137931
6 0.006896551724137931
5 0.006896551724137931
1 0.006896551724137931
8 0.005747126436781609
4 0.005747126436781609
3 0.005747126436781609
2 0.005747126436781609
0 0.005747126436781609
doc : 29
7 0.5478260869565218
9 0.06956521739130435
5 0.06086956521739131
1 0.06086956521739131
6 0.05652173913043478
2 0.05652173913043478
0 0.043478260869565216
4 0.0391304347826087
8 0.034782608695652174
3 0.030434782608695653
doc : 30
9 0.3488372093023256
7 0.09302325581395349
4 0.09302325581395349
2 0.08139534883720931
1 0.08139534883720931
0 0.06976744186046512
8 0.05813953488372093
6 0.05813953488372093
5 0.05813953488372093
3 0.05813953488372093
doc : 31
4 0.8778625954198473
7 0.0267175572519084
1 0.019083969465648856
6 0.015267175572519085
2 0.015267175572519085
9 0.011450381679389315
5 0.010178117048346057
0 0.010178117048346057
3 0.0076335877862595426
8 0.0063613231552162855
doc : 32
0 0.9403508771929825
5 0.01842105263157895
4 0.009649122807017544
7 0.005701754385964913
9 0.005263157894736842
8 0.005263157894736842
1 0.004824561403508772
6 0.0043859649122807015
3 0.0030701754385964912
2 0.0030701754385964912
doc : 33
8 0.43130990415335463
9 0.08626198083067092
4 0.08626198083067092
3 0.07667731629392971
7 0.0670926517571885
6 0.05750798722044728
5 0.05750798722044728
1 0.05750798722044728
0 0.04153354632587859
2 0.038338658146964855
doc : 34
8 0.26696832579185525
6 0.2171945701357466
4 0.12669683257918554
2 0.11312217194570137
1 0.08144796380090498
7 0.07692307692307693
9 0.04072398190045249
5 0.027149321266968326
0 0.027149321266968326
3 0.022624434389140274
doc : 35
3 0.8285492629945694
8 0.09309542280837858
9 0.017843289371605897
6 0.012412723041117145
2 0.010861132660977501
1 0.009309542280837859
4 0.008533747090768037
0 0.007757951900698216
5 0.0062063615205585725
7 0.0054305663304887505
doc : 36
2 0.4480519480519481
6 0.08441558441558442
8 0.07142857142857144
7 0.06493506493506494
5 0.06493506493506494
4 0.06493506493506494
9 0.05844155844155845
1 0.05844155844155845
0 0.045454545454545456
3 0.03896103896103896
doc : 37
4 0.9071100917431193
7 0.020642201834862386
9 0.01261467889908257
6 0.011467889908256881
8 0.010321100917431193
1 0.010321100917431193
0 0.008027522935779817
5 0.006880733944954129
2 0.006880733944954129
3 0.005733944954128441
doc : 38
2 0.5357142857142857
6 0.07857142857142857
8 0.07142857142857142
9 0.05714285714285714
5 0.05357142857142857
7 0.049999999999999996
4 0.04642857142857143
3 0.04642857142857143
0 0.03571428571428571
1 0.024999999999999998
doc : 39
4 0.7331189710610932
1 0.04823151125401929
6 0.04180064308681672
9 0.03858520900321544
7 0.028938906752411574
8 0.02572347266881029
2 0.02572347266881029
0 0.022508038585209004
5 0.01929260450160772
3 0.01607717041800643
doc : 40
6 0.7209821428571428
3 0.06696428571428571
4 0.03571428571428571
1 0.033482142857142856
5 0.02901785714285714
9 0.026785714285714284
8 0.026785714285714284
7 0.024553571428571428
0 0.02232142857142857
2 0.013392857142857142
doc : 41
5 0.8438003220611916
9 0.04669887278582931
7 0.020933977455716585
1 0.017713365539452495
6 0.01610305958132045
2 0.014492753623188406
8 0.01288244766505636
0 0.011272141706924315
4 0.008051529790660225
3 0.008051529790660225
doc : 42
1 0.736111111111111
7 0.07638888888888888
5 0.046296296296296294
6 0.03009259259259259
2 0.03009259259259259
8 0.020833333333333332
4 0.018518518518518517
9 0.013888888888888888
3 0.013888888888888888
0 0.013888888888888888
doc : 43
1 0.9114942528735632
7 0.022988505747126436
9 0.010344827586206896
8 0.010344827586206896
5 0.010344827586206896
2 0.008045977011494253
0 0.008045977011494253
6 0.006896551724137931
4 0.005747126436781609
3 0.005747126436781609
doc : 44
9 0.6086956521739131
7 0.09130434782608696
2 0.08695652173913043
6 0.06304347826086956
5 0.04565217391304348
4 0.03260869565217391
1 0.02826086956521739
8 0.015217391304347827
3 0.015217391304347827
0 0.013043478260869566
doc : 45
2 0.8942558746736292
5 0.0195822454308094
8 0.01566579634464752
9 0.013054830287206266
6 0.01174934725848564
7 0.010443864229765013
3 0.010443864229765013
4 0.009138381201044387
1 0.009138381201044387
0 0.006527415143603133
doc : 46
0 0.949741662752466
9 0.012682010333489901
2 0.011742602160638799
4 0.005166744950681071
7 0.004227336777829967
3 0.004227336777829967
5 0.0037576326914044154
8 0.0028182245185533117
6 0.0028182245185533117
1 0.0028182245185533117
doc : 47
5 0.8328445747800587
7 0.03519061583577712
1 0.026392961876832845
6 0.020527859237536656
2 0.01906158357771261
8 0.01759530791788856
9 0.01466275659824047
4 0.01466275659824047
3 0.010263929618768328
0 0.00879765395894428
doc : 48
5 0.8540630182421227
7 0.03316749585406302
6 0.028192371475953566
4 0.01824212271973466
1 0.013266998341625208
9 0.011608623548922057
2 0.011608623548922057
8 0.009950248756218905
3 0.009950248756218905
0 0.009950248756218905
doc : 49
8 0.786144578313253
6 0.03614457831325302
5 0.030120481927710843
3 0.030120481927710843
2 0.030120481927710843
7 0.01807228915662651
4 0.01807228915662651
1 0.01807228915662651
0 0.01807228915662651
9 0.015060240963855422
