doc : 0
2 0.44949193066347876
0 0.33831440526001194
4 0.14285714285714285
1 0.028093245666467422
5 0.009563658099222952
7 0.008368200836820083
3 0.0077704722056186485
8 0.0065750149432157795
6 0.0053795576808129105
9 0.003586371787208607
doc : 1
3 0.5410677618069816
8 0.2073921971252567
4 0.11806981519507187
0 0.07084188911704313
6 0.013347022587268994
1 0.013347022587268994
9 0.01026694045174538
7 0.009240246406570842
5 0.008213552361396304
2 0.008213552361396304
doc : 2
4 0.779874213836478
0 0.10272536687631027
7 0.02410901467505241
3 0.01886792452830189
2 0.01886792452830189
5 0.016771488469601678
6 0.012578616352201259
8 0.010482180293501049
1 0.010482180293501049
9 0.005241090146750524
doc : 3
3 0.5719237435008665
8 0.11265164644714037
0 0.10485268630849219
4 0.09792027729636048
5 0.04679376083188908
6 0.024263431542461005
9 0.014731369150779895
7 0.012998266897746967
2 0.008665511265164644
1 0.005199306759098786
doc : 4
7 0.7172489082969432
4 0.1277292576419214
0 0.074235807860262
8 0.024017467248908297
5 0.015283842794759825
2 0.012008733624454149
3 0.00982532751091703
1 0.007641921397379912
6 0.006550218340611353
9 0.0054585152838427945
doc : 5
4 0.647450110864745
5 0.06208425720620843
3 0.057649667405764965
7 0.04878048780487805
0 0.04878048780487805
2 0.04212860310421286
6 0.03547671840354767
1 0.03325942350332594
8 0.013303769401330377
9 0.011086474501108647
doc : 6
8 0.6411078049897002
4 0.28336003662165254
0 0.025406271457999542
9 0.022201876859693295
7 0.010070954451819639
2 0.004806591897459373
5 0.00434882124055848
1 0.003433279926756695
3 0.0032043945983062485
6 0.002059967956054017
doc : 7
0 0.5912469033856317
4 0.18414533443435177
5 0.10817506193228736
7 0.02972749793559042
2 0.02394715111478117
8 0.018992568125516102
3 0.017341040462427744
9 0.011560693641618497
6 0.007431874483897605
1 0.007431874483897605
doc : 8
1 0.7749546279491832
2 0.07803992740471868
5 0.0308529945553539
9 0.023593466424682394
3 0.019963702359346643
4 0.018148820326678763
7 0.016333938294010888
6 0.014519056261343012
0 0.014519056261343012
8 0.009074410163339382
doc : 9
7 0.5710382513661202
4 0.19489981785063754
0 0.17304189435336975
8 0.01912568306010929
3 0.011839708561020037
5 0.007285974499089253
2 0.006375227686703096
9 0.00546448087431694
6 0.00546448087431694
1 0.00546448087431694
doc : 10
8 0.8940149625935162
4 0.029925187032418952
2 0.012468827930174564
1 0.012468827930174564
9 0.00997506234413965
0 0.00997506234413965
7 0.008728179551122194
5 0.008728179551122194
6 0.007481296758104738
3 0.006234413965087282
doc : 11
0 0.6814658210007047
4 0.16560958421423538
3 0.03875968992248062
7 0.026074700493305146
8 0.021141649048625793
5 0.021141649048625793
6 0.019027484143763214
1 0.011980267794221284
2 0.008456659619450317
9 0.0063424947145877385
doc : 12
4 0.7185534591194969
5 0.06132075471698113
7 0.04716981132075472
3 0.045597484276729564
0 0.04088050314465409
1 0.0330188679245283
2 0.02358490566037736
6 0.014150943396226415
9 0.007861635220125786
8 0.007861635220125786
doc : 13
8 0.8590764331210191
4 0.039808917197452234
6 0.016719745222929936
9 0.01592356687898089
7 0.015127388535031847
5 0.014331210191082803
3 0.01194267515923567
2 0.01035031847133758
0 0.01035031847133758
1 0.006369426751592357
doc : 14
2 0.8383802816901409
0 0.07288732394366197
4 0.02887323943661972
7 0.02112676056338028
1 0.01654929577464789
5 0.006690140845070423
3 0.006338028169014085
9 0.0035211267605633804
6 0.0031690140845070424
8 0.0024647887323943664
doc : 15
5 0.6142953472690492
4 0.23668240053944706
3 0.044504383007417395
0 0.03236682400539447
6 0.01753202966958867
7 0.015509103169251517
8 0.013486176668914362
2 0.012811867835468645
1 0.006743088334457181
9 0.006068779501011463
doc : 16
5 0.5977777777777777
7 0.09555555555555556
2 0.08222222222222222
1 0.06222222222222222
0 0.051111111111111114
4 0.03111111111111111
3 0.03111111111111111
9 0.017777777777777778
8 0.015555555555555555
6 0.015555555555555555
doc : 17
8 0.744700460829493
4 0.12350230414746544
0 0.03317972350230415
6 0.03225806451612903
9 0.013824884792626727
7 0.012903225806451613
3 0.011059907834101382
2 0.011059907834101382
1 0.009216589861751152
5 0.008294930875576038
doc : 18
5 0.7276315789473684
0 0.06842105263157895
4 0.049999999999999996
2 0.034210526315789476
7 0.031578947368421054
1 0.02631578947368421
6 0.02236842105263158
3 0.014473684210526316
8 0.013157894736842105
9 0.011842105263157895
doc : 19
8 0.7087378640776698
5 0.038834951456310676
2 0.038834951456310676
4 0.03398058252427184
3 0.03398058252427184
9 0.029126213592233007
7 0.029126213592233007
6 0.029126213592233007
1 0.029126213592233007
0 0.029126213592233007
doc : 20
8 0.9352601156069364
4 0.015606936416184972
1 0.009826589595375723
9 0.009248554913294798
2 0.007514450867052024
0 0.006358381502890174
5 0.005780346820809249
7 0.003468208092485549
6 0.003468208092485549
3 0.003468208092485549
doc : 21
8 0.7358490566037735
0 0.04716981132075471
3 0.0330188679245283
7 0.02830188679245283
6 0.02830188679245283
5 0.02830188679245283
1 0.02830188679245283
9 0.023584905660377357
4 0.023584905660377357
2 0.023584905660377357
doc : 22
5 0.34538152610441764
7 0.21285140562248994
2 0.12449799196787148
6 0.056224899598393566
3 0.056224899598393566
1 0.056224899598393566
4 0.05220883534136546
0 0.04417670682730923
9 0.0321285140562249
8 0.020080321285140562
doc : 23
7 0.7372262773722628
5 0.04744525547445255
4 0.0364963503649635
2 0.0364963503649635
9 0.029197080291970802
3 0.029197080291970802
0 0.025547445255474453
1 0.021897810218978103
8 0.01824817518248175
6 0.01824817518248175
doc : 24
7 0.5485714285714286
4 0.30628571428571433
0 0.04228571428571429
5 0.03085714285714286
2 0.017142857142857144
8 0.014857142857142859
3 0.012571428571428572
9 0.010285714285714287
1 0.010285714285714287
6 0.006857142857142858
doc : 25
5 0.303951367781155
2 0.22796352583586627
7 0.11550151975683891
6 0.10030395136778116
4 0.08814589665653495
3 0.03951367781155015
1 0.03951367781155015
0 0.03951367781155015
9 0.02735562310030395
8 0.0182370820668693
doc : 26
2 0.6481481481481481
4 0.12626262626262627
0 0.08585858585858586
1 0.0303030303030303
7 0.025252525252525252
9 0.02356902356902357
8 0.018518518518518517
6 0.016835016835016835
5 0.01515151515151515
3 0.0101010101010101
doc : 27
7 0.7918424753867792
4 0.12376933895921238
8 0.01687763713080169
3 0.014064697609001406
2 0.009845288326300985
1 0.009845288326300985
9 0.008438818565400845
6 0.008438818565400845
5 0.008438818565400845
0 0.008438818565400845
doc : 28
8 0.931791907514451
0 0.015606936416184972
4 0.011560693641618498
9 0.008670520231213874
2 0.007514450867052024
6 0.006358381502890174
3 0.006358381502890174
5 0.004624277456647399
7 0.004046242774566475
1 0.003468208092485549
doc : 29
7 0.8516320474777448
4 0.04451038575667656
8 0.02225519287833828
0 0.01483679525222552
2 0.013353115727002967
1 0.011869436201780416
9 0.010385756676557865
6 0.010385756676557865
5 0.010385756676557865
3 0.010385756676557865
doc : 30
3 0.31851851851851853
5 0.16296296296296298
4 0.0962962962962963
7 0.08148148148148149
8 0.07407407407407407
2 0.07407407407407407
0 0.05925925925925926
9 0.05185185185185186
6 0.044444444444444446
1 0.037037037037037035
doc : 31
8 0.4069008670778582
4 0.3216233127737553
0 0.2025565388397247
1 0.041119156163403954
9 0.011084294270134978
5 0.005989094484669706
2 0.004827031375703942
3 0.0022347367480110843
7 0.0018771788683293108
6 0.0017877893984088674
doc : 32
2 0.5390781563126252
0 0.1442885771543086
1 0.1282565130260521
4 0.05611222444889779
5 0.04008016032064128
8 0.024048096192384766
9 0.018036072144288574
6 0.018036072144288574
7 0.01603206412825651
3 0.01603206412825651
doc : 33
7 0.5821917808219178
3 0.0684931506849315
9 0.06164383561643835
6 0.04794520547945205
5 0.04794520547945205
8 0.0410958904109589
4 0.0410958904109589
2 0.0410958904109589
1 0.03424657534246575
0 0.03424657534246575
doc : 34
7 0.7798353909465021
6 0.0617283950617284
3 0.0308641975308642
2 0.02469135802469136
9 0.020576131687242802
8 0.01851851851851852
5 0.01851851851851852
4 0.01646090534979424
1 0.01440329218106996
0 0.01440329218106996
doc : 35
6 0.9024390243902439
4 0.017216642754662843
0 0.015781922525107604
8 0.01291248206599713
3 0.011477761836441894
9 0.008608321377331422
5 0.008608321377331422
1 0.008608321377331422
7 0.007173601147776184
2 0.007173601147776184
doc : 36
6 0.9203007518796993
9 0.010526315789473686
8 0.010526315789473686
1 0.010526315789473686
5 0.009022556390977444
3 0.009022556390977444
7 0.0075187969924812035
4 0.0075187969924812035
2 0.0075187969924812035
0 0.0075187969924812035
doc : 37
2 0.5844748858447488
0 0.091324200913242
7 0.0684931506849315
1 0.0593607305936073
5 0.0547945205479452
8 0.0365296803652968
4 0.0319634703196347
3 0.0273972602739726
9 0.0228310502283105
6 0.0228310502283105
doc : 38
7 0.8757142857142857
6 0.02142857142857143
5 0.02
3 0.015714285714285715
2 0.015714285714285715
0 0.012857142857142857
4 0.011428571428571429
1 0.011428571428571429
9 0.008571428571428572
8 0.007142857142857143
doc : 39
2 0.2608695652173913
7 0.2
6 0.11304347826086956
4 0.0782608695652174
9 0.06956521739130435
5 0.06956521739130435
1 0.06956521739130435
0 0.052173913043478265
8 0.043478260869565216
3 0.043478260869565216
doc : 40
2 0.6333333333333333
6 0.1388888888888889
7 0.08333333333333334
4 0.030555555555555558
0 0.025
1 0.022222222222222223
5 0.019444444444444445
9 0.016666666666666666
8 0.016666666666666666
3 0.01388888888888889
doc : 41
2 0.3881278538812785
4 0.1506849315068493
9 0.0821917808219178
7 0.0730593607305936
5 0.0684931506849315
3 0.0684931506849315
6 0.0593607305936073
1 0.045662100456621
8 0.0365296803652968
0 0.0273972602739726
doc : 42
7 0.782716049382716
3 0.0345679012345679
6 0.03209876543209877
2 0.03209876543209877
4 0.027160493827160494
5 0.024691358024691357
1 0.019753086419753086
0 0.01728395061728395
9 0.014814814814814815
8 0.014814814814814815
doc : 43
8 0.6173946110386789
4 0.2946544980443286
0 0.02873750543242069
9 0.02368535419382877
5 0.019882659713168188
1 0.005052151238591917
3 0.004400260756192959
7 0.003096479791395046
2 0.0024445893089960887
6 6.51890482398957E-4
doc : 44
4 0.39375
1 0.31625000000000003
0 0.08375
5 0.0525
2 0.0475
7 0.0275
9 0.02625
8 0.02125
6 0.0175
3 0.01375
doc : 45
0 0.546875
8 0.125
9 0.078125
5 0.041666666666666664
2 0.041666666666666664
1 0.0390625
4 0.03645833333333333
7 0.033854166666666664
6 0.028645833333333332
3 0.028645833333333332
doc : 46
7 0.6744621141253508
4 0.2245088868101029
8 0.023386342376052385
5 0.019644527595884004
0 0.018709073900841908
2 0.01028999064546305
3 0.009354536950420954
6 0.007483629560336763
1 0.007483629560336763
9 0.004677268475210477
doc : 47
2 0.5753424657534246
0 0.1187214611872146
3 0.0502283105022831
1 0.0502283105022831
7 0.045662100456621
4 0.0410958904109589
6 0.0365296803652968
8 0.0319634703196347
5 0.0273972602739726
9 0.0228310502283105
doc : 48
6 0.8701716738197425
7 0.027896995708154508
4 0.0203862660944206
5 0.015021459227467811
2 0.015021459227467811
8 0.012875536480686695
0 0.011802575107296136
9 0.01072961373390558
1 0.008583690987124463
3 0.0075107296137339056
doc : 49
6 0.9160419790104948
8 0.01199400299850075
9 0.010494752623688156
1 0.010494752623688156
0 0.010494752623688156
7 0.008995502248875561
4 0.008995502248875561
5 0.0074962518740629685
3 0.0074962518740629685
2 0.0074962518740629685
doc : 50
2 0.585820895522388
7 0.16417910447761194
6 0.041044776119402986
0 0.041044776119402986
1 0.033582089552238806
5 0.029850746268656716
4 0.029850746268656716
3 0.029850746268656716
9 0.026119402985074626
8 0.018656716417910446
doc : 51
7 0.7362637362637363
6 0.05128205128205128
2 0.03663003663003663
9 0.03296703296703297
4 0.027472527472527472
1 0.027472527472527472
5 0.02564102564102564
3 0.02564102564102564
0 0.021978021978021976
8 0.014652014652014652
doc : 52
7 0.6380952380952382
2 0.1
5 0.04285714285714286
3 0.0380952380952381
0 0.0380952380952381
9 0.03333333333333334
4 0.03333333333333334
8 0.028571428571428574
6 0.02380952380952381
1 0.02380952380952381
doc : 53
3 0.8992314261315115
4 0.029035012809564473
6 0.011955593509820665
7 0.010247651579846286
2 0.009393680614859094
1 0.009393680614859094
0 0.008539709649871904
8 0.007685738684884714
5 0.007685738684884714
9 0.006831767719897523
doc : 54
9 0.1
8 0.1
7 0.1
6 0.1
5 0.1
4 0.1
3 0.1
2 0.1
1 0.1
0 0.1
doc : 55
8 0.41348314606741576
3 0.3887640449438203
0 0.038202247191011236
2 0.035955056179775284
4 0.03146067415730337
7 0.02471910112359551
5 0.020224719101123598
1 0.017977528089887642
6 0.015730337078651686
9 0.01348314606741573
doc : 56
0 0.29380053908355797
4 0.24528301886792453
2 0.1940700808625337
7 0.05929919137466308
5 0.0431266846361186
1 0.04043126684636119
9 0.03773584905660378
6 0.03504043126684636
8 0.026954177897574125
3 0.02425876010781671
doc : 57
7 0.6460481099656358
5 0.13745704467353953
3 0.037800687285223365
4 0.030927835051546393
0 0.030927835051546393
9 0.027491408934707903
2 0.027491408934707903
6 0.024054982817869414
8 0.020618556701030927
1 0.01718213058419244
doc : 58
2 0.6856095325389551
4 0.09624197983501376
0 0.09074243813015583
9 0.031164069660861597
5 0.02383134738771769
7 0.021998166819431716
1 0.02016498625114574
6 0.013748854262144821
3 0.01008249312557287
8 0.006416131989000917
doc : 59
0 0.5965996908809892
7 0.18238021638330756
4 0.07264296754250386
1 0.027820710973724884
5 0.026275115919629055
6 0.02472952086553323
3 0.023183925811437404
2 0.01854714064914992
9 0.017001545595054096
8 0.010819165378670788
doc : 60
3 0.8399085191538022
4 0.09491137793024586
7 0.01429388221841052
6 0.011435105774728416
8 0.009719839908519153
5 0.008004574042309892
9 0.005717552887364208
1 0.005717552887364208
0 0.005717552887364208
2 0.004574042309891366
doc : 61
7 0.7843822843822844
6 0.10023310023310024
9 0.019813519813519812
3 0.018648018648018648
4 0.016317016317016316
1 0.015151515151515152
5 0.013986013986013986
2 0.011655011655011656
8 0.01048951048951049
0 0.009324009324009324
doc : 62
8 0.5055192610948411
4 0.3402793421941879
0 0.07236990313133589
1 0.030975444920027035
9 0.02787790042802433
5 0.009011038522189683
3 0.00805361567920703
6 0.002421716602838477
7 0.002083802658256364
2 0.0014079747690921378
doc : 63
7 0.6633165829145728
4 0.0829145728643216
9 0.06030150753768844
5 0.04522613065326633
8 0.04020100502512563
6 0.032663316582914576
3 0.022613065326633167
2 0.017587939698492462
1 0.017587939698492462
0 0.017587939698492462
doc : 64
2 0.7201565557729941
7 0.05870841487279843
5 0.046966731898238745
0 0.03131115459882583
6 0.029354207436399216
4 0.029354207436399216
8 0.025440313111545987
1 0.023483365949119372
3 0.019569471624266144
9 0.015655577299412915
doc : 65
7 0.548582995951417
5 0.16396761133603238
3 0.06680161943319839
4 0.0465587044534413
1 0.0465587044534413
2 0.04251012145748988
0 0.02834008097165992
8 0.024291497975708502
6 0.018218623481781375
9 0.01417004048582996
doc : 66
2 0.4096692111959288
4 0.16793893129770993
0 0.1272264631043257
5 0.08396946564885496
7 0.07633587786259542
6 0.04071246819338423
3 0.035623409669211195
8 0.027989821882951654
9 0.015267175572519085
1 0.015267175572519085
doc : 67
5 0.54
8 0.216
0 0.085
4 0.068
9 0.02
2 0.018000000000000002
1 0.015
7 0.014
6 0.012
3 0.012
doc : 68
0 0.5070422535211268
1 0.07042253521126761
7 0.06338028169014084
9 0.056338028169014086
5 0.056338028169014086
4 0.056338028169014086
3 0.056338028169014086
2 0.04929577464788733
8 0.04225352112676056
6 0.04225352112676056
doc : 69
0 0.44966442953020136
4 0.11409395973154363
2 0.09395973154362416
1 0.087248322147651
8 0.060402684563758385
5 0.04697986577181208
9 0.040268456375838924
6 0.040268456375838924
7 0.03355704697986577
3 0.03355704697986577
doc : 70
8 0.8306818181818182
4 0.05454545454545454
6 0.0375
9 0.015909090909090907
1 0.015909090909090907
5 0.011363636363636364
2 0.010227272727272727
0 0.00909090909090909
3 0.007954545454545454
7 0.006818181818181818
doc : 71
6 0.4548802946593002
4 0.20073664825046042
0 0.0994475138121547
7 0.0847145488029466
5 0.05156537753222836
2 0.03683241252302026
3 0.03314917127071823
1 0.014732965009208104
8 0.01289134438305709
9 0.011049723756906077
doc : 72
5 0.6014625228519196
3 0.11151736745886655
4 0.07312614259597806
7 0.06946983546617916
8 0.03290676416819013
0 0.031078610603290677
2 0.027422303473491772
9 0.021937842778793418
6 0.018281535648994516
1 0.012797074954296161
doc : 73
5 0.5710059171597633
4 0.14644970414201183
7 0.10207100591715976
0 0.047337278106508875
8 0.03254437869822485
3 0.029585798816568046
1 0.022189349112426034
9 0.01775147928994083
2 0.01775147928994083
6 0.013313609467455622
doc : 74
7 0.6649484536082474
4 0.06958762886597938
9 0.059278350515463915
5 0.05670103092783505
6 0.03350515463917526
3 0.028350515463917526
8 0.02577319587628866
0 0.02577319587628866
2 0.01804123711340206
1 0.01804123711340206
doc : 75
9 0.9047619047619049
6 0.012422360248447206
8 0.010351966873706004
7 0.010351966873706004
5 0.010351966873706004
4 0.010351966873706004
3 0.010351966873706004
2 0.010351966873706004
1 0.010351966873706004
0 0.010351966873706004
doc : 76
9 0.7950819672131147
6 0.028688524590163935
8 0.02459016393442623
3 0.02459016393442623
0 0.02459016393442623
7 0.020491803278688527
5 0.020491803278688527
4 0.020491803278688527
2 0.020491803278688527
1 0.020491803278688527
doc : 77
0 0.5384615384615384
4 0.17357001972386588
7 0.09467455621301776
6 0.04339250493096647
8 0.02958579881656805
3 0.02958579881656805
5 0.027613412228796846
2 0.025641025641025644
1 0.01972386587771203
9 0.01775147928994083
doc : 78
6 0.8953804347826086
8 0.016304347826086956
4 0.014945652173913044
3 0.014945652173913044
5 0.01358695652173913
9 0.009510869565217392
7 0.009510869565217392
1 0.009510869565217392
2 0.008152173913043478
0 0.008152173913043478
doc : 79
0 0.29372937293729373
2 0.1353135313531353
5 0.12211221122112212
8 0.10561056105610561
4 0.10231023102310231
6 0.0858085808580858
3 0.052805280528052806
7 0.0429042904290429
9 0.033003300330033
1 0.026402640264026403
doc : 80
2 0.5954545454545455
8 0.07727272727272727
7 0.06363636363636363
5 0.05454545454545454
4 0.045454545454545456
9 0.03636363636363636
1 0.03636363636363636
6 0.031818181818181815
3 0.031818181818181815
0 0.02727272727272727
doc : 81
7 0.8137254901960784
2 0.05065359477124183
3 0.022875816993464054
1 0.022875816993464054
4 0.021241830065359478
8 0.01797385620915033
9 0.014705882352941176
6 0.014705882352941176
0 0.013071895424836602
5 0.008169934640522876
doc : 82
2 0.46356275303643724
6 0.12550607287449392
1 0.10526315789473684
7 0.08097165991902834
5 0.06275303643724696
4 0.04251012145748988
0 0.04048582995951417
3 0.03441295546558704
9 0.022267206477732795
8 0.022267206477732795
doc : 83
6 0.9240121580547113
8 0.010638297872340425
9 0.00911854103343465
4 0.00911854103343465
3 0.00911854103343465
7 0.007598784194528876
5 0.007598784194528876
2 0.007598784194528876
1 0.007598784194528876
0 0.007598784194528876
doc : 84
6 0.8842652795838751
4 0.032509752925877766
8 0.014304291287386216
0 0.013003901170351106
5 0.011703511053315995
9 0.010403120936280884
7 0.010403120936280884
1 0.009102730819245773
2 0.007802340702210663
3 0.006501950585175553
doc : 85
9 0.12698412698412698
7 0.12698412698412698
5 0.1111111111111111
4 0.1111111111111111
8 0.09523809523809523
6 0.09523809523809523
2 0.09523809523809523
3 0.07936507936507936
1 0.07936507936507936
0 0.07936507936507936
doc : 86
2 0.775
0 0.051470588235294115
4 0.03529411764705882
5 0.030882352941176472
1 0.029411764705882353
3 0.023529411764705882
6 0.01764705882352941
9 0.014705882352941176
7 0.014705882352941176
8 0.007352941176470588
doc : 87
2 0.5391061452513967
4 0.1787709497206704
8 0.06145251396648045
0 0.05865921787709497
7 0.04189944134078213
3 0.02793296089385475
1 0.025139664804469275
9 0.0223463687150838
6 0.0223463687150838
5 0.0223463687150838
doc : 88
2 0.7093596059113301
5 0.07389162561576355
0 0.0665024630541872
4 0.03201970443349754
6 0.024630541871921183
7 0.022167487684729065
1 0.019704433497536946
9 0.017241379310344827
8 0.017241379310344827
3 0.017241379310344827
doc : 89
0 0.706605222734255
2 0.06605222734254992
7 0.04915514592933948
4 0.039938556067588324
6 0.03840245775729647
5 0.026113671274961597
3 0.021505376344086023
9 0.019969278033794162
8 0.016897081413210446
1 0.015360983102918587
doc : 90
1 0.9323882224645583
4 0.04013086150490731
7 0.0056706652126499455
0 0.0054525627044711015
5 0.003489640130861505
2 0.003489640130861505
8 0.003271537622682661
3 0.0026172300981461287
9 0.0017448200654307524
6 0.0017448200654307524
doc : 91
0 0.9130434782608695
1 0.012925969447708578
7 0.011750881316098707
5 0.010575793184488836
4 0.010575793184488836
2 0.010575793184488836
8 0.009400705052878966
9 0.007050528789659224
6 0.007050528789659224
3 0.007050528789659224
doc : 92
9 0.9880636604774535
8 0.001326259946949602
7 0.001326259946949602
6 0.001326259946949602
5 0.001326259946949602
4 0.001326259946949602
3 0.001326259946949602
2 0.001326259946949602
1 0.001326259946949602
0 0.001326259946949602
doc : 93
0 0.5466666666666667
8 0.060000000000000005
4 0.060000000000000005
6 0.05333333333333334
1 0.05333333333333334
9 0.04666666666666667
5 0.04666666666666667
3 0.04666666666666667
2 0.04666666666666667
7 0.04
doc : 94
0 0.9058064516129032
7 0.016774193548387096
1 0.015483870967741935
4 0.012903225806451613
8 0.01032258064516129
6 0.00903225806451613
9 0.007741935483870968
5 0.007741935483870968
2 0.007741935483870968
3 0.0064516129032258064
doc : 95
5 0.5972451790633608
8 0.22920110192837465
4 0.0837465564738292
3 0.0396694214876033
0 0.016528925619834708
9 0.008815426997245178
2 0.008264462809917354
6 0.00606060606060606
7 0.005509641873278236
1 0.004958677685950413
doc : 96
6 0.9239598278335726
9 0.010043041606886658
8 0.010043041606886658
7 0.010043041606886658
0 0.010043041606886658
5 0.007173601147776184
4 0.007173601147776184
3 0.007173601147776184
2 0.007173601147776184
1 0.007173601147776184
doc : 97
6 0.9038189533239038
4 0.018387553041018388
3 0.014144271570014145
5 0.01272984441301273
8 0.011315417256011316
2 0.009900990099009901
0 0.008486562942008486
9 0.007072135785007073
7 0.007072135785007073
1 0.007072135785007073
doc : 98
7 0.8561452513966481
4 0.03770949720670391
8 0.023743016759776536
0 0.018156424581005588
5 0.013966480446927375
1 0.012569832402234637
6 0.0111731843575419
9 0.009776536312849162
2 0.009776536312849162
3 0.006983240223463688
doc : 99
5 0.47191011235955055
7 0.32263242375601925
4 0.060995184590690206
2 0.03691813804173355
0 0.030497592295345103
8 0.02086677367576244
6 0.01765650080256822
1 0.016051364365971106
3 0.014446227929373997
9 0.008025682182985553
