doc : 0
2 0.3157894736842105
8 0.18045112781954886
1 0.10526315789473684
6 0.08270676691729323
9 0.06766917293233082
3 0.06766917293233082
0 0.05263157894736842
7 0.045112781954887216
4 0.045112781954887216
5 0.03759398496240601
doc : 1
3 0.3207547169811321
8 0.17610062893081763
7 0.10062893081761007
2 0.08805031446540881
5 0.06918238993710692
6 0.06289308176100629
1 0.050314465408805034
9 0.04402515723270441
4 0.04402515723270441
0 0.04402515723270441
doc : 2
8 0.8350253807106598
1 0.027918781725888322
2 0.025380710659898477
3 0.02284263959390863
7 0.02030456852791878
5 0.017766497461928932
9 0.012690355329949238
6 0.012690355329949238
4 0.012690355329949238
0 0.012690355329949238
doc : 3
8 0.8299492385786802
3 0.03045685279187817
7 0.027918781725888322
2 0.025380710659898477
5 0.017766497461928932
9 0.015228426395939085
0 0.015228426395939085
6 0.012690355329949238
4 0.012690355329949238
1 0.012690355329949238
doc : 4
8 0.793103448275862
7 0.03761755485893417
6 0.025078369905956112
5 0.025078369905956112
4 0.0219435736677116
3 0.0219435736677116
0 0.0219435736677116
2 0.018808777429467086
1 0.018808777429467086
9 0.01567398119122257
doc : 5
8 0.8384615384615385
7 0.023076923076923078
9 0.020512820512820513
3 0.020512820512820513
2 0.020512820512820513
1 0.020512820512820513
5 0.017948717948717947
6 0.01282051282051282
4 0.01282051282051282
0 0.01282051282051282
doc : 6
0 0.27835051546391754
4 0.1134020618556701
5 0.10309278350515463
9 0.09278350515463918
2 0.09278350515463918
6 0.07216494845360824
3 0.07216494845360824
1 0.07216494845360824
8 0.05154639175257732
7 0.05154639175257732
doc : 7
2 0.7467248908296943
8 0.03930131004366812
4 0.034934497816593885
1 0.03056768558951965
7 0.026200873362445413
6 0.026200873362445413
3 0.026200873362445413
0 0.026200873362445413
9 0.021834061135371178
5 0.021834061135371178
doc : 8
2 0.7345971563981043
8 0.05213270142180095
6 0.037914691943127965
4 0.028436018957345974
0 0.028436018957345974
9 0.023696682464454978
7 0.023696682464454978
5 0.023696682464454978
3 0.023696682464454978
1 0.023696682464454978
doc : 9
8 0.8301369863013699
7 0.0273972602739726
2 0.0273972602739726
3 0.021917808219178082
6 0.016438356164383564
5 0.016438356164383564
4 0.016438356164383564
1 0.016438356164383564
9 0.0136986301369863
0 0.0136986301369863
doc : 10
3 0.3157894736842105
7 0.15789473684210525
2 0.13157894736842105
8 0.09868421052631579
5 0.07236842105263158
6 0.05263157894736842
4 0.05263157894736842
1 0.046052631578947366
9 0.039473684210526314
0 0.03289473684210526
doc : 11
3 0.3157894736842105
8 0.1907894736842105
7 0.125
5 0.07894736842105263
6 0.05921052631578947
9 0.05263157894736842
4 0.05263157894736842
2 0.046052631578947366
1 0.046052631578947366
0 0.03289473684210526
doc : 12
4 0.4124293785310734
0 0.1694915254237288
5 0.0790960451977401
6 0.06214689265536723
2 0.05649717514124294
8 0.05084745762711865
1 0.05084745762711865
7 0.04519774011299435
3 0.03954802259887005
9 0.03389830508474576
doc : 13
5 0.2730923694779116
2 0.1686746987951807
8 0.14859437751004015
3 0.1004016064257028
9 0.07630522088353413
6 0.056224899598393566
4 0.056224899598393566
7 0.048192771084337345
1 0.04417670682730923
0 0.028112449799196783
doc : 14
2 0.4123222748815166
3 0.24644549763033177
8 0.13744075829383887
1 0.047393364928909956
0 0.03317535545023697
5 0.028436018957345974
9 0.023696682464454978
7 0.023696682464454978
6 0.023696682464454978
4 0.023696682464454978
doc : 15
3 0.26146788990825687
8 0.16055045871559634
7 0.1559633027522936
5 0.11926605504587157
2 0.08256880733944955
1 0.06422018348623854
6 0.04128440366972477
4 0.04128440366972477
9 0.03669724770642202
0 0.03669724770642202
doc : 16
3 0.375
8 0.1907894736842105
2 0.125
7 0.06578947368421052
1 0.05263157894736842
5 0.046052631578947366
9 0.039473684210526314
6 0.039473684210526314
4 0.03289473684210526
0 0.03289473684210526
doc : 17
7 0.8903903903903904
8 0.02252252252252252
3 0.016516516516516516
2 0.013513513513513514
4 0.012012012012012012
9 0.01051051051051051
5 0.01051051051051051
6 0.009009009009009009
1 0.0075075075075075074
0 0.0075075075075075074
doc : 18
4 0.6721763085399449
8 0.06336088154269973
6 0.06336088154269973
5 0.03856749311294766
3 0.03856749311294766
1 0.030303030303030304
7 0.027548209366391185
0 0.024793388429752067
2 0.02203856749311295
9 0.01928374655647383
doc : 19
7 0.8661417322834646
8 0.025590551181102362
9 0.017716535433070866
4 0.017716535433070866
3 0.015748031496062992
2 0.013779527559055118
5 0.011811023622047244
1 0.011811023622047244
6 0.00984251968503937
0 0.00984251968503937
doc : 20
5 0.752
7 0.06
3 0.036000000000000004
9 0.024
8 0.024
2 0.024
6 0.02
4 0.02
1 0.02
0 0.02
doc : 21
5 0.74
7 0.06
1 0.032
9 0.028
6 0.028
0 0.028
3 0.024
8 0.02
4 0.02
2 0.02
doc : 22
8 0.7397260273972602
1 0.07534246575342465
3 0.0410958904109589
2 0.03881278538812785
7 0.02511415525114155
5 0.0182648401826484
0 0.0182648401826484
9 0.01598173515981735
4 0.01598173515981735
6 0.01141552511415525
doc : 23
1 0.8097447795823666
8 0.03480278422273782
6 0.03248259860788863
3 0.025522041763341066
7 0.018561484918793503
5 0.018561484918793503
4 0.016241299303944315
0 0.016241299303944315
9 0.013921113689095127
2 0.013921113689095127
doc : 24
1 0.6414342629482072
9 0.05976095617529881
8 0.04780876494023904
6 0.04780876494023904
3 0.04780876494023904
4 0.0398406374501992
0 0.03585657370517928
7 0.03187250996015936
2 0.027888446215139442
5 0.0199203187250996
doc : 25
6 0.49122807017543857
2 0.09649122807017543
8 0.07894736842105263
5 0.07456140350877193
3 0.06578947368421052
4 0.05263157894736842
0 0.039473684210526314
7 0.03508771929824561
1 0.03508771929824561
9 0.03070175438596491
doc : 26
2 0.3271604938271605
7 0.13580246913580246
3 0.11728395061728394
6 0.06790123456790123
4 0.06790123456790123
8 0.06172839506172839
0 0.06172839506172839
9 0.05555555555555555
1 0.05555555555555555
5 0.04938271604938271
doc : 27
4 0.5471698113207547
0 0.1018867924528302
3 0.07169811320754717
6 0.06792452830188679
1 0.05660377358490566
2 0.04150943396226415
5 0.03773584905660377
7 0.03018867924528302
9 0.022641509433962266
8 0.022641509433962266
doc : 28
4 0.3333333333333333
8 0.19858156028368795
7 0.0851063829787234
9 0.07092198581560283
2 0.07092198581560283
1 0.05673758865248227
5 0.04964539007092199
3 0.04964539007092199
6 0.0425531914893617
0 0.0425531914893617
doc : 29
7 0.7756497948016415
8 0.0533515731874145
1 0.036935704514363885
0 0.036935704514363885
5 0.023255813953488372
6 0.02051983584131327
3 0.015047879616963064
2 0.015047879616963064
4 0.013679890560875513
9 0.009575923392612859
doc : 30
7 0.8930722891566265
8 0.01957831325301205
1 0.015060240963855422
5 0.01355421686746988
3 0.01355421686746988
9 0.012048192771084338
6 0.009036144578313254
2 0.009036144578313254
4 0.007530120481927711
0 0.007530120481927711
doc : 31
7 0.8495212038303693
8 0.04514363885088919
5 0.03283173734610123
4 0.012311901504787962
6 0.01094391244870041
3 0.01094391244870041
9 0.009575923392612859
2 0.009575923392612859
1 0.009575923392612859
0 0.009575923392612859
doc : 32
1 0.7615384615384616
8 0.038461538461538464
7 0.03461538461538462
3 0.03076923076923077
2 0.03076923076923077
6 0.026923076923076925
9 0.019230769230769232
5 0.019230769230769232
4 0.019230769230769232
0 0.019230769230769232
doc : 33
1 0.5772058823529411
9 0.14338235294117646
8 0.05514705882352941
2 0.04044117647058824
7 0.03676470588235294
3 0.03308823529411765
6 0.029411764705882353
4 0.029411764705882353
0 0.029411764705882353
5 0.025735294117647058
doc : 34
1 0.8583690987124464
3 0.02145922746781116
8 0.019313304721030045
4 0.017167381974248927
9 0.015021459227467811
5 0.015021459227467811
2 0.015021459227467811
7 0.012875536480686695
6 0.012875536480686695
0 0.012875536480686695
doc : 35
0 0.5345454545454545
7 0.07636363636363637
5 0.07272727272727272
3 0.07272727272727272
2 0.05454545454545454
8 0.05090909090909091
4 0.04727272727272727
1 0.04363636363636364
6 0.025454545454545455
9 0.02181818181818182
doc : 36
0 0.3178294573643411
2 0.13178294573643412
8 0.12403100775193798
3 0.10077519379844961
7 0.07751937984496124
4 0.06201550387596899
1 0.06201550387596899
6 0.046511627906976744
9 0.03875968992248062
5 0.03875968992248062
doc : 37
2 0.4507042253521127
3 0.1267605633802817
0 0.09154929577464789
8 0.06338028169014084
7 0.04929577464788733
5 0.04929577464788733
9 0.04225352112676056
6 0.04225352112676056
4 0.04225352112676056
1 0.04225352112676056
doc : 38
6 0.7872062663185379
2 0.03263707571801567
7 0.030026109660574413
8 0.028720626631853787
5 0.02349869451697128
3 0.020887728459530026
1 0.020887728459530026
0 0.020887728459530026
4 0.0195822454308094
9 0.01566579634464752
doc : 39
2 0.6214953271028036
5 0.05607476635514018
0 0.05607476635514018
7 0.04672897196261682
9 0.04205607476635514
3 0.04205607476635514
8 0.037383177570093455
6 0.037383177570093455
1 0.03271028037383177
4 0.02803738317757009
doc : 40
1 0.8267326732673267
3 0.027227722772277228
4 0.024752475247524754
6 0.022277227722772276
8 0.019801980198019802
7 0.017326732673267328
0 0.017326732673267328
9 0.01485148514851485
5 0.01485148514851485
2 0.01485148514851485
doc : 41
1 0.31693989071038253
3 0.19672131147540983
8 0.16939890710382513
4 0.060109289617486336
7 0.0546448087431694
2 0.0546448087431694
9 0.04371584699453552
6 0.04371584699453552
5 0.03278688524590164
0 0.0273224043715847
doc : 42
8 0.61328125
3 0.09765625
2 0.08203125
5 0.046875
6 0.03125
9 0.02734375
7 0.02734375
4 0.02734375
0 0.02734375
1 0.01953125
doc : 43
2 0.47058823529411764
3 0.09803921568627451
9 0.06862745098039216
8 0.06862745098039216
5 0.06372549019607843
6 0.058823529411764705
0 0.058823529411764705
4 0.049019607843137254
1 0.0392156862745098
7 0.024509803921568627
doc : 44
2 0.3941605839416058
3 0.1386861313868613
0 0.0948905109489051
4 0.08029197080291971
6 0.06569343065693431
8 0.051094890510948905
1 0.051094890510948905
9 0.043795620437956206
7 0.043795620437956206
5 0.0364963503649635
doc : 45
3 0.7758241758241758
0 0.035164835164835165
8 0.03296703296703297
5 0.03296703296703297
4 0.026373626373626374
2 0.024175824175824177
7 0.01978021978021978
6 0.01978021978021978
9 0.017582417582417582
1 0.015384615384615385
doc : 46
0 0.9066534260178748
8 0.016881827209533268
9 0.012909632571996028
4 0.010923535253227408
6 0.009930486593843098
1 0.009930486593843098
5 0.008937437934458788
2 0.008937437934458788
3 0.007944389275074478
7 0.006951340615690168
doc : 47
3 0.5206812652068127
8 0.13138686131386862
1 0.08515815085158152
7 0.06082725060827251
2 0.046228710462287104
4 0.0413625304136253
5 0.038929440389294405
0 0.029197080291970802
6 0.026763990267639905
9 0.019464720194647202
doc : 48
9 0.9297716501507971
8 0.017664799655320983
0 0.008616975441619991
5 0.007755277897457992
3 0.007755277897457992
2 0.007324429125376992
7 0.006031882809133994
4 0.005601034037052994
1 0.005170185264971995
6 0.004308487720809996
doc : 49
1 0.7747035573122529
8 0.043478260869565216
2 0.03162055335968379
4 0.02569169960474308
9 0.023715415019762844
6 0.023715415019762844
5 0.023715415019762844
3 0.023715415019762844
7 0.01976284584980237
0 0.009881422924901184
