doc : 0
0 0.5192982456140351
6 0.1649122807017544
2 0.056140350877192984
9 0.052631578947368425
1 0.04912280701754386
7 0.03508771929824561
5 0.03508771929824561
3 0.03508771929824561
4 0.031578947368421054
8 0.021052631578947368
doc : 1
2 0.7809388335704126
0 0.09672830725462304
5 0.029871977240398296
9 0.01849217638691323
6 0.015647226173541962
3 0.01422475106685633
8 0.012802275960170698
1 0.011379800853485065
7 0.00995732574679943
4 0.00995732574679943
doc : 2
1 0.43015521064301554
4 0.1662971175166297
7 0.15299334811529933
9 0.07982261640798226
3 0.03991130820399113
5 0.03325942350332594
2 0.031042128603104215
0 0.031042128603104215
8 0.017738359201773836
6 0.017738359201773836
doc : 3
5 0.47835990888382685
7 0.19817767653758542
9 0.08200455580865604
1 0.0592255125284738
4 0.05011389521640091
2 0.04100227790432802
6 0.03189066059225512
0 0.02733485193621868
8 0.01594533029612756
3 0.01594533029612756
doc : 4
5 0.7633136094674556
1 0.06390532544378698
9 0.04970414201183432
2 0.046153846153846156
0 0.020118343195266272
3 0.014201183431952664
7 0.011834319526627219
6 0.011834319526627219
8 0.009467455621301775
4 0.009467455621301775
doc : 5
1 0.8974739970282317
9 0.017830609212481426
8 0.01337295690936107
4 0.01337295690936107
5 0.01188707280832095
6 0.010401188707280832
0 0.010401188707280832
3 0.008915304606240713
2 0.008915304606240713
7 0.007429420505200594
doc : 6
4 0.8834080717488789
1 0.022421524663677132
9 0.017937219730941704
2 0.016442451420029897
0 0.014947683109118088
5 0.013452914798206279
7 0.008968609865470852
8 0.007473841554559044
6 0.007473841554559044
3 0.007473841554559044
doc : 7
9 0.682819383259912
7 0.05726872246696036
6 0.039647577092511016
0 0.039647577092511016
3 0.03524229074889868
2 0.03524229074889868
5 0.030837004405286347
1 0.030837004405286347
4 0.026431718061674013
8 0.022026431718061675
doc : 8
9 0.6774193548387096
4 0.04838709677419355
7 0.04032258064516129
6 0.04032258064516129
1 0.04032258064516129
8 0.03629032258064516
3 0.03629032258064516
2 0.03629032258064516
5 0.024193548387096774
0 0.020161290322580645
doc : 9
1 0.9039881831610045
5 0.014771048744460858
4 0.013293943870014771
9 0.011816838995568686
2 0.011816838995568686
0 0.010339734121122601
8 0.008862629246676515
6 0.008862629246676515
3 0.008862629246676515
7 0.007385524372230429
doc : 10
0 0.7465753424657534
6 0.07191780821917808
1 0.030821917808219176
5 0.0273972602739726
4 0.0273972602739726
2 0.023972602739726026
3 0.02054794520547945
9 0.017123287671232876
8 0.017123287671232876
7 0.017123287671232876
doc : 11
7 0.36363636363636365
1 0.14049586776859505
6 0.08264462809917356
9 0.0743801652892562
8 0.0743801652892562
5 0.05785123966942149
4 0.05785123966942149
3 0.049586776859504134
2 0.049586776859504134
0 0.049586776859504134
doc : 12
6 0.19727891156462585
0 0.17687074829931973
9 0.10884353741496598
2 0.10884353741496598
5 0.10204081632653061
7 0.09523809523809523
4 0.06802721088435373
3 0.061224489795918366
8 0.047619047619047616
1 0.03401360544217687
doc : 13
2 0.8315467075038285
0 0.045941807044410414
7 0.022970903522205207
6 0.018376722817764167
5 0.018376722817764167
1 0.016845329249617153
9 0.013782542113323125
3 0.01225114854517611
8 0.010719754977029096
4 0.009188361408882083
doc : 14
3 0.6920289855072463
0 0.06884057971014493
9 0.03985507246376812
6 0.03985507246376812
4 0.036231884057971016
2 0.028985507246376812
7 0.025362318840579712
5 0.025362318840579712
8 0.021739130434782608
1 0.021739130434782608
doc : 15
3 0.7348484848484849
6 0.05681818181818182
7 0.03409090909090909
0 0.03409090909090909
8 0.030303030303030304
5 0.026515151515151516
2 0.026515151515151516
9 0.01893939393939394
4 0.01893939393939394
1 0.01893939393939394
doc : 16
7 0.5084745762711864
4 0.15254237288135594
1 0.08050847457627118
9 0.07627118644067797
5 0.038135593220338986
2 0.038135593220338986
6 0.029661016949152543
3 0.029661016949152543
8 0.025423728813559324
0 0.0211864406779661
doc : 17
9 0.8388214904679375
5 0.05545927209705372
0 0.020797227036395145
4 0.01733102253032929
2 0.01386481802426343
8 0.012131715771230503
6 0.012131715771230503
7 0.010398613518197573
1 0.010398613518197573
3 0.008665511265164644
doc : 18
9 0.6943231441048034
1 0.05240174672489083
7 0.034934497816593885
5 0.034934497816593885
4 0.034934497816593885
3 0.034934497816593885
0 0.034934497816593885
6 0.03056768558951965
8 0.026200873362445413
2 0.021834061135371178
doc : 19
4 0.42142857142857143
9 0.15
1 0.14285714285714285
7 0.049999999999999996
5 0.049999999999999996
0 0.04285714285714286
8 0.03571428571428571
6 0.03571428571428571
3 0.03571428571428571
2 0.03571428571428571
doc : 20
4 0.41891891891891897
1 0.18243243243243246
9 0.10810810810810811
5 0.060810810810810814
2 0.0472972972972973
6 0.04054054054054054
0 0.04054054054054054
8 0.033783783783783786
7 0.033783783783783786
3 0.033783783783783786
doc : 21
1 0.7560975609756098
4 0.08048780487804878
9 0.024390243902439025
7 0.024390243902439025
0 0.024390243902439025
5 0.02195121951219512
6 0.01951219512195122
8 0.01707317073170732
3 0.01707317073170732
2 0.014634146341463414
doc : 22
1 0.7821782178217822
4 0.0594059405940594
5 0.034653465346534656
9 0.0297029702970297
8 0.017326732673267328
7 0.017326732673267328
0 0.017326732673267328
6 0.01485148514851485
2 0.01485148514851485
3 0.012376237623762377
doc : 23
8 0.9543023821098687
3 0.008750607681088964
9 0.008264462809917356
5 0.0053475935828877
4 0.004861448711716091
2 0.004375303840544482
1 0.003889158969372873
0 0.003889158969372873
7 0.0034030140982012637
6 0.0029168692270296545
doc : 24
8 0.951984321411073
9 0.010779029887310141
5 0.006369426751592357
6 0.005879470847623714
3 0.005879470847623714
1 0.0053895149436550705
7 0.004409603135717786
2 0.0039196472317491425
0 0.002939735423811857
4 0.002449779519843214
doc : 25
1 0.521891418563923
9 0.1646234676007005
5 0.15411558669001751
4 0.05253940455341506
2 0.03502626970227671
7 0.024518388791593695
8 0.014010507880910683
6 0.014010507880910683
3 0.010507880910683012
0 0.008756567425569177
doc : 26
0 0.849537037037037
6 0.05401234567901234
9 0.02546296296296296
2 0.022376543209876542
5 0.010802469135802469
1 0.010030864197530864
4 0.008487654320987654
7 0.007716049382716049
8 0.006944444444444444
3 0.004629629629629629
doc : 27
7 0.44571428571428573
9 0.12
1 0.09714285714285714
5 0.05714285714285714
3 0.05714285714285714
0 0.05714285714285714
6 0.05142857142857143
8 0.04
4 0.04
2 0.03428571428571429
doc : 28
7 0.39759036144578314
5 0.14759036144578314
9 0.09036144578313253
1 0.08734939759036145
2 0.06626506024096386
4 0.05421686746987952
6 0.05120481927710844
3 0.0391566265060241
0 0.0391566265060241
8 0.02710843373493976
doc : 29
5 0.5112107623318386
9 0.08520179372197309
1 0.08520179372197309
7 0.07174887892376682
6 0.04932735426008968
4 0.04932735426008968
8 0.04484304932735426
2 0.03587443946188341
0 0.03587443946188341
3 0.03139013452914798
doc : 30
5 0.8693284936479129
9 0.023593466424682394
1 0.023593466424682394
4 0.018148820326678763
7 0.014519056261343012
8 0.010889292196007259
3 0.010889292196007259
2 0.010889292196007259
6 0.009074410163339382
0 0.009074410163339382
doc : 31
3 0.7149817295980511
7 0.09135200974421437
6 0.07429963459196103
2 0.03288672350791717
0 0.0194884287454324
9 0.018270401948842874
4 0.018270401948842874
8 0.010962241169305723
1 0.010962241169305723
5 0.008526187576126675
doc : 32
9 0.6891891891891891
5 0.04954954954954955
7 0.04504504504504504
6 0.04054054054054054
1 0.036036036036036036
3 0.03153153153153153
8 0.02702702702702703
4 0.02702702702702703
2 0.02702702702702703
0 0.02702702702702703
doc : 33
5 0.5213675213675214
7 0.12820512820512822
1 0.07122507122507123
4 0.06552706552706553
0 0.05128205128205129
9 0.045584045584045586
3 0.039886039886039885
8 0.025641025641025644
6 0.025641025641025644
2 0.025641025641025644
doc : 34
9 0.8603448275862069
5 0.029310344827586206
1 0.01896551724137931
6 0.017241379310344827
4 0.015517241379310345
2 0.013793103448275862
8 0.01206896551724138
7 0.01206896551724138
0 0.01206896551724138
3 0.008620689655172414
doc : 35
9 0.656387665198238
4 0.07048458149779736
1 0.061674008810572695
8 0.03524229074889868
7 0.03524229074889868
5 0.03524229074889868
2 0.030837004405286347
6 0.026431718061674013
0 0.026431718061674013
3 0.022026431718061675
doc : 36
9 0.5871559633027523
4 0.0963302752293578
1 0.0779816513761468
5 0.05045871559633028
6 0.03669724770642202
0 0.03669724770642202
8 0.03211009174311927
7 0.027522935779816515
3 0.027522935779816515
2 0.027522935779816515
doc : 37
4 0.34285714285714286
9 0.18571428571428572
1 0.18571428571428572
5 0.049999999999999996
2 0.049999999999999996
6 0.04285714285714286
8 0.03571428571428571
7 0.03571428571428571
3 0.03571428571428571
0 0.03571428571428571
doc : 38
8 0.3377659574468085
3 0.28723404255319146
4 0.11170212765957446
1 0.06648936170212766
9 0.045212765957446804
7 0.0398936170212766
2 0.031914893617021274
6 0.02925531914893617
5 0.02925531914893617
0 0.02127659574468085
doc : 39
9 0.13953488372093023
5 0.13953488372093023
2 0.12790697674418605
7 0.11627906976744186
3 0.11627906976744186
6 0.08139534883720931
8 0.06976744186046512
4 0.06976744186046512
1 0.06976744186046512
0 0.06976744186046512
doc : 40
4 0.9042386185243328
9 0.017268445839874413
3 0.012558869701726845
1 0.012558869701726845
5 0.01098901098901099
8 0.009419152276295134
2 0.009419152276295134
7 0.007849293563579279
6 0.007849293563579279
0 0.007849293563579279
doc : 41
6 0.7695749440715883
0 0.10738255033557047
7 0.026845637583892617
1 0.017897091722595078
5 0.015659955257270694
9 0.013422818791946308
8 0.013422818791946308
2 0.013422818791946308
4 0.011185682326621923
3 0.011185682326621923
doc : 42
6 0.8490196078431372
0 0.023529411764705882
7 0.0196078431372549
5 0.0196078431372549
9 0.01568627450980392
3 0.01568627450980392
1 0.01568627450980392
8 0.013725490196078431
4 0.013725490196078431
2 0.013725490196078431
doc : 43
2 0.7995991983967935
4 0.05110220440881763
9 0.03206412825651302
0 0.03106212424849699
7 0.03006012024048096
1 0.018036072144288574
3 0.013026052104208416
5 0.011022044088176352
6 0.008016032064128256
8 0.0060120240480961915
doc : 44
1 0.45138888888888884
5 0.1898148148148148
4 0.10648148148148148
9 0.07407407407407407
2 0.0625
6 0.041666666666666664
3 0.023148148148148147
7 0.018518518518518517
0 0.018518518518518517
8 0.013888888888888888
doc : 45
3 0.7238658777120316
6 0.09861932938856016
8 0.045364891518737675
0 0.03353057199211046
9 0.01972386587771203
7 0.01972386587771203
5 0.015779092702169626
4 0.015779092702169626
1 0.015779092702169626
2 0.01183431952662722
doc : 46
7 0.6666666666666667
9 0.06148867313915858
2 0.05825242718446602
3 0.04854368932038835
1 0.042071197411003236
4 0.03236245954692557
8 0.025889967637540454
6 0.022653721682847898
5 0.022653721682847898
0 0.01941747572815534
doc : 47
7 0.6619718309859155
2 0.10422535211267606
9 0.05070422535211268
6 0.04507042253521127
5 0.028169014084507043
1 0.028169014084507043
4 0.02535211267605634
0 0.022535211267605635
8 0.01971830985915493
3 0.014084507042253521
doc : 48
5 0.8747731397459165
1 0.029038112522686024
4 0.018148820326678763
2 0.014519056261343012
9 0.012704174228675136
3 0.012704174228675136
7 0.010889292196007259
8 0.009074410163339382
6 0.009074410163339382
0 0.009074410163339382
doc : 49
3 0.6875
7 0.05681818181818182
0 0.03977272727272727
9 0.03409090909090909
5 0.03409090909090909
4 0.03409090909090909
8 0.02840909090909091
6 0.02840909090909091
2 0.02840909090909091
1 0.02840909090909091
