doc : 0
8 0.8514851485148515
5 0.0297029702970297
0 0.018151815181518153
6 0.0165016501650165
4 0.0165016501650165
2 0.0165016501650165
9 0.01485148514851485
7 0.01485148514851485
3 0.011551155115511552
1 0.009900990099009901
doc : 1
8 0.8377535101404057
4 0.0327613104524181
7 0.0234009360374415
3 0.0202808112324493
1 0.0202808112324493
6 0.015600624024960999
5 0.015600624024960999
2 0.015600624024960999
9 0.0093603744149766
0 0.0093603744149766
doc : 2
8 0.845117845117845
6 0.0303030303030303
4 0.025252525252525252
7 0.018518518518518517
9 0.01515151515151515
1 0.01515151515151515
5 0.013468013468013467
2 0.013468013468013467
3 0.011784511784511785
0 0.011784511784511785
doc : 3
9 0.7108108108108109
8 0.12432432432432433
5 0.024324324324324326
2 0.024324324324324326
0 0.024324324324324326
3 0.021621621621621623
6 0.01891891891891892
4 0.01891891891891892
1 0.01891891891891892
7 0.013513513513513514
doc : 4
9 0.7543859649122806
8 0.09774436090225563
5 0.02506265664160401
0 0.022556390977443608
6 0.020050125313283207
3 0.020050125313283207
7 0.017543859649122806
4 0.015037593984962405
2 0.015037593984962405
1 0.012531328320802004
doc : 5
8 0.8628472222222222
9 0.020833333333333332
2 0.017361111111111112
7 0.015625
5 0.015625
4 0.013888888888888888
3 0.013888888888888888
1 0.013888888888888888
0 0.013888888888888888
6 0.012152777777777776
doc : 6
8 0.8047244094488188
4 0.07244094488188976
7 0.02047244094488189
2 0.01889763779527559
3 0.01732283464566929
0 0.015748031496062992
9 0.014173228346456693
5 0.014173228346456693
6 0.011023622047244094
1 0.011023622047244094
doc : 7
5 0.6837696335078535
8 0.12356020942408379
7 0.05863874345549739
3 0.04921465968586388
4 0.021989528795811522
0 0.01884816753926702
6 0.01361256544502618
2 0.011518324607329844
1 0.010471204188481676
9 0.008376963350785341
doc : 8
8 0.5208333333333333
9 0.20052083333333331
5 0.0546875
3 0.041666666666666664
1 0.041666666666666664
7 0.03125
4 0.03125
0 0.03125
2 0.028645833333333332
6 0.018229166666666664
doc : 9
8 0.6321070234113713
5 0.07692307692307693
4 0.07357859531772575
7 0.043478260869565216
6 0.03678929765886287
0 0.03678929765886287
1 0.030100334448160536
9 0.026755852842809364
3 0.026755852842809364
2 0.016722408026755852
doc : 10
9 0.5799256505576208
8 0.12639405204460966
4 0.055762081784386616
1 0.055762081784386616
6 0.04460966542750929
2 0.03345724907063197
0 0.02973977695167286
7 0.026022304832713755
3 0.026022304832713755
5 0.022304832713754646
doc : 11
8 0.44368600682593856
5 0.2883959044368601
6 0.040955631399317405
1 0.03924914675767918
0 0.034129692832764506
9 0.03242320819112628
7 0.030716723549488054
4 0.030716723549488054
3 0.030716723549488054
2 0.02901023890784983
doc : 12
8 0.7703862660944206
7 0.04291845493562232
3 0.03862660944206009
4 0.02575107296137339
5 0.023605150214592273
1 0.023605150214592273
2 0.02145922746781116
0 0.019313304721030045
9 0.017167381974248927
6 0.017167381974248927
doc : 13
3 0.7896281800391389
4 0.07338551859099804
7 0.03424657534246575
8 0.029354207436399216
2 0.016634050880626222
1 0.015655577299412915
9 0.011741682974559686
5 0.011741682974559686
6 0.009784735812133072
0 0.007827788649706457
doc : 14
8 0.34269662921348315
0 0.22284644194756553
5 0.11797752808988764
7 0.08426966292134831
9 0.0599250936329588
4 0.054307116104868915
1 0.04307116104868914
2 0.03745318352059925
6 0.018726591760299626
3 0.018726591760299626
doc : 15
3 0.49068901303538176
8 0.2271880819366853
5 0.13966480446927373
7 0.04934823091247672
1 0.028864059590316574
2 0.0186219739292365
0 0.0148975791433892
6 0.0111731843575419
9 0.010242085661080074
4 0.00931098696461825
doc : 16
8 0.515228426395939
4 0.09898477157360405
0 0.07868020304568528
5 0.06598984771573603
6 0.053299492385786795
2 0.04314720812182741
3 0.04060913705583756
1 0.04060913705583756
7 0.03807106598984771
9 0.025380710659898477
doc : 17
8 0.524390243902439
4 0.11382113821138212
7 0.0894308943089431
6 0.06097560975609757
0 0.05691056910569106
2 0.04065040650406505
1 0.032520325203252036
9 0.02845528455284553
5 0.02845528455284553
3 0.024390243902439025
doc : 18
3 0.7474892395982784
4 0.07173601147776185
8 0.06025824964131995
7 0.03443328550932569
0 0.01865136298421808
5 0.017216642754662843
9 0.015781922525107604
1 0.014347202295552367
2 0.01291248206599713
6 0.007173601147776184
doc : 19
8 0.408675799086758
5 0.3515981735159817
0 0.0547945205479452
1 0.04794520547945205
3 0.0273972602739726
9 0.02511415525114155
6 0.02511415525114155
4 0.0228310502283105
7 0.0182648401826484
2 0.0182648401826484
doc : 20
2 0.7272727272727273
9 0.049999999999999996
5 0.04318181818181818
8 0.038636363636363635
0 0.03409090909090909
1 0.029545454545454545
3 0.02727272727272727
7 0.022727272727272728
6 0.013636363636363636
4 0.013636363636363636
doc : 21
4 0.451417004048583
3 0.10323886639676114
5 0.09716599190283401
1 0.08502024291497975
0 0.07894736842105263
7 0.058704453441295545
8 0.048582995951417005
9 0.03441295546558704
6 0.02631578947368421
2 0.016194331983805668
doc : 22
9 0.6904761904761905
3 0.047619047619047616
7 0.041666666666666664
6 0.041666666666666664
8 0.03571428571428571
2 0.03571428571428571
5 0.02976190476190476
0 0.02976190476190476
1 0.026785714285714284
4 0.020833333333333332
doc : 23
1 0.45586708203530635
8 0.2866043613707165
5 0.06645898234683281
7 0.05088265835929387
6 0.035306334371754934
4 0.030114226375908618
0 0.028037383177570093
9 0.018691588785046728
2 0.018691588785046728
3 0.009345794392523364
doc : 24
8 0.6204819277108434
4 0.0963855421686747
7 0.07530120481927711
5 0.05120481927710844
3 0.03614457831325302
1 0.03313253012048193
6 0.024096385542168676
0 0.024096385542168676
9 0.021084337349397592
2 0.01807228915662651
doc : 25
7 0.5747282608695652
8 0.08423913043478261
4 0.08288043478260869
9 0.05570652173913043
5 0.04076086956521739
0 0.04076086956521739
1 0.03940217391304348
3 0.03668478260869565
2 0.028532608695652172
6 0.016304347826086956
doc : 26
0 0.2878787878787879
8 0.20833333333333334
4 0.1553030303030303
2 0.08333333333333334
7 0.06439393939393939
5 0.06060606060606061
9 0.04924242424242424
1 0.03787878787878788
6 0.030303030303030304
3 0.022727272727272728
doc : 27
4 0.7124463519313304
9 0.05686695278969957
8 0.04291845493562232
2 0.034334763948497854
3 0.030042918454935622
1 0.028969957081545063
6 0.02682403433476395
5 0.02575107296137339
7 0.02145922746781116
0 0.0203862660944206
doc : 28
3 0.6387832699619771
8 0.18377693282636248
7 0.06337135614702154
4 0.04562737642585551
1 0.01520912547528517
5 0.012674271229404309
6 0.011406844106463877
2 0.011406844106463877
9 0.008871989860583017
0 0.008871989860583017
doc : 29
6 0.7758007117437722
9 0.03914590747330961
4 0.028469750889679714
0 0.028469750889679714
8 0.02491103202846975
5 0.021352313167259787
3 0.021352313167259787
2 0.021352313167259787
1 0.021352313167259787
7 0.01779359430604982
doc : 30
6 0.9185823754789272
2 0.016283524904214558
7 0.012452107279693486
8 0.009578544061302681
5 0.007662835249042145
3 0.007662835249042145
1 0.007662835249042145
0 0.007662835249042145
4 0.006704980842911877
9 0.005747126436781609
doc : 31
6 0.8911845730027549
9 0.013774104683195593
8 0.013774104683195593
7 0.013774104683195593
3 0.012396694214876033
1 0.012396694214876033
5 0.011019283746556474
2 0.011019283746556474
0 0.011019283746556474
4 0.009641873278236915
doc : 32
4 0.6319148936170212
8 0.1723404255319149
7 0.05319148936170213
3 0.043617021276595745
5 0.030851063829787233
0 0.01702127659574468
2 0.015957446808510637
1 0.014893617021276596
9 0.010638297872340425
6 0.009574468085106383
doc : 33
5 0.8119068162208801
8 0.04141501294219155
4 0.03106125970664366
7 0.029335634167385678
2 0.0181190681622088
0 0.0181190681622088
3 0.01725625539257981
9 0.01639344262295082
6 0.009490940465918895
1 0.006902502157031924
doc : 34
7 0.8397097625329815
8 0.06662269129287599
4 0.023746701846965697
1 0.017480211081794195
5 0.016160949868073878
3 0.013852242744063324
0 0.008575197889182058
2 0.005936675461741424
6 0.004287598944591029
9 0.0036279683377308707
doc : 35
9 0.8704225352112677
3 0.02112676056338028
2 0.01971830985915493
6 0.018309859154929577
4 0.015492957746478873
8 0.01267605633802817
7 0.01267605633802817
0 0.01267605633802817
5 0.008450704225352114
1 0.008450704225352114
doc : 36
2 0.7481203007518796
9 0.05075187969924812
1 0.04887218045112782
0 0.04887218045112782
7 0.02631578947368421
6 0.020676691729323307
3 0.020676691729323307
8 0.015037593984962405
4 0.011278195488721804
5 0.009398496240601503
doc : 37
8 0.7743362831858407
7 0.061946902654867256
6 0.035398230088495575
5 0.02654867256637168
3 0.024336283185840708
1 0.017699115044247787
9 0.015486725663716814
4 0.015486725663716814
2 0.015486725663716814
0 0.01327433628318584
doc : 38
9 0.6653386454183267
5 0.09760956175298804
3 0.043824701195219126
2 0.0398406374501992
8 0.03386454183266932
7 0.03386454183266932
6 0.02589641434262948
0 0.02390438247011952
1 0.0199203187250996
4 0.01593625498007968
doc : 39
4 0.33962264150943394
8 0.2943396226415094
7 0.07169811320754717
6 0.06792452830188679
1 0.06037735849056604
5 0.04528301886792453
9 0.033962264150943396
2 0.03018867924528302
0 0.03018867924528302
3 0.026415094339622643
doc : 40
2 0.7341176470588234
6 0.047058823529411764
1 0.047058823529411764
0 0.047058823529411764
9 0.025882352941176467
3 0.023529411764705882
8 0.021176470588235293
4 0.021176470588235293
7 0.016470588235294115
5 0.016470588235294115
doc : 41
6 0.8844953173777316
8 0.024973985431841834
0 0.014568158168574402
4 0.01352757544224766
2 0.01352757544224766
7 0.012486992715920917
3 0.012486992715920917
5 0.009365244536940688
1 0.008324661810613945
9 0.0062434963579604584
doc : 42
6 0.8639876352395672
7 0.026275115919629055
4 0.023183925811437404
9 0.013910355486862442
8 0.013910355486862442
2 0.013910355486862442
1 0.012364760432766615
0 0.012364760432766615
3 0.010819165378670788
5 0.00927357032457496
doc : 43
2 0.7489300998573467
0 0.049928673323823114
6 0.039942938659058486
7 0.03138373751783167
5 0.029957203994293868
3 0.02710413694721826
1 0.02567760342368046
9 0.019971469329529243
4 0.018544935805991442
8 0.008559201141226819
doc : 44
0 0.8381201044386423
5 0.03133159268929504
8 0.020887728459530026
7 0.018276762402088774
3 0.018276762402088774
9 0.01566579634464752
4 0.01566579634464752
2 0.01566579634464752
6 0.013054830287206266
1 0.013054830287206266
doc : 45
0 0.7993421052631579
8 0.03618421052631579
5 0.029605263157894735
9 0.019736842105263157
6 0.019736842105263157
4 0.019736842105263157
3 0.019736842105263157
2 0.019736842105263157
1 0.019736842105263157
7 0.01644736842105263
doc : 46
1 0.5342612419700214
3 0.11670235546038545
8 0.11349036402569594
4 0.10599571734475376
7 0.06852248394004283
5 0.016059957173447537
6 0.011777301927194861
2 0.011777301927194861
0 0.011777301927194861
9 0.009635974304068522
doc : 47
1 0.7728
0 0.0592
2 0.0432
6 0.0224
5 0.020800000000000003
4 0.020800000000000003
9 0.019200000000000002
7 0.019200000000000002
8 0.0128
3 0.009600000000000001
doc : 48
2 0.6914414414414415
5 0.07657657657657657
8 0.06756756756756757
9 0.038288288288288286
0 0.02702702702702703
3 0.024774774774774775
4 0.02252252252252252
1 0.02027027027027027
7 0.015765765765765764
6 0.015765765765765764
doc : 49
0 0.8193146417445483
7 0.024922118380062305
5 0.024922118380062305
9 0.021806853582554516
8 0.021806853582554516
1 0.021806853582554516
4 0.018691588785046728
6 0.01557632398753894
3 0.01557632398753894
2 0.01557632398753894
