doc : 0
0 0.784037558685446
9 0.028169014084507043
8 0.023474178403755867
7 0.023474178403755867
6 0.023474178403755867
5 0.023474178403755867
4 0.023474178403755867
3 0.023474178403755867
2 0.023474178403755867
1 0.023474178403755867
doc : 1
2 0.44221105527638194
3 0.19597989949748745
7 0.12060301507537688
9 0.04522613065326633
8 0.04020100502512563
5 0.04020100502512563
6 0.035175879396984924
4 0.03015075376884422
1 0.02512562814070352
0 0.02512562814070352
doc : 2
2 0.4
7 0.3536231884057971
4 0.06086956521739131
8 0.03768115942028986
3 0.034782608695652174
5 0.028985507246376812
9 0.026086956521739132
6 0.020289855072463767
0 0.020289855072463767
1 0.017391304347826087
doc : 3
2 0.6201923076923077
7 0.15865384615384617
6 0.03365384615384616
1 0.03365384615384616
8 0.028846153846153848
3 0.028846153846153848
9 0.02403846153846154
5 0.02403846153846154
4 0.02403846153846154
0 0.02403846153846154
doc : 4
2 0.47634069400630913
3 0.20504731861198738
7 0.10094637223974763
6 0.0473186119873817
5 0.03785488958990536
1 0.031545741324921134
9 0.025236593059936908
8 0.025236593059936908
4 0.025236593059936908
0 0.025236593059936908
doc : 5
2 0.6578947368421052
3 0.07368421052631578
4 0.05263157894736842
6 0.03684210526315789
9 0.031578947368421054
8 0.031578947368421054
1 0.031578947368421054
0 0.031578947368421054
7 0.02631578947368421
5 0.02631578947368421
doc : 6
3 0.6045576407506702
2 0.30563002680965146
0 0.02412868632707775
4 0.010723860589812333
1 0.010723860589812333
9 0.00938337801608579
6 0.00938337801608579
5 0.00938337801608579
8 0.00804289544235925
7 0.00804289544235925
doc : 7
4 0.5892351274787536
2 0.28328611898017
3 0.0226628895184136
1 0.0169971671388102
0 0.0169971671388102
9 0.014164305949008499
8 0.014164305949008499
7 0.014164305949008499
6 0.014164305949008499
5 0.014164305949008499
doc : 8
2 0.2851063829787234
7 0.19148936170212766
1 0.09787234042553192
5 0.0723404255319149
3 0.0723404255319149
6 0.06808510638297872
9 0.06382978723404255
8 0.059574468085106386
4 0.055319148936170216
0 0.03404255319148936
doc : 9
2 0.45909090909090905
4 0.34545454545454546
7 0.02727272727272727
6 0.02727272727272727
1 0.02727272727272727
9 0.022727272727272728
8 0.022727272727272728
5 0.022727272727272728
3 0.022727272727272728
0 0.022727272727272728
doc : 10
2 0.7407407407407407
4 0.037037037037037035
6 0.031746031746031744
5 0.031746031746031744
9 0.026455026455026454
8 0.026455026455026454
7 0.026455026455026454
3 0.026455026455026454
1 0.026455026455026454
0 0.026455026455026454
doc : 11
0 0.7793427230046949
6 0.028169014084507043
3 0.028169014084507043
9 0.023474178403755867
8 0.023474178403755867
7 0.023474178403755867
5 0.023474178403755867
4 0.023474178403755867
2 0.023474178403755867
1 0.023474178403755867
doc : 12
8 0.9483834373227454
5 0.008508224617129892
9 0.006806579693703914
0 0.006239364719228588
7 0.005672149744753262
1 0.005672149744753262
6 0.005104934770277935
2 0.005104934770277935
3 0.0045377197958026095
4 0.003970504821327284
doc : 13
2 0.6185567010309279
3 0.07560137457044673
7 0.054982817869415807
0 0.044673539518900345
4 0.041237113402061855
8 0.037800687285223365
1 0.037800687285223365
9 0.030927835051546393
5 0.030927835051546393
6 0.027491408934707903
doc : 14
4 0.44357976653696496
2 0.39299610894941633
7 0.023346303501945526
3 0.023346303501945526
9 0.019455252918287938
8 0.019455252918287938
6 0.019455252918287938
5 0.019455252918287938
1 0.019455252918287938
0 0.019455252918287938
doc : 15
4 0.5892351274787536
2 0.28611898016997167
9 0.0169971671388102
5 0.0169971671388102
1 0.0169971671388102
0 0.0169971671388102
8 0.014164305949008499
7 0.014164305949008499
6 0.014164305949008499
3 0.014164305949008499
doc : 16
2 0.45631067961165045
4 0.31553398058252424
3 0.058252427184466014
9 0.02427184466019417
8 0.02427184466019417
7 0.02427184466019417
6 0.02427184466019417
5 0.02427184466019417
1 0.02427184466019417
0 0.02427184466019417
doc : 17
2 0.6206896551724138
7 0.06465517241379311
6 0.06034482758620689
5 0.04741379310344827
1 0.04310344827586207
3 0.03879310344827586
0 0.03879310344827586
8 0.030172413793103446
4 0.030172413793103446
9 0.02586206896551724
doc : 18
7 0.6328125
3 0.09114583333333333
2 0.08072916666666666
1 0.049479166666666664
5 0.03125
8 0.028645833333333332
9 0.026041666666666664
6 0.026041666666666664
0 0.018229166666666664
4 0.015625
doc : 19
3 0.3739837398373984
6 0.10569105691056911
9 0.0813008130081301
2 0.0813008130081301
1 0.0813008130081301
7 0.06504065040650407
5 0.06504065040650407
8 0.04878048780487805
4 0.04878048780487805
0 0.04878048780487805
doc : 20
9 0.8658088235294118
6 0.029411764705882353
1 0.025735294117647058
0 0.01838235294117647
8 0.012867647058823529
7 0.011029411764705881
5 0.009191176470588236
4 0.009191176470588236
3 0.009191176470588236
2 0.009191176470588236
doc : 21
3 0.7526427061310783
2 0.09302325581395349
6 0.03171247357293869
7 0.025369978858350954
9 0.019027484143763214
8 0.019027484143763214
1 0.016913319238900635
0 0.016913319238900635
5 0.012684989429175477
4 0.012684989429175477
doc : 22
0 0.784037558685446
1 0.028169014084507043
9 0.023474178403755867
8 0.023474178403755867
7 0.023474178403755867
6 0.023474178403755867
5 0.023474178403755867
4 0.023474178403755867
3 0.023474178403755867
2 0.023474178403755867
doc : 23
5 0.6318181818181818
1 0.1477272727272727
0 0.04318181818181818
3 0.03636363636363636
9 0.029545454545454545
7 0.02727272727272727
4 0.024999999999999998
8 0.022727272727272728
2 0.020454545454545454
6 0.015909090909090907
doc : 24
0 0.6520376175548589
7 0.05329153605015674
6 0.05329153605015674
4 0.0438871473354232
3 0.0438871473354232
5 0.03761755485893417
1 0.03761755485893417
8 0.028213166144200625
2 0.028213166144200625
9 0.0219435736677116
doc : 25
2 0.4925373134328358
4 0.2885572139303483
3 0.03980099502487562
9 0.029850746268656716
8 0.02487562189054726
7 0.02487562189054726
6 0.02487562189054726
5 0.02487562189054726
1 0.02487562189054726
0 0.02487562189054726
doc : 26
2 0.6073298429319373
3 0.1099476439790576
4 0.06282722513089006
7 0.04712041884816754
6 0.03664921465968587
9 0.03141361256544503
8 0.02617801047120419
5 0.02617801047120419
1 0.02617801047120419
0 0.02617801047120419
doc : 27
2 0.4549763033175356
4 0.3317535545023697
7 0.03317535545023697
3 0.03317535545023697
9 0.028436018957345974
8 0.023696682464454978
6 0.023696682464454978
5 0.023696682464454978
1 0.023696682464454978
0 0.023696682464454978
doc : 28
2 0.48756218905472637
4 0.29850746268656714
3 0.03482587064676617
7 0.029850746268656716
9 0.02487562189054726
8 0.02487562189054726
6 0.02487562189054726
5 0.02487562189054726
1 0.02487562189054726
0 0.02487562189054726
doc : 29
2 0.49760765550239233
4 0.2727272727272727
3 0.03349282296650718
9 0.028708133971291863
7 0.028708133971291863
6 0.028708133971291863
5 0.028708133971291863
1 0.028708133971291863
0 0.028708133971291863
8 0.023923444976076555
doc : 30
2 0.4757281553398058
4 0.31553398058252424
7 0.029126213592233007
6 0.029126213592233007
3 0.029126213592233007
9 0.02427184466019417
8 0.02427184466019417
5 0.02427184466019417
1 0.02427184466019417
0 0.02427184466019417
doc : 31
2 0.514423076923077
4 0.28365384615384615
7 0.028846153846153848
1 0.028846153846153848
9 0.02403846153846154
8 0.02403846153846154
6 0.02403846153846154
5 0.02403846153846154
3 0.02403846153846154
0 0.02403846153846154
doc : 32
2 0.47804878048780486
4 0.3073170731707317
9 0.029268292682926828
6 0.029268292682926828
3 0.029268292682926828
1 0.029268292682926828
8 0.024390243902439025
7 0.024390243902439025
5 0.024390243902439025
0 0.024390243902439025
doc : 33
2 0.4197530864197531
4 0.39506172839506176
0 0.02880658436213992
9 0.02469135802469136
5 0.02469135802469136
3 0.02469135802469136
8 0.020576131687242802
7 0.020576131687242802
6 0.020576131687242802
1 0.020576131687242802
doc : 34
2 0.480952380952381
4 0.31428571428571433
3 0.03333333333333334
0 0.028571428571428574
9 0.02380952380952381
8 0.02380952380952381
7 0.02380952380952381
6 0.02380952380952381
5 0.02380952380952381
1 0.02380952380952381
doc : 35
0 0.7793427230046949
6 0.028169014084507043
1 0.028169014084507043
9 0.023474178403755867
8 0.023474178403755867
7 0.023474178403755867
5 0.023474178403755867
4 0.023474178403755867
3 0.023474178403755867
2 0.023474178403755867
doc : 36
4 0.38910505836575876
2 0.38132295719844356
7 0.042801556420233464
3 0.042801556420233464
1 0.03501945525291829
8 0.023346303501945526
6 0.023346303501945526
5 0.023346303501945526
9 0.019455252918287938
0 0.019455252918287938
doc : 37
2 0.6026936026936026
7 0.06734006734006734
5 0.06397306397306397
3 0.0606060606060606
9 0.050505050505050504
4 0.0404040404040404
6 0.037037037037037035
0 0.0303030303030303
1 0.026936026936026935
8 0.0202020202020202
doc : 38
9 0.3401360544217687
1 0.17006802721088435
6 0.08843537414965986
7 0.08163265306122448
2 0.07482993197278912
5 0.05442176870748299
3 0.05442176870748299
0 0.05442176870748299
4 0.047619047619047616
8 0.03401360544217687
doc : 39
1 0.708029197080292
9 0.07664233576642336
6 0.04744525547445255
5 0.040145985401459854
7 0.025547445255474453
2 0.025547445255474453
8 0.021897810218978103
4 0.01824817518248175
3 0.01824817518248175
0 0.01824817518248175
doc : 40
7 0.7204450625869262
2 0.05006954102920723
6 0.04589707927677329
5 0.03337969401947149
8 0.030598052851182195
1 0.030598052851182195
3 0.02920723226703755
4 0.027816411682892905
0 0.020862308762169678
9 0.011126564673157162
doc : 41
9 0.8577878103837471
3 0.020316027088036117
7 0.01805869074492099
1 0.01805869074492099
0 0.01805869074492099
4 0.015801354401805866
2 0.015801354401805866
5 0.013544018058690745
8 0.01128668171557562
6 0.01128668171557562
doc : 42
9 0.8341463414634146
3 0.029268292682926828
6 0.026829268292682926
2 0.01951219512195122
0 0.01707317073170732
8 0.014634146341463414
7 0.014634146341463414
5 0.014634146341463414
4 0.014634146341463414
1 0.014634146341463414
doc : 43
6 0.8286558345642541
9 0.04874446085672083
3 0.0310192023633678
1 0.025110782865583457
8 0.011816838995568686
5 0.011816838995568686
4 0.011816838995568686
7 0.010339734121122601
2 0.010339734121122601
0 0.010339734121122601
doc : 44
6 0.6033676333021516
3 0.2694106641721235
9 0.028999064546304958
2 0.02712815715622077
1 0.0205799812909261
5 0.01403180542563143
7 0.013096351730589336
0 0.01028999064546305
8 0.006548175865294668
4 0.006548175865294668
doc : 45
0 0.7746478873239436
5 0.028169014084507043
2 0.028169014084507043
1 0.028169014084507043
9 0.023474178403755867
8 0.023474178403755867
7 0.023474178403755867
6 0.023474178403755867
4 0.023474178403755867
3 0.023474178403755867
doc : 46
5 0.9028384279475982
4 0.01965065502183406
1 0.016375545851528384
9 0.012008733624454149
7 0.012008733624454149
8 0.010917030567685589
0 0.007641921397379912
6 0.006550218340611353
3 0.006550218340611353
2 0.0054585152838427945
doc : 47
1 0.7426470588235294
7 0.051470588235294115
6 0.03860294117647059
9 0.03676470588235294
5 0.025735294117647058
4 0.022058823529411763
2 0.022058823529411763
8 0.02022058823529412
3 0.02022058823529412
0 0.02022058823529412
doc : 48
1 0.7364620938628159
9 0.06859205776173286
5 0.03249097472924188
6 0.02888086642599278
2 0.02888086642599278
8 0.021660649819494587
7 0.021660649819494587
3 0.021660649819494587
0 0.021660649819494587
4 0.018050541516245487
doc : 49
2 0.4951923076923077
4 0.25961538461538464
1 0.038461538461538464
6 0.03365384615384616
3 0.03365384615384616
0 0.03365384615384616
9 0.028846153846153848
5 0.028846153846153848
8 0.02403846153846154
7 0.02403846153846154
