doc : 0
4 0.5228539576365663
6 0.32218506131549607
2 0.03567447045707915
5 0.028985507246376812
8 0.022296544035674472
0 0.020066889632107024
7 0.013377926421404682
3 0.013377926421404682
1 0.012263099219620958
9 0.008918617614269788
doc : 1
4 0.7762312633832977
8 0.05246252676659529
2 0.037473233404710926
7 0.032119914346895075
1 0.023554603854389723
6 0.020342612419700215
3 0.018201284796573878
5 0.014989293361884369
0 0.0139186295503212
9 0.010706638115631693
doc : 2
1 0.9037940379403794
2 0.02032520325203252
8 0.013550135501355014
5 0.012195121951219513
9 0.009485094850948509
0 0.009485094850948509
6 0.008130081300813007
4 0.008130081300813007
3 0.008130081300813007
7 0.006775067750677507
doc : 3
8 0.6906598114824336
2 0.15681233933161953
4 0.04455869751499572
7 0.03084832904884319
9 0.021422450728363327
1 0.01970865467009426
0 0.011996572407883462
5 0.01113967437874893
3 0.006855184233076264
6 0.005998286203941731
doc : 4
8 0.33079847908745247
4 0.2509505703422053
1 0.08745247148288973
0 0.07604562737642585
2 0.07224334600760456
5 0.060836501901140684
9 0.045627376425855515
6 0.030418250950570342
3 0.026615969581749048
7 0.019011406844106463
doc : 5
9 0.7492877492877493
5 0.1234567901234568
8 0.02184235517568851
4 0.019943019943019943
0 0.019943019943019943
7 0.01804368471035138
6 0.013295346628679962
3 0.013295346628679962
2 0.010446343779677113
1 0.010446343779677113
doc : 6
5 0.41604754829123325
1 0.362555720653789
7 0.07429420505200594
8 0.040118870728083206
4 0.03268945022288261
2 0.02228826151560178
9 0.014858841010401188
6 0.01337295690936107
0 0.01337295690936107
3 0.010401188707280832
doc : 7
5 0.7094972067039106
2 0.0782122905027933
7 0.07541899441340782
1 0.03445065176908752
8 0.027932960893854747
9 0.019553072625698324
6 0.0186219739292365
3 0.0148975791433892
0 0.01303538175046555
4 0.008379888268156424
doc : 8
2 0.9479166666666666
7 0.011067708333333332
1 0.0078125
8 0.007161458333333333
0 0.005859375
4 0.005208333333333333
3 0.004557291666666666
9 0.00390625
6 0.003255208333333333
5 0.003255208333333333
doc : 9
2 0.9459635416666666
1 0.01171875
8 0.009114583333333332
7 0.007161458333333333
9 0.005208333333333333
6 0.005208333333333333
4 0.004557291666666666
5 0.00390625
0 0.00390625
3 0.003255208333333333
doc : 10
7 0.54296875
2 0.10546875
4 0.06640625
8 0.0625
0 0.0546875
5 0.046875
9 0.04296875
1 0.0390625
6 0.01953125
3 0.01953125
doc : 11
5 0.7424789410348978
9 0.05776173285198556
6 0.03249097472924188
4 0.030084235860409148
7 0.027677496991576414
1 0.027677496991576414
0 0.026474127557160047
3 0.02286401925391095
8 0.01684717208182912
2 0.015643802647412757
doc : 12
1 0.9056603773584906
2 0.020215633423180595
0 0.012129380053908356
8 0.01078167115902965
5 0.01078167115902965
6 0.009433962264150945
4 0.009433962264150945
7 0.008086253369272238
9 0.006738544474393531
3 0.006738544474393531
doc : 13
1 0.7366906474820144
8 0.08776978417266187
2 0.04460431654676259
3 0.030215827338129497
7 0.025899280575539568
0 0.02158273381294964
6 0.014388489208633094
5 0.014388489208633094
4 0.014388489208633094
9 0.010071942446043166
doc : 14
1 0.9025069637883009
8 0.016713091922005572
5 0.012534818941504178
0 0.012534818941504178
4 0.011142061281337047
7 0.009749303621169917
3 0.009749303621169917
9 0.008356545961002786
6 0.008356545961002786
2 0.008356545961002786
doc : 15
6 0.5301369863013699
4 0.23013698630136986
8 0.06301369863013699
1 0.03561643835616438
0 0.031506849315068496
2 0.028767123287671233
9 0.024657534246575342
5 0.023287671232876714
7 0.016438356164383564
3 0.016438356164383564
doc : 16
6 0.7421875
5 0.05078125
0 0.0390625
4 0.03515625
2 0.03125
7 0.0234375
9 0.01953125
8 0.01953125
3 0.01953125
1 0.01953125
doc : 17
5 0.6694560669456067
4 0.0794979079497908
3 0.06694560669456066
8 0.048814504881450484
9 0.03626220362622036
6 0.02789400278940028
1 0.022315202231520222
0 0.02092050209205021
7 0.015341701534170154
2 0.012552301255230125
doc : 18
0 0.6698113207547169
3 0.05660377358490566
9 0.04716981132075471
8 0.04245283018867924
5 0.03773584905660377
1 0.03773584905660377
4 0.0330188679245283
7 0.02830188679245283
6 0.023584905660377357
2 0.023584905660377357
doc : 19
6 0.7660377358490567
4 0.033962264150943396
1 0.03207547169811321
0 0.03018867924528302
7 0.02830188679245283
3 0.02830188679245283
2 0.022641509433962266
8 0.020754716981132074
9 0.018867924528301886
5 0.018867924528301886
doc : 20
1 0.8340080971659919
3 0.032388663967611336
8 0.024291497975708502
9 0.018218623481781375
6 0.018218623481781375
4 0.018218623481781375
2 0.016194331983805668
5 0.01417004048582996
7 0.012145748987854251
0 0.012145748987854251
doc : 21
1 0.902229845626072
8 0.0137221269296741
2 0.0137221269296741
0 0.0137221269296741
7 0.010291595197255574
6 0.010291595197255574
4 0.010291595197255574
9 0.008576329331046312
5 0.008576329331046312
3 0.008576329331046312
doc : 22
1 0.8539553752535497
3 0.02636916835699797
8 0.02028397565922921
9 0.016227180527383367
5 0.016227180527383367
7 0.014198782961460446
6 0.014198782961460446
2 0.014198782961460446
0 0.014198782961460446
4 0.010141987829614604
doc : 23
1 0.8792613636363636
2 0.017045454545454544
8 0.015625
4 0.015625
7 0.014204545454545456
9 0.01278409090909091
6 0.01278409090909091
5 0.01278409090909091
3 0.009943181818181818
0 0.009943181818181818
doc : 24
0 0.45806451612903226
1 0.16774193548387098
8 0.05806451612903226
5 0.05806451612903226
2 0.05161290322580645
9 0.04516129032258064
7 0.04516129032258064
6 0.03870967741935484
4 0.03870967741935484
3 0.03870967741935484
doc : 25
7 0.8263707571801566
2 0.04960835509138381
1 0.02610966057441253
4 0.022193211488250653
8 0.018276762402088774
0 0.014360313315926894
5 0.013054830287206266
6 0.010443864229765013
3 0.010443864229765013
9 0.009138381201044387
doc : 26
3 0.922874671340929
8 0.01577563540753725
9 0.011393514460999125
7 0.009640666082383873
4 0.009640666082383873
5 0.007011393514460999
0 0.007011393514460999
6 0.006134969325153374
2 0.0052585451358457495
1 0.0052585451358457495
doc : 27
4 0.32211538461538464
0 0.21634615384615385
6 0.09134615384615385
8 0.07211538461538462
5 0.07211538461538462
9 0.0625
7 0.0625
2 0.04326923076923077
3 0.03365384615384616
1 0.02403846153846154
doc : 28
8 0.48707753479125243
2 0.3439363817097415
7 0.08846918489065606
6 0.019880715705765405
4 0.011928429423459244
9 0.010934393638170973
5 0.010934393638170973
0 0.010934393638170973
1 0.009940357852882702
3 0.005964214711729622
doc : 29
1 0.8854489164086687
7 0.018575851393188854
4 0.018575851393188854
2 0.015479876160990714
6 0.01238390092879257
5 0.01238390092879257
9 0.009287925696594427
8 0.009287925696594427
3 0.009287925696594427
0 0.009287925696594427
doc : 30
1 0.915204678362573
7 0.011695906432748537
2 0.011695906432748537
8 0.01023391812865497
4 0.01023391812865497
6 0.008771929824561403
5 0.008771929824561403
3 0.008771929824561403
9 0.007309941520467836
0 0.007309941520467836
doc : 31
1 0.8954154727793696
2 0.017191977077363897
0 0.014326647564469913
6 0.012893982808022923
5 0.011461318051575931
4 0.011461318051575931
9 0.010028653295128939
8 0.010028653295128939
3 0.010028653295128939
7 0.007163323782234957
doc : 32
1 0.9019264448336253
4 0.014010507880910683
3 0.012259194395796848
8 0.010507880910683012
7 0.010507880910683012
6 0.010507880910683012
5 0.010507880910683012
2 0.010507880910683012
0 0.010507880910683012
9 0.008756567425569177
doc : 33
6 0.7292576419213973
5 0.03930131004366812
8 0.034934497816593885
4 0.034934497816593885
7 0.03056768558951965
3 0.03056768558951965
2 0.026200873362445413
1 0.026200873362445413
0 0.026200873362445413
9 0.021834061135371178
doc : 34
6 0.8779761904761905
8 0.019345238095238096
9 0.017857142857142856
7 0.016369047619047616
3 0.01488095238095238
0 0.01488095238095238
2 0.013392857142857142
4 0.010416666666666666
5 0.00744047619047619
1 0.00744047619047619
doc : 35
8 0.49137931034482757
4 0.125
9 0.06896551724137931
7 0.06896551724137931
2 0.06034482758620689
5 0.05172413793103448
1 0.03879310344827586
0 0.03879310344827586
6 0.034482758620689655
3 0.021551724137931036
doc : 36
3 0.9427207637231504
7 0.007955449482895784
6 0.007955449482895784
1 0.007159904534606206
9 0.006364359586316627
5 0.006364359586316627
4 0.006364359586316627
0 0.005568814638027049
8 0.00477326968973747
2 0.00477326968973747
doc : 37
0 0.728813559322034
5 0.05811138014527845
1 0.05084745762711865
9 0.03389830508474576
4 0.029055690072639227
6 0.026634382566585957
2 0.02421307506053269
3 0.01937046004842615
8 0.01694915254237288
7 0.012106537530266345
doc : 38
4 0.7944915254237288
6 0.029661016949152543
0 0.029661016949152543
5 0.02754237288135593
9 0.025423728813559324
3 0.023305084745762712
7 0.0211864406779661
1 0.0211864406779661
8 0.014830508474576272
2 0.012711864406779662
doc : 39
8 0.5554156171284634
2 0.2720403022670025
7 0.0654911838790932
3 0.022670025188916875
0 0.021410579345088162
5 0.020151133501259445
9 0.01889168765743073
6 0.008816120906801008
1 0.008816120906801008
4 0.006297229219143576
doc : 40
9 0.9029003783102144
0 0.02080706179066835
5 0.013871374527112231
3 0.01197982345523329
8 0.011349306431273645
6 0.00819672131147541
4 0.00819672131147541
2 0.00819672131147541
7 0.007566204287515763
1 0.006935687263556116
doc : 41
0 0.6634146341463415
3 0.06829268292682927
7 0.05365853658536585
1 0.04390243902439024
8 0.03414634146341464
9 0.029268292682926828
6 0.029268292682926828
2 0.029268292682926828
5 0.024390243902439025
4 0.024390243902439025
doc : 42
3 0.9161105815061964
2 0.013346043851286939
4 0.011439466158245948
0 0.011439466158245948
7 0.010486177311725452
1 0.009532888465204958
9 0.0076263107721639654
5 0.0076263107721639654
8 0.006673021925643469
6 0.005719733079122974
doc : 43
3 0.9299539170506912
9 0.013824884792626727
5 0.011981566820276499
4 0.010138248847926266
6 0.007373271889400922
0 0.0064516129032258064
8 0.005529953917050691
1 0.005529953917050691
7 0.004608294930875576
2 0.004608294930875576
doc : 44
0 0.8780487804878048
5 0.023106546854942234
6 0.02053915275994865
4 0.014120667522464696
9 0.012836970474967907
2 0.012836970474967907
1 0.011553273427471117
7 0.010269576379974325
3 0.010269576379974325
8 0.006418485237483953
doc : 45
1 0.898671096345515
8 0.019933554817275746
0 0.013289036544850499
4 0.011627906976744186
2 0.011627906976744186
7 0.009966777408637873
5 0.009966777408637873
9 0.008305647840531562
6 0.008305647840531562
3 0.008305647840531562
doc : 46
1 0.8866906474820144
8 0.017985611510791366
7 0.014388489208633094
6 0.014388489208633094
2 0.012589928057553958
0 0.012589928057553958
9 0.01079136690647482
4 0.01079136690647482
3 0.01079136690647482
5 0.008992805755395683
doc : 47
1 0.823943661971831
5 0.03697183098591549
3 0.03169014084507042
8 0.02112676056338028
2 0.019366197183098594
4 0.017605633802816902
6 0.01584507042253521
9 0.012323943661971832
7 0.01056338028169014
0 0.01056338028169014
doc : 48
6 0.8588709677419355
4 0.0228494623655914
0 0.0228494623655914
8 0.020161290322580648
7 0.016129032258064516
5 0.013440860215053765
3 0.013440860215053765
2 0.013440860215053765
9 0.009408602150537635
1 0.009408602150537635
doc : 49
8 0.7180722891566266
0 0.05301204819277109
6 0.04337349397590362
1 0.03855421686746988
5 0.033734939759036145
4 0.028915662650602414
2 0.026506024096385545
9 0.024096385542168676
7 0.016867469879518072
3 0.016867469879518072
