doc : 0
1 0.8268551236749117
6 0.024734982332155476
8 0.021201413427561835
2 0.021201413427561835
9 0.0176678445229682
7 0.0176678445229682
5 0.0176678445229682
4 0.0176678445229682
3 0.0176678445229682
0 0.0176678445229682
doc : 1
4 0.653061224489796
3 0.12551020408163266
5 0.04081632653061225
7 0.03775510204081633
8 0.0326530612244898
2 0.02448979591836735
1 0.02448979591836735
9 0.023469387755102045
0 0.02142857142857143
6 0.0163265306122449
doc : 2
3 0.5045045045045045
2 0.1891891891891892
4 0.09009009009009009
7 0.06306306306306306
9 0.04864864864864865
1 0.032432432432432434
8 0.025225225225225224
0 0.01981981981981982
6 0.018018018018018018
5 0.009009009009009009
doc : 3
3 0.5406504065040652
4 0.14227642276422767
7 0.0934959349593496
5 0.04471544715447155
9 0.03658536585365854
2 0.032520325203252036
1 0.032520325203252036
0 0.032520325203252036
8 0.024390243902439025
6 0.020325203252032523
doc : 4
2 0.664
3 0.08
5 0.0688
9 0.054400000000000004
1 0.0352
4 0.028800000000000003
7 0.024
8 0.016
6 0.016
0 0.0128
doc : 5
7 0.764868603042877
8 0.04702627939142462
3 0.0359612724757953
4 0.029045643153526972
1 0.027662517289073308
5 0.024896265560165977
9 0.020746887966804982
2 0.020746887966804982
6 0.01798063623789765
0 0.011065006915629323
doc : 6
8 0.9334975369458128
4 0.008620689655172414
2 0.008620689655172414
7 0.007389162561576354
6 0.007389162561576354
5 0.007389162561576354
3 0.007389162561576354
1 0.007389162561576354
9 0.006157635467980296
0 0.006157635467980296
doc : 7
9 0.684957426679281
5 0.13245033112582782
3 0.06054872280037843
7 0.023651844843897825
0 0.020813623462630083
4 0.017029328287606435
8 0.01608325449385052
6 0.01608325449385052
2 0.014191106906338694
1 0.014191106906338694
doc : 8
6 0.13333333333333333
5 0.13333333333333333
4 0.13333333333333333
3 0.12000000000000001
9 0.10666666666666667
0 0.09333333333333334
8 0.08
7 0.06666666666666667
2 0.06666666666666667
1 0.06666666666666667
doc : 9
2 0.7306547619047619
1 0.06398809523809523
3 0.040178571428571425
7 0.03571428571428571
5 0.03571428571428571
6 0.026785714285714284
4 0.020833333333333332
0 0.020833333333333332
9 0.013392857142857142
8 0.011904761904761904
doc : 10
1 0.8091872791519434
9 0.03180212014134275
4 0.024734982332155476
3 0.024734982332155476
7 0.021201413427561835
8 0.0176678445229682
6 0.0176678445229682
5 0.0176678445229682
2 0.0176678445229682
0 0.0176678445229682
doc : 11
3 0.6766256590509666
1 0.08084358523725835
5 0.0492091388400703
7 0.04745166959578207
2 0.035149384885764495
8 0.03339191564147627
9 0.0210896309314587
0 0.0210896309314587
6 0.019332161687170474
4 0.015817223198594025
doc : 12
4 0.3323262839879154
2 0.31419939577039274
8 0.19486404833836857
7 0.045317220543806644
3 0.03323262839879154
1 0.030211480362537763
9 0.015105740181268881
5 0.013595166163141994
6 0.012084592145015106
0 0.00906344410876133
doc : 13
5 0.23282442748091603
1 0.1564885496183206
2 0.15267175572519084
4 0.10305343511450381
3 0.09541984732824427
9 0.07251908396946564
8 0.061068702290076333
7 0.05725190839694656
6 0.04198473282442748
0 0.026717557251908396
doc : 14
4 0.5234042553191489
3 0.1
1 0.08297872340425531
6 0.07021276595744681
7 0.06382978723404255
2 0.04468085106382979
9 0.04042553191489362
8 0.031914893617021274
5 0.02127659574468085
0 0.02127659574468085
doc : 15
7 0.4499314128943758
2 0.1522633744855967
3 0.09739368998628258
1 0.09190672153635115
9 0.0850480109739369
4 0.03566529492455418
8 0.028806584362139915
5 0.024691358024691357
6 0.01783264746227709
0 0.016460905349794237
doc : 16
3 0.4552845528455285
6 0.07317073170731708
7 0.06504065040650407
5 0.06504065040650407
2 0.06504065040650407
0 0.06504065040650407
4 0.05691056910569106
1 0.05691056910569106
9 0.04878048780487805
8 0.04878048780487805
doc : 17
6 0.7557628979143798
3 0.08177826564215149
5 0.04006586169045006
9 0.03787047200878156
1 0.025246981339187707
0 0.01866081229418222
7 0.01646542261251372
8 0.012623490669593854
2 0.0060373216245883645
4 0.005488474204171241
doc : 18
0 0.7920592193808883
3 0.06594885598923284
6 0.03566621803499327
9 0.02086137281292059
1 0.018842530282637954
4 0.016150740242261104
2 0.014804845222072678
5 0.014131897711978467
8 0.01278600269179004
7 0.008748317631224765
doc : 19
5 0.5537340619307832
9 0.11657559198542805
1 0.08378870673952642
6 0.06375227686703097
3 0.052823315118397086
4 0.04189435336976321
8 0.030965391621129327
7 0.023679417122040074
2 0.01639344262295082
0 0.01639344262295082
doc : 20
5 0.6394628099173554
6 0.0878099173553719
7 0.06921487603305786
1 0.05165289256198347
9 0.047520661157024795
2 0.032024793388429756
8 0.025826446280991736
0 0.01859504132231405
3 0.01756198347107438
4 0.010330578512396695
doc : 21
1 0.8197879858657243
9 0.024734982332155476
7 0.024734982332155476
8 0.021201413427561835
0 0.021201413427561835
6 0.0176678445229682
5 0.0176678445229682
4 0.0176678445229682
3 0.0176678445229682
2 0.0176678445229682
doc : 22
1 0.823321554770318
9 0.028268551236749116
8 0.021201413427561835
3 0.021201413427561835
7 0.0176678445229682
6 0.0176678445229682
5 0.0176678445229682
4 0.0176678445229682
2 0.0176678445229682
0 0.0176678445229682
doc : 23
3 0.668769716088328
6 0.12460567823343849
7 0.04258675078864353
9 0.03470031545741325
5 0.03470031545741325
8 0.025236593059936908
0 0.02365930599369085
4 0.022082018927444793
1 0.012618296529968454
2 0.011041009463722396
doc : 24
7 0.6086404066073697
3 0.1372299872935197
4 0.060991105463786534
1 0.05590851334180432
8 0.03939008894536214
5 0.03811944091486658
0 0.026683608640406607
9 0.016518424396442185
2 0.010165184243964422
6 0.006353240152477764
doc : 25
7 0.6750841750841751
3 0.1127946127946128
8 0.06565656565656565
4 0.06397306397306397
0 0.021885521885521883
2 0.0202020202020202
9 0.0101010101010101
6 0.0101010101010101
5 0.0101010101010101
1 0.0101010101010101
doc : 26
2 0.4365482233502538
9 0.11675126903553298
4 0.08629441624365482
8 0.07614213197969542
5 0.07106598984771573
7 0.04568527918781726
6 0.04568527918781726
1 0.04568527918781726
0 0.04568527918781726
3 0.03045685279187817
doc : 27
3 0.5739130434782609
1 0.0927536231884058
7 0.08985507246376812
5 0.06376811594202898
4 0.0463768115942029
9 0.03188405797101449
8 0.028985507246376812
6 0.028985507246376812
0 0.02318840579710145
2 0.020289855072463767
doc : 28
1 0.2692307692307693
7 0.22355769230769232
4 0.09855769230769232
2 0.09375
3 0.08653846153846154
5 0.0625
6 0.057692307692307696
9 0.05048076923076923
8 0.03365384615384616
0 0.02403846153846154
doc : 29
3 0.3654485049833887
4 0.2823920265780731
5 0.07641196013289037
8 0.07308970099667775
9 0.04318936877076412
7 0.04318936877076412
6 0.036544850498338874
2 0.026578073089700997
1 0.026578073089700997
0 0.026578073089700997
doc : 30
7 0.7269544924154026
3 0.08751458576429404
5 0.03850641773628938
2 0.030338389731621934
8 0.029171528588098013
1 0.025670945157526253
6 0.024504084014002333
4 0.014002333722287047
9 0.011668611435239205
0 0.011668611435239205
doc : 31
4 0.29954954954954954
3 0.2882882882882883
5 0.16891891891891891
7 0.06756756756756757
6 0.0472972972972973
8 0.03153153153153153
0 0.02927927927927928
9 0.024774774774774775
2 0.02252252252252252
1 0.02027027027027027
doc : 32
6 0.17355371900826447
3 0.1652892561983471
4 0.15702479338842976
9 0.09090909090909091
7 0.09090909090909091
2 0.08264462809917356
1 0.0743801652892562
8 0.05785123966942149
5 0.05785123966942149
0 0.049586776859504134
doc : 33
1 0.8162544169611308
9 0.024734982332155476
5 0.024734982332155476
7 0.021201413427561835
6 0.021201413427561835
4 0.021201413427561835
8 0.0176678445229682
3 0.0176678445229682
2 0.0176678445229682
0 0.0176678445229682
doc : 34
9 0.8589108910891089
2 0.022277227722772276
8 0.017326732673267328
5 0.017326732673267328
0 0.017326732673267328
7 0.01485148514851485
3 0.01485148514851485
6 0.012376237623762377
4 0.012376237623762377
1 0.012376237623762377
doc : 35
9 0.875
7 0.01682692307692308
6 0.01682692307692308
8 0.014423076923076924
5 0.014423076923076924
2 0.014423076923076924
4 0.01201923076923077
3 0.01201923076923077
1 0.01201923076923077
0 0.01201923076923077
doc : 36
9 0.8812351543942993
5 0.0166270783847981
8 0.014251781472684086
7 0.014251781472684086
0 0.014251781472684086
6 0.011876484560570073
4 0.011876484560570073
3 0.011876484560570073
2 0.011876484560570073
1 0.011876484560570073
doc : 37
9 0.8615384615384615
6 0.044534412955465584
5 0.034817813765182185
3 0.010526315789473684
7 0.0097165991902834
2 0.008906882591093117
1 0.008906882591093117
4 0.008097165991902834
0 0.0072874493927125505
8 0.005668016194331983
doc : 38
9 0.8699360341151385
2 0.023454157782515993
0 0.017057569296375266
4 0.014925373134328358
8 0.01279317697228145
6 0.01279317697228145
5 0.01279317697228145
3 0.01279317697228145
1 0.01279317697228145
7 0.010660980810234541
doc : 39
9 0.8771929824561403
8 0.015350877192982455
6 0.015350877192982455
5 0.015350877192982455
2 0.015350877192982455
0 0.015350877192982455
1 0.013157894736842105
7 0.010964912280701754
4 0.010964912280701754
3 0.010964912280701754
doc : 40
9 0.8677884615384616
8 0.01682692307692308
7 0.01682692307692308
5 0.01682692307692308
1 0.01682692307692308
4 0.014423076923076924
2 0.014423076923076924
6 0.01201923076923077
3 0.01201923076923077
0 0.01201923076923077
doc : 41
0 0.12727272727272726
8 0.10909090909090909
7 0.10909090909090909
4 0.10909090909090909
9 0.09090909090909091
6 0.09090909090909091
5 0.09090909090909091
3 0.09090909090909091
2 0.09090909090909091
1 0.09090909090909091
doc : 42
5 0.6279373368146214
9 0.09399477806788512
3 0.06919060052219321
1 0.06788511749347259
4 0.0391644908616188
8 0.02610966057441253
7 0.02610966057441253
6 0.02349869451697128
2 0.014360313315926894
0 0.01174934725848564
doc : 43
1 0.3063063063063063
6 0.14189189189189189
5 0.12612612612612611
4 0.12162162162162161
7 0.0990990990990991
9 0.05630630630630631
8 0.05630630630630631
3 0.036036036036036036
0 0.02927927927927928
2 0.02702702702702703
doc : 44
1 0.8268551236749117
9 0.021201413427561835
8 0.021201413427561835
2 0.021201413427561835
0 0.021201413427561835
7 0.0176678445229682
6 0.0176678445229682
5 0.0176678445229682
4 0.0176678445229682
3 0.0176678445229682
doc : 45
3 0.6470588235294118
1 0.09019607843137255
8 0.050980392156862744
7 0.050980392156862744
0 0.047058823529411764
9 0.027450980392156862
6 0.027450980392156862
5 0.0196078431372549
4 0.0196078431372549
2 0.0196078431372549
doc : 46
9 0.8752886836027713
7 0.018475750577367205
1 0.018475750577367205
5 0.016166281755196306
3 0.013856812933025403
8 0.011547344110854504
6 0.011547344110854504
4 0.011547344110854504
2 0.011547344110854504
0 0.011547344110854504
doc : 47
9 0.8680555555555555
0 0.020833333333333332
5 0.016203703703703703
3 0.016203703703703703
1 0.016203703703703703
8 0.013888888888888888
6 0.013888888888888888
7 0.011574074074074073
4 0.011574074074074073
2 0.011574074074074073
doc : 48
0 0.7751605995717346
8 0.05139186295503212
5 0.035331905781584586
1 0.02569593147751606
9 0.023554603854389723
3 0.021413276231263385
6 0.018201284796573878
2 0.018201284796573878
7 0.017130620985010708
4 0.0139186295503212
doc : 49
2 0.6148936170212767
7 0.08085106382978724
1 0.08085106382978724
9 0.06382978723404255
5 0.04680851063829787
3 0.03404255319148936
6 0.025531914893617023
4 0.02127659574468085
8 0.01702127659574468
0 0.014893617021276596
