doc : 0
2 0.3953488372093023
3 0.09302325581395349
8 0.08139534883720931
5 0.06976744186046512
1 0.06976744186046512
9 0.05813953488372093
7 0.05813953488372093
6 0.05813953488372093
4 0.05813953488372093
0 0.05813953488372093
doc : 1
9 0.8984509466437177
5 0.020654044750430294
8 0.012048192771084338
7 0.010327022375215147
6 0.010327022375215147
4 0.010327022375215147
2 0.010327022375215147
0 0.010327022375215147
3 0.008605851979345956
1 0.008605851979345956
doc : 2
5 0.9638205499276411
1 0.006753497346840328
9 0.005306319343945972
0 0.005306319343945972
6 0.003859141341051616
2 0.003859141341051616
7 0.003376748673420164
4 0.0028943560057887122
8 0.00241196333815726
3 0.00241196333815726
doc : 3
4 0.8122238586156112
8 0.04491899852724595
3 0.032400589101620025
6 0.027245949926362298
1 0.020618556701030927
7 0.016936671575846832
5 0.016936671575846832
2 0.015463917525773196
0 0.007363770250368188
9 0.005891016200294551
doc : 4
4 0.9242871189773845
1 0.021632251720747297
5 0.011799410029498525
9 0.00688298918387414
8 0.00688298918387414
6 0.00688298918387414
2 0.00688298918387414
7 0.004916420845624386
3 0.004916420845624386
0 0.004916420845624386
doc : 5
4 0.9193548387096774
5 0.015120967741935484
6 0.012096774193548387
1 0.012096774193548387
8 0.008064516129032258
2 0.008064516129032258
9 0.007056451612903226
7 0.007056451612903226
3 0.006048387096774193
0 0.005040322580645161
doc : 6
4 0.92267743796884
1 0.023081361800346218
0 0.008655510675129832
9 0.008078476630121177
5 0.008078476630121177
2 0.008078476630121177
3 0.006924408540103866
6 0.0057703404500865545
7 0.005193306405077899
8 0.003462204270051933
doc : 7
8 0.5089179548156956
4 0.21997621878715812
6 0.11296076099881093
1 0.042806183115338875
7 0.0356718192627824
3 0.02853745541022592
0 0.0178359096313912
5 0.013079667063020214
9 0.011890606420927466
2 0.008323424494649227
doc : 8
0 0.6738836265223275
1 0.2918358141632837
9 0.010825439783491205
5 0.005863779882724403
6 0.0036084799278304014
8 0.0031574199368516014
2 0.0031574199368516014
7 0.0027063599458728013
3 0.0027063599458728013
4 0.0022552999548940008
doc : 9
8 0.6890756302521008
6 0.05042016806722689
7 0.047619047619047616
9 0.04201680672268908
2 0.04201680672268908
1 0.04201680672268908
3 0.03081232492997199
5 0.022408963585434174
4 0.01680672268907563
0 0.01680672268907563
doc : 10
6 0.8448637316561846
5 0.02725366876310273
8 0.025157232704402517
7 0.016771488469601678
2 0.016771488469601678
1 0.016771488469601678
4 0.014675052410901468
3 0.014675052410901468
9 0.012578616352201259
0 0.010482180293501049
doc : 11
6 0.6454630495790459
7 0.15715622076707203
8 0.047708138447146865
1 0.03554724041159962
3 0.03367633302151544
5 0.028999064546304958
2 0.018709073900841908
0 0.015902712815715623
4 0.009354536950420954
9 0.007483629560336763
doc : 12
2 0.3953488372093023
1 0.08139534883720931
8 0.06976744186046512
7 0.06976744186046512
5 0.06976744186046512
3 0.06976744186046512
0 0.06976744186046512
9 0.05813953488372093
6 0.05813953488372093
4 0.05813953488372093
doc : 13
9 0.9018932874354562
5 0.020654044750430294
6 0.012048192771084338
8 0.010327022375215147
3 0.010327022375215147
0 0.010327022375215147
7 0.008605851979345956
4 0.008605851979345956
2 0.008605851979345956
1 0.008605851979345956
doc : 14
5 0.9574162679425837
0 0.015311004784688996
9 0.004784688995215311
1 0.004784688995215311
4 0.0033492822966507177
8 0.0028708133971291866
7 0.0028708133971291866
6 0.0028708133971291866
3 0.0028708133971291866
2 0.0028708133971291866
doc : 15
2 0.798306389530408
9 0.05311778290993071
1 0.030023094688221705
0 0.030023094688221705
4 0.02001539645881447
8 0.01924557351809084
7 0.01539645881447267
5 0.014626635873749037
6 0.01077752117013087
3 0.008468052347959968
doc : 16
5 0.6267281105990783
1 0.15898617511520738
0 0.07949308755760369
3 0.03686635944700461
9 0.02534562211981567
6 0.024193548387096774
7 0.01728110599078341
2 0.012672811059907835
8 0.009216589861751152
4 0.009216589861751152
doc : 17
0 0.8103448275862069
1 0.1518199233716475
5 0.009099616858237547
9 0.006226053639846743
4 0.005747126436781609
2 0.004789272030651341
8 0.0033524904214559384
7 0.0033524904214559384
6 0.0028735632183908046
3 0.0023946360153256703
doc : 18
0 0.6823899371069183
1 0.2861635220125786
9 0.006289308176100629
5 0.005390835579514825
8 0.0035938903863432167
7 0.0035938903863432167
2 0.0035938903863432167
6 0.0031446540880503146
3 0.0031446540880503146
4 0.0026954177897574125
doc : 19
0 0.7174688057040998
1 0.23083778966131907
6 0.0089126559714795
5 0.0089126559714795
2 0.00802139037433155
3 0.006238859180035651
8 0.0053475935828877
4 0.0053475935828877
9 0.00445632798573975
7 0.00445632798573975
doc : 20
4 0.9316831683168317
5 0.01485148514851485
2 0.009900990099009901
9 0.006930693069306931
8 0.006930693069306931
6 0.006930693069306931
1 0.006930693069306931
3 0.005940594059405941
7 0.0049504950495049506
0 0.0049504950495049506
doc : 21
4 0.9137254901960784
1 0.02633053221288515
6 0.010644257703081231
8 0.009523809523809523
0 0.008963585434173669
2 0.008403361344537815
5 0.007282913165266106
9 0.006722689075630252
3 0.0050420168067226885
7 0.003361344537815126
doc : 22
9 0.7978883861236803
2 0.05279034690799397
0 0.024132730015082957
7 0.021116138763197588
6 0.021116138763197588
4 0.0196078431372549
1 0.0196078431372549
8 0.01809954751131222
3 0.015082956259426848
5 0.010558069381598794
doc : 23
7 0.8462732919254657
9 0.043478260869565216
1 0.020186335403726708
0 0.020186335403726708
5 0.013975155279503104
4 0.013975155279503104
6 0.012422360248447204
8 0.010869565217391304
2 0.010869565217391304
3 0.007763975155279502
doc : 24
7 0.8245341614906831
6 0.03260869565217391
9 0.02950310559006211
8 0.02639751552795031
0 0.021739130434782608
5 0.013975155279503104
4 0.013975155279503104
3 0.013975155279503104
1 0.012422360248447204
2 0.010869565217391304
doc : 25
2 0.4069767441860465
3 0.08139534883720931
8 0.06976744186046512
7 0.06976744186046512
4 0.06976744186046512
0 0.06976744186046512
9 0.05813953488372093
6 0.05813953488372093
5 0.05813953488372093
1 0.05813953488372093
doc : 26
9 0.900172117039587
5 0.017211703958691912
0 0.017211703958691912
2 0.012048192771084338
8 0.010327022375215147
7 0.008605851979345956
6 0.008605851979345956
4 0.008605851979345956
3 0.008605851979345956
1 0.008605851979345956
doc : 27
5 0.9669421487603306
1 0.007292173067574137
0 0.004375303840544482
9 0.0034030140982012637
8 0.0034030140982012637
7 0.0034030140982012637
4 0.0029168692270296545
3 0.0029168692270296545
2 0.0029168692270296545
6 0.0024307243558580457
doc : 28
3 0.9010880316518298
1 0.02274975272007913
9 0.019782393669634024
5 0.010880316518298714
8 0.009891196834817012
7 0.009891196834817012
4 0.006923837784371909
0 0.006923837784371909
6 0.005934718100890208
2 0.005934718100890208
doc : 29
2 0.6712598425196851
6 0.08562992125984252
8 0.051181102362204724
3 0.04822834645669291
1 0.038385826771653545
5 0.0344488188976378
7 0.03051181102362205
0 0.023622047244094488
9 0.00984251968503937
4 0.006889763779527559
doc : 30
6 0.6410256410256411
8 0.07100591715976332
2 0.0611439842209073
5 0.04930966469428008
9 0.045364891518737675
7 0.03944773175542406
0 0.03944773175542406
3 0.02366863905325444
4 0.015779092702169626
1 0.013806706114398423
doc : 31
0 0.8329411764705883
1 0.1355294117647059
5 0.005647058823529412
4 0.004705882352941177
9 0.004235294117647059
2 0.004235294117647059
6 0.0037647058823529413
3 0.0037647058823529413
7 0.002823529411764706
8 0.0023529411764705885
doc : 32
7 0.2804878048780488
2 0.10975609756097561
6 0.0975609756097561
8 0.08536585365853659
5 0.08536585365853659
4 0.07317073170731708
3 0.07317073170731708
0 0.07317073170731708
9 0.06097560975609756
1 0.06097560975609756
doc : 33
8 0.565934065934066
7 0.06043956043956045
2 0.06043956043956045
1 0.06043956043956045
3 0.05494505494505495
6 0.04395604395604396
0 0.04395604395604396
5 0.038461538461538464
4 0.038461538461538464
9 0.03296703296703297
doc : 34
4 0.9365079365079365
1 0.012896825396825396
7 0.007936507936507936
6 0.007936507936507936
5 0.006944444444444444
9 0.005952380952380952
2 0.005952380952380952
0 0.005952380952380952
8 0.00496031746031746
3 0.00496031746031746
doc : 35
9 0.6700100300902708
3 0.18355065195586762
1 0.03811434302908726
2 0.034102306920762285
7 0.017051153460381142
5 0.017051153460381142
6 0.012036108324974926
4 0.010030090270812437
0 0.010030090270812437
8 0.00802407221664995
doc : 36
2 0.41860465116279066
7 0.08139534883720931
8 0.06976744186046512
4 0.06976744186046512
3 0.06976744186046512
9 0.05813953488372093
6 0.05813953488372093
5 0.05813953488372093
1 0.05813953488372093
0 0.05813953488372093
doc : 37
9 0.9070567986230638
5 0.017211703958691912
8 0.010327022375215147
4 0.010327022375215147
3 0.010327022375215147
0 0.010327022375215147
7 0.008605851979345956
6 0.008605851979345956
2 0.008605851979345956
1 0.008605851979345956
doc : 38
7 0.7231121281464531
8 0.059496567505720827
5 0.038901601830663615
1 0.036613272311212815
0 0.032036613272311214
2 0.027459954233409613
6 0.02288329519450801
4 0.02288329519450801
3 0.02288329519450801
9 0.013729977116704806
doc : 39
0 0.8319088319088319
1 0.12867996201329535
5 0.008072174738841406
9 0.00617283950617284
6 0.005698005698005698
8 0.004748338081671416
7 0.003798670465337132
4 0.003798670465337132
3 0.003798670465337132
2 0.0033238366571699905
doc : 40
8 0.7553398058252427
6 0.08737864077669903
5 0.03495145631067961
2 0.031067961165048542
7 0.019417475728155338
3 0.019417475728155338
9 0.015533980582524271
4 0.015533980582524271
1 0.011650485436893204
0 0.009708737864077669
doc : 41
7 0.6311881188118812
6 0.08415841584158416
2 0.06188118811881188
1 0.05198019801980198
8 0.04455445544554455
0 0.039603960396039604
4 0.0297029702970297
5 0.024752475247524754
3 0.017326732673267328
9 0.01485148514851485
doc : 42
4 0.9078242229367631
2 0.01607717041800643
5 0.012861736334405145
6 0.010718113612004287
3 0.010718113612004287
8 0.00964630225080386
7 0.00964630225080386
1 0.00964630225080386
9 0.006430868167202572
0 0.006430868167202572
doc : 43
2 0.5123873873873874
9 0.39977477477477474
6 0.01463963963963964
7 0.013513513513513514
0 0.013513513513513514
1 0.012387387387387387
4 0.009009009009009009
3 0.009009009009009009
8 0.007882882882882882
5 0.007882882882882882
doc : 44
6 0.8713318284424378
1 0.024830699774266364
5 0.015801354401805866
3 0.015801354401805866
2 0.013544018058690745
0 0.013544018058690745
9 0.01128668171557562
8 0.01128668171557562
7 0.01128668171557562
4 0.01128668171557562
doc : 45
6 0.856179775280899
1 0.022471910112359553
0 0.020224719101123598
5 0.017977528089887642
4 0.017977528089887642
2 0.015730337078651686
9 0.01348314606741573
7 0.01348314606741573
8 0.011235955056179777
3 0.011235955056179777
doc : 46
3 0.9042105263157895
1 0.017894736842105262
5 0.015789473684210527
7 0.014736842105263158
9 0.008421052631578947
8 0.008421052631578947
6 0.008421052631578947
4 0.008421052631578947
2 0.007368421052631579
0 0.00631578947368421
doc : 47
7 0.46064814814814814
6 0.16898148148148148
8 0.11574074074074073
2 0.08101851851851852
3 0.046296296296296294
1 0.04398148148148148
5 0.03009259259259259
9 0.027777777777777776
0 0.013888888888888888
4 0.011574074074074073
doc : 48
2 0.3953488372093023
8 0.08139534883720931
7 0.08139534883720931
5 0.06976744186046512
3 0.06976744186046512
1 0.06976744186046512
9 0.05813953488372093
6 0.05813953488372093
4 0.05813953488372093
0 0.05813953488372093
doc : 49
9 0.9018932874354562
5 0.01549053356282272
1 0.012048192771084338
0 0.012048192771084338
8 0.010327022375215147
7 0.010327022375215147
6 0.010327022375215147
2 0.010327022375215147
4 0.008605851979345956
3 0.008605851979345956
