doc : 0
5 0.4418604651162791
8 0.06976744186046512
2 0.06976744186046512
0 0.06976744186046512
9 0.05813953488372093
7 0.05813953488372093
6 0.05813953488372093
4 0.05813953488372093
3 0.05813953488372093
1 0.05813953488372093
doc : 1
0 0.7045454545454546
4 0.07386363636363637
6 0.045454545454545456
7 0.03409090909090909
1 0.03409090909090909
9 0.02556818181818182
8 0.022727272727272728
2 0.022727272727272728
3 0.019886363636363636
5 0.017045454545454544
doc : 2
4 0.55
5 0.06666666666666667
2 0.058333333333333334
9 0.05
7 0.05
3 0.05
0 0.05
8 0.041666666666666664
6 0.041666666666666664
1 0.041666666666666664
doc : 3
3 0.7208333333333333
8 0.05
7 0.0375
2 0.0375
6 0.029166666666666667
9 0.025
5 0.025
4 0.025
1 0.025
0 0.025
doc : 4
9 0.6640625
3 0.0703125
7 0.046875
6 0.046875
0 0.0390625
5 0.03125
2 0.03125
1 0.02734375
4 0.0234375
8 0.01953125
doc : 5
0 0.4647887323943662
9 0.07511737089201878
5 0.07511737089201878
4 0.07511737089201878
3 0.07042253521126761
2 0.06103286384976526
8 0.051643192488262914
6 0.051643192488262914
1 0.04225352112676056
7 0.03286384976525822
doc : 6
2 0.41201716738197425
8 0.2875536480686695
3 0.060085836909871244
4 0.04291845493562232
0 0.04291845493562232
9 0.034334763948497854
6 0.034334763948497854
7 0.030042918454935622
5 0.030042918454935622
1 0.02575107296137339
doc : 7
4 0.790948275862069
0 0.05818965517241379
9 0.02586206896551724
2 0.02586206896551724
8 0.021551724137931036
5 0.021551724137931036
6 0.015086206896551723
1 0.015086206896551723
7 0.01293103448275862
3 0.01293103448275862
doc : 8
8 0.13559322033898305
0 0.13559322033898305
9 0.1016949152542373
7 0.1016949152542373
4 0.1016949152542373
6 0.0847457627118644
5 0.0847457627118644
3 0.0847457627118644
2 0.0847457627118644
1 0.0847457627118644
doc : 9
7 0.5782608695652174
8 0.08260869565217391
0 0.06956521739130435
4 0.06086956521739131
1 0.04782608695652174
9 0.043478260869565216
5 0.043478260869565216
3 0.026086956521739132
2 0.026086956521739132
6 0.021739130434782608
doc : 10
1 0.762982689747004
5 0.05059920106524634
3 0.037283621837549935
9 0.03462050599201066
7 0.030625832223701733
2 0.026631158455392812
6 0.02130492676431425
0 0.015978695073235686
8 0.011984021304926765
4 0.007989347536617843
doc : 11
9 0.7340241796200345
4 0.05008635578583765
7 0.04317789291882556
5 0.03626943005181347
0 0.03454231433506045
8 0.03281519861830742
3 0.024179620034542312
1 0.018998272884283247
6 0.013816925734024179
2 0.012089810017271156
doc : 12
9 0.7532228360957643
8 0.053406998158379376
5 0.0423572744014733
3 0.03683241252302026
2 0.034990791896869246
1 0.020257826887661142
6 0.01841620626151013
7 0.016574585635359115
4 0.01289134438305709
0 0.011049723756906077
doc : 13
2 0.9496797804208601
3 0.007319304666056725
1 0.007319304666056725
8 0.0054894784995425435
6 0.0054894784995425435
5 0.0054894784995425435
4 0.0054894784995425435
9 0.004574565416285453
7 0.004574565416285453
0 0.004574565416285453
doc : 14
4 0.5166666666666666
5 0.06666666666666667
0 0.06666666666666667
8 0.058333333333333334
3 0.058333333333333334
2 0.058333333333333334
1 0.05
9 0.041666666666666664
7 0.041666666666666664
6 0.041666666666666664
doc : 15
4 0.6000000000000001
5 0.08
2 0.05333333333333334
9 0.04666666666666667
0 0.04666666666666667
6 0.04
8 0.03333333333333333
7 0.03333333333333333
3 0.03333333333333333
1 0.03333333333333333
doc : 16
4 0.5583333333333333
2 0.06666666666666667
1 0.058333333333333334
8 0.05
3 0.05
0 0.05
9 0.041666666666666664
7 0.041666666666666664
6 0.041666666666666664
5 0.041666666666666664
doc : 17
4 0.5933333333333334
5 0.08
2 0.06666666666666667
9 0.05333333333333334
8 0.04
7 0.03333333333333333
6 0.03333333333333333
3 0.03333333333333333
1 0.03333333333333333
0 0.03333333333333333
doc : 18
4 0.5866666666666667
5 0.09333333333333334
2 0.060000000000000005
8 0.04666666666666667
9 0.04
0 0.04
7 0.03333333333333333
6 0.03333333333333333
3 0.03333333333333333
1 0.03333333333333333
doc : 19
6 0.8137898686679175
0 0.06801125703564728
8 0.040337711069418386
7 0.018292682926829267
1 0.0150093808630394
4 0.010787992495309569
2 0.010318949343339587
3 0.009849906191369606
5 0.00797373358348968
9 0.005628517823639775
doc : 20
0 0.7489451476793249
8 0.05274261603375527
9 0.03797468354430379
7 0.03375527426160337
6 0.02953586497890295
1 0.02953586497890295
3 0.02109704641350211
5 0.018987341772151896
4 0.016877637130801686
2 0.010548523206751054
doc : 21
5 0.43023255813953487
1 0.08139534883720931
2 0.06976744186046512
0 0.06976744186046512
9 0.05813953488372093
8 0.05813953488372093
7 0.05813953488372093
6 0.05813953488372093
4 0.05813953488372093
3 0.05813953488372093
doc : 22
8 0.6470588235294118
3 0.10457516339869281
9 0.03594771241830066
2 0.03594771241830066
1 0.03594771241830066
4 0.032679738562091505
5 0.029411764705882353
0 0.029411764705882353
6 0.026143790849673203
7 0.022875816993464054
doc : 23
4 0.2535211267605634
0 0.2112676056338028
5 0.09154929577464789
3 0.07746478873239437
9 0.07042253521126761
1 0.07042253521126761
8 0.06338028169014084
7 0.06338028169014084
6 0.04929577464788733
2 0.04929577464788733
doc : 24
2 0.7056074766355139
4 0.0514018691588785
7 0.04205607476635514
1 0.04205607476635514
0 0.03271028037383177
5 0.02803738317757009
3 0.02803738317757009
9 0.02336448598130841
8 0.02336448598130841
6 0.02336448598130841
doc : 25
2 0.9525547445255474
6 0.006386861313868613
7 0.005474452554744526
5 0.005474452554744526
3 0.005474452554744526
1 0.005474452554744526
0 0.005474452554744526
9 0.004562043795620438
8 0.004562043795620438
4 0.004562043795620438
doc : 26
1 0.7862407862407862
8 0.03194103194103194
4 0.029484029484029485
3 0.027027027027027025
9 0.022113022113022112
7 0.022113022113022112
2 0.022113022113022112
0 0.022113022113022112
6 0.019656019656019656
5 0.0171990171990172
doc : 27
7 0.5052083333333333
3 0.10416666666666666
8 0.0625
4 0.0625
0 0.057291666666666664
9 0.05208333333333333
5 0.05208333333333333
2 0.041666666666666664
1 0.03645833333333333
6 0.026041666666666664
doc : 28
5 0.6501035196687371
4 0.14285714285714288
9 0.04761904761904762
3 0.041407867494824016
8 0.028985507246376815
1 0.02484472049689441
0 0.020703933747412008
2 0.018633540372670808
7 0.012422360248447206
6 0.012422360248447206
doc : 29
0 0.573170731707317
8 0.15505226480836237
5 0.06968641114982578
7 0.06794425087108014
9 0.041811846689895474
3 0.036585365853658534
2 0.0156794425087108
6 0.013937282229965157
4 0.013937282229965157
1 0.012195121951219513
doc : 30
3 0.252212389380531
0 0.17699115044247787
4 0.16814159292035397
8 0.10176991150442477
1 0.08407079646017698
7 0.0663716814159292
9 0.04424778761061947
6 0.03982300884955752
2 0.035398230088495575
5 0.030973451327433628
doc : 31
1 0.8138138138138138
5 0.04804804804804805
8 0.03153153153153153
2 0.01951951951951952
4 0.018018018018018018
7 0.016516516516516516
3 0.016516516516516516
0 0.016516516516516516
9 0.01051051051051051
6 0.009009009009009009
doc : 32
5 0.41860465116279066
1 0.09302325581395349
4 0.06976744186046512
2 0.06976744186046512
9 0.05813953488372093
8 0.05813953488372093
7 0.05813953488372093
6 0.05813953488372093
3 0.05813953488372093
0 0.05813953488372093
doc : 33
1 0.45112781954887216
8 0.2556390977443609
3 0.05263157894736842
0 0.045112781954887216
6 0.03759398496240601
5 0.03759398496240601
2 0.03759398496240601
7 0.03007518796992481
4 0.03007518796992481
9 0.022556390977443608
doc : 34
9 0.6564625850340136
7 0.07482993197278912
8 0.05102040816326531
0 0.047619047619047616
6 0.03741496598639456
3 0.03401360544217687
5 0.030612244897959183
2 0.023809523809523808
1 0.023809523809523808
4 0.02040816326530612
doc : 35
2 0.8586387434554974
9 0.02356020942408377
8 0.015706806282722516
6 0.015706806282722516
5 0.015706806282722516
1 0.015706806282722516
0 0.015706806282722516
7 0.013089005235602094
4 0.013089005235602094
3 0.013089005235602094
doc : 36
2 0.5609756097560976
5 0.06504065040650407
3 0.05691056910569106
1 0.05691056910569106
8 0.04878048780487805
0 0.04878048780487805
9 0.04065040650406505
7 0.04065040650406505
6 0.04065040650406505
4 0.04065040650406505
doc : 37
1 0.4581673306772908
5 0.22709163346613545
8 0.10358565737051792
0 0.055776892430278883
3 0.0398406374501992
9 0.03187250996015936
7 0.02390438247011952
6 0.0199203187250996
4 0.0199203187250996
2 0.0199203187250996
doc : 38
3 0.7114914425427873
8 0.06845965770171149
2 0.05378973105134474
1 0.04156479217603912
7 0.02444987775061125
4 0.02444987775061125
9 0.022004889975550123
5 0.019559902200488997
6 0.017114914425427872
0 0.017114914425427872
doc : 39
1 0.6304347826086956
8 0.08300395256916995
5 0.05138339920948616
6 0.04150197628458498
7 0.037549407114624504
0 0.037549407114624504
2 0.03359683794466403
9 0.03162055335968379
4 0.03162055335968379
3 0.021739130434782608
doc : 40
4 0.7723214285714285
0 0.06026785714285714
2 0.02901785714285714
8 0.024553571428571428
9 0.020089285714285712
7 0.020089285714285712
5 0.020089285714285712
1 0.020089285714285712
6 0.017857142857142856
3 0.015625
doc : 41
5 0.41860465116279066
1 0.08139534883720931
4 0.06976744186046512
2 0.06976744186046512
0 0.06976744186046512
9 0.05813953488372093
8 0.05813953488372093
7 0.05813953488372093
6 0.05813953488372093
3 0.05813953488372093
doc : 42
5 0.41860465116279066
0 0.08139534883720931
8 0.06976744186046512
2 0.06976744186046512
1 0.06976744186046512
9 0.05813953488372093
7 0.05813953488372093
6 0.05813953488372093
4 0.05813953488372093
3 0.05813953488372093
doc : 43
3 0.7256410256410256
8 0.06666666666666667
9 0.038461538461538464
0 0.03333333333333333
5 0.028205128205128206
2 0.028205128205128206
7 0.023076923076923078
6 0.020512820512820513
4 0.017948717948717947
1 0.017948717948717947
doc : 44
7 0.208955223880597
5 0.11940298507462686
3 0.11194029850746269
1 0.08955223880597014
0 0.08955223880597014
8 0.08208955223880597
2 0.08208955223880597
9 0.07462686567164178
6 0.07462686567164178
4 0.06716417910447761
doc : 45
7 0.6801242236024845
9 0.05279503105590062
8 0.05279503105590062
4 0.05279503105590062
1 0.040372670807453416
6 0.02795031055900621
0 0.02795031055900621
5 0.024844720496894408
3 0.021739130434782608
2 0.018633540372670808
doc : 46
0 0.7696969696969697
8 0.03939393939393939
1 0.03636363636363636
9 0.03333333333333333
7 0.024242424242424242
5 0.024242424242424242
4 0.024242424242424242
3 0.01818181818181818
6 0.015151515151515152
2 0.015151515151515152
doc : 47
2 0.7368421052631579
9 0.031578947368421054
8 0.031578947368421054
6 0.031578947368421054
3 0.031578947368421054
1 0.031578947368421054
7 0.02631578947368421
5 0.02631578947368421
4 0.02631578947368421
0 0.02631578947368421
doc : 48
2 0.8649350649350649
9 0.02077922077922078
7 0.02077922077922078
4 0.015584415584415584
8 0.012987012987012988
6 0.012987012987012988
5 0.012987012987012988
3 0.012987012987012988
1 0.012987012987012988
0 0.012987012987012988
doc : 49
5 0.8159203980099502
3 0.03233830845771144
0 0.02736318407960199
2 0.02487562189054726
9 0.022388059701492536
4 0.017412935323383085
1 0.017412935323383085
7 0.014925373134328358
6 0.014925373134328358
8 0.01243781094527363
