doc : 0
2 0.8619854721549637
1 0.026634382566585957
6 0.02421307506053269
4 0.014527845036319613
9 0.012106537530266345
8 0.012106537530266345
7 0.012106537530266345
5 0.012106537530266345
3 0.012106537530266345
0 0.012106537530266345
doc : 1
9 0.9423312883435584
7 0.00736196319018405
6 0.00736196319018405
8 0.006134969325153374
5 0.006134969325153374
4 0.006134969325153374
3 0.006134969325153374
2 0.006134969325153374
1 0.006134969325153374
0 0.006134969325153374
doc : 2
2 0.9176300578034682
7 0.011560693641618497
5 0.011560693641618497
4 0.011560693641618497
8 0.008670520231213872
3 0.008670520231213872
0 0.008670520231213872
9 0.0072254335260115606
6 0.0072254335260115606
1 0.0072254335260115606
doc : 3
1 0.9193037974683544
6 0.011075949367088608
3 0.011075949367088608
8 0.00949367088607595
2 0.00949367088607595
9 0.007911392405063292
7 0.007911392405063292
5 0.007911392405063292
4 0.007911392405063292
0 0.007911392405063292
doc : 4
3 0.216
6 0.136
0 0.136
2 0.112
5 0.096
8 0.07200000000000001
7 0.07200000000000001
9 0.064
4 0.048
1 0.048
doc : 5
3 0.3916083916083916
4 0.13286713286713286
8 0.1048951048951049
0 0.08391608391608392
7 0.06293706293706294
9 0.055944055944055944
6 0.04895104895104895
5 0.04195804195804196
1 0.04195804195804196
2 0.03496503496503497
doc : 6
3 0.5688073394495413
8 0.0871559633027523
5 0.05963302752293578
0 0.05045871559633028
4 0.045871559633027525
1 0.045871559633027525
2 0.04128440366972477
7 0.03669724770642202
9 0.03211009174311927
6 0.03211009174311927
doc : 7
3 0.3739837398373984
4 0.0975609756097561
7 0.0894308943089431
9 0.0813008130081301
1 0.07317073170731708
0 0.07317073170731708
2 0.06504065040650407
8 0.04878048780487805
6 0.04878048780487805
5 0.04878048780487805
doc : 8
7 0.8548009367681498
2 0.023419203747072598
3 0.02107728337236534
6 0.01873536299765808
5 0.01873536299765808
4 0.01405152224824356
1 0.01405152224824356
9 0.011709601873536299
8 0.011709601873536299
0 0.011709601873536299
doc : 9
7 0.6787330316742082
4 0.0497737556561086
6 0.04072398190045249
0 0.04072398190045249
8 0.03619909502262444
9 0.031674208144796386
3 0.031674208144796386
2 0.031674208144796386
1 0.031674208144796386
5 0.027149321266968326
doc : 10
7 0.7238095238095238
3 0.044444444444444446
8 0.03492063492063492
5 0.03492063492063492
6 0.031746031746031744
4 0.031746031746031744
0 0.031746031746031744
1 0.02857142857142857
9 0.022222222222222223
2 0.015873015873015872
doc : 11
3 0.8094795539033457
5 0.031598513011152414
1 0.030669144981412638
0 0.02973977695167286
8 0.027881040892193308
4 0.0241635687732342
6 0.015799256505576207
2 0.01486988847583643
7 0.010223048327137546
9 0.0055762081784386614
doc : 12
8 0.16417910447761194
3 0.11940298507462686
5 0.1044776119402985
0 0.1044776119402985
9 0.08955223880597014
7 0.08955223880597014
4 0.08955223880597014
1 0.08955223880597014
6 0.07462686567164178
2 0.07462686567164178
doc : 13
1 0.9145569620253164
6 0.011075949367088608
3 0.011075949367088608
0 0.011075949367088608
8 0.00949367088607595
5 0.00949367088607595
4 0.00949367088607595
9 0.007911392405063292
7 0.007911392405063292
2 0.007911392405063292
doc : 14
2 0.8619854721549637
1 0.02421307506053269
6 0.01937046004842615
8 0.014527845036319613
7 0.014527845036319613
4 0.014527845036319613
0 0.014527845036319613
9 0.012106537530266345
5 0.012106537530266345
3 0.012106537530266345
doc : 15
9 0.9411042944785276
8 0.00736196319018405
3 0.00736196319018405
1 0.00736196319018405
7 0.006134969325153374
6 0.006134969325153374
5 0.006134969325153374
4 0.006134969325153374
2 0.006134969325153374
0 0.006134969325153374
doc : 16
2 0.9176300578034682
8 0.011560693641618497
4 0.011560693641618497
1 0.011560693641618497
7 0.010115606936416185
5 0.008670520231213872
9 0.0072254335260115606
6 0.0072254335260115606
3 0.0072254335260115606
0 0.0072254335260115606
doc : 17
1 0.9208860759493671
9 0.012658227848101266
8 0.00949367088607595
6 0.00949367088607595
7 0.007911392405063292
5 0.007911392405063292
4 0.007911392405063292
3 0.007911392405063292
2 0.007911392405063292
0 0.007911392405063292
doc : 18
4 0.8504983388704319
2 0.026578073089700997
7 0.019933554817275746
5 0.018272425249169437
3 0.018272425249169437
8 0.016611295681063124
0 0.014950166112956811
1 0.013289036544850499
6 0.011627906976744186
9 0.009966777408637873
doc : 19
4 0.8622540250447227
7 0.03041144901610018
1 0.016100178890876567
5 0.014311270125223614
3 0.014311270125223614
2 0.014311270125223614
9 0.012522361359570662
8 0.012522361359570662
6 0.012522361359570662
0 0.010733452593917711
doc : 20
7 0.6896551724137931
0 0.05172413793103448
9 0.041379310344827586
4 0.041379310344827586
3 0.041379310344827586
6 0.03103448275862069
5 0.03103448275862069
8 0.027586206896551724
2 0.027586206896551724
1 0.017241379310344827
doc : 21
7 0.7061224489795919
4 0.0489795918367347
0 0.04081632653061225
3 0.036734693877551024
8 0.0326530612244898
5 0.0326530612244898
1 0.0326530612244898
9 0.02448979591836735
2 0.02448979591836735
6 0.020408163265306124
doc : 22
1 0.9208860759493671
6 0.00949367088607595
5 0.00949367088607595
4 0.00949367088607595
3 0.00949367088607595
2 0.00949367088607595
9 0.007911392405063292
8 0.007911392405063292
7 0.007911392405063292
0 0.007911392405063292
doc : 23
9 0.9411042944785276
7 0.00736196319018405
2 0.00736196319018405
0 0.00736196319018405
8 0.006134969325153374
6 0.006134969325153374
5 0.006134969325153374
4 0.006134969325153374
3 0.006134969325153374
1 0.006134969325153374
doc : 24
2 0.864406779661017
1 0.02421307506053269
8 0.014527845036319613
7 0.014527845036319613
6 0.014527845036319613
5 0.014527845036319613
4 0.014527845036319613
3 0.014527845036319613
9 0.012106537530266345
0 0.012106537530266345
doc : 25
2 0.9104046242774566
7 0.013005780346820808
1 0.013005780346820808
3 0.011560693641618497
0 0.011560693641618497
9 0.008670520231213872
8 0.008670520231213872
4 0.008670520231213872
6 0.0072254335260115606
5 0.0072254335260115606
doc : 26
5 0.536144578313253
6 0.1746987951807229
0 0.0783132530120482
2 0.05120481927710844
1 0.03614457831325302
8 0.03313253012048193
3 0.03313253012048193
4 0.02710843373493976
9 0.015060240963855422
7 0.015060240963855422
doc : 27
0 0.7120211360634082
6 0.06737120211360634
8 0.05019815059445178
1 0.047556142668428
5 0.03038309114927345
4 0.02509907529722589
7 0.019815059445178335
2 0.019815059445178335
3 0.017173051519154558
9 0.010568031704095112
doc : 28
5 0.5042301184433164
0 0.12351945854483926
1 0.11336717428087986
6 0.08629441624365482
4 0.04230118443316413
2 0.04230118443316413
7 0.032148900169204735
3 0.021996615905245345
9 0.01692047377326565
8 0.01692047377326565
doc : 29
6 0.7780645161290323
1 0.05935483870967742
0 0.03612903225806452
5 0.02838709677419355
2 0.024516129032258065
4 0.02193548387096774
3 0.01935483870967742
7 0.015483870967741935
8 0.00903225806451613
9 0.007741935483870968
doc : 30
6 0.8548123980424144
5 0.02936378466557912
1 0.017944535073409464
7 0.016313213703099513
3 0.016313213703099513
8 0.01468189233278956
4 0.01468189233278956
0 0.01468189233278956
2 0.013050570962479609
9 0.008156606851549756
doc : 31
1 0.9177215189873418
5 0.011075949367088608
9 0.00949367088607595
6 0.00949367088607595
3 0.00949367088607595
2 0.00949367088607595
0 0.00949367088607595
8 0.007911392405063292
7 0.007911392405063292
4 0.007911392405063292
doc : 32
5 0.8153153153153153
1 0.036036036036036036
4 0.02702702702702703
6 0.02252252252252252
7 0.02027027027027027
8 0.018018018018018018
2 0.018018018018018018
0 0.015765765765765764
9 0.013513513513513514
3 0.013513513513513514
doc : 33
7 0.7828467153284672
4 0.03832116788321168
5 0.029197080291970802
1 0.027372262773722626
6 0.025547445255474453
0 0.023722627737226276
3 0.021897810218978103
9 0.020072992700729927
8 0.016423357664233577
2 0.014598540145985401
doc : 34
7 0.8697674418604651
5 0.01627906976744186
2 0.01627906976744186
1 0.01627906976744186
0 0.01627906976744186
9 0.013953488372093023
8 0.013953488372093023
4 0.013953488372093023
6 0.011627906976744186
3 0.011627906976744186
doc : 35
8 0.7305263157894736
0 0.1150877192982456
6 0.04771929824561403
4 0.021052631578947368
3 0.01894736842105263
1 0.016842105263157894
5 0.016140350877192983
7 0.014035087719298244
2 0.013333333333333332
9 0.00631578947368421
doc : 36
8 0.782501540357363
0 0.059149722735674676
6 0.05052372150338879
3 0.036352433764633395
1 0.016019716574245224
4 0.014787430683918669
7 0.012939001848428836
2 0.012322858903265559
5 0.008009858287122612
9 0.0073937153419593345
doc : 37
4 0.7755102040816326
5 0.06462585034013606
8 0.04081632653061224
2 0.023809523809523808
3 0.022108843537414966
1 0.01870748299319728
6 0.017006802721088433
7 0.015306122448979591
0 0.013605442176870748
9 0.008503401360544217
doc : 38
1 0.9129746835443038
6 0.015822784810126583
0 0.011075949367088608
5 0.00949367088607595
3 0.00949367088607595
2 0.00949367088607595
9 0.007911392405063292
8 0.007911392405063292
7 0.007911392405063292
4 0.007911392405063292
doc : 39
5 0.8085585585585585
1 0.036036036036036036
6 0.02702702702702703
8 0.02252252252252252
3 0.02252252252252252
9 0.018018018018018018
7 0.018018018018018018
4 0.018018018018018018
0 0.015765765765765764
2 0.013513513513513514
doc : 40
2 0.8547215496368039
1 0.03389830508474576
5 0.01694915254237288
4 0.01694915254237288
9 0.014527845036319613
8 0.014527845036319613
7 0.012106537530266345
6 0.012106537530266345
3 0.012106537530266345
0 0.012106537530266345
doc : 41
9 0.9374233128834356
3 0.008588957055214725
7 0.00736196319018405
5 0.00736196319018405
4 0.00736196319018405
1 0.00736196319018405
8 0.006134969325153374
6 0.006134969325153374
2 0.006134969325153374
0 0.006134969325153374
doc : 42
1 0.9193037974683544
6 0.011075949367088608
2 0.011075949367088608
3 0.00949367088607595
0 0.00949367088607595
9 0.007911392405063292
8 0.007911392405063292
7 0.007911392405063292
5 0.007911392405063292
4 0.007911392405063292
doc : 43
3 0.1902439024390244
7 0.18536585365853658
0 0.17560975609756097
4 0.1073170731707317
2 0.07804878048780488
6 0.06829268292682927
5 0.06829268292682927
8 0.05365853658536585
1 0.04390243902439024
9 0.029268292682926828
doc : 44
8 0.7867494824016563
7 0.08074534161490683
5 0.026224982746721876
3 0.02484472049689441
0 0.022084195997239476
4 0.020013802622498276
1 0.016563146997929608
6 0.008971704623878538
2 0.00759144237405107
9 0.006211180124223603
doc : 45
7 0.48240165631469983
5 0.1987577639751553
6 0.12836438923395446
2 0.04554865424430642
8 0.039337474120082816
4 0.031055900621118016
3 0.026915113871635612
1 0.016563146997929608
0 0.016563146997929608
9 0.014492753623188408
doc : 46
5 0.6804835924006908
7 0.10362694300518134
4 0.039723661485319514
0 0.031088082901554404
6 0.02936096718480138
3 0.02936096718480138
2 0.02936096718480138
8 0.027633851468048358
1 0.017271157167530225
9 0.012089810017271156
doc : 47
1 0.9161392405063291
2 0.011075949367088608
9 0.00949367088607595
8 0.00949367088607595
6 0.00949367088607595
5 0.00949367088607595
4 0.00949367088607595
0 0.00949367088607595
7 0.007911392405063292
3 0.007911392405063292
doc : 48
9 0.9423312883435584
3 0.00736196319018405
0 0.00736196319018405
8 0.006134969325153374
7 0.006134969325153374
6 0.006134969325153374
5 0.006134969325153374
4 0.006134969325153374
2 0.006134969325153374
1 0.006134969325153374
doc : 49
1 0.9193037974683544
9 0.011075949367088608
7 0.00949367088607595
6 0.00949367088607595
3 0.00949367088607595
0 0.00949367088607595
8 0.007911392405063292
5 0.007911392405063292
4 0.007911392405063292
2 0.007911392405063292
