doc : 0
0 0.6441441441441441
8 0.05405405405405406
2 0.05405405405405406
3 0.04504504504504504
6 0.04054054054054054
5 0.04054054054054054
4 0.036036036036036036
7 0.03153153153153153
9 0.02702702702702703
1 0.02702702702702703
doc : 1
4 0.11764705882352941
9 0.09803921568627451
8 0.09803921568627451
7 0.09803921568627451
6 0.09803921568627451
5 0.09803921568627451
3 0.09803921568627451
2 0.09803921568627451
1 0.09803921568627451
0 0.09803921568627451
doc : 2
4 0.738121546961326
7 0.15911602209944753
5 0.022099447513812157
6 0.020994475138121547
8 0.014364640883977901
9 0.013259668508287293
1 0.011049723756906079
3 0.008839779005524863
2 0.0066298342541436465
0 0.005524861878453039
doc : 3
7 0.23684210526315788
5 0.20526315789473684
1 0.10526315789473684
3 0.09999999999999999
0 0.06842105263157895
8 0.06315789473684211
4 0.06315789473684211
2 0.05789473684210526
9 0.05263157894736842
6 0.04736842105263158
doc : 4
7 0.29411764705882354
5 0.14705882352941177
9 0.12352941176470589
4 0.1
3 0.06470588235294117
1 0.06470588235294117
8 0.058823529411764705
6 0.052941176470588235
2 0.047058823529411764
0 0.047058823529411764
doc : 5
5 0.7580645161290323
7 0.06451612903225806
6 0.034050179211469536
4 0.026881720430107527
0 0.026881720430107527
8 0.025089605734767026
9 0.01971326164874552
3 0.016129032258064516
1 0.016129032258064516
2 0.012544802867383513
doc : 6
7 0.5098814229249011
4 0.24110671936758893
5 0.04743083003952569
9 0.043478260869565216
8 0.03952569169960474
6 0.02766798418972332
0 0.02766798418972332
3 0.023715415019762844
2 0.01976284584980237
1 0.01976284584980237
doc : 7
7 0.552
4 0.23600000000000002
5 0.036000000000000004
3 0.032
0 0.032
9 0.028
8 0.024
6 0.02
2 0.02
1 0.02
doc : 8
7 0.3225806451612903
1 0.3010752688172043
5 0.11469534050179211
4 0.05734767025089606
0 0.05017921146953405
6 0.043010752688172046
9 0.035842293906810034
3 0.02867383512544803
2 0.025089605734767026
8 0.021505376344086023
doc : 9
6 0.89851150202977
5 0.02165087956698241
1 0.016238159675236806
9 0.013531799729364007
4 0.010825439783491205
0 0.009472259810554804
7 0.008119079837618403
3 0.008119079837618403
8 0.006765899864682004
2 0.006765899864682004
doc : 10
5 0.27722772277227725
1 0.1782178217821782
9 0.09405940594059406
8 0.09405940594059406
4 0.09405940594059406
6 0.06435643564356436
3 0.06435643564356436
0 0.0594059405940594
7 0.04455445544554455
2 0.0297029702970297
doc : 11
8 0.36170212765957444
6 0.1950354609929078
9 0.12056737588652482
7 0.07446808510638298
5 0.06028368794326241
4 0.0425531914893617
1 0.0425531914893617
2 0.035460992907801414
0 0.035460992907801414
3 0.031914893617021274
doc : 12
0 0.6385964912280702
8 0.09824561403508772
5 0.09473684210526316
9 0.05789473684210526
1 0.03333333333333333
7 0.015789473684210527
6 0.015789473684210527
4 0.015789473684210527
3 0.015789473684210527
2 0.014035087719298246
doc : 13
5 0.7211678832116788
7 0.05547445255474452
4 0.051094890510948905
6 0.040875912408759124
1 0.03357664233576642
9 0.02773722627737226
8 0.02627737226277372
3 0.01897810218978102
0 0.016058394160583942
2 0.00875912408759124
doc : 14
4 0.8643617021276595
9 0.03324468085106383
1 0.022606382978723402
7 0.014627659574468085
5 0.011968085106382979
0 0.011968085106382979
8 0.010638297872340425
6 0.010638297872340425
2 0.010638297872340425
3 0.009308510638297872
doc : 15
4 0.8934426229508197
3 0.01639344262295082
7 0.014754098360655738
9 0.013114754098360656
8 0.013114754098360656
6 0.011475409836065573
5 0.011475409836065573
1 0.009836065573770491
2 0.00819672131147541
0 0.00819672131147541
doc : 16
4 0.7505285412262157
7 0.06976744186046512
1 0.05214940098661029
5 0.048625792811839326
9 0.028188865398167725
6 0.017618040873854827
0 0.01127554615926709
8 0.009161381254404511
3 0.007047216349541931
2 0.005637773079633545
doc : 17
4 0.8746268656716418
6 0.019402985074626865
5 0.019402985074626865
9 0.016417910447761194
7 0.014925373134328358
1 0.014925373134328358
8 0.010447761194029851
3 0.010447761194029851
2 0.010447761194029851
0 0.008955223880597015
doc : 18
7 0.5396825396825397
4 0.23015873015873015
5 0.03968253968253968
9 0.03571428571428571
8 0.027777777777777776
2 0.027777777777777776
1 0.027777777777777776
6 0.023809523809523808
3 0.023809523809523808
0 0.023809523809523808
doc : 19
7 0.8554421768707483
4 0.03571428571428571
9 0.022108843537414966
3 0.017006802721088433
1 0.013605442176870748
8 0.011904761904761904
6 0.011904761904761904
0 0.011904761904761904
5 0.01020408163265306
2 0.01020408163265306
doc : 20
4 0.540994623655914
1 0.39112903225806456
6 0.02352150537634409
7 0.010080645161290324
8 0.00739247311827957
5 0.00739247311827957
3 0.006048387096774194
9 0.005376344086021506
2 0.004032258064516129
0 0.004032258064516129
doc : 21
7 0.3116531165311653
9 0.2086720867208672
4 0.1842818428184282
5 0.06504065040650406
6 0.06233062330623306
8 0.04607046070460705
3 0.04065040650406504
1 0.02981029810298103
0 0.02981029810298103
2 0.02168021680216802
doc : 22
9 0.9148936170212766
4 0.02611218568665377
5 0.019342359767891684
7 0.014506769825918761
1 0.007253384912959381
8 0.004835589941972921
3 0.004352030947775629
6 0.0038684719535783366
2 0.0024177949709864605
0 0.0024177949709864605
doc : 23
9 0.88
6 0.028679245283018868
7 0.02339622641509434
4 0.01660377358490566
5 0.013584905660377358
8 0.010566037735849056
3 0.009056603773584904
1 0.006792452830188679
0 0.0060377358490566035
2 0.005283018867924528
doc : 24
7 0.4478330658105939
4 0.12841091492776885
6 0.11396468699839486
5 0.09630818619582665
1 0.060995184590690206
9 0.05457463884430176
8 0.038523274478330656
3 0.038523274478330656
0 0.012841091492776886
2 0.008025682182985553
doc : 25
2 0.9176300578034682
8 0.019267822736030827
0 0.01348747591522158
6 0.011560693641618497
5 0.008670520231213872
1 0.008670520231213872
9 0.006262042389210019
7 0.006262042389210019
3 0.004816955684007707
4 0.003371868978805395
doc : 26
6 0.8548387096774194
9 0.024193548387096774
1 0.02217741935483871
4 0.020161290322580645
7 0.014112903225806451
2 0.014112903225806451
0 0.014112903225806451
8 0.012096774193548387
5 0.012096774193548387
3 0.012096774193548387
doc : 27
0 0.21088435374149658
8 0.19047619047619047
5 0.10884353741496598
9 0.10204081632653061
6 0.08843537414965986
3 0.08843537414965986
1 0.06802721088435373
7 0.061224489795918366
4 0.04081632653061224
2 0.04081632653061224
doc : 28
7 0.15625
5 0.140625
9 0.09375
6 0.09375
3 0.09375
2 0.09375
0 0.09375
8 0.078125
4 0.078125
1 0.078125
doc : 29
7 0.858843537414966
4 0.04081632653061224
9 0.015306122448979591
6 0.015306122448979591
3 0.015306122448979591
1 0.011904761904761904
0 0.011904761904761904
8 0.01020408163265306
5 0.01020408163265306
2 0.01020408163265306
doc : 30
8 0.5072463768115942
0 0.09420289855072464
3 0.08695652173913043
5 0.06521739130434782
9 0.043478260869565216
7 0.043478260869565216
6 0.043478260869565216
1 0.043478260869565216
4 0.036231884057971016
2 0.036231884057971016
doc : 31
8 0.5714285714285714
3 0.1020408163265306
0 0.09183673469387754
1 0.04591836734693877
7 0.04081632653061224
4 0.04081632653061224
9 0.030612244897959183
6 0.02551020408163265
5 0.02551020408163265
2 0.02551020408163265
doc : 32
8 0.6236559139784946
6 0.06989247311827958
0 0.06989247311827958
5 0.043010752688172046
3 0.043010752688172046
9 0.03225806451612903
7 0.03225806451612903
1 0.03225806451612903
4 0.02688172043010753
2 0.02688172043010753
doc : 33
1 0.48205128205128206
7 0.09743589743589744
8 0.06666666666666667
9 0.05641025641025641
6 0.05641025641025641
5 0.05641025641025641
4 0.05641025641025641
3 0.05641025641025641
2 0.035897435897435895
0 0.035897435897435895
doc : 34
9 0.906447534766119
4 0.04108723135271808
8 0.008849557522123894
3 0.008849557522123894
5 0.00695322376738306
1 0.00695322376738306
0 0.006321112515802782
6 0.005689001264222504
2 0.0050568900126422255
7 0.003792667509481669
doc : 35
8 0.8782696177062375
1 0.018108651911468814
7 0.01710261569416499
6 0.01609657947686117
0 0.014084507042253523
2 0.013078470824949699
9 0.012072434607645876
5 0.011066398390342054
4 0.011066398390342054
3 0.009054325955734407
doc : 36
6 0.7885057471264367
5 0.05517241379310345
7 0.03908045977011494
8 0.022988505747126436
4 0.020689655172413793
9 0.01839080459770115
3 0.016091954022988506
1 0.013793103448275862
0 0.013793103448275862
2 0.011494252873563218
doc : 37
3 0.7372159090909091
6 0.049715909090909095
0 0.036931818181818184
7 0.032670454545454544
8 0.02840909090909091
5 0.02840909090909091
1 0.02840909090909091
9 0.026988636363636364
4 0.019886363636363636
2 0.011363636363636364
doc : 38
3 0.6880733944954129
1 0.12844036697247707
9 0.03853211009174312
7 0.031192660550458717
8 0.022018348623853212
4 0.02018348623853211
0 0.02018348623853211
5 0.01834862385321101
2 0.01834862385321101
6 0.014678899082568808
doc : 39
3 0.7626168224299066
1 0.048598130841121495
5 0.04299065420560748
4 0.03551401869158879
8 0.024299065420560748
7 0.020560747663551402
6 0.020560747663551402
0 0.016822429906542057
9 0.014953271028037384
2 0.013084112149532711
doc : 40
3 0.8797468354430379
8 0.018987341772151896
6 0.016877637130801686
1 0.014767932489451475
9 0.012658227848101264
7 0.012658227848101264
4 0.012658227848101264
5 0.010548523206751054
2 0.010548523206751054
0 0.010548523206751054
doc : 41
3 0.8448275862068966
6 0.028017241379310345
1 0.023706896551724137
5 0.01939655172413793
8 0.017241379310344827
9 0.015086206896551723
0 0.015086206896551723
7 0.01293103448275862
4 0.01293103448275862
2 0.010775862068965518
doc : 42
6 0.7585421412300684
5 0.04555808656036446
7 0.03872437357630979
9 0.03189066059225512
3 0.03189066059225512
4 0.0296127562642369
8 0.02733485193621868
1 0.01366742596810934
2 0.011389521640091115
0 0.011389521640091115
doc : 43
6 0.7773019271948609
9 0.047109207708779445
7 0.04282655246252677
5 0.0278372591006424
4 0.02569593147751606
8 0.021413276231263385
3 0.017130620985010708
0 0.017130620985010708
1 0.01284796573875803
2 0.010706638115631693
doc : 44
6 0.8633540372670808
9 0.020703933747412008
1 0.018633540372670808
5 0.016563146997929608
7 0.014492753623188408
4 0.014492753623188408
3 0.014492753623188408
0 0.014492753623188408
8 0.012422360248447206
2 0.010351966873706004
doc : 45
5 0.41479099678456594
9 0.28938906752411575
6 0.10610932475884244
7 0.03215434083601286
0 0.03215434083601286
8 0.028938906752411574
3 0.028938906752411574
4 0.02572347266881029
2 0.022508038585209004
1 0.01929260450160772
doc : 46
8 0.5434782608695652
3 0.08695652173913043
0 0.08695652173913043
6 0.059782608695652176
5 0.05434782608695652
4 0.043478260869565216
1 0.03804347826086957
7 0.03260869565217391
9 0.02717391304347826
2 0.02717391304347826
doc : 47
5 0.42323651452282157
3 0.12863070539419086
8 0.0954356846473029
1 0.07883817427385892
7 0.058091286307053944
6 0.058091286307053944
0 0.058091286307053944
9 0.04149377593360996
4 0.029045643153526972
2 0.029045643153526972
doc : 48
0 0.789010989010989
3 0.041758241758241756
6 0.03736263736263736
2 0.026373626373626374
4 0.01978021978021978
8 0.017582417582417582
7 0.017582417582417582
5 0.017582417582417582
1 0.017582417582417582
9 0.015384615384615385
doc : 49
0 0.8840864440078586
1 0.021611001964636542
7 0.020956123117223315
8 0.016371971185330715
3 0.01440733464309103
5 0.0137524557956778
9 0.0091683038637852
4 0.007203667321545515
2 0.006548788474132285
6 0.005893909626719057
