doc : 0
9 0.9777158774373259
5 0.004526462395543176
3 0.0031337047353760445
6 0.002437325905292479
2 0.002437325905292479
1 0.002437325905292479
7 0.0020891364902506965
8 0.0017409470752089136
4 0.0017409470752089136
0 0.0017409470752089136
doc : 1
1 0.9657398212512412
3 0.006951340615690168
9 0.004965243296921549
5 0.004468718967229394
7 0.003475670307845084
8 0.002979145978152929
6 0.002979145978152929
2 0.002979145978152929
0 0.002979145978152929
4 0.0024826216484607746
doc : 2
8 0.4069767441860465
6 0.09302325581395349
5 0.09302325581395349
9 0.05813953488372093
7 0.05813953488372093
4 0.05813953488372093
3 0.05813953488372093
2 0.05813953488372093
1 0.05813953488372093
0 0.05813953488372093
doc : 3
5 0.7012622720897616
6 0.09957924263674614
2 0.03927068723702665
9 0.030855539971949508
7 0.028050490883590462
0 0.028050490883590462
1 0.025245441795231416
8 0.016830294530154277
3 0.016830294530154277
4 0.014025245441795231
doc : 4
6 0.8923076923076924
5 0.047058823529411764
7 0.015384615384615385
4 0.00995475113122172
1 0.007239819004524887
0 0.007239819004524887
9 0.006787330316742082
2 0.006787330316742082
8 0.004524886877828055
3 0.0027149321266968325
doc : 5
6 0.9075869937250427
5 0.021677124928693666
2 0.016543069024529376
7 0.015972618368511122
4 0.010838562464346833
8 0.007415858528237307
9 0.005704506560182544
1 0.00513405590416429
0 0.00513405590416429
3 0.0039931545921277805
doc : 6
7 0.5658536585365853
0 0.27902439024390246
1 0.0624390243902439
5 0.027317073170731707
2 0.01951219512195122
6 0.012682926829268294
9 0.00878048780487805
3 0.00878048780487805
8 0.007804878048780488
4 0.007804878048780488
doc : 7
7 0.839425587467363
0 0.02741514360313316
9 0.02349869451697128
3 0.022193211488250653
1 0.022193211488250653
5 0.020887728459530026
4 0.01566579634464752
2 0.013054830287206266
6 0.009138381201044387
8 0.006527415143603133
doc : 8
7 0.806020066889632
6 0.11103678929765885
9 0.016722408026755852
2 0.015384615384615384
5 0.01471571906354515
0 0.009364548494983277
8 0.008026755852842809
3 0.007357859531772575
4 0.006020066889632107
1 0.005351170568561873
doc : 9
8 0.4069767441860465
6 0.10465116279069767
5 0.06976744186046512
1 0.06976744186046512
9 0.05813953488372093
7 0.05813953488372093
4 0.05813953488372093
3 0.05813953488372093
2 0.05813953488372093
0 0.05813953488372093
doc : 10
9 0.9548148148148148
1 0.005925925925925926
0 0.005925925925925926
8 0.005185185185185185
7 0.005185185185185185
5 0.005185185185185185
6 0.0044444444444444444
4 0.0044444444444444444
3 0.0044444444444444444
2 0.0044444444444444444
doc : 11
1 0.9658077304261645
3 0.008919722497522299
8 0.003964321110009911
9 0.003468780971258672
4 0.003468780971258672
7 0.002973240832507433
6 0.002973240832507433
5 0.002973240832507433
2 0.002973240832507433
0 0.002477700693756194
doc : 12
8 0.90973630831643
1 0.03955375253549696
9 0.010141987829614604
0 0.008113590263691683
7 0.006085192697768763
5 0.006085192697768763
6 0.005070993914807302
4 0.005070993914807302
3 0.005070993914807302
2 0.005070993914807302
doc : 13
0 0.6945812807881774
2 0.07142857142857142
8 0.03694581280788178
5 0.03694581280788178
6 0.034482758620689655
4 0.03201970443349754
7 0.029556650246305417
3 0.024630541871921183
9 0.022167487684729065
1 0.017241379310344827
doc : 14
2 0.4260700389105058
0 0.3540856031128405
7 0.06420233463035019
5 0.048638132295719845
6 0.021400778210116732
4 0.019455252918287938
9 0.017509727626459144
8 0.017509727626459144
3 0.01556420233463035
1 0.01556420233463035
doc : 15
0 0.5709090909090909
5 0.14181818181818182
7 0.09636363636363636
6 0.06727272727272728
2 0.03272727272727273
9 0.02181818181818182
8 0.02181818181818182
1 0.02181818181818182
4 0.014545454545454545
3 0.01090909090909091
doc : 16
5 0.8293620292083013
7 0.06764027671022291
2 0.02536510376633359
6 0.017678708685626442
4 0.017678708685626442
9 0.011529592621060722
0 0.010760953112990008
3 0.007686395080707148
8 0.006917755572636433
1 0.005380476556495004
doc : 17
0 0.3588785046728972
5 0.2953271028037383
7 0.21869158878504674
6 0.026168224299065422
2 0.026168224299065422
9 0.01869158878504673
3 0.016822429906542057
8 0.014953271028037384
1 0.013084112149532711
4 0.011214953271028038
doc : 18
6 0.9089635854341737
7 0.023809523809523808
9 0.012605042016806723
0 0.01050420168067227
4 0.00980392156862745
5 0.008403361344537815
2 0.008403361344537815
3 0.0070028011204481795
8 0.0056022408963585435
1 0.004901960784313725
doc : 19
2 0.5933660933660934
5 0.18181818181818182
6 0.04791154791154791
0 0.045454545454545456
4 0.03194103194103194
3 0.030712530712530713
1 0.025798525798525797
8 0.0171990171990172
9 0.013513513513513513
7 0.012285012285012284
doc : 20
8 0.3953488372093023
7 0.09302325581395349
6 0.08139534883720931
5 0.06976744186046512
3 0.06976744186046512
9 0.05813953488372093
4 0.05813953488372093
2 0.05813953488372093
1 0.05813953488372093
0 0.05813953488372093
doc : 21
3 0.5420689655172414
1 0.3668965517241379
8 0.05172413793103448
7 0.007586206896551723
0 0.007586206896551723
9 0.005517241379310344
5 0.005517241379310344
2 0.004827586206896551
6 0.004137931034482758
4 0.004137931034482758
doc : 22
8 0.38372093023255816
7 0.09302325581395349
2 0.08139534883720931
6 0.06976744186046512
4 0.06976744186046512
0 0.06976744186046512
9 0.05813953488372093
5 0.05813953488372093
3 0.05813953488372093
1 0.05813953488372093
doc : 23
9 0.9654768870684611
7 0.004681100058513751
3 0.004681100058513751
1 0.004681100058513751
0 0.004095962551199532
8 0.0035108250438853133
6 0.0035108250438853133
4 0.0035108250438853133
5 0.002925687536571094
2 0.002925687536571094
doc : 24
1 0.9703595724003887
3 0.004373177842565598
9 0.003887269193391642
5 0.003887269193391642
8 0.003401360544217687
0 0.003401360544217687
7 0.0029154518950437317
2 0.0029154518950437317
6 0.0024295432458697765
4 0.0024295432458697765
doc : 25
2 0.49831081081081086
4 0.19256756756756757
6 0.0945945945945946
0 0.057432432432432436
7 0.05405405405405406
5 0.03547297297297297
9 0.02195945945945946
3 0.016891891891891893
8 0.015202702702702704
1 0.013513513513513514
doc : 26
0 0.35900783289817234
5 0.27676240208877284
7 0.21801566579634465
6 0.048302872062663184
4 0.04177545691906005
2 0.01566579634464752
8 0.013054830287206266
1 0.010443864229765013
3 0.009138381201044387
9 0.00783289817232376
doc : 27
2 0.8923205342237062
6 0.022120200333889818
5 0.01961602671118531
7 0.018363939899833055
0 0.01293823038397329
4 0.009599332220367279
8 0.008347245409015025
3 0.007512520868113523
9 0.005843071786310518
1 0.00333889816360601
doc : 28
3 0.6001805054151624
9 0.11823104693140794
1 0.11371841155234658
5 0.05415162454873646
8 0.043321299638989175
6 0.021660649819494587
0 0.019855595667870037
7 0.01624548736462094
4 0.00812274368231047
2 0.004512635379061372
doc : 29
5 0.44072948328267475
3 0.1762917933130699
9 0.15045592705167174
8 0.0911854103343465
1 0.08206686930091185
0 0.016717325227963525
4 0.015197568389057751
7 0.00911854103343465
6 0.00911854103343465
2 0.00911854103343465
doc : 30
4 0.5838150289017341
2 0.12909441233140656
8 0.05973025048169557
3 0.05394990366088632
6 0.05009633911368015
7 0.036608863198458574
5 0.030828516377649325
0 0.025048169556840076
9 0.017341040462427744
1 0.01348747591522158
doc : 31
3 0.9360393603936039
1 0.016400164001640016
9 0.008610086100861008
7 0.008200082000820008
8 0.007380073800738007
0 0.006150061500615006
5 0.005740057400574005
4 0.004100041000410004
6 0.0036900369003690036
2 0.0036900369003690036
doc : 32
8 0.41860465116279066
6 0.08139534883720931
0 0.08139534883720931
7 0.06976744186046512
9 0.05813953488372093
5 0.05813953488372093
4 0.05813953488372093
3 0.05813953488372093
2 0.05813953488372093
1 0.05813953488372093
doc : 33
9 0.957284961966062
6 0.006436512580456407
3 0.005851375073142188
0 0.005851375073142188
8 0.004681100058513751
7 0.004681100058513751
1 0.004681100058513751
5 0.004095962551199532
2 0.0035108250438853133
4 0.002925687536571094
doc : 34
9 0.9777158774373259
7 0.004526462395543176
0 0.002785515320334262
6 0.002437325905292479
5 0.002437325905292479
3 0.002437325905292479
2 0.0020891364902506965
1 0.0020891364902506965
8 0.0017409470752089136
4 0.0017409470752089136
doc : 35
1 0.9674441205053449
9 0.005344995140913508
5 0.004373177842565598
3 0.004373177842565598
8 0.003401360544217687
7 0.003401360544217687
6 0.0029154518950437317
4 0.0029154518950437317
2 0.0029154518950437317
0 0.0029154518950437317
doc : 36
8 0.3953488372093023
7 0.09302325581395349
0 0.08139534883720931
6 0.06976744186046512
1 0.06976744186046512
9 0.05813953488372093
5 0.05813953488372093
4 0.05813953488372093
3 0.05813953488372093
2 0.05813953488372093
doc : 37
4 0.2647058823529412
5 0.11764705882352941
3 0.11764705882352941
7 0.11274509803921569
0 0.10784313725490197
6 0.09803921568627451
1 0.07352941176470588
2 0.05392156862745098
8 0.029411764705882353
9 0.024509803921568627
doc : 38
0 0.8478561549100969
2 0.03042876901798064
4 0.024896265560165977
9 0.019363762102351315
3 0.019363762102351315
6 0.013831258644536654
7 0.012448132780082988
8 0.011065006915629323
5 0.011065006915629323
1 0.009681881051175657
doc : 39
7 0.4359550561797753
5 0.23370786516853934
0 0.1258426966292135
6 0.10449438202247192
4 0.02808988764044944
8 0.020224719101123598
3 0.017977528089887642
2 0.015730337078651686
9 0.010112359550561799
1 0.007865168539325843
doc : 40
0 0.7386934673366834
7 0.05778894472361809
5 0.04271356783919598
1 0.032663316582914576
6 0.02763819095477387
4 0.02512562814070352
3 0.02512562814070352
9 0.017587939698492462
2 0.017587939698492462
8 0.01507537688442211
doc : 41
4 0.43278688524590164
5 0.35737704918032787
3 0.05737704918032787
2 0.04262295081967213
6 0.02459016393442623
7 0.022950819672131147
8 0.019672131147540982
0 0.019672131147540982
9 0.013114754098360656
1 0.009836065573770491
doc : 42
0 0.7260869565217392
9 0.04782608695652174
8 0.0391304347826087
2 0.0391304347826087
5 0.030434782608695653
7 0.026086956521739132
4 0.026086956521739132
6 0.021739130434782608
3 0.021739130434782608
1 0.021739130434782608
doc : 43
8 0.43023255813953487
6 0.08139534883720931
7 0.06976744186046512
2 0.06976744186046512
9 0.05813953488372093
5 0.05813953488372093
4 0.05813953488372093
3 0.05813953488372093
1 0.05813953488372093
0 0.05813953488372093
doc : 44
9 0.975974930362117
5 0.004874651810584958
8 0.003481894150417827
4 0.002785515320334262
3 0.002437325905292479
7 0.0020891364902506965
6 0.0020891364902506965
2 0.0020891364902506965
1 0.0020891364902506965
0 0.0020891364902506965
doc : 45
8 0.38372093023255816
7 0.09302325581395349
4 0.09302325581395349
6 0.06976744186046512
5 0.06976744186046512
9 0.05813953488372093
3 0.05813953488372093
2 0.05813953488372093
1 0.05813953488372093
0 0.05813953488372093
doc : 46
8 0.41860465116279066
7 0.09302325581395349
3 0.06976744186046512
1 0.06976744186046512
9 0.05813953488372093
6 0.05813953488372093
5 0.05813953488372093
4 0.05813953488372093
2 0.05813953488372093
0 0.05813953488372093
doc : 47
7 0.8360975609756097
5 0.04780487804878049
9 0.025365853658536587
4 0.018536585365853658
1 0.016585365853658537
6 0.014634146341463414
2 0.011707317073170732
3 0.01073170731707317
0 0.00975609756097561
8 0.00878048780487805
doc : 48
0 0.6942857142857143
5 0.06571428571428571
3 0.05714285714285714
6 0.03428571428571429
7 0.03142857142857143
9 0.02857142857142857
8 0.022857142857142857
2 0.022857142857142857
1 0.022857142857142857
4 0.02
doc : 49
2 0.47540983606557374
7 0.12965722801788376
0 0.11624441132637854
5 0.11475409836065574
4 0.06110283159463487
9 0.02682563338301043
3 0.02533532041728763
6 0.020864381520119227
8 0.014903129657228018
1 0.014903129657228018
doc : 50
0 0.7801932367149758
7 0.043478260869565216
8 0.033816425120772944
9 0.03140096618357488
1 0.024154589371980676
6 0.01932367149758454
4 0.01932367149758454
5 0.016908212560386472
2 0.016908212560386472
3 0.014492753623188404
doc : 51
9 0.9533333333333333
5 0.008148148148148147
1 0.007407407407407407
8 0.005925925925925926
7 0.0044444444444444444
6 0.0044444444444444444
2 0.0044444444444444444
0 0.0044444444444444444
4 0.0037037037037037034
3 0.0037037037037037034
doc : 52
1 0.9717542120911794
5 0.0044598612487611496
3 0.003468780971258672
9 0.002973240832507433
8 0.002973240832507433
6 0.002973240832507433
4 0.002973240832507433
2 0.002973240832507433
0 0.002973240832507433
7 0.002477700693756194
doc : 53
8 0.43023255813953487
7 0.09302325581395349
2 0.06976744186046512
9 0.05813953488372093
6 0.05813953488372093
5 0.05813953488372093
4 0.05813953488372093
3 0.05813953488372093
1 0.05813953488372093
0 0.05813953488372093
doc : 54
8 0.41860465116279066
7 0.11627906976744186
9 0.05813953488372093
6 0.05813953488372093
5 0.05813953488372093
4 0.05813953488372093
3 0.05813953488372093
2 0.05813953488372093
1 0.05813953488372093
0 0.05813953488372093
doc : 55
8 0.38372093023255816
5 0.10465116279069767
6 0.08139534883720931
7 0.06976744186046512
0 0.06976744186046512
9 0.05813953488372093
4 0.05813953488372093
3 0.05813953488372093
2 0.05813953488372093
1 0.05813953488372093
doc : 56
4 0.5167224080267558
5 0.11705685618729096
3 0.08361204013377926
7 0.07692307692307693
6 0.051839464882943144
2 0.048494983277591976
0 0.03678929765886287
1 0.02508361204013378
9 0.023411371237458192
8 0.020066889632107024
doc : 57
0 0.7462365591397849
5 0.053763440860215055
1 0.03655913978494624
7 0.03010752688172043
9 0.02795698924731183
2 0.02795698924731183
8 0.023655913978494623
3 0.021505376344086023
4 0.017204301075268817
6 0.015053763440860214
doc : 58
0 0.6177105831533478
7 0.15766738660907129
5 0.058315334773218146
2 0.041036717062634995
6 0.03023758099352052
3 0.021598272138228944
8 0.019438444924406047
1 0.019438444924406047
9 0.017278617710583154
4 0.017278617710583154
doc : 59
8 0.8940839694656488
1 0.030534351145038167
3 0.023854961832061067
0 0.011450381679389313
5 0.009541984732824428
9 0.008587786259541985
7 0.0057251908396946565
4 0.0057251908396946565
2 0.0057251908396946565
6 0.004770992366412214
doc : 60
9 0.9355797819623389
3 0.009910802775024777
8 0.008919722497522299
1 0.007928642220019821
7 0.006937561942517344
4 0.006937561942517344
0 0.006937561942517344
6 0.005946481665014866
5 0.005946481665014866
2 0.004955401387512388
doc : 61
1 0.9661016949152541
3 0.00847457627118644
9 0.003489531405782652
8 0.003489531405782652
4 0.003489531405782652
0 0.003489531405782652
7 0.002991026919242273
6 0.002991026919242273
5 0.002991026919242273
2 0.002492522432701894
doc : 62
8 0.9117352056168505
1 0.020060180541624874
9 0.017051153460381142
3 0.017051153460381142
5 0.007021063189568706
2 0.007021063189568706
7 0.0050150451354062184
6 0.0050150451354062184
4 0.0050150451354062184
0 0.0050150451354062184
doc : 63
0 0.4870466321243523
7 0.1778929188255613
9 0.12435233160621761
5 0.056994818652849735
6 0.04490500863557858
3 0.03281519861830742
1 0.031088082901554404
4 0.020725388601036267
8 0.012089810017271156
2 0.012089810017271156
doc : 64
5 0.45510455104551045
3 0.1771217712177122
9 0.16974169741697417
1 0.07503075030750307
8 0.05781057810578106
7 0.01968019680196802
4 0.015990159901599018
0 0.014760147601476016
2 0.008610086100861008
6 0.006150061500615006
doc : 65
4 0.7141009055627426
7 0.09573091849935318
2 0.04527813712807245
0 0.03622250970245796
3 0.028460543337645538
5 0.027166882276843468
6 0.01940491591203105
8 0.01164294954721863
1 0.01164294954721863
9 0.01034928848641656
doc : 66
0 0.4408284023668639
7 0.1863905325443787
5 0.14201183431952663
6 0.05917159763313609
2 0.04437869822485207
9 0.03254437869822485
4 0.026627218934911243
3 0.023668639053254437
1 0.023668639053254437
8 0.02071005917159763
doc : 67
5 0.4226491405460061
0 0.42163801820020225
6 0.03640040444893832
7 0.03437815975733064
9 0.02224469160768453
3 0.01820020222446916
8 0.014155712841253793
2 0.012133468149646108
1 0.012133468149646108
4 0.006066734074823054
doc : 68
8 0.41860465116279066
6 0.08139534883720931
7 0.06976744186046512
5 0.06976744186046512
0 0.06976744186046512
9 0.05813953488372093
4 0.05813953488372093
3 0.05813953488372093
2 0.05813953488372093
1 0.05813953488372093
doc : 69
9 0.9766713091922006
6 0.003481894150417827
5 0.003481894150417827
7 0.0031337047353760445
3 0.002785515320334262
0 0.002437325905292479
4 0.0020891364902506965
2 0.0020891364902506965
1 0.0020891364902506965
8 0.0017409470752089136
doc : 70
1 0.9590361445783132
0 0.006265060240963855
3 0.005783132530120482
8 0.005301204819277108
9 0.004337349397590362
6 0.004337349397590362
2 0.004337349397590362
7 0.0038554216867469878
5 0.0038554216867469878
4 0.002891566265060241
doc : 71
8 0.41860465116279066
6 0.10465116279069767
7 0.06976744186046512
9 0.05813953488372093
5 0.05813953488372093
4 0.05813953488372093
3 0.05813953488372093
2 0.05813953488372093
1 0.05813953488372093
0 0.05813953488372093
doc : 72
3 0.8949104618284637
1 0.03345900094250707
5 0.019792648444863337
9 0.013666352497643731
0 0.008953817153628653
8 0.008482563619227144
2 0.00706880301602262
6 0.005183788878416588
7 0.004241281809613572
4 0.004241281809613572
doc : 73
4 0.218978102189781
5 0.1386861313868613
0 0.1386861313868613
2 0.13138686131386862
6 0.12408759124087591
9 0.072992700729927
1 0.051094890510948905
8 0.043795620437956206
7 0.043795620437956206
3 0.0364963503649635
doc : 74
5 0.771604938271605
7 0.04526748971193416
2 0.03703703703703704
6 0.0308641975308642
0 0.02674897119341564
4 0.02263374485596708
1 0.02263374485596708
3 0.01851851851851852
9 0.01234567901234568
8 0.01234567901234568
doc : 75
0 0.5752212389380531
5 0.12389380530973451
7 0.0752212389380531
6 0.0663716814159292
4 0.048672566371681415
2 0.046460176991150445
3 0.01991150442477876
1 0.017699115044247787
9 0.015486725663716814
8 0.011061946902654867
doc : 76
4 0.6192129629629629
6 0.24537037037037035
5 0.05324074074074074
8 0.017361111111111112
2 0.016203703703703703
0 0.01273148148148148
7 0.011574074074074073
9 0.010416666666666666
3 0.008101851851851851
1 0.005787037037037037
doc : 77
8 0.4069767441860465
7 0.09302325581395349
6 0.06976744186046512
5 0.06976744186046512
0 0.06976744186046512
9 0.05813953488372093
4 0.05813953488372093
3 0.05813953488372093
2 0.05813953488372093
1 0.05813953488372093
doc : 78
9 0.9555555555555555
7 0.005925925925925926
5 0.005925925925925926
8 0.005185185185185185
4 0.005185185185185185
3 0.005185185185185185
1 0.005185185185185185
2 0.0044444444444444444
6 0.0037037037037037034
0 0.0037037037037037034
doc : 79
1 0.9293172690763053
3 0.017670682730923697
2 0.008835341365461848
8 0.008032128514056226
9 0.007228915662650603
6 0.007228915662650603
0 0.007228915662650603
7 0.004819277108433735
5 0.004819277108433735
4 0.004819277108433735
doc : 80
8 0.4069767441860465
6 0.09302325581395349
7 0.08139534883720931
3 0.06976744186046512
9 0.05813953488372093
5 0.05813953488372093
4 0.05813953488372093
2 0.05813953488372093
1 0.05813953488372093
0 0.05813953488372093
doc : 81
0 0.5687022900763359
7 0.13358778625954199
2 0.05343511450381679
5 0.04961832061068702
6 0.04580152671755725
8 0.03816793893129771
3 0.03816793893129771
1 0.030534351145038167
4 0.022900763358778626
9 0.019083969465648856
doc : 82
0 0.6736292428198434
3 0.06266318537859009
5 0.04699738903394256
1 0.04177545691906005
7 0.0391644908616188
6 0.033942558746736295
2 0.033942558746736295
8 0.02610966057441253
4 0.02349869451697128
9 0.018276762402088774
doc : 83
0 0.5601851851851851
9 0.06481481481481481
4 0.06481481481481481
2 0.06018518518518518
6 0.05555555555555555
7 0.05092592592592592
8 0.046296296296296294
5 0.037037037037037035
3 0.037037037037037035
1 0.023148148148148147
doc : 84
3 0.5601415094339622
5 0.22995283018867924
1 0.06367924528301887
7 0.0330188679245283
8 0.0294811320754717
9 0.02240566037735849
0 0.020047169811320754
2 0.015330188679245283
6 0.012971698113207546
4 0.012971698113207546
doc : 85
4 0.21908127208480566
0 0.19434628975265017
6 0.16607773851590105
7 0.1413427561837456
2 0.07773851590106007
3 0.053003533568904596
9 0.045936395759717315
5 0.045936395759717315
8 0.028268551236749116
1 0.028268551236749116
doc : 86
0 0.5300546448087432
7 0.11475409836065574
4 0.07103825136612021
2 0.0546448087431694
3 0.04918032786885246
5 0.04371584699453552
9 0.03825136612021858
8 0.03278688524590164
6 0.03278688524590164
1 0.03278688524590164
doc : 87
8 0.41860465116279066
5 0.08139534883720931
4 0.08139534883720931
7 0.06976744186046512
9 0.05813953488372093
6 0.05813953488372093
3 0.05813953488372093
2 0.05813953488372093
1 0.05813953488372093
0 0.05813953488372093
doc : 88
9 0.9602106495026331
8 0.005851375073142188
5 0.0052662375658279695
1 0.0052662375658279695
3 0.004681100058513751
2 0.004681100058513751
0 0.004095962551199532
7 0.0035108250438853133
4 0.0035108250438853133
6 0.002925687536571094
doc : 89
1 0.9525330899132816
3 0.018256503879507075
8 0.004564125969876769
9 0.004107713372889092
4 0.004107713372889092
0 0.004107713372889092
7 0.003651300775901415
6 0.003194888178913738
2 0.003194888178913738
5 0.0022820629849383844
doc : 90
8 0.41860465116279066
6 0.08139534883720931
5 0.08139534883720931
7 0.06976744186046512
9 0.05813953488372093
4 0.05813953488372093
3 0.05813953488372093
2 0.05813953488372093
1 0.05813953488372093
0 0.05813953488372093
doc : 91
0 0.5616438356164384
6 0.0684931506849315
5 0.0684931506849315
1 0.06164383561643835
4 0.04794520547945205
9 0.0410958904109589
7 0.0410958904109589
3 0.0410958904109589
8 0.03424657534246575
2 0.03424657534246575
doc : 92
0 0.6939130434782609
5 0.09391304347826088
7 0.04869565217391304
4 0.04521739130434783
6 0.03304347826086956
1 0.020869565217391306
3 0.019130434782608695
8 0.017391304347826087
2 0.01565217391304348
9 0.01217391304347826
doc : 93
6 0.26732673267326734
5 0.13861386138613863
7 0.1188118811881188
9 0.0891089108910891
2 0.0891089108910891
4 0.07920792079207921
8 0.06930693069306931
3 0.04950495049504951
1 0.04950495049504951
0 0.04950495049504951
doc : 94
0 0.5864406779661017
7 0.08135593220338982
2 0.0711864406779661
6 0.06440677966101695
9 0.05084745762711864
5 0.04406779661016949
3 0.03389830508474576
8 0.030508474576271184
4 0.020338983050847456
1 0.01694915254237288
doc : 95
0 0.7948717948717948
1 0.03333333333333333
9 0.03076923076923077
2 0.02564102564102564
8 0.023076923076923078
7 0.023076923076923078
3 0.020512820512820513
5 0.017948717948717947
4 0.017948717948717947
6 0.01282051282051282
doc : 96
0 0.7772151898734178
9 0.03291139240506329
5 0.03037974683544304
8 0.027848101265822784
7 0.027848101265822784
4 0.027848101265822784
2 0.02531645569620253
3 0.017721518987341773
1 0.017721518987341773
6 0.01518987341772152
doc : 97
0 0.8134715025906736
8 0.031088082901554404
4 0.031088082901554404
7 0.02072538860103627
3 0.02072538860103627
2 0.02072538860103627
1 0.018134715025906738
9 0.015544041450777202
6 0.015544041450777202
5 0.01295336787564767
doc : 98
8 0.8936970837253058
1 0.045155221072436504
5 0.014111006585136407
3 0.009407337723424272
9 0.008466603951081845
7 0.00658513640639699
6 0.00658513640639699
2 0.005644402634054563
0 0.005644402634054563
4 0.004703668861712136
doc : 99
9 0.9306243805748265
3 0.009910802775024777
1 0.009910802775024777
0 0.009910802775024777
5 0.007928642220019821
2 0.007928642220019821
7 0.006937561942517344
8 0.005946481665014866
6 0.005946481665014866
4 0.004955401387512388
