doc : 0
3 0.5371428571428571
4 0.36000000000000004
9 0.021714285714285717
7 0.021714285714285717
6 0.014857142857142859
2 0.012571428571428572
1 0.009142857142857144
8 0.008
0 0.008
5 0.006857142857142858
doc : 1
4 0.3872832369942196
5 0.3448940269749518
2 0.08477842003853564
8 0.05973025048169557
6 0.02697495183044316
9 0.025048169556840076
0 0.025048169556840076
7 0.019267822736030827
3 0.01348747591522158
1 0.01348747591522158
doc : 2
2 0.7314540059347181
5 0.08160237388724036
0 0.08160237388724036
4 0.03412462908011869
6 0.019287833827893175
1 0.016320474777448073
9 0.010385756676557865
8 0.008902077151335312
3 0.008902077151335312
7 0.00741839762611276
doc : 3
5 0.7493150684931507
2 0.11506849315068493
0 0.045205479452054796
9 0.01780821917808219
6 0.016438356164383564
3 0.0136986301369863
1 0.0136986301369863
4 0.010958904109589041
7 0.009589041095890411
8 0.008219178082191782
doc : 4
2 0.7926829268292683
0 0.03658536585365854
4 0.03048780487804878
3 0.027439024390243903
6 0.024390243902439025
8 0.021341463414634148
7 0.01829268292682927
5 0.01829268292682927
9 0.01524390243902439
1 0.01524390243902439
doc : 5
0 0.44323144104803497
2 0.4406113537117904
5 0.08122270742358079
6 0.010480349344978166
4 0.005240174672489083
3 0.005240174672489083
9 0.00480349344978166
7 0.004366812227074236
1 0.0026200873362445414
8 0.002183406113537118
doc : 6
6 0.6531165311653117
4 0.08672086720867209
7 0.06504065040650406
3 0.04878048780487805
2 0.03523035230352303
9 0.024390243902439025
1 0.024390243902439025
0 0.024390243902439025
8 0.018970189701897018
5 0.018970189701897018
doc : 7
8 0.8459585272958104
3 0.10410495133305121
4 0.022429115531104528
6 0.006771053745239103
0 0.0050782903089293275
9 0.004231908590774439
2 0.004231908590774439
7 0.0025391451544646637
5 0.0025391451544646637
1 0.0021159542953872196
doc : 8
1 0.8556701030927836
3 0.030927835051546393
9 0.018556701030927835
4 0.018556701030927835
0 0.016494845360824743
7 0.012371134020618558
6 0.012371134020618558
5 0.012371134020618558
2 0.012371134020618558
8 0.010309278350515464
doc : 9
1 0.8207547169811321
7 0.04716981132075472
9 0.024528301886792454
3 0.024528301886792454
0 0.020754716981132074
4 0.01509433962264151
6 0.013207547169811321
2 0.013207547169811321
5 0.011320754716981133
8 0.009433962264150943
doc : 10
0 0.8157099697885196
4 0.030211480362537763
2 0.030211480362537763
5 0.02416918429003021
3 0.021148036253776436
6 0.01812688821752266
9 0.015105740181268881
8 0.015105740181268881
7 0.015105740181268881
1 0.015105740181268881
doc : 11
0 0.8348348348348348
2 0.02702702702702703
4 0.02102102102102102
3 0.02102102102102102
8 0.018018018018018018
6 0.018018018018018018
9 0.015015015015015015
7 0.015015015015015015
5 0.015015015015015015
1 0.015015015015015015
doc : 12
0 0.8378378378378378
5 0.024024024024024024
4 0.024024024024024024
8 0.018018018018018018
6 0.018018018018018018
2 0.018018018018018018
9 0.015015015015015015
7 0.015015015015015015
3 0.015015015015015015
1 0.015015015015015015
doc : 13
0 0.8378378378378378
2 0.024024024024024024
7 0.02102102102102102
6 0.02102102102102102
5 0.018018018018018018
4 0.018018018018018018
9 0.015015015015015015
8 0.015015015015015015
3 0.015015015015015015
1 0.015015015015015015
doc : 14
1 0.7906066536203522
6 0.046966731898238745
7 0.0273972602739726
4 0.0273972602739726
3 0.0273972602739726
5 0.019569471624266144
2 0.01761252446183953
0 0.01761252446183953
9 0.0136986301369863
8 0.011741682974559686
doc : 15
2 0.7973856209150327
0 0.08216619981325864
5 0.04761904761904762
4 0.02054154995331466
6 0.012138188608776844
1 0.01027077497665733
9 0.008403361344537815
8 0.008403361344537815
7 0.007469654528478058
3 0.0056022408963585435
doc : 16
2 0.7823343848580442
4 0.04100946372239748
0 0.03785488958990536
9 0.022082018927444793
6 0.022082018927444793
5 0.022082018927444793
8 0.01892744479495268
3 0.01892744479495268
1 0.01892744479495268
7 0.015772870662460567
doc : 17
2 0.804416403785489
0 0.04100946372239748
7 0.022082018927444793
6 0.022082018927444793
5 0.022082018927444793
9 0.01892744479495268
4 0.01892744479495268
1 0.01892744479495268
8 0.015772870662460567
3 0.015772870662460567
doc : 18
3 0.5025799793601651
4 0.2022703818369453
9 0.1981424148606811
2 0.0196078431372549
0 0.017543859649122806
5 0.014447884416924663
7 0.013415892672858616
8 0.01135190918472652
6 0.01135190918472652
1 0.009287925696594427
doc : 19
8 0.5688622754491017
2 0.155688622754491
1 0.06387225548902195
4 0.04391217564870259
6 0.041916167664670656
0 0.03792415169660678
5 0.031936127744510975
9 0.02395209580838323
3 0.017964071856287425
7 0.01397205588822355
doc : 20
0 0.8348348348348348
3 0.024024024024024024
2 0.02102102102102102
8 0.018018018018018018
7 0.018018018018018018
6 0.018018018018018018
4 0.018018018018018018
1 0.018018018018018018
9 0.015015015015015015
5 0.015015015015015015
doc : 21
0 0.6724565756823822
9 0.062034739454094295
6 0.05707196029776675
5 0.04714640198511166
3 0.03970223325062035
2 0.03970223325062035
4 0.02729528535980149
7 0.022332506203473945
1 0.017369727047146403
8 0.01488833746898263
doc : 22
0 0.5402298850574713
2 0.16091954022988506
4 0.05172413793103448
5 0.04597701149425287
3 0.04597701149425287
1 0.040229885057471264
9 0.028735632183908046
8 0.028735632183908046
7 0.028735632183908046
6 0.028735632183908046
doc : 23
5 0.5073375262054508
0 0.1320754716981132
6 0.09643605870020965
4 0.06289308176100629
1 0.05870020964360587
9 0.039832285115303984
3 0.033542976939203356
7 0.02725366876310273
2 0.02725366876310273
8 0.014675052410901468
doc : 24
8 0.7554893933755118
3 0.16449572013397842
4 0.050614067733531824
7 0.01042054335690361
5 0.0044659471529586905
9 0.003721622627465575
6 0.00297729810197246
2 0.00297729810197246
1 0.0026051358392259025
0 0.0022329735764793452
doc : 25
2 0.789308176100629
4 0.03773584905660378
0 0.031446540880503145
8 0.02830188679245283
7 0.022012578616352203
3 0.022012578616352203
9 0.01886792452830189
5 0.01886792452830189
6 0.015723270440251572
1 0.015723270440251572
doc : 26
2 0.7949526813880126
0 0.05362776025236593
6 0.025236593059936908
3 0.025236593059936908
8 0.01892744479495268
5 0.01892744479495268
9 0.015772870662460567
7 0.015772870662460567
4 0.015772870662460567
1 0.015772870662460567
doc : 27
2 0.804416403785489
3 0.031545741324921134
0 0.031545741324921134
4 0.025236593059936908
9 0.022082018927444793
8 0.01892744479495268
5 0.01892744479495268
7 0.015772870662460567
6 0.015772870662460567
1 0.015772870662460567
doc : 28
0 0.5632183908045977
2 0.15517241379310345
5 0.04597701149425287
3 0.040229885057471264
8 0.034482758620689655
7 0.034482758620689655
6 0.034482758620689655
1 0.034482758620689655
9 0.028735632183908046
4 0.028735632183908046
doc : 29
6 0.8644628099173554
5 0.02975206611570248
7 0.01652892561983471
4 0.01652892561983471
2 0.01652892561983471
0 0.01487603305785124
8 0.013223140495867768
9 0.009917355371900825
1 0.009917355371900825
3 0.008264462809917356
doc : 30
6 0.8705738705738706
5 0.0231990231990232
2 0.019536019536019536
9 0.015873015873015872
0 0.014652014652014652
8 0.013431013431013432
4 0.013431013431013432
7 0.01221001221001221
3 0.010989010989010988
1 0.006105006105006105
doc : 31
6 0.8941398865784499
4 0.015122873345935728
3 0.015122873345935728
5 0.013232514177693762
7 0.011342155009451797
2 0.011342155009451797
0 0.011342155009451797
9 0.00945179584120983
8 0.00945179584120983
1 0.00945179584120983
doc : 32
4 0.8487584650112866
6 0.02934537246049661
7 0.02257336343115124
3 0.01805869074492099
9 0.015801354401805866
8 0.013544018058690745
5 0.013544018058690745
2 0.013544018058690745
0 0.013544018058690745
1 0.01128668171557562
doc : 33
7 0.3700384122919334
4 0.31562099871959026
9 0.2522407170294494
6 0.02496798975672215
3 0.01088348271446863
5 0.0076824583866837385
2 0.005761843790012804
1 0.005121638924455826
0 0.004481434058898847
8 0.003201024327784891
doc : 34
3 0.5536231884057972
4 0.3289855072463768
7 0.026086956521739132
2 0.02318840579710145
9 0.013043478260869566
5 0.013043478260869566
1 0.013043478260869566
6 0.011594202898550725
8 0.008695652173913044
0 0.008695652173913044
doc : 35
5 0.8746666666666667
6 0.029333333333333336
2 0.028444444444444446
9 0.017777777777777778
0 0.012444444444444445
4 0.009777777777777778
1 0.008888888888888889
8 0.008
3 0.006222222222222223
7 0.0044444444444444444
doc : 36
8 0.9718242597898759
4 0.004297994269340974
0 0.004297994269340974
2 0.0038204393505253103
9 0.0033428844317096463
3 0.0028653295128939827
7 0.002387774594078319
6 0.002387774594078319
5 0.002387774594078319
1 0.002387774594078319
doc : 37
5 0.7611026033690659
2 0.12710566615620214
0 0.022970903522205207
8 0.016845329249617153
9 0.015313935681470138
4 0.015313935681470138
7 0.01225114854517611
1 0.010719754977029096
6 0.009188361408882083
3 0.009188361408882083
doc : 38
2 0.9426987060998151
0 0.012014787430683918
5 0.00831792975970425
6 0.006469500924214418
1 0.006469500924214418
3 0.005545286506469501
9 0.004621072088724584
8 0.004621072088724584
7 0.004621072088724584
4 0.004621072088724584
doc : 39
6 0.5798212005108557
3 0.27458492975734355
7 0.07535121328224777
9 0.020434227330779056
2 0.011494252873563218
1 0.008939974457215838
8 0.007662835249042146
5 0.007662835249042146
0 0.007662835249042146
4 0.006385696040868455
doc : 40
4 0.8605769230769231
7 0.026442307692307696
3 0.019230769230769232
9 0.014423076923076924
8 0.014423076923076924
2 0.014423076923076924
0 0.014423076923076924
6 0.01201923076923077
5 0.01201923076923077
1 0.01201923076923077
doc : 41
4 0.8776470588235293
3 0.018823529411764704
7 0.016470588235294115
9 0.014117647058823528
1 0.014117647058823528
8 0.011764705882352941
6 0.011764705882352941
5 0.011764705882352941
2 0.011764705882352941
0 0.011764705882352941
doc : 42
4 0.7222222222222222
3 0.0915915915915916
7 0.06906906906906907
9 0.03453453453453453
1 0.01951951951951952
0 0.018018018018018018
2 0.015015015015015015
8 0.012012012012012012
6 0.01051051051051051
5 0.0075075075075075074
doc : 43
3 0.5771739130434783
4 0.31521739130434784
0 0.03152173913043478
6 0.013043478260869566
2 0.013043478260869566
7 0.011956521739130435
8 0.010869565217391304
9 0.009782608695652175
1 0.009782608695652175
5 0.007608695652173913
doc : 44
1 0.8591549295774649
7 0.026156941649899398
3 0.024144869215291753
9 0.018108651911468814
6 0.01609657947686117
8 0.012072434607645876
4 0.012072434607645876
0 0.012072434607645876
5 0.01006036217303823
2 0.01006036217303823
doc : 45
1 0.7888198757763976
6 0.033126293995859216
5 0.033126293995859216
9 0.028985507246376815
0 0.02277432712215321
4 0.020703933747412008
3 0.020703933747412008
7 0.018633540372670808
8 0.016563146997929608
2 0.016563146997929608
doc : 46
1 0.7546012269938651
6 0.06748466257668713
4 0.04294478527607362
7 0.030674846625766874
0 0.0245398773006135
3 0.022494887525562373
8 0.016359918200409
9 0.014314928425357875
2 0.014314928425357875
5 0.01226993865030675
doc : 47
1 0.7195767195767195
7 0.042328042328042326
3 0.042328042328042326
6 0.031746031746031744
0 0.031746031746031744
9 0.026455026455026454
8 0.026455026455026454
5 0.026455026455026454
4 0.026455026455026454
2 0.026455026455026454
doc : 48
2 0.9482439926062847
0 0.0073937153419593345
6 0.006469500924214418
9 0.005545286506469501
8 0.005545286506469501
7 0.005545286506469501
5 0.005545286506469501
3 0.005545286506469501
1 0.005545286506469501
4 0.004621072088724584
doc : 49
5 0.22580645161290322
0 0.14838709677419354
2 0.13548387096774195
3 0.11612903225806452
6 0.09032258064516129
4 0.07741935483870968
8 0.07096774193548387
1 0.05806451612903226
9 0.04516129032258064
7 0.03225806451612903
doc : 50
5 0.8294168842471714
0 0.053959965187119235
2 0.031331592689295036
7 0.02001740644038294
1 0.014795474325500435
4 0.013054830287206266
9 0.012184508268059181
6 0.009573542210617928
3 0.008703220191470844
8 0.006962576153176675
doc : 51
4 0.6327231121281465
3 0.21739130434782608
6 0.036613272311212815
7 0.032036613272311214
9 0.02288329519450801
2 0.016018306636155607
0 0.014874141876430207
1 0.011441647597254004
5 0.009153318077803204
8 0.006864988558352403
doc : 52
4 0.8479809976247031
3 0.02137767220902613
8 0.019002375296912115
7 0.019002375296912115
5 0.019002375296912115
6 0.0166270783847981
2 0.0166270783847981
9 0.014251781472684086
0 0.014251781472684086
1 0.011876484560570073
doc : 53
3 0.5968503937007874
4 0.31181102362204727
7 0.015748031496062992
2 0.015748031496062992
5 0.014173228346456693
0 0.012598425196850394
1 0.009448818897637795
9 0.007874015748031496
8 0.007874015748031496
6 0.007874015748031496
doc : 54
4 0.8629213483146068
9 0.017977528089887642
8 0.017977528089887642
3 0.017977528089887642
7 0.015730337078651686
6 0.015730337078651686
0 0.015730337078651686
1 0.01348314606741573
5 0.011235955056179777
2 0.011235955056179777
doc : 55
8 0.9729860106126387
2 0.004341534008683068
4 0.003376748673420164
9 0.0028943560057887122
6 0.0028943560057887122
5 0.0028943560057887122
3 0.0028943560057887122
1 0.0028943560057887122
7 0.00241196333815726
0 0.00241196333815726
doc : 56
5 0.4364406779661017
3 0.09322033898305085
0 0.08898305084745763
7 0.0847457627118644
9 0.06779661016949153
1 0.059322033898305086
2 0.05084745762711865
6 0.046610169491525424
4 0.046610169491525424
8 0.025423728813559324
doc : 57
5 0.7711213517665131
2 0.0706605222734255
0 0.059907834101382486
6 0.018433179723502304
4 0.018433179723502304
3 0.015360983102918587
9 0.01228878648233487
1 0.01228878648233487
8 0.010752688172043012
7 0.010752688172043012
doc : 58
9 0.46450060168471724
4 0.32731648616125153
7 0.14199759326113118
3 0.01444043321299639
2 0.012033694344163659
0 0.009626955475330927
6 0.00842358604091456
1 0.00842358604091456
5 0.007220216606498195
8 0.006016847172081829
doc : 59
3 0.5607361963190184
4 0.29938650306748466
7 0.0687116564417178
0 0.0147239263803681
9 0.012269938650306749
2 0.011042944785276074
8 0.0098159509202454
6 0.0098159509202454
1 0.00736196319018405
5 0.006134969325153374
doc : 60
3 0.5232704402515723
4 0.34465408805031444
7 0.03647798742138365
6 0.021383647798742137
0 0.018867924528301886
9 0.016352201257861635
2 0.01509433962264151
5 0.011320754716981131
8 0.006289308176100628
1 0.006289308176100628
doc : 61
4 0.888402625820569
9 0.015317286652078774
3 0.015317286652078774
7 0.01312910284463895
2 0.01312910284463895
8 0.010940919037199124
6 0.010940919037199124
5 0.010940919037199124
1 0.010940919037199124
0 0.010940919037199124
doc : 62
4 0.849537037037037
7 0.023148148148148147
3 0.023148148148148147
2 0.023148148148148147
1 0.016203703703703703
8 0.013888888888888888
6 0.013888888888888888
0 0.013888888888888888
9 0.011574074074074073
5 0.011574074074074073
doc : 63
4 0.8758465011286681
5 0.01805869074492099
0 0.01805869074492099
9 0.013544018058690745
8 0.013544018058690745
2 0.013544018058690745
1 0.013544018058690745
7 0.01128668171557562
6 0.01128668171557562
3 0.01128668171557562
doc : 64
4 0.8782435129740518
3 0.01996007984031936
5 0.015968063872255488
9 0.01397205588822355
6 0.01397205588822355
1 0.01397205588822355
0 0.01397205588822355
8 0.00998003992015968
7 0.00998003992015968
2 0.00998003992015968
doc : 65
5 0.7875647668393781
0 0.05181347150259067
2 0.03454231433506045
1 0.031088082901554404
6 0.025906735751295335
9 0.02245250431778929
7 0.017271157167530225
8 0.010362694300518133
4 0.010362694300518133
3 0.008635578583765112
doc : 66
1 0.7195767195767195
9 0.037037037037037035
4 0.037037037037037035
2 0.037037037037037035
7 0.031746031746031744
0 0.031746031746031744
8 0.026455026455026454
6 0.026455026455026454
5 0.026455026455026454
3 0.026455026455026454
doc : 67
9 0.6966292134831461
2 0.06741573033707865
6 0.03745318352059925
8 0.033707865168539325
0 0.033707865168539325
5 0.0299625468164794
3 0.0299625468164794
1 0.0299625468164794
7 0.02247191011235955
4 0.018726591760299626
doc : 68
4 0.8657407407407407
3 0.020833333333333332
6 0.018518518518518517
7 0.016203703703703703
9 0.013888888888888888
5 0.013888888888888888
2 0.013888888888888888
1 0.013888888888888888
8 0.011574074074074073
0 0.011574074074074073
doc : 69
4 0.8781038374717832
3 0.01805869074492099
2 0.01805869074492099
5 0.013544018058690745
1 0.013544018058690745
0 0.013544018058690745
9 0.01128668171557562
8 0.01128668171557562
7 0.01128668171557562
6 0.01128668171557562
doc : 70
4 0.8762475049900199
6 0.01996007984031936
3 0.015968063872255488
0 0.015968063872255488
1 0.01397205588822355
9 0.011976047904191616
8 0.011976047904191616
7 0.011976047904191616
5 0.011976047904191616
2 0.00998003992015968
doc : 71
4 0.8577319587628867
3 0.020618556701030927
0 0.020618556701030927
7 0.018556701030927835
9 0.016494845360824743
6 0.01443298969072165
2 0.01443298969072165
8 0.012371134020618558
5 0.012371134020618558
1 0.012371134020618558
doc : 72
4 0.8617021276595744
6 0.02127659574468085
9 0.019148936170212766
3 0.019148936170212766
0 0.01702127659574468
8 0.012765957446808512
7 0.012765957446808512
2 0.012765957446808512
1 0.012765957446808512
5 0.010638297872340425
doc : 73
4 0.5623052959501558
3 0.16199376947040497
0 0.10124610591900311
7 0.03582554517133956
6 0.029595015576323987
5 0.029595015576323987
2 0.029595015576323987
9 0.021806853582554516
8 0.01557632398753894
1 0.012461059190031152
doc : 74
4 0.8577680525164113
3 0.02188183807439825
9 0.0175054704595186
7 0.0175054704595186
0 0.0175054704595186
8 0.015317286652078774
6 0.015317286652078774
5 0.01312910284463895
2 0.01312910284463895
1 0.010940919037199124
doc : 75
9 0.7078651685393258
2 0.052434456928838954
0 0.0449438202247191
6 0.03745318352059925
5 0.03745318352059925
8 0.033707865168539325
7 0.026217228464419477
4 0.02247191011235955
3 0.018726591760299626
1 0.018726591760299626
doc : 76
1 0.767361111111111
7 0.048611111111111105
3 0.03125
9 0.027777777777777776
4 0.024305555555555552
6 0.020833333333333332
5 0.020833333333333332
2 0.020833333333333332
0 0.020833333333333332
8 0.017361111111111112
doc : 77
7 0.8178010471204189
3 0.08900523560209425
0 0.029319371727748695
6 0.010471204188481676
5 0.010471204188481676
1 0.010471204188481676
9 0.00942408376963351
2 0.00942408376963351
4 0.008376963350785341
8 0.005235602094240838
doc : 78
2 0.6994727592267135
5 0.16520210896309315
6 0.04745166959578207
0 0.019332161687170474
9 0.012302284710017574
4 0.012302284710017574
3 0.012302284710017574
8 0.01054481546572935
7 0.01054481546572935
1 0.01054481546572935
doc : 79
4 0.8658536585365855
7 0.024390243902439025
9 0.020325203252032523
6 0.01829268292682927
2 0.014227642276422765
0 0.014227642276422765
8 0.012195121951219513
5 0.010162601626016262
3 0.010162601626016262
1 0.010162601626016262
doc : 80
7 0.5391367959034382
3 0.1872713972201902
4 0.17629846378931968
6 0.03950256035113387
0 0.016093635698610095
9 0.012435991221653255
2 0.010241404535479151
5 0.008046817849305048
1 0.006583760058522312
8 0.0043891733723482075
doc : 81
9 0.4059917355371901
7 0.2902892561983471
4 0.21074380165289258
3 0.03305785123966942
6 0.014462809917355372
1 0.011363636363636364
0 0.009297520661157025
8 0.008264462809917356
5 0.008264462809917356
2 0.008264462809917356
doc : 82
4 0.6129666011787819
3 0.17878192534381138
6 0.043222003929273084
7 0.03929273084479371
2 0.03339882121807465
5 0.02554027504911591
8 0.019646365422396856
0 0.01768172888015717
9 0.015717092337917484
1 0.013752455795677798
doc : 83
1 0.7233333333333334
6 0.08333333333333334
5 0.03333333333333333
7 0.030000000000000002
8 0.023333333333333334
4 0.023333333333333334
3 0.023333333333333334
9 0.02
2 0.02
0 0.02
doc : 84
6 0.7267699115044247
4 0.1415929203539823
7 0.04203539823008849
9 0.01991150442477876
2 0.014380530973451327
8 0.011061946902654867
5 0.011061946902654867
3 0.011061946902654867
1 0.011061946902654867
0 0.011061946902654867
doc : 85
1 0.8073817762399077
2 0.06343713956170703
6 0.042675893886966555
8 0.016147635524798157
9 0.014994232987312572
5 0.014994232987312572
0 0.01384083044982699
7 0.00922722029988466
4 0.00922722029988466
3 0.008073817762399078
doc : 86
9 0.6269925611052072
4 0.1594048884165781
7 0.10945802337938362
3 0.024442082890541974
0 0.022316684378320933
5 0.018065887353878853
6 0.012752391073326248
2 0.009564293304994686
1 0.009564293304994686
8 0.007438894792773645
doc : 87
1 0.8054187192118226
7 0.03940886699507389
6 0.024630541871921183
4 0.024630541871921183
5 0.022167487684729065
9 0.017241379310344827
3 0.017241379310344827
2 0.017241379310344827
0 0.017241379310344827
8 0.014778325123152709
doc : 88
2 0.37188612099644125
0 0.19572953736654802
5 0.19395017793594305
6 0.10320284697508897
3 0.03558718861209964
9 0.02669039145907473
4 0.02669039145907473
8 0.01779359430604982
7 0.01779359430604982
1 0.010676156583629894
doc : 89
3 0.5702875399361023
4 0.3386581469648562
2 0.01757188498402556
7 0.01437699680511182
6 0.011182108626198083
9 0.009584664536741214
8 0.009584664536741214
5 0.009584664536741214
1 0.009584664536741214
0 0.009584664536741214
doc : 90
9 0.44041117892708004
7 0.4037905557340187
4 0.06488917442981047
3 0.06167683906199808
6 0.011564407324124639
2 0.00513973658849984
1 0.00449726951493736
0 0.00385480244137488
5 0.00224863475746868
8 0.00192740122068744
doc : 91
7 0.783105864994467
3 0.1350055330136481
4 0.061232017705643675
9 0.00516414607156031
8 0.0033198081888601992
6 0.002950940612320177
2 0.002950940612320177
0 0.002582073035780155
5 0.0018443378827001106
1 0.0018443378827001106
doc : 92
3 0.6107871720116618
4 0.30612244897959184
7 0.01749271137026239
2 0.013119533527696793
0 0.011661807580174927
9 0.01020408163265306
8 0.008746355685131196
6 0.007288629737609329
5 0.007288629737609329
1 0.007288629737609329
doc : 93
3 0.5902140672782875
4 0.29867482161060144
7 0.028542303771661573
6 0.019367991845056068
0 0.01834862385321101
2 0.01325178389398573
9 0.009174311926605505
1 0.009174311926605505
5 0.00815494393476045
8 0.0050968399592252805
doc : 94
1 0.7795275590551181
6 0.05774278215223097
3 0.026246719160104987
9 0.023622047244094488
4 0.023622047244094488
0 0.023622047244094488
7 0.01837270341207349
8 0.015748031496062992
5 0.015748031496062992
2 0.015748031496062992
doc : 95
5 0.7597402597402597
0 0.07900432900432901
2 0.05194805194805195
6 0.020562770562770564
1 0.020562770562770564
3 0.0183982683982684
8 0.016233766233766232
9 0.012987012987012988
4 0.011904761904761904
7 0.008658008658008658
doc : 96
6 0.43609022556390975
0 0.18421052631578946
5 0.17293233082706766
2 0.06265664160401002
7 0.04887218045112782
1 0.03132832080200501
3 0.022556390977443608
4 0.017543859649122806
9 0.016290726817042606
8 0.007518796992481203
doc : 97
0 0.9091551785083068
3 0.04206433368681513
2 0.013785790031813362
9 0.01166489925768823
5 0.006362672322375398
4 0.006009190526687876
6 0.003181336161187699
1 0.002827854365500177
8 0.002474372569812655
7 0.002474372569812655
doc : 98
7 0.7797860568056069
3 0.13316119513094798
4 0.06787163408336408
2 0.004795278495020288
1 0.002950940612320177
8 0.002582073035780155
5 0.002582073035780155
9 0.002213205459240133
0 0.002213205459240133
6 0.0018443378827001106
doc : 99
3 0.6049562682215743
4 0.30466472303207
7 0.016034985422740525
9 0.013119533527696793
6 0.013119533527696793
0 0.013119533527696793
5 0.01020408163265306
8 0.008746355685131196
2 0.008746355685131196
1 0.007288629737609329
