doc : 0
9 0.8972945891783567
6 0.01853707414829659
4 0.015531062124248495
7 0.014529058116232464
8 0.012024048096192383
2 0.012024048096192383
5 0.011523046092184368
0 0.008016032064128256
1 0.005511022044088176
3 0.00501002004008016
doc : 1
9 0.84593837535014
3 0.022408963585434174
7 0.0196078431372549
6 0.0196078431372549
8 0.01680672268907563
2 0.01680672268907563
1 0.01680672268907563
5 0.014005602240896359
4 0.014005602240896359
0 0.014005602240896359
doc : 2
9 0.9275549805950841
1 0.013583441138421734
8 0.0129366106080207
0 0.012289780077619664
6 0.008408796895213455
4 0.00776196636481242
2 0.00517464424320828
3 0.004527813712807245
7 0.00388098318240621
5 0.00388098318240621
doc : 3
7 0.8446389496717724
6 0.02188183807439825
9 0.019693654266958426
8 0.019693654266958426
3 0.019693654266958426
5 0.0175054704595186
1 0.0175054704595186
0 0.015317286652078774
4 0.01312910284463895
2 0.010940919037199124
doc : 4
3 0.6372950819672132
6 0.06147540983606558
2 0.059426229508196725
5 0.05327868852459017
0 0.04098360655737705
1 0.036885245901639344
7 0.03278688524590164
8 0.03073770491803279
4 0.02459016393442623
9 0.022540983606557378
doc : 5
7 0.41638795986622074
1 0.26588628762541805
2 0.15217391304347827
4 0.043478260869565216
6 0.030100334448160536
8 0.02508361204013378
0 0.023411371237458192
9 0.016722408026755852
5 0.013377926421404682
3 0.013377926421404682
doc : 6
2 0.575812274368231
1 0.10288808664259928
9 0.0631768953068592
8 0.06137184115523466
5 0.06137184115523466
7 0.03790613718411553
6 0.03249097472924188
0 0.025270758122743684
4 0.019855595667870037
3 0.019855595667870037
doc : 7
7 0.8436123348017622
2 0.022026431718061675
9 0.019823788546255508
8 0.019823788546255508
3 0.019823788546255508
6 0.01762114537444934
1 0.015418502202643174
0 0.015418502202643174
5 0.013215859030837006
4 0.013215859030837006
doc : 8
7 0.821852731591449
3 0.028503562945368172
9 0.023752969121140145
8 0.023752969121140145
5 0.023752969121140145
2 0.0166270783847981
1 0.0166270783847981
0 0.0166270783847981
6 0.014251781472684086
4 0.014251781472684086
doc : 9
6 0.8506588579795022
1 0.05954123962908736
2 0.021961932650073207
0 0.01708150317227916
8 0.014153245485602733
5 0.012201073694485115
9 0.008784773060029283
7 0.00634455832113226
3 0.005856515373352855
4 0.003416300634455832
doc : 10
1 0.8271391529818496
6 0.07821953327571306
5 0.037165082108902334
4 0.01512532411408816
2 0.012100259291270527
0 0.009075194468452896
8 0.00864304235090752
3 0.004753673292999136
9 0.00432152117545376
7 0.003457216940363008
doc : 11
6 0.9229166666666666
4 0.0125
2 0.0125
9 0.009375
5 0.008333333333333333
3 0.008333333333333333
8 0.007291666666666667
0 0.007291666666666667
7 0.00625
1 0.005208333333333333
doc : 12
7 0.5094339622641509
2 0.2712264150943396
8 0.04952830188679245
9 0.02830188679245283
6 0.02830188679245283
5 0.02830188679245283
3 0.025943396226415092
0 0.025943396226415092
4 0.018867924528301886
1 0.014150943396226415
doc : 13
7 0.4278728606356968
2 0.1784841075794621
1 0.10268948655256724
3 0.06845965770171149
6 0.061124694376528114
0 0.05623471882640587
5 0.03667481662591687
8 0.034229828850855744
9 0.022004889975550123
4 0.012224938875305624
doc : 14
6 0.9284963196635121
1 0.012618296529968454
3 0.010515247108307046
0 0.00946372239747634
7 0.008412197686645636
9 0.006309148264984227
8 0.006309148264984227
5 0.006309148264984227
4 0.006309148264984227
2 0.005257623554153523
doc : 15
6 0.9396186440677966
0 0.01059322033898305
5 0.007415254237288136
3 0.007415254237288136
1 0.007415254237288136
9 0.006355932203389831
8 0.005296610169491525
7 0.005296610169491525
4 0.005296610169491525
2 0.005296610169491525
doc : 16
8 0.5879310344827586
3 0.1396551724137931
0 0.04827586206896552
7 0.041379310344827586
4 0.03620689655172414
6 0.03275862068965517
1 0.03103448275862069
5 0.029310344827586206
9 0.027586206896551724
2 0.02586206896551724
doc : 17
7 0.6085011185682326
1 0.14317673378076062
0 0.040268456375838924
4 0.03803131991051454
6 0.035794183445190156
3 0.03355704697986577
8 0.026845637583892617
5 0.026845637583892617
2 0.026845637583892617
9 0.020134228187919462
doc : 18
2 0.6575342465753424
3 0.17123287671232876
1 0.03424657534246575
9 0.02511415525114155
4 0.0228310502283105
5 0.02054794520547945
7 0.0182648401826484
0 0.0182648401826484
8 0.01598173515981735
6 0.01598173515981735
doc : 19
3 0.6437007874015748
2 0.0826771653543307
5 0.04133858267716535
9 0.03937007874015748
1 0.03937007874015748
4 0.03543307086614173
8 0.033464566929133854
7 0.031496062992125984
0 0.02952755905511811
6 0.023622047244094488
doc : 20
4 0.7700578990901572
1 0.12406947890818859
2 0.024813895781637715
6 0.023986765922249794
0 0.013234077750206782
5 0.011579818031430935
3 0.010752688172043012
9 0.009098428453267162
8 0.007444168734491315
7 0.004962779156327543
doc : 21
9 0.9153475567790778
0 0.02202339986235375
8 0.016517549896765314
2 0.014452856159669649
6 0.007570543702684102
7 0.006882312456985546
5 0.004817618719889883
1 0.004817618719889883
3 0.0041293874741913286
4 0.003441156228492773
doc : 22
2 0.6612723214285714
1 0.21595982142857142
4 0.023995535714285712
5 0.02232142857142857
9 0.01953125
6 0.018973214285714284
3 0.012834821428571428
8 0.011160714285714284
0 0.008370535714285714
7 0.005580357142857142
doc : 23
7 0.5809768637532133
1 0.1773778920308483
0 0.051413881748071974
4 0.04627249357326478
6 0.038560411311053984
5 0.028277634961439587
3 0.02313624678663239
2 0.02056555269922879
9 0.01799485861182519
8 0.015424164524421594
doc : 24
7 0.9207100591715977
6 0.010650887573964497
5 0.010650887573964497
8 0.009467455621301775
9 0.008284023668639054
4 0.008284023668639054
2 0.008284023668639054
1 0.008284023668639054
0 0.008284023668639054
3 0.007100591715976332
doc : 25
6 0.9348054679284963
0 0.010515247108307046
4 0.008412197686645636
3 0.008412197686645636
9 0.007360672975814931
7 0.006309148264984227
5 0.006309148264984227
2 0.006309148264984227
1 0.006309148264984227
8 0.005257623554153523
doc : 26
7 0.77882797731569
1 0.045368620037807186
8 0.03213610586011342
9 0.02457466918714556
5 0.02457466918714556
0 0.022684310018903593
4 0.020793950850661626
6 0.01890359168241966
3 0.01890359168241966
2 0.013232514177693762
doc : 27
9 0.8274111675126903
1 0.03807106598984771
8 0.02284263959390863
6 0.02030456852791878
2 0.02030456852791878
0 0.017766497461928932
4 0.015228426395939085
7 0.012690355329949238
5 0.012690355329949238
3 0.012690355329949238
doc : 28
9 0.800632911392405
7 0.028481012658227847
1 0.028481012658227847
8 0.02531645569620253
5 0.022151898734177215
2 0.022151898734177215
0 0.022151898734177215
3 0.0189873417721519
6 0.015822784810126583
4 0.015822784810126583
doc : 29
9 0.8455284552845529
1 0.024390243902439025
8 0.02168021680216802
0 0.02168021680216802
7 0.018970189701897018
6 0.013550135501355014
5 0.013550135501355014
4 0.013550135501355014
3 0.013550135501355014
2 0.013550135501355014
doc : 30
9 0.8019169329073482
1 0.03514376996805112
6 0.025559105431309903
3 0.025559105431309903
2 0.025559105431309903
7 0.019169329073482427
5 0.019169329073482427
8 0.01597444089456869
4 0.01597444089456869
0 0.01597444089456869
doc : 31
6 0.34413965087281795
1 0.24688279301745636
0 0.10972568578553615
3 0.10473815461346633
4 0.04239401496259351
7 0.03740648379052369
9 0.032418952618453865
8 0.02743142144638404
5 0.02743142144638404
2 0.02743142144638404
doc : 32
7 0.6350210970464134
1 0.06751054852320675
6 0.05274261603375527
0 0.050632911392405056
4 0.044303797468354424
2 0.04219409282700422
3 0.035864978902953586
5 0.03375527426160337
9 0.02320675105485232
8 0.014767932489451475
doc : 33
1 0.8211829436038515
2 0.07015130674002751
3 0.026134800550206328
7 0.016506189821182946
6 0.015130674002751032
9 0.013755158184319119
5 0.011004126547455296
8 0.009628610729023384
0 0.009628610729023384
4 0.0068775790921595595
doc : 34
3 0.6343490304709142
1 0.060941828254847646
9 0.05263157894736842
8 0.04986149584487535
2 0.04986149584487535
5 0.04709141274238227
4 0.0332409972299169
7 0.024930747922437674
0 0.024930747922437674
6 0.0221606648199446
doc : 35
3 0.7156398104265403
2 0.07345971563981044
0 0.04502369668246446
9 0.028436018957345974
7 0.028436018957345974
8 0.026066350710900476
5 0.026066350710900476
1 0.026066350710900476
6 0.018957345971563982
4 0.011848341232227489
doc : 36
3 0.8457481872116018
0 0.035596572181938034
2 0.027027027027027025
1 0.02109426499670402
8 0.01911667765326302
9 0.017798286090969017
7 0.011865524060646011
5 0.01120632827949901
4 0.005932762030323006
6 0.004614370468029004
doc : 37
8 0.6930232558139535
7 0.09922480620155039
2 0.03875968992248062
6 0.02945736434108527
4 0.02945736434108527
0 0.02945736434108527
5 0.027906976744186046
3 0.024806201550387597
1 0.018604651162790697
9 0.009302325581395349
doc : 38
1 0.4940217391304348
2 0.1342391304347826
6 0.12771739130434784
4 0.10054347826086957
5 0.04782608695652174
7 0.03206521739130435
9 0.02282608695652174
3 0.01847826086956522
0 0.011956521739130435
8 0.010326086956521738
doc : 39
9 0.7582417582417583
6 0.0706436420722135
0 0.0423861852433281
8 0.03453689167974883
3 0.020408163265306124
4 0.017268445839874413
1 0.015698587127158558
7 0.0141287284144427
2 0.0141287284144427
5 0.012558869701726845
doc : 40
3 0.6252019386106624
7 0.1421647819063005
2 0.04684975767366721
8 0.04361873990306947
9 0.033925686591276254
1 0.033925686591276254
5 0.02261712439418417
0 0.019386106623586433
4 0.017770597738287562
6 0.014539579967689823
doc : 41
3 0.47703180212014135
2 0.14487632508833923
1 0.1431095406360424
8 0.04770318021201413
5 0.044169611307420496
0 0.037102473498233215
7 0.03356890459363958
9 0.03180212014134275
6 0.022968197879858657
4 0.0176678445229682
doc : 42
1 0.19607843137254902
3 0.18627450980392157
2 0.14705882352941177
5 0.1323529411764706
0 0.08333333333333333
8 0.058823529411764705
7 0.05392156862745098
6 0.05392156862745098
9 0.044117647058823525
4 0.044117647058823525
doc : 43
3 0.7859327217125383
1 0.03669724770642202
8 0.03058103975535168
0 0.0290519877675841
2 0.024464831804281346
7 0.022935779816513763
5 0.021406727828746176
4 0.01834862385321101
6 0.016819571865443424
9 0.013761467889908258
doc : 44
2 0.31660231660231664
1 0.30115830115830117
4 0.07722007722007722
7 0.07335907335907337
0 0.05405405405405406
6 0.04633204633204634
9 0.03861003861003861
5 0.03861003861003861
3 0.03088803088803089
8 0.02316602316602317
doc : 45
2 0.20454545454545456
1 0.17045454545454547
5 0.14772727272727273
7 0.09659090909090909
9 0.08522727272727273
6 0.07386363636363637
4 0.07386363636363637
8 0.05681818181818182
3 0.05113636363636364
0 0.03977272727272727
doc : 46
7 0.7494199535962877
1 0.08584686774941995
2 0.04176334106728538
9 0.02088167053364269
8 0.02088167053364269
5 0.018561484918793503
3 0.018561484918793503
0 0.018561484918793503
4 0.013921113689095127
6 0.01160092807424594
doc : 47
4 0.3635307781649245
1 0.28222996515679444
5 0.16376306620209058
0 0.041811846689895474
6 0.04065040650406504
2 0.03832752613240418
8 0.03484320557491289
9 0.015098722415795587
7 0.012775842044134726
3 0.006968641114982578
doc : 48
8 0.8056288478452067
1 0.079155672823219
4 0.028144239226033423
0 0.018469656992084433
2 0.014951627088830256
6 0.013192612137203167
5 0.012313104661389622
9 0.010554089709762533
7 0.008795074758135445
3 0.008795074758135445
doc : 49
7 0.32673267326732675
1 0.2857142857142857
2 0.2135785007072136
6 0.033946251768033946
8 0.03111739745403112
3 0.03111739745403112
4 0.029702970297029705
5 0.02263083451202263
9 0.018387553041018388
0 0.007072135785007073
doc : 50
4 0.7573696145124716
1 0.11111111111111112
6 0.02834467120181406
5 0.018140589569160998
3 0.018140589569160998
2 0.018140589569160998
0 0.017006802721088437
8 0.012471655328798186
9 0.011337868480725623
7 0.007936507936507936
doc : 51
8 0.4668769716088328
3 0.15772870662460567
2 0.11356466876971609
5 0.06466876971608833
1 0.0473186119873817
7 0.04258675078864353
4 0.028391167192429023
0 0.028391167192429023
9 0.025236593059936908
6 0.025236593059936908
doc : 52
3 0.648068669527897
4 0.286480686695279
1 0.015021459227467811
9 0.01072961373390558
2 0.0075107296137339056
8 0.006437768240343348
7 0.006437768240343348
6 0.006437768240343348
5 0.006437768240343348
0 0.006437768240343348
doc : 53
4 0.6556270096463023
3 0.30032154340836015
8 0.011575562700964631
1 0.00964630225080386
2 0.00482315112540193
9 0.0045016077170418
6 0.0038585209003215437
7 0.003215434083601286
5 0.003215434083601286
0 0.003215434083601286
doc : 54
1 0.8439947780678851
2 0.044386422976501305
6 0.04177545691906005
0 0.01566579634464752
3 0.013054830287206266
7 0.01174934725848564
4 0.010443864229765013
9 0.00783289817232376
8 0.00783289817232376
5 0.0032637075718015664
doc : 55
2 0.6798975672215108
8 0.05377720870678617
7 0.04225352112676056
3 0.04225352112676056
6 0.040973111395646605
1 0.03841229193341869
0 0.030729833546734954
4 0.026888604353393086
9 0.02432778489116517
5 0.020486555697823303
doc : 56
6 0.5106649937264742
1 0.33751568381430364
0 0.03889585947302383
4 0.022584692597239647
2 0.022584692597239647
9 0.018820577164366373
8 0.01631116687578419
5 0.015056461731493099
3 0.010037641154328732
7 0.0075282308657465494
doc : 57
5 0.7451403887688985
1 0.15766738660907129
2 0.02591792656587473
6 0.016198704103671708
4 0.011879049676025918
8 0.009719222462203024
3 0.009719222462203024
0 0.008639308855291577
9 0.00755939524838013
7 0.00755939524838013
doc : 58
1 0.6221322537112011
6 0.17408906882591094
2 0.043184885290148446
0 0.03643724696356275
9 0.033738191632928474
3 0.031039136302294195
7 0.017543859649122806
8 0.014844804318488529
5 0.013495276653171389
4 0.013495276653171389
doc : 59
2 0.6698610445615717
1 0.13655965500718736
8 0.062290368950646866
7 0.04935313847628175
4 0.022041207474844275
3 0.01772879731672257
5 0.017249640632486823
9 0.011020603737422138
0 0.007187350263536177
6 0.006708193579300432
doc : 60
1 0.8258391386953768
2 0.046865104496516784
4 0.031665611146295125
6 0.024065864471184296
5 0.02026599113362888
3 0.015832805573147563
8 0.012032932235592148
0 0.010766307789740342
9 0.006966434452184927
7 0.005699810006333122
doc : 61
8 0.6279527559055118
1 0.09055118110236221
9 0.0826771653543307
3 0.0688976377952756
6 0.033464566929133854
5 0.027559055118110236
2 0.023622047244094488
7 0.01968503937007874
4 0.015748031496062992
0 0.00984251968503937
doc : 62
5 0.8495575221238938
3 0.03893805309734513
6 0.019469026548672566
1 0.019469026548672566
8 0.01415929203539823
7 0.012389380530973451
2 0.012389380530973451
0 0.012389380530973451
9 0.010619469026548672
4 0.010619469026548672
doc : 63
3 0.6727272727272727
1 0.11948051948051948
6 0.046753246753246755
0 0.03896103896103896
4 0.033766233766233764
5 0.03116883116883117
9 0.015584415584415584
8 0.015584415584415584
7 0.012987012987012988
2 0.012987012987012988
doc : 64
7 0.4271570014144272
1 0.27015558698727016
2 0.0777934936350778
8 0.04667609618104668
0 0.039603960396039604
3 0.03253182461103253
9 0.029702970297029705
6 0.029702970297029705
5 0.024045261669024046
4 0.02263083451202263
doc : 65
4 0.3985611510791367
2 0.3079136690647482
1 0.11366906474820145
0 0.03884892086330936
8 0.02877697841726619
3 0.02877697841726619
7 0.02302158273381295
9 0.02158273381294964
5 0.020143884892086333
6 0.01870503597122302
doc : 66
7 0.6413502109704641
2 0.10548523206751054
8 0.04852320675105485
5 0.04852320675105485
0 0.04219409282700422
9 0.03164556962025316
1 0.025316455696202528
4 0.02109704641350211
3 0.018987341772151896
6 0.016877637130801686
doc : 67
5 0.7328918322295805
1 0.1534216335540839
2 0.02869757174392936
6 0.018763796909492272
8 0.016556291390728478
9 0.012141280353200883
7 0.009933774834437087
4 0.009933774834437087
0 0.009933774834437087
3 0.007726269315673289
doc : 68
3 0.7585365853658537
1 0.09268292682926829
6 0.024390243902439025
4 0.02195121951219512
2 0.02195121951219512
8 0.01951219512195122
0 0.01951219512195122
9 0.014634146341463414
5 0.014634146341463414
7 0.012195121951219513
doc : 69
2 0.7366818873668188
3 0.1430745814307458
7 0.0258751902587519
8 0.0213089802130898
1 0.0167427701674277
4 0.015220700152207
6 0.0121765601217656
5 0.0106544901065449
9 0.0091324200913242
0 0.0091324200913242
doc : 70
3 0.8890449438202247
1 0.023876404494382022
4 0.01544943820224719
5 0.012640449438202247
2 0.011235955056179775
0 0.011235955056179775
8 0.009831460674157303
6 0.009831460674157303
9 0.008426966292134831
7 0.008426966292134831
doc : 71
1 0.3384146341463415
8 0.3246951219512195
7 0.1600609756097561
4 0.057926829268292686
2 0.028963414634146343
6 0.021341463414634148
0 0.021341463414634148
9 0.019817073170731708
3 0.01524390243902439
5 0.012195121951219513
doc : 72
1 0.8329545454545454
2 0.04318181818181818
5 0.020454545454545454
3 0.020454545454545454
9 0.017045454545454544
6 0.017045454545454544
4 0.017045454545454544
8 0.015909090909090907
0 0.00909090909090909
7 0.006818181818181818
doc : 73
2 0.5637393767705383
4 0.1048158640226629
1 0.0963172804532578
7 0.059490084985835696
8 0.056657223796033995
9 0.028328611898016998
5 0.028328611898016998
6 0.0226628895184136
0 0.0226628895184136
3 0.0169971671388102
doc : 74
2 0.568486096807415
1 0.18125643666323377
6 0.13079299691040164
5 0.044284243048403706
8 0.01544799176107106
4 0.01544799176107106
3 0.012358393408856848
9 0.01132852729145211
7 0.01132852729145211
0 0.009268795056642637
doc : 75
5 0.861646234676007
3 0.03152364273204904
2 0.01926444833625219
0 0.01926444833625219
9 0.012259194395796848
7 0.012259194395796848
4 0.012259194395796848
1 0.012259194395796848
6 0.010507880910683012
8 0.008756567425569177
doc : 76
5 0.8725637181409295
3 0.029985007496251874
2 0.019490254872563718
1 0.01649175412293853
0 0.01199400299850075
9 0.010494752623688156
7 0.010494752623688156
6 0.010494752623688156
8 0.008995502248875561
4 0.008995502248875561
doc : 77
0 0.9621333333333334
6 0.005333333333333334
1 0.005333333333333334
2 0.0048000000000000004
9 0.004266666666666667
8 0.004266666666666667
3 0.004266666666666667
4 0.0037333333333333333
5 0.0032
7 0.002666666666666667
doc : 78
7 0.21875
8 0.125
6 0.1015625
4 0.09375
9 0.0859375
3 0.0859375
2 0.0859375
1 0.078125
0 0.0703125
5 0.0546875
doc : 79
8 0.8596685082872929
1 0.03314917127071824
6 0.023204419889502764
2 0.022099447513812157
7 0.015469613259668509
4 0.015469613259668509
9 0.00994475138121547
3 0.0077348066298342545
0 0.0077348066298342545
5 0.005524861878453039
doc : 80
1 0.6193001060445388
6 0.16967126193001061
8 0.05620360551431602
0 0.05302226935312832
3 0.025450689289501595
4 0.02014846235418876
2 0.018027571580063628
5 0.015906680805938496
9 0.01166489925768823
7 0.010604453870625663
doc : 81
5 0.6293027360988527
3 0.13503971756398941
2 0.05648720211827008
1 0.04854368932038835
8 0.033539276257722864
7 0.02294792586054722
0 0.02206531332744925
6 0.02030008826125331
4 0.017652250661959402
9 0.01412180052956752
doc : 82
1 0.4961636828644502
8 0.2557544757033248
6 0.06777493606138107
4 0.05370843989769821
5 0.03452685421994885
3 0.020460358056265986
2 0.020460358056265986
0 0.01790281329923274
9 0.016624040920716114
7 0.016624040920716114
doc : 83
2 0.7568653717347622
3 0.12793034159410582
1 0.04755525787006028
4 0.01406563965170797
0 0.013395847287340924
9 0.010716677829872739
6 0.010046885465505693
8 0.007367716008037508
5 0.006697923643670462
7 0.0053583389149363695
doc : 84
7 0.31017369727047145
6 0.28287841191067
2 0.11786600496277916
8 0.07816377171215881
1 0.06947890818858561
4 0.04466501240694789
0 0.043424317617866005
3 0.02357320099255583
9 0.018610421836228287
5 0.011166253101736972
doc : 85
3 0.7454545454545455
1 0.06433566433566433
8 0.044755244755244755
6 0.033566433566433566
0 0.02937062937062937
2 0.02097902097902098
7 0.01818181818181818
4 0.016783216783216783
9 0.013986013986013986
5 0.012587412587412587
doc : 86
3 0.8634482758620688
4 0.051034482758620686
8 0.015172413793103447
5 0.013793103448275862
7 0.011034482758620689
1 0.011034482758620689
6 0.009655172413793102
2 0.009655172413793102
9 0.008275862068965516
0 0.006896551724137931
doc : 87
3 0.6878172588832486
1 0.09898477157360405
6 0.035532994923857864
4 0.035532994923857864
0 0.032994923857868015
5 0.03045685279187817
2 0.025380710659898477
8 0.02284263959390863
9 0.015228426395939085
7 0.015228426395939085
doc : 88
3 0.6927374301675978
1 0.11731843575418995
5 0.0335195530726257
6 0.02793296089385475
4 0.02793296089385475
2 0.02793296089385475
9 0.0223463687150838
0 0.019553072625698324
8 0.01675977653631285
7 0.013966480446927375
doc : 89
9 0.9335463258785943
8 0.012140575079872205
1 0.012140575079872205
0 0.01086261980830671
4 0.0076677316293929714
7 0.007028753993610224
3 0.005750798722044728
5 0.0038338658146964857
2 0.0038338658146964857
6 0.003194888178913738
doc : 90
1 0.45353159851301117
6 0.21313506815365552
0 0.08178438661710037
4 0.05947955390334572
9 0.05080545229244114
8 0.0322180916976456
7 0.0322180916976456
2 0.030978934324659233
3 0.023543990086741018
5 0.022304832713754646
doc : 91
0 0.9485783424077435
7 0.007259528130671507
8 0.006654567453115548
1 0.006654567453115548
9 0.0060496067755595895
2 0.0060496067755595895
6 0.00544464609800363
4 0.004839685420447671
3 0.004839685420447671
5 0.0036297640653357535
doc : 92
0 0.9674518201284796
6 0.00728051391862955
7 0.004710920770877944
3 0.0038543897216274086
1 0.003426124197002141
8 0.0029978586723768737
5 0.0029978586723768737
4 0.002569593147751606
2 0.002569593147751606
9 0.002141327623126338
doc : 93
5 0.7181996086105675
1 0.15949119373776907
2 0.029354207436399216
6 0.019569471624266144
4 0.018590998043052837
7 0.011741682974559686
3 0.011741682974559686
0 0.011741682974559686
9 0.010763209393346379
8 0.008806262230919765
doc : 94
8 0.83088954056696
1 0.04398826979472141
2 0.02932551319648094
6 0.026392961876832845
4 0.013685239491691105
7 0.012707722385141739
0 0.012707722385141739
5 0.011730205278592375
3 0.009775171065493646
9 0.00879765395894428
doc : 95
0 0.9661512745507731
1 0.00710405348934392
3 0.00459674049310489
8 0.004178854993731718
4 0.004178854993731718
2 0.003760969494358546
6 0.0029251984956122023
9 0.0025073129962390308
5 0.0025073129962390308
7 0.002089427496865859
doc : 96
0 0.9670917317976142
6 0.0061703002879473475
3 0.0049362402303578775
1 0.004524886877828055
9 0.004113533525298231
8 0.002879473467708762
7 0.002879473467708762
2 0.002879473467708762
5 0.0024681201151789387
4 0.0020567667626491155
doc : 97
1 0.7728237791932059
6 0.06369426751592357
0 0.05307855626326964
9 0.02335456475583864
8 0.020169851380042462
5 0.018046709129511677
2 0.016985138004246284
4 0.013800424628450107
3 0.009554140127388535
7 0.008492569002123142
doc : 98
3 0.7709832134292566
4 0.1618705035971223
5 0.010791366906474819
0 0.010791366906474819
7 0.009592326139088728
8 0.008393285371702638
9 0.007194244604316546
6 0.007194244604316546
2 0.007194244604316546
1 0.005995203836930455
doc : 99
3 0.7089467723669309
4 0.21517553793884486
0 0.016987542468856174
1 0.01245753114382786
7 0.010192525481313703
6 0.007927519818799548
2 0.007927519818799548
9 0.006795016987542469
8 0.006795016987542469
5 0.006795016987542469
