doc : 0
1 0.6759776536312849
4 0.1452513966480447
7 0.04748603351955307
6 0.030726256983240226
3 0.0223463687150838
2 0.019553072625698324
8 0.01675977653631285
9 0.013966480446927375
5 0.013966480446927375
0 0.013966480446927375
doc : 1
1 0.8313817330210773
4 0.02810304449648712
7 0.02107728337236534
2 0.02107728337236534
9 0.01873536299765808
6 0.01873536299765808
3 0.01639344262295082
0 0.01639344262295082
8 0.01405152224824356
5 0.01405152224824356
doc : 2
1 0.7667638483965015
0 0.0553935860058309
6 0.03498542274052478
8 0.023323615160349854
3 0.023323615160349854
2 0.023323615160349854
9 0.02040816326530612
7 0.01749271137026239
5 0.01749271137026239
4 0.01749271137026239
doc : 3
1 0.803921568627451
6 0.03081232492997199
3 0.028011204481792718
0 0.025210084033613446
9 0.022408963585434174
7 0.022408963585434174
4 0.022408963585434174
2 0.01680672268907563
8 0.014005602240896359
5 0.014005602240896359
doc : 4
2 0.7556179775280899
9 0.06741573033707865
7 0.05898876404494382
5 0.019662921348314606
1 0.019662921348314606
0 0.019662921348314606
3 0.016853932584269662
8 0.014044943820224719
6 0.014044943820224719
4 0.014044943820224719
doc : 5
2 0.7670454545454546
9 0.06818181818181818
7 0.05113636363636364
1 0.019886363636363636
5 0.017045454545454544
4 0.017045454545454544
3 0.017045454545454544
8 0.014204545454545456
6 0.014204545454545456
0 0.014204545454545456
doc : 6
4 0.372972972972973
9 0.15675675675675677
7 0.0918918918918919
1 0.0918918918918919
6 0.08648648648648649
5 0.05945945945945946
0 0.043243243243243246
8 0.03783783783783784
2 0.032432432432432434
3 0.02702702702702703
doc : 7
9 0.8481781376518218
7 0.04048582995951417
2 0.022267206477732795
5 0.020242914979757085
1 0.01417004048582996
8 0.012145748987854251
0 0.012145748987854251
6 0.010121457489878543
4 0.010121457489878543
3 0.010121457489878543
doc : 8
9 0.8800856531049251
7 0.019271948608137045
6 0.014989293361884369
2 0.014989293361884369
5 0.01284796573875803
1 0.01284796573875803
0 0.01284796573875803
8 0.010706638115631693
4 0.010706638115631693
3 0.010706638115631693
doc : 9
7 0.7781250000000001
9 0.07187500000000001
8 0.025
5 0.021875000000000002
6 0.018750000000000003
4 0.018750000000000003
1 0.018750000000000003
3 0.015625
2 0.015625
0 0.015625
doc : 10
7 0.8039772727272727
2 0.05113636363636364
9 0.03125
5 0.022727272727272728
8 0.017045454545454544
4 0.017045454545454544
6 0.014204545454545456
3 0.014204545454545456
1 0.014204545454545456
0 0.014204545454545456
doc : 11
2 0.7613636363636364
9 0.08806818181818182
7 0.03977272727272727
1 0.019886363636363636
8 0.017045454545454544
5 0.017045454545454544
6 0.014204545454545456
4 0.014204545454545456
3 0.014204545454545456
0 0.014204545454545456
doc : 12
9 0.8557114228456913
7 0.03206412825651302
1 0.02004008016032064
5 0.018036072144288574
4 0.014028056112224447
2 0.014028056112224447
8 0.012024048096192383
6 0.012024048096192383
3 0.012024048096192383
0 0.01002004008016032
doc : 13
9 0.864406779661017
7 0.04025423728813559
2 0.01694915254237288
5 0.014830508474576272
8 0.01059322033898305
6 0.01059322033898305
4 0.01059322033898305
3 0.01059322033898305
1 0.01059322033898305
0 0.01059322033898305
doc : 14
9 0.8713692946058091
7 0.035269709543568464
0 0.014522821576763486
8 0.012448132780082988
2 0.012448132780082988
1 0.012448132780082988
6 0.01037344398340249
5 0.01037344398340249
4 0.01037344398340249
3 0.01037344398340249
doc : 15
9 0.8597560975609757
8 0.032520325203252036
7 0.020325203252032523
5 0.01829268292682927
4 0.014227642276422765
2 0.012195121951219513
1 0.012195121951219513
6 0.010162601626016262
3 0.010162601626016262
0 0.010162601626016262
doc : 16
9 0.8776824034334764
2 0.019313304721030045
7 0.017167381974248927
5 0.017167381974248927
6 0.012875536480686695
4 0.012875536480686695
8 0.01072961373390558
3 0.01072961373390558
1 0.01072961373390558
0 0.01072961373390558
doc : 17
2 0.8768844221105527
9 0.01507537688442211
8 0.01507537688442211
5 0.01507537688442211
0 0.01507537688442211
7 0.01256281407035176
6 0.01256281407035176
4 0.01256281407035176
3 0.01256281407035176
1 0.01256281407035176
doc : 18
8 0.5757575757575758
2 0.32158317872603587
0 0.02226345083487941
3 0.021645021645021648
6 0.016697588126159554
4 0.016697588126159554
9 0.009894867037724181
1 0.007421150278293136
7 0.004947433518862091
5 0.0030921459492888066
doc : 19
7 0.7763578274760383
9 0.06070287539936102
5 0.04472843450479233
8 0.019169329073482427
2 0.019169329073482427
6 0.01597444089456869
4 0.01597444089456869
3 0.01597444089456869
1 0.01597444089456869
0 0.01597444089456869
doc : 20
7 0.8126888217522659
9 0.03927492447129909
1 0.027190332326283987
5 0.02416918429003021
8 0.01812688821752266
3 0.01812688821752266
6 0.015105740181268881
4 0.015105740181268881
2 0.015105740181268881
0 0.015105740181268881
doc : 21
7 0.8181818181818182
9 0.04985337243401759
5 0.02346041055718475
2 0.01759530791788856
1 0.01759530791788856
8 0.01466275659824047
6 0.01466275659824047
4 0.01466275659824047
3 0.01466275659824047
0 0.01466275659824047
doc : 22
7 0.7667731629392971
9 0.09904153354632587
5 0.022364217252396165
8 0.01597444089456869
6 0.01597444089456869
4 0.01597444089456869
3 0.01597444089456869
2 0.01597444089456869
1 0.01597444089456869
0 0.01597444089456869
doc : 23
7 0.8144654088050315
5 0.03773584905660378
9 0.031446540880503145
6 0.01886792452830189
1 0.01886792452830189
8 0.015723270440251572
4 0.015723270440251572
3 0.015723270440251572
2 0.015723270440251572
0 0.015723270440251572
doc : 24
9 0.8611111111111112
7 0.02991452991452992
5 0.021367521367521368
1 0.017094017094017096
4 0.012820512820512822
3 0.012820512820512822
2 0.012820512820512822
8 0.010683760683760684
6 0.010683760683760684
0 0.010683760683760684
doc : 25
9 0.8620689655172413
8 0.02231237322515213
7 0.02231237322515213
5 0.02028397565922921
2 0.016227180527383367
4 0.012170385395537525
3 0.012170385395537525
1 0.012170385395537525
6 0.010141987829614604
0 0.010141987829614604
doc : 26
0 0.8133414932680538
1 0.09791921664626682
4 0.023255813953488372
6 0.014687882496940023
3 0.011627906976744186
8 0.009179926560587515
5 0.009179926560587515
2 0.009179926560587515
9 0.006731946144430844
7 0.004895960832313341
doc : 27
4 0.35732647814910024
7 0.24421593830334187
5 0.15424164524421594
9 0.06940874035989716
1 0.04370179948586118
6 0.03598971722365038
3 0.03598971722365038
8 0.02313624678663239
2 0.01799485861182519
0 0.01799485861182519
doc : 28
5 0.9627659574468085
7 0.010154738878143133
9 0.005319148936170213
0 0.0038684719535783366
6 0.0033849129593810446
4 0.0033849129593810446
1 0.0033849129593810446
2 0.0029013539651837525
8 0.0024177949709864605
3 0.0024177949709864605
doc : 29
2 0.8790123456790123
8 0.01728395061728395
7 0.014814814814814815
6 0.014814814814814815
9 0.012345679012345678
5 0.012345679012345678
4 0.012345679012345678
3 0.012345679012345678
1 0.012345679012345678
0 0.012345679012345678
doc : 30
2 0.8778625954198473
6 0.015267175572519085
3 0.015267175572519085
0 0.015267175572519085
9 0.012722646310432571
8 0.012722646310432571
7 0.012722646310432571
5 0.012722646310432571
4 0.012722646310432571
1 0.012722646310432571
doc : 31
5 0.9543927028324531
7 0.014402304368698991
9 0.011041766682669226
4 0.0033605376860297645
2 0.0033605376860297645
1 0.0033605376860297645
0 0.002880460873739798
8 0.002400384061449832
6 0.002400384061449832
3 0.002400384061449832
doc : 32
5 0.9583938074504111
9 0.011611030478955007
7 0.006289308176100628
1 0.005321722302854378
6 0.0038703434929850023
2 0.003386550556361877
8 0.002902757619738752
3 0.002902757619738752
0 0.002902757619738752
4 0.0024189646831156266
doc : 33
5 0.9463768115942028
9 0.015458937198067632
7 0.01497584541062802
1 0.005314009661835748
2 0.003864734299516908
4 0.0033816425120772944
8 0.002898550724637681
0 0.002898550724637681
6 0.0024154589371980675
3 0.0024154589371980675
doc : 34
5 0.9399372478709099
7 0.01748095024652622
9 0.015688032272523533
2 0.007171671896010758
1 0.004034065441506051
8 0.003585835948005379
3 0.003585835948005379
0 0.003585835948005379
6 0.0026893769610040344
4 0.0022411474675033617
doc : 35
0 0.456989247311828
4 0.24731182795698928
1 0.048387096774193554
9 0.043010752688172046
8 0.03763440860215054
3 0.03763440860215054
2 0.03763440860215054
6 0.03225806451612903
5 0.03225806451612903
7 0.02688172043010753
doc : 36
0 0.3484848484848485
1 0.2878787878787879
4 0.14141414141414144
3 0.04040404040404041
9 0.030303030303030304
8 0.030303030303030304
7 0.030303030303030304
6 0.030303030303030304
5 0.030303030303030304
2 0.030303030303030304
doc : 37
3 0.8319148936170213
6 0.03617021276595745
0 0.02127659574468085
1 0.019148936170212766
7 0.01702127659574468
4 0.01702127659574468
9 0.014893617021276596
8 0.014893617021276596
5 0.014893617021276596
2 0.012765957446808512
doc : 38
2 0.8310940499040307
8 0.030710172744721688
0 0.030710172744721688
3 0.02111324376199616
1 0.019193857965451054
7 0.015355086372360844
9 0.013435700575815739
6 0.013435700575815739
4 0.013435700575815739
5 0.011516314779270634
doc : 39
2 0.8692660550458716
8 0.027522935779816515
0 0.01834862385321101
6 0.013761467889908258
3 0.013761467889908258
9 0.011467889908256881
7 0.011467889908256881
5 0.011467889908256881
4 0.011467889908256881
1 0.011467889908256881
doc : 40
2 0.690566037735849
8 0.19528301886792454
4 0.02547169811320755
3 0.02547169811320755
6 0.018867924528301886
1 0.01509433962264151
7 0.013207547169811321
9 0.006603773584905661
5 0.0047169811320754715
0 0.0047169811320754715
doc : 41
2 0.8396369137670197
4 0.039334341906202726
8 0.024205748865355523
7 0.02118003025718608
9 0.015128593040847202
3 0.013615733736762482
5 0.012102874432677761
1 0.012102874432677761
0 0.012102874432677761
6 0.01059001512859304
doc : 42
1 0.8122605363984674
4 0.034482758620689655
7 0.03065134099616858
8 0.02490421455938697
0 0.02490421455938697
9 0.021072796934865898
3 0.01532567049808429
2 0.013409961685823753
6 0.011494252873563218
5 0.011494252873563218
doc : 43
6 0.7930682976554537
1 0.1523955147808359
4 0.013761467889908258
3 0.011722731906218146
7 0.008664627930682978
0 0.006625891946992865
2 0.004077471967380225
9 0.0035677879714576966
8 0.0035677879714576966
5 0.0025484199796126403
doc : 44
1 0.8847980997624704
9 0.020190023752969122
6 0.020190023752969122
8 0.0166270783847981
5 0.014251781472684086
4 0.013064133016627079
3 0.010688836104513065
7 0.007125890736342043
2 0.007125890736342043
0 0.005938242280285036
doc : 45
4 0.8593530239099859
7 0.030942334739803096
1 0.02531645569620253
6 0.01687763713080169
8 0.014064697609001406
3 0.014064697609001406
9 0.012658227848101266
0 0.012658227848101266
5 0.007032348804500703
2 0.007032348804500703
doc : 46
8 0.7996373526745241
2 0.09610154125113327
6 0.021758839528558477
4 0.016319129646418858
0 0.016319129646418858
3 0.015412511332728921
7 0.010879419764279238
1 0.009066183136899365
9 0.007252946509519492
5 0.007252946509519492
doc : 47
5 0.951560316721006
7 0.016767582673497906
9 0.006054960409874244
4 0.004657661853749418
1 0.004657661853749418
3 0.0037261294829995344
0 0.0037261294829995344
2 0.0032603632976245926
8 0.0027945971122496508
6 0.0027945971122496508
doc : 48
1 0.43383947939262474
4 0.32537960954446854
7 0.0455531453362256
9 0.04338394793926247
5 0.04338394793926247
0 0.036876355748373106
3 0.02386117136659436
6 0.019522776572668113
2 0.015184381778741866
8 0.013015184381778743
doc : 49
3 0.7147487844408428
4 0.055105348460291734
0 0.0486223662884927
6 0.03403565640194489
1 0.03079416531604538
7 0.02917341977309562
9 0.027552674230145867
5 0.022690437601296597
8 0.01944894651539708
2 0.017828200972447326
