doc : 0
6 0.900804289544236
0 0.02546916890080429
5 0.012064343163538875
2 0.012064343163538875
3 0.010723860589812333
8 0.00938337801608579
9 0.00804289544235925
7 0.00804289544235925
4 0.006702412868632708
1 0.006702412868632708
doc : 1
2 0.2556962025316456
4 0.2379746835443038
8 0.1949367088607595
0 0.0759493670886076
7 0.07088607594936709
1 0.06329113924050633
3 0.035443037974683546
6 0.027848101265822784
5 0.02531645569620253
9 0.012658227848101266
doc : 2
8 0.41946308724832215
4 0.16778523489932887
2 0.13758389261744966
1 0.11912751677852348
0 0.0436241610738255
3 0.03859060402684564
9 0.02348993288590604
7 0.02348993288590604
5 0.015100671140939596
6 0.01174496644295302
doc : 3
9 0.4351535836177474
4 0.16382252559726962
2 0.13651877133105803
0 0.052901023890784986
8 0.051194539249146756
7 0.04948805460750853
1 0.04948805460750853
5 0.027303754266211604
3 0.02218430034129693
6 0.011945392491467578
doc : 4
7 0.240625
4 0.234375
2 0.225
8 0.06875
0 0.065625
3 0.046875
6 0.040625
1 0.034375
9 0.021875000000000002
5 0.021875000000000002
doc : 5
8 0.24637681159420288
4 0.18840579710144928
2 0.16666666666666666
3 0.14251207729468598
1 0.07971014492753623
0 0.06280193236714976
5 0.03864734299516908
7 0.033816425120772944
9 0.021739130434782608
6 0.01932367149758454
doc : 6
7 0.45045045045045046
4 0.1783783783783784
8 0.15855855855855855
2 0.1009009009009009
0 0.04864864864864865
9 0.014414414414414415
3 0.014414414414414415
1 0.012612612612612612
6 0.010810810810810811
5 0.010810810810810811
doc : 7
8 0.4175257731958763
4 0.19329896907216496
2 0.11082474226804123
1 0.06443298969072164
0 0.059278350515463915
7 0.05412371134020619
5 0.03865979381443299
6 0.023195876288659795
3 0.020618556701030927
9 0.01804123711340206
doc : 8
4 0.24178403755868544
2 0.20187793427230047
8 0.15258215962441316
0 0.15023474178403756
7 0.08685446009389672
1 0.04225352112676056
5 0.03990610328638498
6 0.03051643192488263
3 0.028169014084507043
9 0.025821596244131457
doc : 9
1 0.3929824561403509
8 0.2368421052631579
4 0.14035087719298245
2 0.11228070175438597
7 0.026315789473684213
5 0.02456140350877193
0 0.02456140350877193
3 0.021052631578947368
9 0.010526315789473684
6 0.010526315789473684
doc : 10
8 0.3204819277108434
1 0.28192771084337354
4 0.15903614457831328
2 0.11566265060240966
0 0.03132530120481928
7 0.02168674698795181
9 0.01927710843373494
5 0.01927710843373494
3 0.016867469879518072
6 0.014457831325301207
doc : 11
6 0.9021447721179625
2 0.01742627345844504
5 0.013404825737265416
8 0.012064343163538875
0 0.012064343163538875
7 0.010723860589812333
9 0.00938337801608579
1 0.00938337801608579
4 0.006702412868632708
3 0.006702412868632708
doc : 12
6 0.9168900804289545
0 0.014745308310991957
5 0.010723860589812333
8 0.00938337801608579
7 0.00938337801608579
2 0.00938337801608579
1 0.00938337801608579
9 0.006702412868632708
4 0.006702412868632708
3 0.006702412868632708
doc : 13
0 0.5909604519774011
2 0.08700564971751412
4 0.07909604519774012
1 0.0768361581920904
8 0.06779661016949153
7 0.03954802259887006
3 0.024858757062146894
5 0.01694915254237288
9 0.00903954802259887
6 0.007909604519774011
doc : 14
4 0.25787965616045844
7 0.1977077363896848
2 0.17191977077363896
8 0.13753581661891118
0 0.05730659025787965
1 0.05444126074498567
5 0.04871060171919771
3 0.04297994269340974
9 0.017191977077363897
6 0.014326647564469913
doc : 15
2 0.26373626373626374
4 0.1934065934065934
7 0.18021978021978022
8 0.13846153846153847
3 0.06593406593406594
0 0.054945054945054944
6 0.03956043956043956
9 0.02857142857142857
5 0.021978021978021976
1 0.013186813186813187
doc : 16
8 0.45694200351493847
2 0.1282952548330404
1 0.1265377855887522
4 0.10896309314586994
3 0.05799648506151142
7 0.029876977152899824
9 0.028119507908611598
0 0.02636203866432337
5 0.022847100175746923
6 0.014059753954305799
doc : 17
4 0.290625
2 0.28125
8 0.12187500000000001
1 0.065625
7 0.05625
3 0.05625
0 0.053125000000000006
5 0.034375
6 0.025
9 0.015625
doc : 18
1 0.4164904862579281
4 0.22410147991543342
2 0.10782241014799154
8 0.08668076109936576
3 0.052854122621564484
0 0.03171247357293869
5 0.025369978858350954
7 0.023255813953488372
9 0.019027484143763214
6 0.012684989429175477
doc : 19
4 0.21990740740740738
7 0.21064814814814814
2 0.1412037037037037
9 0.1273148148148148
0 0.1087962962962963
8 0.10185185185185185
3 0.041666666666666664
1 0.020833333333333332
5 0.016203703703703703
6 0.011574074074074073
doc : 20
4 0.3022508038585209
7 0.21543408360128616
2 0.18971061093247588
8 0.0932475884244373
0 0.06109324758842444
5 0.03536977491961415
3 0.03536977491961415
1 0.028938906752411574
9 0.01929260450160772
6 0.01929260450160772
doc : 21
7 0.4614035087719298
4 0.14210526315789473
8 0.10701754385964912
2 0.10526315789473685
3 0.07017543859649122
0 0.05964912280701754
6 0.017543859649122806
9 0.012280701754385965
5 0.012280701754385965
1 0.012280701754385965
doc : 22
2 0.22857142857142856
4 0.22285714285714286
8 0.1657142857142857
1 0.1457142857142857
0 0.1
7 0.03142857142857143
5 0.03142857142857143
3 0.02857142857142857
6 0.025714285714285714
9 0.02
doc : 23
6 0.8967828418230563
2 0.01742627345844504
0 0.01742627345844504
1 0.012064343163538875
9 0.010723860589812333
8 0.010723860589812333
3 0.010723860589812333
5 0.00938337801608579
7 0.00804289544235925
4 0.006702412868632708
doc : 24
6 0.9088471849865952
5 0.013404825737265416
3 0.013404825737265416
2 0.012064343163538875
0 0.012064343163538875
7 0.010723860589812333
9 0.00804289544235925
4 0.00804289544235925
8 0.006702412868632708
1 0.006702412868632708
doc : 25
7 0.35498839907192575
4 0.19953596287703015
2 0.15545243619489557
8 0.12064965197215777
0 0.06960556844547564
5 0.03480278422273782
1 0.02320185614849188
3 0.016241299303944315
6 0.013921113689095127
9 0.01160092807424594
doc : 26
4 0.3316062176165803
2 0.2823834196891192
8 0.13212435233160622
7 0.05958549222797928
1 0.054404145077720206
0 0.04922279792746114
5 0.031088082901554404
3 0.02849740932642487
9 0.018134715025906738
6 0.01295336787564767
doc : 27
3 0.26631853785900783
4 0.26109660574412535
2 0.1801566579634465
8 0.1122715404699739
0 0.04960835509138381
7 0.03133159268929504
1 0.028720626631853787
9 0.02610966057441253
5 0.02610966057441253
6 0.018276762402088774
doc : 28
7 0.26345609065155806
2 0.254957507082153
4 0.2237960339943343
8 0.0906515580736544
3 0.053824362606232294
0 0.039660056657223795
6 0.0226628895184136
5 0.019830028328611898
1 0.0169971671388102
9 0.014164305949008499
doc : 29
4 0.2853333333333333
2 0.16266666666666665
8 0.15466666666666667
0 0.104
1 0.09066666666666666
3 0.06933333333333333
7 0.042666666666666665
5 0.034666666666666665
6 0.029333333333333333
9 0.026666666666666665
doc : 30
9 0.5622119815668203
4 0.1228878648233487
8 0.09216589861751152
2 0.09216589861751152
7 0.04608294930875576
1 0.019969278033794162
0 0.019969278033794162
5 0.018433179723502304
3 0.018433179723502304
6 0.007680491551459293
doc : 31
7 0.28774928774928776
4 0.23931623931623933
2 0.19373219373219375
8 0.11396011396011396
3 0.045584045584045586
5 0.03418803418803419
0 0.02849002849002849
1 0.025641025641025644
9 0.017094017094017096
6 0.014245014245014245
doc : 32
8 0.3377777777777778
4 0.17777777777777778
1 0.16
0 0.10222222222222223
2 0.09777777777777778
7 0.051111111111111114
3 0.026666666666666665
9 0.02
5 0.015555555555555555
6 0.011111111111111112
doc : 33
3 0.2668360864040661
5 0.24142312579415504
8 0.13595933926302414
4 0.09656925031766202
2 0.07750952986022872
7 0.05717916137229988
6 0.04828462515883101
0 0.0457433290978399
1 0.01905972045743329
9 0.011435832274459976
doc : 34
4 0.23142857142857143
7 0.22857142857142856
2 0.19428571428571428
8 0.18
0 0.07428571428571429
3 0.025714285714285714
6 0.02
5 0.017142857142857144
9 0.014285714285714285
1 0.014285714285714285
doc : 35
6 0.9088471849865952
2 0.01876675603217158
8 0.012064343163538875
5 0.012064343163538875
0 0.010723860589812333
3 0.00938337801608579
7 0.00804289544235925
9 0.006702412868632708
4 0.006702412868632708
1 0.006702412868632708
doc : 36
6 0.9101876675603218
2 0.0160857908847185
5 0.012064343163538875
3 0.012064343163538875
9 0.00938337801608579
7 0.00938337801608579
0 0.00938337801608579
8 0.00804289544235925
4 0.006702412868632708
1 0.006702412868632708
doc : 37
2 0.3633217993079585
4 0.27335640138408307
8 0.12456747404844291
7 0.051903114186851215
0 0.04498269896193772
3 0.03806228373702422
1 0.03806228373702422
5 0.02422145328719723
9 0.020761245674740483
6 0.020761245674740483
doc : 38
4 0.23369565217391303
2 0.23097826086956522
8 0.1983695652173913
0 0.1766304347826087
7 0.051630434782608696
9 0.02717391304347826
5 0.02717391304347826
1 0.024456521739130432
3 0.016304347826086956
6 0.01358695652173913
doc : 39
7 0.3076923076923077
4 0.26331360946745563
2 0.20118343195266272
8 0.08284023668639053
1 0.029585798816568046
0 0.029585798816568046
3 0.026627218934911243
5 0.023668639053254437
9 0.01775147928994083
6 0.01775147928994083
doc : 40
2 0.2641509433962264
4 0.23180592991913748
7 0.18598382749326148
8 0.15363881401617252
5 0.03504043126684636
0 0.03504043126684636
3 0.02964959568733154
6 0.02425876010781671
9 0.0215633423180593
1 0.01886792452830189
doc : 41
5 0.570771001150748
2 0.09551208285385501
7 0.08975834292289989
4 0.08745684695051784
8 0.0805523590333717
9 0.019562715765247412
0 0.018411967779056387
6 0.01726121979286536
3 0.012658227848101266
1 0.00805523590333717
doc : 42
3 0.4547008547008547
8 0.14017094017094017
4 0.12991452991452992
2 0.12136752136752137
1 0.04786324786324786
0 0.03418803418803419
7 0.02393162393162393
5 0.022222222222222223
9 0.015384615384615385
6 0.010256410256410256
doc : 43
7 0.26331360946745563
4 0.2514792899408284
2 0.21597633136094674
8 0.07396449704142012
0 0.056213017751479286
3 0.038461538461538464
1 0.03550295857988166
6 0.029585798816568046
5 0.02071005917159763
9 0.014792899408284023
doc : 44
3 0.3708206686930091
8 0.20820668693009117
4 0.15045592705167174
2 0.11246200607902736
7 0.06534954407294832
0 0.0243161094224924
1 0.022796352583586626
5 0.02127659574468085
9 0.0121580547112462
6 0.0121580547112462
doc : 45
2 0.4369230769230769
4 0.23692307692307693
8 0.11076923076923077
7 0.052307692307692305
0 0.033846153846153845
6 0.03076923076923077
1 0.03076923076923077
5 0.027692307692307693
3 0.021538461538461538
9 0.01846153846153846
doc : 46
3 0.4413309982486865
4 0.16112084063047286
8 0.159369527145359
2 0.11208406304728546
7 0.03327495621716287
0 0.024518388791593695
1 0.021015761821366025
9 0.017513134851138354
6 0.017513134851138354
5 0.012259194395796848
doc : 47
6 0.9142091152815014
0 0.014745308310991957
2 0.013404825737265416
9 0.00938337801608579
7 0.00938337801608579
3 0.00938337801608579
5 0.00804289544235925
1 0.00804289544235925
8 0.006702412868632708
4 0.006702412868632708
doc : 48
6 0.9128686327077749
3 0.012064343163538875
7 0.010723860589812333
5 0.010723860589812333
0 0.010723860589812333
8 0.00938337801608579
2 0.00938337801608579
1 0.00938337801608579
4 0.00804289544235925
9 0.006702412868632708
doc : 49
1 0.8116438356164383
6 0.030821917808219176
8 0.025684931506849314
7 0.023972602739726026
0 0.023972602739726026
4 0.018835616438356163
3 0.018835616438356163
2 0.018835616438356163
5 0.015410958904109588
9 0.011986301369863013
