doc : 0
5 0.9681335356600911
7 0.005058168942842691
1 0.004552352048558422
3 0.004046535154274153
6 0.0035407182599898838
2 0.0035407182599898838
8 0.0030349013657056147
4 0.0030349013657056147
9 0.0025290844714213456
0 0.0025290844714213456
doc : 1
4 0.8481751824817517
9 0.02627737226277372
1 0.02627737226277372
5 0.01897810218978102
3 0.01897810218978102
7 0.01751824817518248
2 0.014598540145985401
6 0.01167883211678832
0 0.010218978102189781
8 0.0072992700729927005
doc : 2
5 0.969098277608916
1 0.005065856129685917
7 0.004052684903748734
4 0.004052684903748734
0 0.004052684903748734
8 0.003546099290780142
9 0.0025329280648429585
6 0.0025329280648429585
3 0.0025329280648429585
2 0.0025329280648429585
doc : 3
4 0.8592162554426706
9 0.027576197387518143
7 0.02467343976777939
5 0.02177068214804064
1 0.015965166908563134
0 0.013062409288824383
6 0.010159651669085631
3 0.010159651669085631
2 0.010159651669085631
8 0.00725689404934688
doc : 4
4 0.7125567322239031
7 0.06354009077155824
0 0.05295007564296521
9 0.04462934947049924
6 0.02798789712556732
8 0.027231467473524965
1 0.024205748865355523
5 0.018154311649016642
2 0.01588502269288956
3 0.012859304084720122
doc : 5
2 0.677762982689747
4 0.19840213049267644
9 0.026631158455392812
0 0.02396804260985353
6 0.018641810918774968
8 0.011984021304926765
5 0.011984021304926765
7 0.010652463382157125
3 0.010652463382157125
1 0.009320905459387484
doc : 6
4 0.7509529860228717
1 0.052096569250317665
2 0.03684879288437103
0 0.035578144853875476
5 0.025412960609911057
3 0.025412960609911057
8 0.021601016518424398
7 0.01905972045743329
9 0.016518424396442185
6 0.016518424396442185
doc : 7
9 0.7983870967741935
1 0.034274193548387094
2 0.03225806451612903
3 0.028225806451612902
8 0.020161290322580645
7 0.01814516129032258
6 0.01814516129032258
0 0.01814516129032258
5 0.016129032258064516
4 0.016129032258064516
doc : 8
3 0.9671193709792709
5 0.004288777698355969
9 0.0035739814152966403
8 0.0035739814152966403
7 0.0035739814152966403
6 0.0035739814152966403
4 0.0035739814152966403
2 0.0035739814152966403
1 0.0035739814152966403
0 0.0035739814152966403
doc : 9
0 0.6591355599214145
4 0.08644400785854617
1 0.060903732809430254
7 0.058939096267190565
6 0.04616895874263261
9 0.02554027504911591
8 0.020628683693516697
3 0.016699410609037325
5 0.013752455795677798
2 0.011787819253438112
doc : 10
9 0.6210268948655256
0 0.15770171149144255
2 0.08924205378973105
3 0.02689486552567237
6 0.02567237163814181
4 0.023227383863080684
7 0.017114914425427872
1 0.01589242053789731
8 0.013447432762836185
5 0.009779951100244499
doc : 11
5 0.9575012800819253
3 0.007680491551459293
8 0.007168458781362007
1 0.006144393241167435
6 0.005120327700972862
7 0.00409626216077829
4 0.00409626216077829
9 0.0030721966205837174
2 0.002560163850486431
0 0.002560163850486431
doc : 12
4 0.8594024604569419
9 0.03866432337434095
7 0.022847100175746923
6 0.014059753954305799
8 0.012302284710017574
5 0.012302284710017574
0 0.012302284710017574
1 0.01054481546572935
3 0.008787346221441124
2 0.008787346221441124
doc : 13
1 0.8669201520912547
7 0.026615969581749048
4 0.02091254752851711
5 0.017110266159695818
3 0.015209125475285171
9 0.011406844106463879
8 0.011406844106463879
2 0.011406844106463879
6 0.009505703422053232
0 0.009505703422053232
doc : 14
6 0.9026666666666666
9 0.016
3 0.016
2 0.012
0 0.012
8 0.009333333333333332
7 0.009333333333333332
5 0.008
4 0.008
1 0.006666666666666666
doc : 15
9 0.449244060475162
6 0.17278617710583155
4 0.07775377969762419
2 0.06479481641468683
0 0.06479481641468683
7 0.06047516198704104
8 0.04535637149028078
3 0.032397408207343416
5 0.017278617710583154
1 0.01511879049676026
doc : 16
0 0.7662907268170426
4 0.09774436090225563
9 0.05513784461152882
7 0.017543859649122806
6 0.017543859649122806
2 0.012531328320802004
8 0.011278195488721804
1 0.009398496240601503
5 0.006265664160401002
3 0.006265664160401002
doc : 17
2 0.6606060606060606
1 0.08686868686868687
5 0.050505050505050504
3 0.04242424242424243
4 0.03838383838383838
7 0.03434343434343434
9 0.030303030303030304
0 0.022222222222222223
8 0.01818181818181818
6 0.01616161616161616
doc : 18
0 0.3649754500818331
4 0.3584288052373159
2 0.09819967266775778
9 0.08019639934533553
8 0.027823240589198037
3 0.019639934533551555
7 0.014729950900163666
1 0.01309328968903437
6 0.011456628477905075
5 0.011456628477905075
doc : 19
1 0.8145800316957211
5 0.0427892234548336
7 0.03328050713153724
0 0.02377179080824089
9 0.020602218700475437
2 0.01584786053882726
6 0.014263074484944533
4 0.012678288431061807
3 0.012678288431061807
8 0.009508716323296355
doc : 20
5 0.9715736040609138
7 0.0040609137055837565
1 0.003553299492385787
0 0.003553299492385787
8 0.003045685279187817
4 0.003045685279187817
3 0.003045685279187817
2 0.003045685279187817
9 0.002538071065989848
6 0.002538071065989848
doc : 21
1 0.8754448398576512
9 0.01779359430604982
5 0.01779359430604982
3 0.01779359430604982
8 0.01601423487544484
7 0.014234875444839857
4 0.010676156583629894
2 0.010676156583629894
0 0.010676156583629894
6 0.00889679715302491
doc : 22
1 0.8698752228163993
5 0.0196078431372549
7 0.017825311942959
4 0.017825311942959
3 0.0160427807486631
8 0.0142602495543672
6 0.0142602495543672
9 0.012477718360071301
2 0.0089126559714795
0 0.0089126559714795
doc : 23
1 0.8651877133105802
9 0.023890784982935155
5 0.02218430034129693
8 0.015358361774744027
7 0.015358361774744027
3 0.015358361774744027
2 0.011945392491467578
6 0.010238907849829351
4 0.010238907849829351
0 0.010238907849829351
doc : 24
4 0.6588785046728972
9 0.07165109034267912
2 0.059190031152647975
8 0.048286604361370715
6 0.04361370716510903
0 0.03582554517133956
3 0.03271028037383177
7 0.020249221183800622
1 0.017133956386292833
5 0.012461059190031152
doc : 25
7 0.877962085308057
9 0.026066350710900476
5 0.017772511848341235
1 0.017772511848341235
3 0.013033175355450238
0 0.013033175355450238
4 0.01066350710900474
2 0.009478672985781991
8 0.007109004739336493
6 0.007109004739336493
doc : 26
9 0.7238095238095239
3 0.07857142857142858
7 0.0380952380952381
2 0.028571428571428574
8 0.026190476190476195
4 0.026190476190476195
0 0.02380952380952381
6 0.02142857142857143
1 0.02142857142857143
5 0.011904761904761906
doc : 27
1 0.8790035587188612
5 0.01779359430604982
2 0.01779359430604982
9 0.01601423487544484
8 0.014234875444839857
7 0.014234875444839857
4 0.012455516014234875
3 0.010676156583629894
6 0.00889679715302491
0 0.00889679715302491
doc : 28
5 0.9077868852459017
1 0.026639344262295084
7 0.011270491803278689
9 0.00819672131147541
8 0.00819672131147541
4 0.00819672131147541
3 0.00819672131147541
0 0.00819672131147541
2 0.007172131147540984
6 0.006147540983606557
doc : 29
9 0.6792452830188679
4 0.104631217838765
3 0.09605488850771869
7 0.024013722126929673
8 0.020583190394511147
6 0.020583190394511147
0 0.018867924528301886
5 0.012006861063464836
2 0.012006861063464836
1 0.012006861063464836
doc : 30
3 0.42427616926503336
2 0.40311804008908686
4 0.07126948775055679
9 0.027839643652561245
6 0.021158129175946547
5 0.017817371937639197
0 0.013363028953229397
1 0.008908685968819599
7 0.006681514476614699
8 0.005567928730512249
doc : 31
3 0.43278688524590164
2 0.3628415300546448
9 0.05901639344262295
4 0.05901639344262295
0 0.020765027322404372
1 0.017486338797814208
7 0.01639344262295082
6 0.012021857923497269
5 0.012021857923497269
8 0.007650273224043716
doc : 32
2 0.8045454545454545
4 0.03636363636363636
7 0.03409090909090909
0 0.022727272727272728
9 0.020454545454545454
8 0.020454545454545454
1 0.020454545454545454
3 0.015909090909090907
5 0.013636363636363636
6 0.011363636363636364
doc : 33
2 0.6807639836289222
4 0.17462482946793997
0 0.0286493860845839
9 0.027285129604365622
8 0.020463847203274217
7 0.019099590723055934
3 0.015006821282401092
1 0.013642564802182811
6 0.01227830832196453
5 0.008185538881309686
doc : 34
2 0.4918918918918919
0 0.1391891891891892
9 0.13513513513513514
7 0.07972972972972973
1 0.03648648648648649
6 0.033783783783783786
8 0.032432432432432434
4 0.02027027027027027
5 0.016216216216216217
3 0.014864864864864866
doc : 35
6 0.5732484076433121
0 0.07855626326963906
4 0.07006369426751592
1 0.06581740976645435
8 0.048832271762208064
2 0.04246284501061571
9 0.03821656050955414
5 0.036093418259023353
3 0.03184713375796178
7 0.014861995753715499
doc : 36
0 0.2594594594594595
9 0.25045045045045045
4 0.22162162162162163
2 0.15135135135135136
6 0.02702702702702703
3 0.02702702702702703
1 0.021621621621621623
8 0.016216216216216217
7 0.016216216216216217
5 0.009009009009009009
doc : 37
6 0.9179954441913439
3 0.01594533029612756
0 0.01366742596810934
9 0.010250569476082005
7 0.009111617312072893
8 0.00683371298405467
5 0.00683371298405467
2 0.00683371298405467
1 0.00683371298405467
4 0.005694760820045558
doc : 38
5 0.9717961405244929
6 0.004948045522018803
7 0.0039584364176150424
1 0.0039584364176150424
3 0.002968827313211282
9 0.0024740227610094015
8 0.0024740227610094015
4 0.0024740227610094015
2 0.0024740227610094015
0 0.0024740227610094015
doc : 39
1 0.8817005545286506
5 0.022181146025878003
9 0.018484288354898334
4 0.014787430683918669
3 0.012939001848428836
0 0.012939001848428836
8 0.009242144177449167
7 0.009242144177449167
6 0.009242144177449167
2 0.009242144177449167
doc : 40
1 0.8538011695906432
5 0.03508771929824561
8 0.01949317738791423
9 0.015594541910331383
7 0.01364522417153996
6 0.01364522417153996
3 0.01364522417153996
0 0.01364522417153996
2 0.011695906432748537
4 0.009746588693957114
doc : 41
1 0.8431372549019608
3 0.0374331550802139
4 0.0213903743315508
9 0.0196078431372549
8 0.017825311942959
5 0.0142602495543672
2 0.0142602495543672
7 0.012477718360071301
6 0.0106951871657754
0 0.0089126559714795
doc : 42
1 0.8640167364016735
7 0.02092050209205021
3 0.018828451882845185
8 0.016736401673640166
6 0.014644351464435145
5 0.014644351464435145
9 0.012552301255230124
4 0.012552301255230124
2 0.012552301255230124
0 0.012552301255230124
doc : 43
1 0.8671875
5 0.04464285714285714
7 0.017857142857142856
8 0.012276785714285714
6 0.011160714285714284
4 0.011160714285714284
0 0.011160714285714284
2 0.010044642857142856
3 0.0078125
9 0.006696428571428571
doc : 44
2 0.8241279069767442
4 0.050872093023255814
9 0.03197674418604651
0 0.023255813953488372
6 0.01744186046511628
1 0.014534883720930232
3 0.011627906976744186
8 0.010174418604651164
5 0.00872093023255814
7 0.007267441860465116
doc : 45
5 0.97145822522055
7 0.004670472236637259
9 0.003113648157758173
8 0.003113648157758173
4 0.003113648157758173
3 0.003113648157758173
2 0.003113648157758173
1 0.003113648157758173
6 0.002594706798131811
0 0.002594706798131811
doc : 46
1 0.8651685393258427
5 0.02059925093632959
4 0.02059925093632959
2 0.018726591760299626
9 0.0149812734082397
8 0.013108614232209739
7 0.013108614232209739
3 0.013108614232209739
0 0.011235955056179775
6 0.009363295880149813
doc : 47
1 0.8665413533834586
4 0.022556390977443608
7 0.018796992481203006
0 0.018796992481203006
2 0.015037593984962405
9 0.013157894736842105
3 0.013157894736842105
8 0.011278195488721804
5 0.011278195488721804
6 0.009398496240601503
doc : 48
7 0.9177288528389339
5 0.016222479721900347
0 0.011587485515643106
9 0.009269988412514484
6 0.009269988412514484
4 0.009269988412514484
1 0.008111239860950173
2 0.006952491309385863
8 0.005793742757821553
3 0.005793742757821553
doc : 49
9 0.8283328985129141
4 0.06783198539003392
7 0.04069919123402035
2 0.018001565353509
3 0.014349073832507175
0 0.013044612575006522
8 0.006000521784503
5 0.006000521784503
6 0.0031307070180015655
1 0.0026089225150013043
doc : 50
9 0.7282809611829945
4 0.05730129390018484
3 0.04251386321626617
0 0.04251386321626617
2 0.038817005545286505
7 0.033271719038817
6 0.02033271719038817
5 0.0166358595194085
8 0.011090573012939002
1 0.009242144177449167
doc : 51
0 0.6475315729047072
4 0.08495981630309989
1 0.06888633754305397
6 0.045924225028702644
7 0.04362801377726751
8 0.029850746268656716
9 0.02640642939150402
5 0.025258323765786454
3 0.016073478760045924
2 0.011481056257175661
doc : 52
5 0.9659442724458204
4 0.0046439628482972135
1 0.0046439628482972135
9 0.0041279669762641896
7 0.0041279669762641896
6 0.0041279669762641896
0 0.0036119711042311656
8 0.003095975232198142
3 0.003095975232198142
2 0.0025799793601651187
doc : 53
7 0.9264018691588785
9 0.010514018691588784
8 0.009345794392523364
5 0.009345794392523364
4 0.009345794392523364
6 0.008177570093457943
1 0.008177570093457943
3 0.007009345794392522
2 0.005841121495327103
0 0.005841121495327103
doc : 54
2 0.641838351822504
9 0.10935023771790808
7 0.07606973058637084
0 0.04595879556259905
4 0.02694136291600634
6 0.025356576862123614
8 0.022187004754358162
3 0.01901743264659271
1 0.01901743264659271
5 0.014263074484944533
doc : 55
2 0.588957055214724
4 0.19171779141104295
9 0.09202453987730061
7 0.02914110429447853
3 0.026073619631901843
6 0.018404907975460124
0 0.01687116564417178
8 0.015337423312883436
5 0.010736196319018405
1 0.010736196319018405
doc : 56
7 0.8561946902654867
9 0.0331858407079646
6 0.01991150442477876
2 0.015486725663716814
1 0.015486725663716814
5 0.01327433628318584
0 0.01327433628318584
8 0.011061946902654867
4 0.011061946902654867
3 0.011061946902654867
doc : 57
2 0.1922246220302376
0 0.1922246220302376
6 0.14902807775377971
9 0.12095032397408208
7 0.09503239740820735
1 0.08207343412526999
8 0.05183585313174946
4 0.047516198704103674
5 0.038876889848812095
3 0.03023758099352052
doc : 58
2 0.6506550218340611
1 0.08733624454148471
4 0.04585152838427947
7 0.04148471615720524
5 0.03930131004366812
9 0.037117903930131
3 0.03056768558951965
0 0.02838427947598253
6 0.026200873362445413
8 0.013100436681222707
doc : 59
2 0.77217125382263
4 0.07339449541284404
9 0.04434250764525994
7 0.019877675840978593
3 0.019877675840978593
0 0.019877675840978593
6 0.01834862385321101
5 0.013761467889908258
8 0.009174311926605505
1 0.009174311926605505
doc : 60
4 0.6334841628959277
0 0.05429864253393665
5 0.0497737556561086
1 0.0497737556561086
2 0.04524886877828055
9 0.04072398190045249
6 0.04072398190045249
7 0.03619909502262444
3 0.027149321266968326
8 0.022624434389140274
doc : 61
8 0.22526315789473683
5 0.2168421052631579
7 0.12842105263157894
1 0.10736842105263157
0 0.09263157894736843
4 0.09052631578947368
9 0.05894736842105263
6 0.035789473684210524
3 0.023157894736842106
2 0.021052631578947368
doc : 62
1 0.5533333333333333
8 0.3377777777777778
5 0.042222222222222223
7 0.015555555555555555
9 0.012222222222222223
3 0.012222222222222223
4 0.0077777777777777776
6 0.006666666666666666
2 0.006666666666666666
0 0.005555555555555556
doc : 63
8 0.2878338278931751
1 0.2255192878338279
3 0.20474777448071219
5 0.06824925816023739
7 0.05637982195845698
4 0.04451038575667656
6 0.03560830860534125
0 0.032640949554896145
9 0.026706231454005934
2 0.017804154302670624
doc : 64
8 0.6319845857418112
1 0.12716763005780346
5 0.08863198458574181
7 0.05009633911368015
2 0.025048169556840076
0 0.023121387283236993
3 0.017341040462427744
9 0.01348747591522158
4 0.01348747591522158
6 0.009633911368015413
doc : 65
8 0.8441422594142258
7 0.03242677824267782
6 0.024058577405857737
1 0.021966527196652718
4 0.0198744769874477
9 0.015690376569037656
0 0.015690376569037656
5 0.010460251046025104
2 0.010460251046025104
3 0.005230125523012552
doc : 66
1 0.8295
5 0.10300000000000001
7 0.0305
6 0.0085
8 0.006500000000000001
3 0.005
9 0.0045000000000000005
4 0.0045000000000000005
2 0.004
0 0.004
doc : 67
8 0.777972027972028
5 0.07517482517482517
1 0.03496503496503497
3 0.024475524475524476
9 0.017482517482517484
7 0.017482517482517484
2 0.017482517482517484
0 0.015734265734265736
4 0.01048951048951049
6 0.008741258741258742
doc : 68
3 0.5379310344827586
8 0.08275862068965517
6 0.06206896551724138
1 0.06206896551724138
5 0.05517241379310345
7 0.04827586206896552
9 0.041379310344827586
0 0.041379310344827586
4 0.034482758620689655
2 0.034482758620689655
doc : 69
0 0.4109396914446003
9 0.17391304347826086
4 0.11640953716690042
2 0.11360448807854137
3 0.06311360448807854
7 0.03927068723702665
6 0.033660589060308554
1 0.02244039270687237
8 0.015427769985974754
5 0.011220196353436185
doc : 70
5 0.9631685166498486
8 0.005549949545913219
7 0.005549949545913219
9 0.004540867810292634
2 0.004036326942482341
6 0.0035317860746720484
4 0.0035317860746720484
1 0.0035317860746720484
0 0.0035317860746720484
3 0.0030272452068617556
doc : 71
5 0.9661957618567104
1 0.006054490413723511
9 0.005549949545913219
8 0.0035317860746720484
7 0.0035317860746720484
3 0.0035317860746720484
6 0.0030272452068617556
4 0.0030272452068617556
0 0.0030272452068617556
2 0.0025227043390514633
doc : 72
7 0.8755656108597286
5 0.020361990950226245
0 0.01809954751131222
1 0.015837104072398193
9 0.013574660633484163
8 0.011312217194570137
6 0.011312217194570137
4 0.011312217194570137
3 0.011312217194570137
2 0.011312217194570137
doc : 73
5 0.9697122665320546
1 0.004543160020191822
8 0.004038364462392731
3 0.004038364462392731
7 0.0035335689045936395
0 0.0035335689045936395
6 0.003028773346794548
9 0.002523977788995457
4 0.002523977788995457
2 0.002523977788995457
doc : 74
7 0.8733031674208146
9 0.015837104072398193
8 0.015837104072398193
5 0.015837104072398193
1 0.015837104072398193
6 0.013574660633484163
3 0.013574660633484163
0 0.013574660633484163
4 0.011312217194570137
2 0.011312217194570137
doc : 75
7 0.8580931263858093
8 0.024390243902439025
5 0.022172949002217293
1 0.022172949002217293
9 0.015521064301552107
0 0.013303769401330377
6 0.011086474501108647
4 0.011086474501108647
3 0.011086474501108647
2 0.011086474501108647
doc : 76
1 0.7702448210922787
7 0.03766478342749529
5 0.03766478342749529
0 0.035781544256120526
6 0.02824858757062147
4 0.026365348399246702
9 0.018832391713747645
8 0.018832391713747645
3 0.013182674199623351
2 0.013182674199623351
doc : 77
9 0.51
2 0.1
8 0.095
4 0.07
7 0.055
6 0.055
0 0.0425
1 0.0325
3 0.0225
5 0.0175
doc : 78
0 0.78
4 0.07641025641025641
9 0.04666666666666667
7 0.023076923076923078
6 0.019487179487179488
2 0.017948717948717947
3 0.017435897435897435
5 0.00923076923076923
8 0.005128205128205128
1 0.004615384615384615
doc : 79
7 0.9237875288683602
9 0.012702078521939953
8 0.010392609699769052
5 0.009237875288683603
0 0.009237875288683603
4 0.008083140877598153
3 0.008083140877598153
6 0.0069284064665127015
2 0.005773672055427252
1 0.005773672055427252
doc : 80
1 0.7210884353741497
7 0.06292517006802721
5 0.057823129251700675
6 0.030612244897959183
8 0.027210884353741496
0 0.027210884353741496
4 0.022108843537414966
2 0.02040816326530612
9 0.015306122448979591
3 0.015306122448979591
doc : 81
5 0.9685314685314685
1 0.004995004995004995
3 0.004495504495504496
8 0.0034965034965034965
7 0.0034965034965034965
0 0.0034965034965034965
9 0.002997002997002997
6 0.002997002997002997
4 0.002997002997002997
2 0.0024975024975024975
doc : 82
1 0.7314487632508834
5 0.07773851590106007
7 0.03356890459363958
0 0.03356890459363958
4 0.030035335689045935
9 0.026501766784452298
6 0.024734982332155476
8 0.015901060070671377
3 0.014134275618374558
2 0.012367491166077738
doc : 83
4 0.8202247191011236
0 0.059244126659857
9 0.056179775280898875
7 0.021961184882533197
6 0.009703779366700716
2 0.008171603677221655
8 0.007660878447395302
3 0.007150153217568948
1 0.006639427987742595
5 0.003064351378958121
doc : 84
4 0.3956834532374101
9 0.15827338129496404
6 0.10791366906474821
0 0.08633093525179857
2 0.07913669064748202
8 0.05755395683453238
7 0.03956834532374101
3 0.02877697841726619
1 0.025179856115107917
5 0.02158273381294964
doc : 85
0 0.7836774827925271
7 0.043264503441494594
9 0.03736479842674533
1 0.03146509341199607
8 0.026548672566371685
4 0.024582104228121928
3 0.017699115044247787
5 0.016715830875122913
2 0.009832841691248772
6 0.008849557522123894
doc : 86
6 0.9161462979482605
0 0.015165031222123105
9 0.014272970561998216
3 0.010704727921498663
5 0.008920606601248885
2 0.008028545941123996
4 0.007136485280999108
1 0.007136485280999108
8 0.006244424620874219
7 0.006244424620874219
doc : 87
7 0.8688888888888889
5 0.024444444444444446
1 0.017777777777777778
0 0.015555555555555555
9 0.013333333333333332
3 0.013333333333333332
2 0.013333333333333332
8 0.011111111111111112
6 0.011111111111111112
4 0.011111111111111112
doc : 88
1 0.5483870967741935
8 0.3428912783751493
5 0.03106332138590203
7 0.02389486260454002
3 0.01194743130227001
4 0.01075268817204301
6 0.009557945041816009
9 0.008363201911589008
2 0.007168458781362007
0 0.005973715651135005
doc : 89
8 0.6454720616570327
5 0.09826589595375722
1 0.09248554913294797
7 0.07129094412331406
4 0.019267822736030827
0 0.019267822736030827
3 0.017341040462427744
6 0.01348747591522158
9 0.011560693641618497
2 0.011560693641618497
doc : 90
1 0.849673202614379
5 0.08697838109602815
7 0.024635495223730514
6 0.008044243338360985
9 0.007541478129713423
8 0.007541478129713423
3 0.004524886877828054
0 0.004524886877828054
2 0.0035193564605329308
4 0.0030165912518853692
doc : 91
8 0.8094405594405595
5 0.055944055944055944
3 0.026223776223776224
1 0.026223776223776224
9 0.017482517482517484
7 0.013986013986013986
4 0.013986013986013986
0 0.013986013986013986
6 0.012237762237762238
2 0.01048951048951049
doc : 92
1 0.41911764705882354
8 0.11764705882352941
5 0.09558823529411764
3 0.08823529411764705
7 0.058823529411764705
0 0.051470588235294115
6 0.044117647058823525
4 0.044117647058823525
2 0.044117647058823525
9 0.03676470588235294
doc : 93
8 0.719082260772244
7 0.1225517627308338
9 0.08114157806379407
1 0.019585898153329603
4 0.012870733072188025
5 0.011191941801902631
6 0.010072747621712367
3 0.010072747621712367
2 0.00727476217123671
0 0.006155567991046447
doc : 94
3 0.6544502617801048
1 0.08376963350785341
8 0.06282722513089006
6 0.03141361256544503
5 0.03141361256544503
0 0.03141361256544503
9 0.02617801047120419
7 0.02617801047120419
4 0.02617801047120419
2 0.02617801047120419
doc : 95
3 0.5103448275862069
8 0.08275862068965517
1 0.07586206896551724
6 0.06206896551724138
5 0.06206896551724138
7 0.05517241379310345
2 0.04827586206896552
9 0.034482758620689655
4 0.034482758620689655
0 0.034482758620689655
doc : 96
2 0.830122591943958
4 0.03152364273204904
6 0.0297723292469352
0 0.028021015761821366
8 0.017513134851138354
7 0.017513134851138354
3 0.014010507880910683
5 0.012259194395796848
9 0.010507880910683012
1 0.008756567425569177
doc : 97
2 0.7155067155067155
4 0.10500610500610501
9 0.05860805860805861
0 0.03663003663003663
6 0.021978021978021976
7 0.018315018315018316
3 0.018315018315018316
8 0.010989010989010988
5 0.007326007326007326
1 0.007326007326007326
doc : 98
2 0.6662404092071612
3 0.0895140664961637
4 0.06521739130434784
9 0.04859335038363172
0 0.04347826086956522
8 0.03452685421994885
7 0.01790281329923274
1 0.012787723785166242
6 0.011508951406649617
5 0.010230179028132993
doc : 99
0 0.7060702875399362
9 0.06283280085197018
7 0.052183173588924395
4 0.0415335463258786
3 0.030883919062832804
2 0.027689030883919066
5 0.025559105431309907
6 0.02449414270500533
1 0.01810436634717785
8 0.010649627263045795
