doc : 0
5 0.20168067226890757
6 0.1764705882352941
3 0.1134453781512605
4 0.1092436974789916
1 0.09663865546218486
7 0.06722689075630252
8 0.06302521008403361
2 0.058823529411764705
0 0.058823529411764705
9 0.0546218487394958
doc : 1
3 0.7527272727272727
7 0.03636363636363636
4 0.03272727272727273
8 0.02909090909090909
5 0.02909090909090909
2 0.025454545454545455
1 0.025454545454545455
0 0.025454545454545455
9 0.02181818181818182
6 0.02181818181818182
doc : 2
3 0.7563636363636363
5 0.03636363636363636
6 0.03272727272727273
1 0.03272727272727273
0 0.02909090909090909
4 0.025454545454545455
2 0.025454545454545455
8 0.02181818181818182
7 0.02181818181818182
9 0.01818181818181818
doc : 3
1 0.3786407766990291
6 0.2038834951456311
8 0.10679611650485438
7 0.07766990291262137
5 0.05825242718446602
4 0.05825242718446602
3 0.03883495145631068
0 0.03559870550161812
9 0.022653721682847898
2 0.01941747572815534
doc : 4
8 0.36575875486381326
7 0.21400778210116733
5 0.09727626459143969
3 0.08560311284046693
4 0.07392996108949416
0 0.04669260700389105
6 0.038910505836575876
1 0.0311284046692607
9 0.023346303501945526
2 0.023346303501945526
doc : 5
3 0.23255813953488372
5 0.18604651162790697
7 0.14728682170542634
0 0.09302325581395349
8 0.06976744186046512
6 0.06976744186046512
4 0.06976744186046512
1 0.05426356589147287
9 0.03875968992248062
2 0.03875968992248062
doc : 6
3 0.21705426356589147
5 0.1937984496124031
8 0.12403100775193798
7 0.12403100775193798
0 0.10852713178294573
1 0.06976744186046512
6 0.046511627906976744
9 0.03875968992248062
4 0.03875968992248062
2 0.03875968992248062
doc : 7
7 0.33333333333333337
0 0.12121212121212122
3 0.10606060606060606
6 0.09848484848484848
5 0.07575757575757576
8 0.06060606060606061
4 0.06060606060606061
1 0.05303030303030303
9 0.045454545454545456
2 0.045454545454545456
doc : 8
4 0.26744186046511625
7 0.16279069767441862
5 0.09302325581395349
8 0.08139534883720931
6 0.08139534883720931
1 0.06976744186046512
0 0.06976744186046512
9 0.05813953488372093
3 0.05813953488372093
2 0.05813953488372093
doc : 9
4 0.2558139534883721
7 0.13953488372093023
5 0.10465116279069767
6 0.09302325581395349
0 0.08139534883720931
8 0.06976744186046512
2 0.06976744186046512
1 0.06976744186046512
9 0.05813953488372093
3 0.05813953488372093
doc : 10
9 0.1
8 0.1
7 0.1
6 0.1
5 0.1
4 0.1
3 0.1
2 0.1
1 0.1
0 0.1
doc : 11
6 0.28640776699029125
0 0.21359223300970873
2 0.11650485436893203
3 0.09223300970873785
9 0.07766990291262135
7 0.06310679611650485
5 0.04368932038834951
1 0.04368932038834951
8 0.03398058252427184
4 0.029126213592233007
doc : 12
6 0.6053511705685619
5 0.11371237458193979
3 0.07692307692307693
4 0.06020066889632107
1 0.03678929765886287
9 0.026755852842809364
0 0.026755852842809364
2 0.020066889632107024
8 0.016722408026755852
7 0.016722408026755852
doc : 13
4 0.22093023255813954
7 0.16279069767441862
6 0.09302325581395349
1 0.09302325581395349
9 0.08139534883720931
8 0.08139534883720931
5 0.08139534883720931
0 0.06976744186046512
3 0.05813953488372093
2 0.05813953488372093
doc : 14
0 0.8650927487352444
4 0.02023608768971332
5 0.01854974704890388
8 0.016863406408094434
6 0.016863406408094434
2 0.016863406408094434
1 0.013490725126475547
7 0.011804384485666104
3 0.011804384485666104
9 0.008431703204047217
doc : 15
3 0.834186284544524
7 0.04912998976458546
6 0.030706243602865918
8 0.028659160696008188
0 0.01842374616171955
4 0.009211873080859774
5 0.008188331627430911
2 0.008188331627430911
9 0.007164790174002047
1 0.006141248720573183
doc : 16
1 0.4722222222222222
0 0.12962962962962962
4 0.08333333333333333
5 0.06944444444444445
8 0.05092592592592592
2 0.05092592592592592
6 0.041666666666666664
9 0.037037037037037035
7 0.032407407407407406
3 0.032407407407407406
doc : 17
2 0.8679817905918058
6 0.024279210925644917
0 0.024279210925644917
1 0.018209408194233688
8 0.013657056145675266
7 0.012139605462822459
5 0.012139605462822459
3 0.010622154779969651
4 0.009104704097116844
9 0.007587253414264037
doc : 18
9 0.7329545454545455
2 0.06960227272727273
6 0.05397727272727273
0 0.036931818181818184
7 0.02556818181818182
1 0.021306818181818184
5 0.019886363636363636
4 0.014204545454545456
3 0.014204545454545456
8 0.011363636363636364
doc : 19
6 0.6517241379310345
8 0.11724137931034483
5 0.03793103448275862
0 0.03793103448275862
7 0.034482758620689655
3 0.034482758620689655
4 0.02413793103448276
1 0.02413793103448276
2 0.020689655172413793
9 0.017241379310344827
doc : 20
2 0.8375350140056023
1 0.06862745098039216
5 0.01680672268907563
6 0.015406162464985995
7 0.012605042016806723
3 0.011204481792717087
0 0.011204481792717087
9 0.00980392156862745
8 0.00980392156862745
4 0.0070028011204481795
doc : 21
0 0.7848101265822784
3 0.03291139240506329
6 0.03037974683544304
7 0.027848101265822784
5 0.027848101265822784
8 0.02278481012658228
9 0.020253164556962026
4 0.020253164556962026
2 0.017721518987341773
1 0.01518987341772152
doc : 22
3 0.7687296416938111
7 0.03257328990228013
1 0.03257328990228013
6 0.02931596091205212
5 0.02931596091205212
2 0.026058631921824105
0 0.02280130293159609
9 0.01954397394136808
8 0.01954397394136808
4 0.01954397394136808
doc : 23
2 0.6685962373371924
6 0.07814761215629522
9 0.0492040520984081
1 0.04486251808972503
3 0.0361794500723589
7 0.03473227206946454
0 0.030390738060781474
5 0.026049204052098405
8 0.018813314037626625
4 0.013024602026049202
doc : 24
6 0.48936170212765956
8 0.10638297872340426
7 0.07446808510638298
9 0.07180851063829786
0 0.06382978723404255
3 0.061170212765957445
1 0.0398936170212766
4 0.03723404255319149
2 0.02925531914893617
5 0.026595744680851064
doc : 25
9 0.7733333333333333
8 0.048888888888888885
5 0.04444444444444444
3 0.03111111111111111
7 0.025185185185185185
4 0.023703703703703703
6 0.017777777777777778
1 0.014814814814814814
0 0.011851851851851851
2 0.008888888888888889
doc : 26
1 0.8412162162162162
5 0.02027027027027027
4 0.02027027027027027
9 0.016891891891891893
8 0.016891891891891893
7 0.016891891891891893
6 0.016891891891891893
3 0.016891891891891893
2 0.016891891891891893
0 0.016891891891891893
doc : 27
5 0.4117647058823529
8 0.16176470588235292
7 0.15966386554621848
4 0.07983193277310924
6 0.0546218487394958
3 0.04621848739495798
1 0.03571428571428571
0 0.02310924369747899
2 0.014705882352941176
9 0.012605042016806723
doc : 28
3 0.24
7 0.215
5 0.155
8 0.1
9 0.055
1 0.055
0 0.055
6 0.05
4 0.04
2 0.035
doc : 29
1 0.823529411764706
9 0.02422145328719723
8 0.02422145328719723
6 0.020761245674740483
0 0.020761245674740483
7 0.01730103806228374
5 0.01730103806228374
4 0.01730103806228374
3 0.01730103806228374
2 0.01730103806228374
doc : 30
1 0.8241379310344827
5 0.03103448275862069
6 0.020689655172413793
2 0.020689655172413793
9 0.017241379310344827
8 0.017241379310344827
7 0.017241379310344827
4 0.017241379310344827
3 0.017241379310344827
0 0.017241379310344827
doc : 31
1 0.8275862068965517
8 0.02413793103448276
6 0.02413793103448276
2 0.020689655172413793
9 0.017241379310344827
7 0.017241379310344827
5 0.017241379310344827
4 0.017241379310344827
3 0.017241379310344827
0 0.017241379310344827
doc : 32
1 0.8344827586206897
9 0.020689655172413793
5 0.020689655172413793
0 0.020689655172413793
8 0.017241379310344827
7 0.017241379310344827
6 0.017241379310344827
4 0.017241379310344827
3 0.017241379310344827
2 0.017241379310344827
doc : 33
8 0.44565217391304346
5 0.18206521739130435
7 0.11141304347826086
6 0.06521739130434782
4 0.06521739130434782
1 0.029891304347826088
0 0.029891304347826088
3 0.02717391304347826
2 0.02717391304347826
9 0.016304347826086956
doc : 34
3 0.38461538461538464
7 0.24725274725274726
9 0.049450549450549455
8 0.049450549450549455
6 0.049450549450549455
0 0.049450549450549455
5 0.04395604395604396
4 0.04395604395604396
2 0.04395604395604396
1 0.038461538461538464
doc : 35
7 0.7420289855072464
0 0.0782608695652174
3 0.057971014492753624
9 0.026086956521739132
4 0.01884057971014493
8 0.017391304347826087
6 0.015942028985507246
1 0.015942028985507246
2 0.014492753623188406
5 0.013043478260869566
doc : 36
5 0.4785992217898833
8 0.19455252918287938
6 0.054474708171206226
4 0.05058365758754864
1 0.05058365758754864
3 0.04669260700389105
9 0.0311284046692607
7 0.0311284046692607
2 0.0311284046692607
0 0.0311284046692607
doc : 37
5 0.3963963963963964
8 0.20270270270270271
4 0.06756756756756757
3 0.06756756756756757
0 0.05405405405405406
9 0.04954954954954955
7 0.04954954954954955
1 0.04954954954954955
6 0.036036036036036036
2 0.02702702702702703
doc : 38
7 0.6258205689277899
6 0.175054704595186
8 0.037199124726477024
3 0.0350109409190372
4 0.030634573304157548
5 0.028446389496717725
1 0.019693654266958426
0 0.019693654266958426
9 0.0175054704595186
2 0.010940919037199124
doc : 39
5 0.8392857142857142
7 0.026785714285714284
6 0.026785714285714284
3 0.020089285714285712
4 0.017857142857142856
1 0.017857142857142856
8 0.013392857142857142
2 0.013392857142857142
0 0.013392857142857142
9 0.011160714285714284
doc : 40
5 0.8377777777777777
3 0.035555555555555556
6 0.022222222222222223
4 0.022222222222222223
8 0.017777777777777778
7 0.017777777777777778
1 0.013333333333333332
9 0.011111111111111112
2 0.011111111111111112
0 0.011111111111111112
doc : 41
1 0.36601307189542487
3 0.18300653594771243
5 0.14705882352941177
4 0.05555555555555556
6 0.05228758169934641
0 0.05228758169934641
8 0.04575163398692811
7 0.04575163398692811
9 0.029411764705882353
2 0.022875816993464054
doc : 42
2 0.8370786516853933
6 0.02696629213483146
4 0.02359550561797753
0 0.022471910112359553
5 0.019101123595505618
1 0.019101123595505618
9 0.015730337078651686
3 0.014606741573033709
7 0.012359550561797755
8 0.008988764044943821
doc : 43
7 0.6610526315789473
3 0.0863157894736842
8 0.056842105263157895
4 0.04
5 0.031578947368421054
6 0.029473684210526315
1 0.02526315789473684
0 0.02526315789473684
9 0.023157894736842106
2 0.021052631578947368
doc : 44
4 0.845444059976932
8 0.049596309111880045
5 0.029988465974625143
6 0.01845444059976932
7 0.012687427912341408
3 0.011534025374855825
1 0.00922722029988466
0 0.00922722029988466
9 0.006920415224913495
2 0.006920415224913495
doc : 45
8 0.6788732394366197
4 0.12112676056338029
5 0.08028169014084507
3 0.026760563380281693
7 0.02394366197183099
0 0.01971830985915493
1 0.016901408450704227
2 0.014084507042253521
9 0.009859154929577466
6 0.008450704225352114
doc : 46
7 0.266304347826087
0 0.21739130434782608
6 0.13043478260869565
1 0.09782608695652173
4 0.06521739130434782
9 0.05434782608695652
3 0.05434782608695652
5 0.048913043478260865
8 0.03260869565217391
2 0.03260869565217391
doc : 47
8 0.7422360248447204
7 0.06055900621118012
4 0.046583850931677016
5 0.04192546583850931
6 0.02795031055900621
3 0.020186335403726708
0 0.020186335403726708
1 0.018633540372670808
9 0.012422360248447204
2 0.009316770186335404
doc : 48
6 0.6040145985401459
3 0.17883211678832117
5 0.058394160583941604
7 0.049270072992700725
0 0.027372262773722626
4 0.020072992700729927
1 0.01824817518248175
9 0.016423357664233577
2 0.014598540145985401
8 0.012773722627737226
doc : 49
3 0.740648379052369
6 0.05236907730673317
7 0.04987531172069826
1 0.029925187032418952
5 0.02743142144638404
9 0.022443890274314215
4 0.022443890274314215
0 0.022443890274314215
8 0.0199501246882793
2 0.012468827930174564
