doc : 0
1 0.8382022471910113
7 0.02696629213483146
5 0.02696629213483146
0 0.020224719101123598
6 0.015730337078651686
3 0.015730337078651686
2 0.015730337078651686
9 0.01348314606741573
8 0.01348314606741573
4 0.01348314606741573
doc : 1
1 0.668693009118541
7 0.11854103343465046
2 0.0364741641337386
0 0.0364741641337386
8 0.02735562310030395
6 0.02735562310030395
4 0.02735562310030395
9 0.02127659574468085
5 0.0182370820668693
3 0.0182370820668693
doc : 2
1 0.8616071428571428
6 0.020089285714285712
8 0.017857142857142856
2 0.017857142857142856
7 0.015625
5 0.015625
3 0.015625
9 0.013392857142857142
4 0.011160714285714284
0 0.011160714285714284
doc : 3
1 0.581140350877193
4 0.23464912280701752
6 0.041666666666666664
3 0.02850877192982456
9 0.02412280701754386
7 0.02412280701754386
5 0.021929824561403508
8 0.015350877192982455
2 0.015350877192982455
0 0.013157894736842105
doc : 4
9 0.9283408650742414
2 0.017430600387346673
5 0.01613944480309877
6 0.007746933505487411
8 0.00710135571336346
0 0.006455777921239509
1 0.005164622336991607
3 0.004519044544867656
7 0.0038734667527437054
4 0.0032278889606197547
doc : 5
5 0.7986577181208053
9 0.03355704697986577
6 0.030201342281879193
2 0.026845637583892617
0 0.026845637583892617
8 0.016778523489932886
7 0.016778523489932886
4 0.016778523489932886
3 0.016778523489932886
1 0.016778523489932886
doc : 6
4 0.862708719851577
1 0.029684601113172542
9 0.020408163265306124
2 0.016697588126159554
8 0.012987012987012988
3 0.012987012987012988
0 0.012987012987012988
7 0.011131725417439703
6 0.011131725417439703
5 0.00927643784786642
doc : 7
5 0.8043478260869564
2 0.03416149068322981
9 0.02795031055900621
8 0.021739130434782608
0 0.021739130434782608
6 0.018633540372670808
4 0.018633540372670808
3 0.018633540372670808
1 0.018633540372670808
7 0.015527950310559004
doc : 8
0 0.5317164179104478
1 0.27052238805970147
6 0.03917910447761194
3 0.03731343283582089
8 0.033582089552238806
7 0.027985074626865673
5 0.024253731343283583
4 0.013059701492537313
9 0.011194029850746268
2 0.011194029850746268
doc : 9
4 0.8642261353104727
1 0.05236329935125116
0 0.037534754402224285
8 0.010658016682113068
6 0.008341056533827619
3 0.008341056533827619
7 0.0074142724745134385
5 0.0046339202965708995
9 0.0037071362372567192
2 0.0027803521779425394
doc : 10
1 0.8412121212121212
7 0.06424242424242424
8 0.01818181818181818
3 0.016969696969696968
5 0.01575757575757576
0 0.01090909090909091
9 0.008484848484848484
6 0.008484848484848484
4 0.008484848484848484
2 0.007272727272727273
doc : 11
9 0.9098039215686274
5 0.038655462184873944
2 0.0196078431372549
1 0.0061624649859943975
3 0.0050420168067226885
0 0.0050420168067226885
8 0.004481792717086834
7 0.00392156862745098
6 0.00392156862745098
4 0.003361344537815126
doc : 12
9 0.9038579301898346
5 0.030006123698714023
2 0.027556644213104716
6 0.008573178199632579
7 0.007960808328230252
8 0.005511328842620943
4 0.004898958971218616
0 0.004286589099816289
3 0.003674219228413962
1 0.003674219228413962
doc : 13
5 0.7857142857142857
2 0.07446808510638298
9 0.05015197568389058
8 0.0182370820668693
6 0.016717325227963525
1 0.0121580547112462
0 0.0121580547112462
4 0.010638297872340425
3 0.010638297872340425
7 0.00911854103343465
doc : 14
7 0.8701754385964913
1 0.026315789473684213
5 0.021052631578947368
9 0.015789473684210527
8 0.014035087719298246
6 0.012280701754385965
0 0.012280701754385965
3 0.010526315789473684
4 0.008771929824561403
2 0.008771929824561403
doc : 15
5 0.8588957055214724
2 0.048057259713701436
9 0.03680981595092025
6 0.01226993865030675
0 0.009202453987730062
8 0.0081799591002045
1 0.0081799591002045
3 0.0071574642126789375
7 0.006134969325153375
4 0.005112474437627812
doc : 16
4 0.900990099009901
1 0.01555869872701556
7 0.014144271570014145
9 0.011315417256011316
5 0.011315417256011316
6 0.009900990099009901
3 0.009900990099009901
0 0.009900990099009901
8 0.008486562942008486
2 0.008486562942008486
doc : 17
8 0.6883561643835616
0 0.0684931506849315
3 0.06678082191780821
5 0.05136986301369863
7 0.032534246575342464
6 0.025684931506849314
9 0.02054794520547945
2 0.018835616438356163
4 0.017123287671232876
1 0.010273972602739725
doc : 18
2 0.9024390243902438
5 0.04155374887082204
9 0.011743450767841012
6 0.01084010840108401
3 0.007226738934056007
7 0.006323396567299006
1 0.006323396567299006
8 0.004516711833785004
4 0.004516711833785004
0 0.004516711833785004
doc : 19
3 0.708171206225681
1 0.06614785992217899
7 0.042801556420233464
0 0.038910505836575876
6 0.03501945525291829
9 0.023346303501945526
8 0.023346303501945526
5 0.023346303501945526
4 0.019455252918287938
2 0.019455252918287938
doc : 20
8 0.7525252525252526
3 0.045454545454545456
1 0.045454545454545456
0 0.030303030303030304
9 0.022727272727272728
5 0.022727272727272728
7 0.020202020202020204
6 0.020202020202020204
4 0.020202020202020204
2 0.020202020202020204
doc : 21
1 0.22033898305084745
2 0.1751412429378531
3 0.11864406779661017
5 0.096045197740113
6 0.0903954802259887
8 0.0790960451977401
4 0.07344632768361582
0 0.05649717514124294
9 0.04519774011299435
7 0.04519774011299435
doc : 22
3 0.8468468468468469
1 0.04144144144144144
5 0.01981981981981982
2 0.016216216216216217
8 0.014414414414414415
0 0.014414414414414415
9 0.012612612612612612
6 0.012612612612612612
7 0.010810810810810811
4 0.010810810810810811
doc : 23
3 0.7587822014051522
1 0.12412177985948478
9 0.01639344262295082
7 0.01639344262295082
5 0.01639344262295082
4 0.01639344262295082
2 0.01639344262295082
8 0.011709601873536299
6 0.011709601873536299
0 0.011709601873536299
doc : 24
7 0.726550079491256
1 0.06359300476947537
3 0.03815580286168522
9 0.033386327503974564
6 0.031796502384737683
0 0.028616852146263912
2 0.022257551669316377
5 0.020667726550079493
8 0.01907790143084261
4 0.015898251192368842
doc : 25
3 0.6814159292035398
1 0.06784660766961652
5 0.05309734513274336
7 0.038348082595870206
0 0.038348082595870206
4 0.029498525073746312
6 0.02654867256637168
9 0.02359882005899705
8 0.02064896755162242
2 0.02064896755162242
doc : 26
8 0.6488549618320612
6 0.14758269720101783
0 0.035623409669211195
3 0.033078880407124686
7 0.027989821882951654
9 0.025445292620865142
5 0.02290076335877863
1 0.02290076335877863
2 0.020356234096692113
4 0.015267175572519085
doc : 27
8 0.30935251798561153
6 0.16546762589928057
0 0.12949640287769784
7 0.10791366906474821
3 0.07194244604316546
4 0.05755395683453238
9 0.04316546762589928
5 0.04316546762589928
2 0.03597122302158273
1 0.03597122302158273
doc : 28
0 0.8106666666666666
2 0.029333333333333333
6 0.026666666666666665
8 0.024
7 0.024
1 0.021333333333333333
5 0.018666666666666665
9 0.016
4 0.016
3 0.013333333333333332
doc : 29
3 0.6877394636015325
7 0.08429118773946359
0 0.05555555555555555
6 0.04980842911877394
1 0.03065134099616858
9 0.022988505747126436
5 0.022988505747126436
2 0.021072796934865898
4 0.013409961685823753
8 0.011494252873563218
doc : 30
5 0.7894736842105263
7 0.03383458646616541
9 0.03007518796992481
8 0.02631578947368421
3 0.022556390977443608
2 0.022556390977443608
6 0.018796992481203006
4 0.018796992481203006
1 0.018796992481203006
0 0.018796992481203006
doc : 31
5 0.8469273743016759
2 0.04469273743016759
9 0.03240223463687151
6 0.01675977653631285
0 0.01675977653631285
7 0.011173184357541898
1 0.01005586592178771
8 0.007821229050279328
3 0.007821229050279328
4 0.005586592178770949
doc : 32
7 0.4745762711864407
1 0.12429378531073446
0 0.06779661016949153
8 0.06214689265536723
5 0.06214689265536723
9 0.05649717514124294
6 0.04519774011299435
3 0.03954802259887005
4 0.03389830508474576
2 0.03389830508474576
doc : 33
1 0.48664688427299707
7 0.18694362017804156
4 0.10979228486646884
0 0.0712166172106825
2 0.03560830860534125
6 0.026706231454005934
5 0.02373887240356083
9 0.02077151335311573
8 0.02077151335311573
3 0.017804154302670624
doc : 34
6 0.9409368635437881
1 0.009164969450101833
8 0.008146639511201629
5 0.007128309572301425
2 0.007128309572301425
9 0.006109979633401222
7 0.006109979633401222
4 0.005091649694501018
3 0.005091649694501018
0 0.005091649694501018
doc : 35
6 0.932573599240266
3 0.011396011396011397
8 0.010446343779677113
7 0.009496676163342831
4 0.007597340930674264
5 0.006647673314339981
2 0.005698005698005698
1 0.005698005698005698
0 0.005698005698005698
9 0.004748338081671416
doc : 36
5 0.8277777777777778
2 0.02777777777777778
8 0.025
6 0.019444444444444445
3 0.019444444444444445
1 0.019444444444444445
9 0.016666666666666666
0 0.016666666666666666
7 0.01388888888888889
4 0.01388888888888889
doc : 37
5 0.7649006622516556
9 0.04304635761589404
2 0.033112582781456956
7 0.026490066225165563
1 0.026490066225165563
0 0.026490066225165563
3 0.023178807947019868
8 0.019867549668874173
4 0.019867549668874173
6 0.016556291390728478
doc : 38
8 0.6970802919708029
6 0.2062043795620438
0 0.020072992700729927
5 0.012773722627737226
9 0.010948905109489052
7 0.010948905109489052
4 0.010948905109489052
3 0.010948905109489052
1 0.010948905109489052
2 0.009124087591240875
doc : 39
3 0.7117516629711752
1 0.1662971175166297
7 0.024390243902439025
9 0.017738359201773836
6 0.017738359201773836
5 0.013303769401330377
4 0.013303769401330377
0 0.013303769401330377
8 0.011086474501108647
2 0.011086474501108647
doc : 40
2 0.8066825775656324
5 0.08949880668257756
9 0.03937947494033413
3 0.016706443914081145
7 0.010739856801909309
8 0.008353221957040573
6 0.008353221957040573
1 0.007159904534606206
0 0.007159904534606206
4 0.005966587112171838
doc : 41
3 0.8531073446327683
2 0.02448210922787194
5 0.020715630885122408
6 0.018832391713747645
4 0.01694915254237288
9 0.015065913370998116
8 0.015065913370998116
1 0.013182674199623351
7 0.011299435028248588
0 0.011299435028248588
doc : 42
1 0.6841004184100418
0 0.0606694560669456
4 0.050209205020920494
5 0.043933054393305436
3 0.03556485355648535
6 0.03347280334728033
7 0.02928870292887029
8 0.02719665271966527
2 0.018828451882845185
9 0.016736401673640166
doc : 43
1 0.603448275862069
4 0.09482758620689655
7 0.06896551724137931
5 0.04310344827586207
3 0.034482758620689655
2 0.034482758620689655
0 0.034482758620689655
9 0.030172413793103446
8 0.030172413793103446
6 0.02586206896551724
doc : 44
1 0.4339080459770115
4 0.35919540229885055
7 0.040229885057471264
6 0.040229885057471264
3 0.02586206896551724
2 0.02586206896551724
8 0.022988505747126436
5 0.020114942528735632
0 0.017241379310344827
9 0.014367816091954023
doc : 45
6 0.9129321382842509
0 0.016645326504481434
9 0.012804097311139564
5 0.011523687580025609
1 0.010243277848911651
7 0.0076824583866837385
3 0.0076824583866837385
2 0.0076824583866837385
8 0.006402048655569782
4 0.006402048655569782
doc : 46
6 0.9222222222222222
5 0.011111111111111112
3 0.011111111111111112
9 0.009876543209876543
2 0.008641975308641974
0 0.008641975308641974
8 0.007407407407407408
7 0.007407407407407408
1 0.007407407407407408
4 0.006172839506172839
doc : 47
0 0.455470737913486
8 0.19083969465648856
1 0.08142493638676845
5 0.0534351145038168
3 0.0534351145038168
7 0.050890585241730284
6 0.033078880407124686
4 0.03053435114503817
9 0.025445292620865142
2 0.025445292620865142
doc : 48
5 0.6541095890410958
2 0.13013698630136986
6 0.03424657534246575
9 0.030821917808219176
7 0.0273972602739726
4 0.0273972602739726
1 0.0273972602739726
8 0.023972602739726026
3 0.023972602739726026
0 0.02054794520547945
doc : 49
3 0.7741176470588235
2 0.0588235294117647
0 0.03764705882352941
8 0.025882352941176467
6 0.023529411764705882
7 0.021176470588235293
1 0.016470588235294115
9 0.014117647058823528
5 0.014117647058823528
4 0.014117647058823528
doc : 50
5 0.8337349397590362
8 0.024096385542168676
2 0.024096385542168676
9 0.01927710843373494
3 0.01927710843373494
0 0.01927710843373494
7 0.016867469879518072
1 0.016867469879518072
6 0.014457831325301207
4 0.012048192771084338
doc : 51
5 0.8506024096385543
9 0.03132530120481928
2 0.02168674698795181
6 0.016867469879518072
4 0.014457831325301207
3 0.014457831325301207
0 0.014457831325301207
8 0.012048192771084338
7 0.012048192771084338
1 0.012048192771084338
doc : 52
5 0.8219512195121951
2 0.036585365853658534
9 0.02195121951219512
8 0.01951219512195122
7 0.01951219512195122
0 0.01951219512195122
1 0.01707317073170732
6 0.014634146341463414
4 0.014634146341463414
3 0.014634146341463414
doc : 53
2 0.8921933085501859
5 0.026022304832713755
9 0.022304832713754646
6 0.013011152416356878
8 0.0120817843866171
3 0.008364312267657992
7 0.007434944237918215
0 0.007434944237918215
4 0.0055762081784386614
1 0.0055762081784386614
doc : 54
2 0.8596311475409837
5 0.059426229508196725
9 0.01639344262295082
7 0.013319672131147542
0 0.012295081967213115
3 0.011270491803278689
8 0.00819672131147541
6 0.00819672131147541
1 0.006147540983606557
4 0.005122950819672132
doc : 55
2 0.9054505005561735
5 0.024471635150166853
9 0.018909899888765295
8 0.011123470522803115
3 0.00778642936596218
0 0.00778642936596218
6 0.006674082313681868
1 0.006674082313681868
7 0.0055617352614015575
4 0.0055617352614015575
doc : 56
0 0.7953795379537953
6 0.0297029702970297
7 0.026402640264026403
8 0.023102310231023104
3 0.023102310231023104
2 0.023102310231023104
1 0.023102310231023104
9 0.019801980198019802
5 0.019801980198019802
4 0.0165016501650165
doc : 57
3 0.7913669064748202
0 0.03237410071942446
9 0.025179856115107917
6 0.025179856115107917
4 0.025179856115107917
5 0.02158273381294964
2 0.02158273381294964
1 0.02158273381294964
8 0.017985611510791366
7 0.017985611510791366
doc : 58
3 0.7215686274509804
1 0.06666666666666667
7 0.03529411764705882
9 0.027450980392156862
8 0.027450980392156862
6 0.027450980392156862
0 0.027450980392156862
4 0.023529411764705882
2 0.023529411764705882
5 0.0196078431372549
doc : 59
1 0.8956649522409992
7 0.03306392358559882
3 0.017634092578986037
0 0.010286554004408522
8 0.00955180014695077
5 0.008817046289493018
6 0.0073475385745775165
4 0.006612784717119765
2 0.005878030859662013
9 0.005143277002204261
doc : 60
8 0.5046875000000001
6 0.31093750000000003
1 0.0328125
0 0.0328125
9 0.029687500000000002
3 0.0234375
5 0.0203125
2 0.018750000000000003
4 0.0140625
7 0.0125
doc : 61
2 0.8234519104084321
9 0.048748353096179184
5 0.047430830039525695
0 0.019762845849802372
1 0.013175230566534916
3 0.011857707509881424
8 0.010540184453227932
6 0.00922266139657444
7 0.007905138339920948
4 0.007905138339920948
doc : 62
1 0.8169291338582677
7 0.025590551181102362
0 0.025590551181102362
9 0.021653543307086614
3 0.021653543307086614
8 0.01968503937007874
4 0.01968503937007874
6 0.017716535433070866
5 0.017716535433070866
2 0.013779527559055118
doc : 63
1 0.7226107226107226
0 0.1282051282051282
3 0.023310023310023312
9 0.02097902097902098
8 0.02097902097902098
7 0.018648018648018648
5 0.018648018648018648
6 0.016317016317016316
4 0.016317016317016316
2 0.013986013986013986
doc : 64
8 0.6146788990825689
6 0.2591743119266055
2 0.022935779816513763
7 0.01834862385321101
1 0.01834862385321101
5 0.013761467889908258
4 0.013761467889908258
3 0.013761467889908258
0 0.013761467889908258
9 0.011467889908256881
doc : 65
8 0.8364565587734242
6 0.054514480408858604
9 0.020442930153321978
5 0.017035775127768313
7 0.013628620102214651
3 0.013628620102214651
1 0.013628620102214651
0 0.01192504258943782
2 0.010221465076660989
4 0.008517887563884156
doc : 66
3 0.6769911504424778
6 0.048672566371681415
2 0.048672566371681415
0 0.048672566371681415
5 0.03982300884955752
8 0.030973451327433628
9 0.02654867256637168
7 0.02654867256637168
4 0.02654867256637168
1 0.02654867256637168
doc : 67
9 0.9459763646595386
2 0.016882386043894203
5 0.010129431626336522
0 0.005627462014631402
6 0.005064715813168261
3 0.004501969611705121
1 0.0033764772087788407
8 0.002813731007315701
7 0.002813731007315701
4 0.002813731007315701
doc : 68
3 0.7733812949640289
9 0.02877697841726619
6 0.02877697841726619
5 0.025179856115107917
4 0.025179856115107917
2 0.025179856115107917
1 0.025179856115107917
0 0.025179856115107917
8 0.02158273381294964
7 0.02158273381294964
doc : 69
0 0.8529980657640233
6 0.025145067698259187
2 0.02127659574468085
3 0.019342359767891684
5 0.017408123791102514
9 0.015473887814313346
8 0.013539651837524178
1 0.013539651837524178
4 0.01160541586073501
7 0.009671179883945842
doc : 70
3 0.7733812949640289
6 0.03956834532374101
5 0.03597122302158273
0 0.03237410071942446
8 0.02158273381294964
7 0.02158273381294964
4 0.02158273381294964
9 0.017985611510791366
2 0.017985611510791366
1 0.017985611510791366
doc : 71
8 0.8669527896995708
0 0.02575107296137339
3 0.020028612303290415
1 0.017167381974248927
5 0.01430615164520744
6 0.012875536480686695
2 0.012875536480686695
9 0.010014306151645207
7 0.010014306151645207
4 0.010014306151645207
doc : 72
6 0.9336609336609336
9 0.009828009828009828
2 0.009828009828009828
3 0.007371007371007371
1 0.007371007371007371
0 0.007371007371007371
8 0.006142506142506142
7 0.006142506142506142
5 0.006142506142506142
4 0.006142506142506142
doc : 73
6 0.935881627620222
0 0.009864364981504316
3 0.008631319358816277
9 0.007398273736128237
1 0.007398273736128237
8 0.006165228113440197
7 0.006165228113440197
5 0.006165228113440197
4 0.006165228113440197
2 0.006165228113440197
doc : 74
0 0.8806262230919765
3 0.01761252446183953
6 0.015655577299412915
9 0.0136986301369863
8 0.0136986301369863
1 0.0136986301369863
7 0.011741682974559686
4 0.011741682974559686
2 0.011741682974559686
5 0.009784735812133072
doc : 75
0 0.8633540372670808
9 0.016563146997929608
6 0.016563146997929608
3 0.016563146997929608
2 0.016563146997929608
8 0.014492753623188408
7 0.014492753623188408
5 0.014492753623188408
4 0.014492753623188408
1 0.012422360248447206
doc : 76
5 0.817966903073286
2 0.04018912529550828
7 0.02364066193853428
9 0.018912529550827423
8 0.018912529550827423
3 0.018912529550827423
1 0.018912529550827423
6 0.016548463356973995
0 0.014184397163120567
4 0.01182033096926714
doc : 77
3 0.7398568019093079
0 0.05966587112171838
6 0.04773269689737471
9 0.03579952267303103
8 0.03102625298329356
5 0.021479713603818618
1 0.021479713603818618
2 0.016706443914081145
7 0.014319809069212411
4 0.011933174224343677
doc : 78
9 0.9044740024183796
5 0.037484885126964934
2 0.015114873035066504
8 0.009673518742442563
7 0.008464328899637243
3 0.007255139056831922
1 0.006045949214026602
0 0.0048367593712212815
4 0.003627569528415961
6 0.003022974607013301
doc : 79
8 0.8426791277258566
6 0.0763239875389408
2 0.014018691588785047
9 0.012461059190031152
3 0.012461059190031152
5 0.009345794392523364
1 0.009345794392523364
7 0.00778816199376947
4 0.00778816199376947
0 0.00778816199376947
doc : 80
0 0.8747697974217311
6 0.027624309392265196
2 0.01841620626151013
4 0.014732965009208104
5 0.01289134438305709
9 0.011049723756906077
8 0.011049723756906077
7 0.011049723756906077
3 0.009208103130755065
1 0.009208103130755065
doc : 81
0 0.8375527426160336
2 0.03375527426160337
8 0.02320675105485232
3 0.02320675105485232
9 0.016877637130801686
6 0.014767932489451475
4 0.014767932489451475
7 0.012658227848101264
5 0.012658227848101264
1 0.010548523206751054
doc : 82
0 0.872865275142315
6 0.020872865275142316
3 0.017077798861480076
8 0.015180265654648957
9 0.013282732447817837
5 0.013282732447817837
2 0.013282732447817837
1 0.013282732447817837
7 0.011385199240986717
4 0.009487666034155597
doc : 83
3 0.6279411764705882
0 0.16176470588235295
2 0.052941176470588235
5 0.039705882352941174
6 0.027941176470588233
1 0.023529411764705882
8 0.020588235294117647
9 0.016176470588235292
4 0.016176470588235292
7 0.013235294117647059
doc : 84
2 0.7744533947065593
5 0.12428078250863062
9 0.03452243958573072
6 0.011507479861910242
1 0.011507479861910242
7 0.010356731875719217
0 0.010356731875719217
8 0.009205983889528193
4 0.006904487917146145
3 0.006904487917146145
doc : 85
3 0.7302798982188295
6 0.06106870229007634
0 0.04580152671755726
9 0.04071246819338423
8 0.033078880407124686
2 0.02290076335877863
1 0.02290076335877863
7 0.015267175572519085
5 0.015267175572519085
4 0.012722646310432571
doc : 86
6 0.41689373297002724
0 0.22343324250681199
8 0.20708446866485014
1 0.049046321525885554
3 0.021798365122615803
7 0.01907356948228883
5 0.01907356948228883
9 0.01634877384196185
4 0.013623978201634877
2 0.013623978201634877
doc : 87
3 0.7338129496402878
0 0.06235011990407673
6 0.04796163069544364
2 0.03597122302158273
5 0.031175059952038366
8 0.028776978417266185
1 0.016786570743405275
9 0.014388489208633093
7 0.014388489208633093
4 0.014388489208633093
doc : 88
7 0.9480401093892433
8 0.010938924339106655
1 0.010483135824977211
6 0.006836827711941659
9 0.006381039197812215
3 0.005013673655423883
5 0.0036463081130355514
2 0.0031905195989061076
4 0.0027347310847766638
0 0.0027347310847766638
doc : 89
7 0.8245192307692308
1 0.03605769230769231
3 0.02403846153846154
9 0.021634615384615384
6 0.021634615384615384
5 0.021634615384615384
4 0.014423076923076924
8 0.01201923076923077
2 0.01201923076923077
0 0.01201923076923077
doc : 90
7 0.8811188811188811
1 0.02097902097902098
6 0.015734265734265736
5 0.013986013986013986
0 0.013986013986013986
9 0.012237762237762238
3 0.012237762237762238
8 0.01048951048951049
4 0.01048951048951049
2 0.008741258741258742
doc : 91
0 0.38461538461538464
6 0.3002481389578164
8 0.16253101736972705
7 0.026054590570719603
9 0.024813895781637715
3 0.022332506203473945
1 0.022332506203473945
5 0.019851116625310174
4 0.018610421836228287
2 0.018610421836228287
doc : 92
6 0.5375586854460094
8 0.323943661971831
5 0.023474178403755867
0 0.02112676056338028
2 0.018779342723004695
7 0.01643192488262911
4 0.01643192488262911
9 0.014084507042253521
3 0.014084507042253521
1 0.014084507042253521
doc : 93
9 0.9578884934756822
5 0.008303677342823251
2 0.005931198102016607
3 0.005338078291814947
6 0.004744958481613286
1 0.004151838671411626
8 0.0035587188612099647
7 0.0035587188612099647
4 0.0035587188612099647
0 0.0029655990510083037
doc : 94
9 0.846875
5 0.07968750000000001
2 0.022656250000000003
6 0.0125
0 0.009375000000000001
1 0.00703125
8 0.00625
7 0.0054687500000000005
4 0.0054687500000000005
3 0.004687500000000001
doc : 95
9 0.9250457038391225
5 0.03229737964655698
8 0.009750152346130409
7 0.009140767824497258
3 0.004875076173065204
2 0.004875076173065204
4 0.0042656916514320535
6 0.0036563071297989035
1 0.0030469226081657527
0 0.0030469226081657527
doc : 96
4 0.8071570576540754
1 0.09940357852882703
7 0.013916500994035784
6 0.013916500994035784
5 0.011928429423459244
3 0.011928429423459244
2 0.011928429423459244
9 0.009940357852882702
8 0.009940357852882702
0 0.009940357852882702
doc : 97
2 0.8657894736842106
0 0.02763157894736842
8 0.02368421052631579
9 0.015789473684210527
7 0.014473684210526316
6 0.013157894736842105
3 0.011842105263157895
5 0.010526315789473684
4 0.009210526315789473
1 0.007894736842105263
doc : 98
1 0.8607407407407407
7 0.0874074074074074
5 0.008888888888888889
0 0.008148148148148147
8 0.007407407407407407
6 0.006666666666666666
3 0.005925925925925926
9 0.005185185185185185
2 0.005185185185185185
4 0.0044444444444444444
doc : 99
4 0.27058823529411763
3 0.11764705882352941
9 0.09411764705882353
5 0.09411764705882353
8 0.08235294117647059
7 0.08235294117647059
1 0.08235294117647059
6 0.058823529411764705
2 0.058823529411764705
0 0.058823529411764705
