doc : 0
8 0.2781954887218045
4 0.21052631578947367
0 0.15037593984962405
9 0.07518796992481203
5 0.06015037593984962
6 0.05263157894736842
2 0.05263157894736842
3 0.045112781954887216
7 0.03759398496240601
1 0.03759398496240601
doc : 1
4 0.6413793103448275
8 0.11379310344827587
6 0.04482758620689655
0 0.04482758620689655
2 0.041379310344827586
7 0.03103448275862069
5 0.02413793103448276
1 0.02413793103448276
9 0.017241379310344827
3 0.017241379310344827
doc : 2
8 0.2923076923076923
4 0.09230769230769231
9 0.07692307692307693
7 0.07692307692307693
6 0.07692307692307693
5 0.07692307692307693
3 0.07692307692307693
2 0.07692307692307693
1 0.07692307692307693
0 0.07692307692307693
doc : 3
9 0.11320754716981132
8 0.11320754716981132
4 0.11320754716981132
7 0.09433962264150943
6 0.09433962264150943
5 0.09433962264150943
3 0.09433962264150943
2 0.09433962264150943
1 0.09433962264150943
0 0.09433962264150943
doc : 4
8 0.7951541850220265
6 0.05506607929515419
0 0.04405286343612335
5 0.019823788546255508
2 0.019823788546255508
4 0.015418502202643174
1 0.015418502202643174
9 0.013215859030837006
7 0.011013215859030838
3 0.011013215859030838
doc : 5
8 0.5960548885077187
4 0.1234991423670669
0 0.09005145797598628
3 0.051457975986277875
6 0.03945111492281304
9 0.03344768439108062
1 0.030017152658662092
2 0.020583190394511147
7 0.008576329331046312
5 0.00686106346483705
doc : 6
4 0.6828087167070218
0 0.09685230024213076
8 0.07142857142857144
5 0.031476997578692496
7 0.026634382566585957
6 0.023002421307506054
1 0.023002421307506054
9 0.018159806295399518
2 0.018159806295399518
3 0.00847457627118644
doc : 7
1 0.4536082474226804
9 0.08247422680412371
4 0.07216494845360824
8 0.061855670103092786
3 0.061855670103092786
0 0.061855670103092786
7 0.05154639175257732
6 0.05154639175257732
5 0.05154639175257732
2 0.05154639175257732
doc : 8
1 0.4466019417475728
3 0.07766990291262135
9 0.06796116504854369
6 0.06796116504854369
4 0.06796116504854369
2 0.06796116504854369
7 0.058252427184466014
8 0.04854368932038834
5 0.04854368932038834
0 0.04854368932038834
doc : 9
2 0.5318772136953955
0 0.16469893742621014
8 0.15289256198347106
6 0.048406139315230225
4 0.04427390791027155
5 0.01829988193624557
9 0.012987012987012986
7 0.01062573789846517
1 0.010035419126328217
3 0.0059031877213695395
doc : 10
4 0.2369146005509642
8 0.19559228650137742
0 0.17355371900826447
2 0.09917355371900827
5 0.07713498622589532
6 0.06611570247933884
1 0.05509641873278237
3 0.0440771349862259
9 0.03856749311294766
7 0.013774104683195593
doc : 11
0 0.7949070887818307
6 0.06847900894700619
4 0.034411562284927734
5 0.028217481073640742
7 0.026152787336545077
8 0.021679284239504472
1 0.008602890571231933
2 0.006882312456985546
9 0.006194081211286992
3 0.004473503097040606
doc : 12
2 0.6575520833333333
7 0.14583333333333331
5 0.03255208333333333
6 0.03125
9 0.028645833333333332
0 0.028645833333333332
4 0.02734375
3 0.01953125
1 0.01953125
8 0.009114583333333332
doc : 13
9 0.7372262773722628
0 0.08161911081619111
4 0.033178500331785
3 0.030524220305242204
2 0.025215660252156602
6 0.0245520902455209
8 0.021897810218978103
7 0.0165892501658925
5 0.0165892501658925
1 0.012607830126078301
doc : 14
9 0.22093023255813954
1 0.16279069767441862
4 0.11627906976744186
6 0.09302325581395349
7 0.08139534883720931
3 0.08139534883720931
8 0.06976744186046512
5 0.05813953488372093
2 0.05813953488372093
0 0.05813953488372093
doc : 15
3 0.8392857142857142
8 0.022959183673469385
1 0.022959183673469385
9 0.02040816326530612
5 0.02040816326530612
2 0.017857142857142856
6 0.015306122448979591
4 0.015306122448979591
7 0.012755102040816325
0 0.012755102040816325
doc : 16
3 0.8606356968215159
5 0.019559902200488997
1 0.019559902200488997
9 0.017114914425427872
4 0.017114914425427872
8 0.014669926650366748
0 0.014669926650366748
7 0.012224938875305624
6 0.012224938875305624
2 0.012224938875305624
doc : 17
9 0.7773359840954274
7 0.04473161033797216
4 0.034791252485089456
8 0.024850894632206758
2 0.024850894632206758
1 0.021868787276341946
3 0.020874751491053677
0 0.020874751491053677
6 0.019880715705765405
5 0.009940357852882702
doc : 18
5 0.7021276595744681
0 0.08244680851063829
6 0.047872340425531915
2 0.03723404255319149
7 0.026595744680851064
1 0.026595744680851064
8 0.023936170212765957
4 0.02127659574468085
9 0.015957446808510637
3 0.015957446808510637
doc : 19
8 0.2109375
4 0.171875
9 0.1171875
0 0.1015625
3 0.0859375
6 0.078125
7 0.0625
5 0.0625
2 0.0546875
1 0.0546875
doc : 20
6 0.7052722558340536
7 0.11322385479688851
5 0.05012964563526361
2 0.02679343128781331
8 0.02247191011235955
0 0.021607605877268798
9 0.01728608470181504
1 0.016421780466724288
4 0.015557476231633536
3 0.011235955056179775
doc : 21
1 0.6323185011709602
6 0.13114754098360656
8 0.053864168618266976
0 0.053864168618266976
2 0.03747072599531616
3 0.023419203747072598
9 0.01873536299765808
5 0.01873536299765808
4 0.01873536299765808
7 0.011709601873536299
doc : 22
1 0.2552083333333333
8 0.21354166666666666
0 0.13020833333333331
7 0.078125
4 0.06770833333333333
2 0.0625
6 0.05208333333333333
5 0.05208333333333333
9 0.046875
3 0.041666666666666664
doc : 23
1 0.40145985401459855
4 0.1094890510948905
8 0.08759124087591241
0 0.08759124087591241
9 0.06569343065693431
6 0.058394160583941604
2 0.058394160583941604
5 0.051094890510948905
3 0.043795620437956206
7 0.0364963503649635
doc : 24
4 0.34375
1 0.29375
8 0.0625
0 0.05625
2 0.05
9 0.043750000000000004
3 0.043750000000000004
6 0.037500000000000006
5 0.037500000000000006
7 0.03125
doc : 25
3 0.8582474226804123
9 0.01804123711340206
8 0.01804123711340206
5 0.01804123711340206
1 0.01804123711340206
0 0.01804123711340206
7 0.01288659793814433
6 0.01288659793814433
4 0.01288659793814433
2 0.01288659793814433
doc : 26
8 0.7804347826086957
6 0.06304347826086956
0 0.03260869565217391
9 0.02826086956521739
5 0.021739130434782608
7 0.017391304347826087
1 0.017391304347826087
2 0.015217391304347827
4 0.013043478260869566
3 0.010869565217391304
doc : 27
8 0.21052631578947367
4 0.14473684210526316
2 0.11842105263157894
9 0.10526315789473684
7 0.07894736842105263
5 0.07894736842105263
6 0.06578947368421052
3 0.06578947368421052
1 0.06578947368421052
0 0.06578947368421052
doc : 28
8 0.3375
6 0.16875
0 0.1125
5 0.07500000000000001
2 0.07500000000000001
1 0.0625
4 0.05625
9 0.05
7 0.03125
3 0.03125
doc : 29
9 0.27906976744186046
1 0.12790697674418605
7 0.09302325581395349
4 0.09302325581395349
6 0.08139534883720931
3 0.08139534883720931
5 0.06976744186046512
8 0.05813953488372093
2 0.05813953488372093
0 0.05813953488372093
doc : 30
1 0.41379310344827586
4 0.12931034482758622
8 0.06034482758620689
7 0.06034482758620689
5 0.06034482758620689
3 0.06034482758620689
0 0.06034482758620689
9 0.05172413793103448
6 0.05172413793103448
2 0.05172413793103448
doc : 31
1 0.7879256965944272
3 0.03869969040247678
2 0.03560371517027864
6 0.032507739938080496
4 0.02321981424148607
9 0.021671826625386997
8 0.015479876160990714
7 0.015479876160990714
5 0.015479876160990714
0 0.013931888544891642
doc : 32
7 0.8905841325196164
5 0.03225806451612903
9 0.024847428073234527
4 0.017436791630340016
2 0.013949433304272014
8 0.006102877070619007
1 0.004795117698343505
6 0.004359197907585004
0 0.0030514385353095034
3 0.0026155187445510027
doc : 33
3 0.8669950738916257
2 0.019704433497536946
9 0.017241379310344827
6 0.017241379310344827
5 0.014778325123152709
0 0.014778325123152709
8 0.012315270935960592
7 0.012315270935960592
4 0.012315270935960592
1 0.012315270935960592
doc : 34
8 0.33079847908745247
6 0.2509505703422053
0 0.1482889733840304
4 0.07224334600760456
5 0.06844106463878327
9 0.030418250950570342
1 0.030418250950570342
7 0.026615969581749048
2 0.022813688212927757
3 0.019011406844106463
doc : 35
8 0.5067873303167422
0 0.0995475113122172
2 0.07239819004524888
5 0.06334841628959277
1 0.05882352941176471
7 0.0497737556561086
6 0.0497737556561086
4 0.0497737556561086
3 0.027149321266968326
9 0.022624434389140274
doc : 36
1 0.7407407407407408
3 0.0720164609053498
8 0.03909465020576132
9 0.0308641975308642
4 0.02674897119341564
2 0.02674897119341564
0 0.02469135802469136
7 0.01646090534979424
5 0.01234567901234568
6 0.010288065843621401
doc : 37
9 0.1
8 0.1
7 0.1
6 0.1
5 0.1
4 0.1
3 0.1
2 0.1
1 0.1
0 0.1
doc : 38
5 0.7294520547945205
0 0.06506849315068493
4 0.04452054794520548
8 0.0273972602739726
6 0.0273972602739726
7 0.023972602739726026
1 0.023972602739726026
3 0.02054794520547945
2 0.02054794520547945
9 0.017123287671232876
doc : 39
5 0.766025641025641
0 0.07051282051282051
8 0.03205128205128205
4 0.02564102564102564
6 0.019230769230769232
2 0.019230769230769232
1 0.019230769230769232
9 0.016025641025641024
7 0.016025641025641024
3 0.016025641025641024
doc : 40
4 0.7564766839378237
8 0.05181347150259067
6 0.03454231433506045
5 0.03454231433506045
0 0.03454231433506045
1 0.02245250431778929
9 0.020725388601036267
3 0.017271157167530225
7 0.013816925734024179
2 0.013816925734024179
doc : 41
5 0.7373737373737373
0 0.050505050505050504
6 0.04713804713804714
8 0.026936026936026935
4 0.026936026936026935
2 0.026936026936026935
7 0.02356902356902357
9 0.0202020202020202
3 0.0202020202020202
1 0.0202020202020202
doc : 42
5 0.7384615384615385
0 0.06153846153846154
6 0.04923076923076923
7 0.033846153846153845
2 0.03076923076923077
1 0.021538461538461538
3 0.01846153846153846
9 0.015384615384615385
8 0.015384615384615385
4 0.015384615384615385
doc : 43
5 0.6883116883116883
6 0.05844155844155845
8 0.045454545454545456
0 0.045454545454545456
1 0.03571428571428572
7 0.03246753246753247
4 0.03246753246753247
9 0.022727272727272728
3 0.01948051948051948
2 0.01948051948051948
doc : 44
5 0.7434210526315789
0 0.06907894736842105
8 0.03289473684210526
7 0.029605263157894735
6 0.029605263157894735
9 0.019736842105263157
4 0.019736842105263157
3 0.019736842105263157
1 0.019736842105263157
2 0.01644736842105263
doc : 45
5 0.7198795180722892
0 0.09337349397590362
6 0.045180722891566265
4 0.03313253012048193
9 0.024096385542168676
8 0.01807228915662651
7 0.01807228915662651
1 0.01807228915662651
3 0.015060240963855422
2 0.015060240963855422
doc : 46
5 0.6738461538461539
0 0.09846153846153846
6 0.04923076923076923
4 0.03692307692307692
8 0.03076923076923077
2 0.03076923076923077
7 0.021538461538461538
3 0.021538461538461538
9 0.01846153846153846
1 0.01846153846153846
doc : 47
1 0.4639175257731959
9 0.07216494845360824
4 0.07216494845360824
7 0.061855670103092786
3 0.061855670103092786
2 0.061855670103092786
8 0.05154639175257732
6 0.05154639175257732
5 0.05154639175257732
0 0.05154639175257732
doc : 48
4 0.4293381037567084
9 0.16100178890876565
1 0.11627906976744186
3 0.06797853309481217
7 0.06440071556350627
2 0.0626118067978533
0 0.04114490161001789
6 0.03041144901610018
5 0.014311270125223614
8 0.012522361359570662
doc : 49
6 0.8156976744186046
0 0.08284883720930232
7 0.029651162790697676
5 0.027616279069767442
4 0.011337209302325582
2 0.009011627906976745
8 0.008430232558139534
9 0.006104651162790698
1 0.006104651162790698
3 0.003197674418604651
