doc : 0
8 0.4190476190476191
7 0.12380952380952381
3 0.09047619047619049
5 0.06666666666666668
4 0.06666666666666668
9 0.05238095238095239
2 0.05238095238095239
1 0.04761904761904762
6 0.04285714285714286
0 0.0380952380952381
doc : 1
8 0.2713178294573643
7 0.12403100775193798
0 0.10852713178294573
4 0.08527131782945736
3 0.07751937984496124
2 0.07751937984496124
9 0.06976744186046512
6 0.06976744186046512
5 0.06976744186046512
1 0.046511627906976744
doc : 2
1 0.9505041246562786
0 0.008249312557286894
9 0.006416131989000917
7 0.005499541704857929
5 0.005499541704857929
3 0.005499541704857929
8 0.00458295142071494
6 0.00458295142071494
4 0.00458295142071494
2 0.00458295142071494
doc : 3
1 0.9522497704315886
0 0.0073461891643709825
8 0.006427915518824609
9 0.005509641873278237
7 0.005509641873278237
6 0.004591368227731864
5 0.004591368227731864
4 0.004591368227731864
3 0.004591368227731864
2 0.004591368227731864
doc : 4
1 0.9532967032967032
0 0.007326007326007326
9 0.00641025641025641
8 0.005494505494505494
7 0.004578754578754579
6 0.004578754578754579
5 0.004578754578754579
4 0.004578754578754579
3 0.004578754578754579
2 0.004578754578754579
doc : 5
1 0.8706030150753769
0 0.02763819095477387
5 0.022613065326633167
7 0.02135678391959799
8 0.013819095477386936
9 0.010050251256281407
6 0.010050251256281407
4 0.008793969849246231
3 0.008793969849246231
2 0.00628140703517588
doc : 6
8 0.8703923900118905
5 0.023781212841854932
7 0.020214030915576692
9 0.0178359096313912
1 0.0178359096313912
0 0.016646848989298454
3 0.009512485136741973
6 0.008323424494649227
2 0.008323424494649227
4 0.00713436385255648
doc : 7
7 0.9117147707979626
5 0.011884550084889643
1 0.011884550084889643
6 0.010186757215619693
4 0.010186757215619693
0 0.010186757215619693
9 0.008488964346349746
8 0.008488964346349746
3 0.008488964346349746
2 0.008488964346349746
doc : 8
7 0.768790264853257
8 0.09305654974946313
9 0.028632784538296346
0 0.024337866857551897
1 0.020042949176807445
3 0.019327129563350035
5 0.014316392269148173
2 0.013600572655690766
6 0.012884753042233356
4 0.005010737294201861
doc : 9
9 0.4690721649484536
5 0.18041237113402062
0 0.09020618556701031
6 0.061855670103092786
8 0.05670103092783505
1 0.04768041237113402
7 0.02577319587628866
3 0.02577319587628866
4 0.024484536082474227
2 0.01804123711340206
doc : 10
1 0.8663594470046083
9 0.020737327188940093
8 0.020737327188940093
5 0.016129032258064516
4 0.013824884792626727
2 0.013824884792626727
0 0.013824884792626727
7 0.01152073732718894
6 0.01152073732718894
3 0.01152073732718894
doc : 11
1 0.8726851851851851
9 0.020833333333333332
8 0.016203703703703703
6 0.016203703703703703
7 0.013888888888888888
5 0.013888888888888888
4 0.011574074074074073
3 0.011574074074074073
2 0.011574074074074073
0 0.011574074074074073
doc : 12
1 0.8624708624708625
9 0.030303030303030304
8 0.018648018648018648
7 0.013986013986013986
5 0.013986013986013986
3 0.013986013986013986
6 0.011655011655011656
4 0.011655011655011656
2 0.011655011655011656
0 0.011655011655011656
doc : 13
3 0.1485148514851485
9 0.12871287128712872
5 0.12871287128712872
7 0.10891089108910891
1 0.10891089108910891
6 0.0891089108910891
4 0.07920792079207921
2 0.07920792079207921
0 0.07920792079207921
8 0.04950495049504951
doc : 14
5 0.2972972972972973
8 0.13513513513513514
7 0.0945945945945946
9 0.06756756756756757
6 0.06756756756756757
4 0.06756756756756757
3 0.06756756756756757
2 0.06756756756756757
1 0.06756756756756757
0 0.06756756756756757
doc : 15
7 0.7418073485600795
8 0.13902681231380337
0 0.04369414101290963
5 0.016881827209533268
9 0.010923535253227408
4 0.009930486593843098
3 0.009930486593843098
1 0.009930486593843098
6 0.008937437934458788
2 0.008937437934458788
doc : 16
8 0.8794178794178795
7 0.028066528066528068
9 0.015592515592515593
0 0.015592515592515593
2 0.014553014553014554
1 0.013513513513513514
5 0.011434511434511435
6 0.009355509355509356
4 0.007276507276507277
3 0.005197505197505198
doc : 17
8 0.9271978021978022
5 0.03571428571428571
0 0.00641025641025641
4 0.006181318681318681
7 0.005494505494505494
9 0.005036630036630037
6 0.004807692307692308
1 0.00434981684981685
3 0.003205128205128205
2 0.0016025641025641025
doc : 18
9 0.35374149659863946
5 0.14285714285714285
3 0.09523809523809523
2 0.07482993197278912
8 0.061224489795918366
6 0.061224489795918366
1 0.061224489795918366
0 0.05442176870748299
7 0.047619047619047616
4 0.047619047619047616
doc : 19
3 0.7543859649122806
0 0.13283208020050125
6 0.017543859649122806
1 0.017543859649122806
7 0.015037593984962405
9 0.012531328320802004
8 0.012531328320802004
5 0.012531328320802004
4 0.012531328320802004
2 0.012531328320802004
doc : 20
5 0.22754491017964074
8 0.17365269461077845
7 0.16766467065868265
9 0.08982035928143713
2 0.0658682634730539
1 0.0658682634730539
4 0.059880239520958084
3 0.05389221556886228
6 0.04790419161676647
0 0.04790419161676647
doc : 21
9 0.7136150234741784
5 0.046948356807511735
7 0.03755868544600939
3 0.03755868544600939
1 0.03755868544600939
8 0.028169014084507043
6 0.028169014084507043
4 0.023474178403755867
2 0.023474178403755867
0 0.023474178403755867
doc : 22
9 0.6834170854271356
3 0.04522613065326633
1 0.04522613065326633
7 0.04020100502512563
5 0.04020100502512563
8 0.03015075376884422
6 0.03015075376884422
2 0.03015075376884422
0 0.03015075376884422
4 0.02512562814070352
doc : 23
9 0.47975708502024295
5 0.1700404858299595
3 0.07894736842105263
0 0.0708502024291498
1 0.05060728744939271
8 0.04251012145748988
7 0.032388663967611336
4 0.03036437246963563
2 0.03036437246963563
6 0.01417004048582996
doc : 24
1 0.8665158371040724
9 0.020361990950226245
0 0.01809954751131222
4 0.015837104072398193
8 0.013574660633484163
7 0.013574660633484163
5 0.013574660633484163
3 0.013574660633484163
2 0.013574660633484163
6 0.011312217194570137
doc : 25
5 0.7510822510822511
1 0.08658008658008658
7 0.02813852813852814
2 0.025974025974025976
9 0.023809523809523808
8 0.023809523809523808
6 0.021645021645021644
4 0.015151515151515152
3 0.012987012987012988
0 0.010822510822510822
doc : 26
7 0.6588628762541806
8 0.15719063545150502
9 0.043478260869565216
0 0.043478260869565216
3 0.023411371237458192
1 0.020066889632107024
6 0.016722408026755852
2 0.016722408026755852
5 0.010033444816053512
4 0.010033444816053512
doc : 27
9 0.4125874125874126
4 0.10839160839160839
1 0.10139860139860139
8 0.08741258741258741
5 0.08041958041958042
7 0.05944055944055944
0 0.055944055944055944
6 0.045454545454545456
2 0.03146853146853147
3 0.017482517482517484
doc : 28
7 0.8987037926068171
5 0.031204992798847815
9 0.01584253480556889
8 0.012481997119539125
6 0.011041766682669226
3 0.008161305808929428
2 0.007681228996639462
0 0.00528084493518963
4 0.004800768122899664
1 0.004800768122899664
doc : 29
5 0.7841634738186463
1 0.07279693486590039
9 0.034482758620689655
0 0.02554278416347382
8 0.02426564495530013
7 0.016602809706257982
2 0.014048531289910602
4 0.011494252873563218
3 0.008939974457215838
6 0.007662835249042146
doc : 30
5 0.6047904191616766
8 0.08383233532934133
9 0.05389221556886228
1 0.04790419161676647
3 0.04191616766467066
7 0.035928143712574856
6 0.035928143712574856
2 0.035928143712574856
4 0.029940119760479042
0 0.029940119760479042
doc : 31
3 0.33125000000000004
8 0.1375
0 0.125
5 0.08750000000000001
7 0.06875
2 0.06875
4 0.0625
9 0.043750000000000004
1 0.043750000000000004
6 0.03125
doc : 32
3 0.8602620087336245
1 0.023289665211062592
8 0.018922852983988356
0 0.017467248908296942
6 0.01601164483260553
2 0.01601164483260553
5 0.014556040756914121
9 0.013100436681222708
7 0.010189228529839884
4 0.010189228529839884
doc : 33
9 0.8491321762349799
8 0.037383177570093455
0 0.0267022696929239
7 0.025367156208277702
1 0.021361815754339118
6 0.012016021361815754
5 0.008010680907877168
4 0.006675567423230975
3 0.006675567423230975
2 0.006675567423230975
doc : 34
9 0.8558077436582109
8 0.044058744993324434
0 0.028037383177570093
5 0.016021361815754337
1 0.014686248331108143
7 0.012016021361815754
4 0.008010680907877168
2 0.008010680907877168
6 0.006675567423230975
3 0.006675567423230975
doc : 35
0 0.7452523524379812
2 0.21585400627316795
3 0.015397775876817793
9 0.00427715996578272
8 0.00427715996578272
4 0.004049044767607641
6 0.003934987168520102
5 0.0034787567721699456
7 0.002452238380382093
1 0.0010265183917878527
doc : 36
0 0.7321794047131747
4 0.20495877434068185
3 0.017659785977428222
2 0.014268171451961874
6 0.013215601426817146
8 0.008479036313665868
5 0.005204374013215602
9 0.001988187825273376
7 0.00122799836266885
1 8.186655751125666E-4
doc : 37
5 0.848644578313253
8 0.038403614457831324
4 0.02635542168674699
7 0.021837349397590362
9 0.017319277108433735
1 0.01355421686746988
0 0.009789156626506024
3 0.009036144578313254
6 0.007530120481927711
2 0.007530120481927711
doc : 38
1 0.8902627511591963
0 0.02009273570324575
9 0.015455950540958269
6 0.013910355486862442
4 0.012364760432766615
3 0.010819165378670788
8 0.00927357032457496
7 0.00927357032457496
5 0.00927357032457496
2 0.00927357032457496
doc : 39
1 0.9522497704315886
0 0.008264462809917356
7 0.005509641873278237
6 0.005509641873278237
5 0.005509641873278237
9 0.004591368227731864
8 0.004591368227731864
4 0.004591368227731864
3 0.004591368227731864
2 0.004591368227731864
doc : 40
1 0.9101449275362319
5 0.017391304347826087
9 0.015458937198067632
0 0.013526570048309178
8 0.00966183574879227
7 0.007729468599033816
6 0.007729468599033816
4 0.006763285024154589
3 0.006763285024154589
2 0.004830917874396135
doc : 41
5 0.8831719128329298
8 0.025423728813559324
0 0.025423728813559324
9 0.017554479418886198
3 0.012711864406779662
7 0.010290556900726392
1 0.00847457627118644
6 0.006658595641646489
4 0.005447941888619855
2 0.004842615012106538
doc : 42
9 0.9230009871668311
1 0.013820335636722605
0 0.01085883514313919
8 0.009871668311944718
2 0.008884501480750246
6 0.007897334649555774
5 0.007897334649555774
3 0.006910167818361302
7 0.00592300098716683
4 0.004935834155972359
doc : 43
0 0.5467032967032968
4 0.271978021978022
6 0.030219780219780223
8 0.027472527472527476
3 0.027472527472527476
5 0.024725274725274728
1 0.02197802197802198
2 0.019230769230769232
7 0.016483516483516484
9 0.013736263736263738
doc : 44
7 0.9117147707979626
6 0.011884550084889643
1 0.011884550084889643
9 0.010186757215619693
8 0.010186757215619693
0 0.010186757215619693
5 0.008488964346349746
4 0.008488964346349746
3 0.008488964346349746
2 0.008488964346349746
doc : 45
9 0.4794520547945205
5 0.07534246575342465
7 0.07191780821917808
1 0.07191780821917808
0 0.06164383561643835
8 0.0547945205479452
3 0.0547945205479452
2 0.05136986301369863
4 0.0410958904109589
6 0.03767123287671233
doc : 46
3 0.8422897196261682
0 0.08411214953271028
9 0.010514018691588784
8 0.010514018691588784
4 0.010514018691588784
1 0.010514018691588784
6 0.009345794392523364
2 0.008177570093457943
7 0.007009345794392522
5 0.007009345794392522
doc : 47
9 0.654320987654321
1 0.06172839506172839
0 0.043209876543209874
8 0.037037037037037035
7 0.037037037037037035
5 0.037037037037037035
4 0.037037037037037035
6 0.030864197530864196
3 0.030864197530864196
2 0.030864197530864196
doc : 48
0 0.7160573361249799
6 0.24233639340741933
4 0.010307617973908842
5 0.010200246953347291
8 0.008697052665485585
2 0.004026413271058142
3 0.003972727760777366
9 0.002201105921511784
1 0.00123476673645783
7 9.66339185053954E-4
doc : 49
9 0.4662379421221865
0 0.10289389067524116
1 0.09646302250803858
5 0.09003215434083602
8 0.05466237942122187
7 0.04501607717041801
6 0.04180064308681672
4 0.03536977491961415
2 0.03536977491961415
3 0.03215434083601286
