doc : 0
9 0.5795053003533569
8 0.19257950530035337
3 0.12190812720848056
4 0.026501766784452298
5 0.019434628975265017
7 0.015901060070671377
1 0.012367491166077738
6 0.010600706713780918
2 0.010600706713780918
0 0.010600706713780918
doc : 1
9 0.7605985037406484
3 0.04239401496259351
6 0.032418952618453865
8 0.029925187032418952
7 0.02743142144638404
5 0.02743142144638404
2 0.02743142144638404
1 0.02493765586034913
0 0.014962593516209476
4 0.012468827930174564
doc : 2
9 0.5323943661971832
8 0.23943661971830987
7 0.04788732394366198
0 0.04788732394366198
6 0.033802816901408454
5 0.02535211267605634
3 0.022535211267605635
4 0.01971830985915493
2 0.016901408450704227
1 0.014084507042253521
doc : 3
3 0.49029982363315694
9 0.43562610229276894
8 0.021164021164021163
5 0.015873015873015872
0 0.008818342151675485
7 0.007054673721340388
2 0.006172839506172839
6 0.005291005291005291
1 0.005291005291005291
4 0.004409171075837742
doc : 4
9 0.8138138138138138
8 0.02702702702702703
5 0.024024024024024024
1 0.024024024024024024
7 0.02102102102102102
2 0.02102102102102102
4 0.018018018018018018
3 0.018018018018018018
0 0.018018018018018018
6 0.015015015015015015
doc : 5
8 0.4325581395348837
3 0.09767441860465116
7 0.09302325581395349
5 0.08837209302325581
9 0.06046511627906977
0 0.06046511627906977
6 0.046511627906976744
1 0.046511627906976744
4 0.04186046511627907
2 0.03255813953488372
doc : 6
4 0.9674115456238361
7 0.005121042830540037
9 0.004655493482309125
8 0.004655493482309125
3 0.004189944134078212
5 0.0037243947858473
2 0.002793296089385475
1 0.002793296089385475
6 0.0023277467411545625
0 0.0023277467411545625
doc : 7
8 0.5483359746434232
3 0.21077654516640254
2 0.05546751188589541
6 0.05229793977812995
5 0.05071315372424723
9 0.022187004754358162
1 0.01901743264659271
7 0.017432646592709985
0 0.012678288431061807
4 0.011093502377179081
doc : 8
7 0.8738938053097345
1 0.022123893805309734
6 0.015486725663716814
0 0.015486725663716814
8 0.01327433628318584
4 0.01327433628318584
2 0.01327433628318584
9 0.011061946902654867
5 0.011061946902654867
3 0.011061946902654867
doc : 9
7 0.8738938053097345
4 0.017699115044247787
2 0.017699115044247787
8 0.015486725663716814
1 0.015486725663716814
9 0.01327433628318584
0 0.01327433628318584
6 0.011061946902654867
5 0.011061946902654867
3 0.011061946902654867
doc : 10
8 0.525
3 0.2636363636363636
6 0.04772727272727272
5 0.03636363636363636
9 0.031818181818181815
2 0.02727272727272727
7 0.020454545454545454
0 0.020454545454545454
4 0.013636363636363636
1 0.013636363636363636
doc : 11
3 0.7622222222222222
6 0.08444444444444445
2 0.024444444444444446
1 0.022222222222222223
7 0.02
0 0.02
9 0.017777777777777778
8 0.017777777777777778
5 0.017777777777777778
4 0.013333333333333332
doc : 12
4 0.9146551724137931
8 0.029741379310344828
3 0.01896551724137931
9 0.014655172413793103
7 0.004310344827586207
5 0.004310344827586207
2 0.003879310344827586
1 0.0034482758620689655
0 0.0034482758620689655
6 0.002586206896551724
doc : 13
1 0.905123339658444
9 0.013282732447817837
0 0.013282732447817837
6 0.011385199240986717
8 0.009487666034155597
7 0.009487666034155597
5 0.009487666034155597
4 0.009487666034155597
3 0.009487666034155597
2 0.009487666034155597
doc : 14
1 0.9001883239171374
7 0.015065913370998116
9 0.013182674199623351
0 0.013182674199623351
8 0.011299435028248588
6 0.009416195856873822
5 0.009416195856873822
4 0.009416195856873822
3 0.009416195856873822
2 0.009416195856873822
doc : 15
0 0.6402439024390244
8 0.13359201773835921
6 0.06042128603104213
7 0.03824833702882483
5 0.03824833702882483
2 0.03492239467849224
1 0.022727272727272728
3 0.019955654101995565
9 0.006097560975609756
4 0.005543237250554323
doc : 16
3 0.5479744136460555
8 0.326226012793177
9 0.03624733475479744
4 0.017057569296375266
2 0.014925373134328358
7 0.01279317697228145
0 0.01279317697228145
6 0.010660980810234541
5 0.010660980810234541
1 0.010660980810234541
doc : 17
3 0.3858695652173913
9 0.24456521739130435
8 0.09239130434782608
7 0.059782608695652176
6 0.05434782608695652
5 0.03804347826086957
1 0.03804347826086957
2 0.03260869565217391
4 0.02717391304347826
0 0.02717391304347826
doc : 18
3 0.5857740585774058
8 0.12970711297071127
9 0.08368200836820083
5 0.04184100418410042
7 0.03347280334728033
6 0.02928870292887029
2 0.02928870292887029
4 0.025104602510460247
1 0.02092050209205021
0 0.02092050209205021
doc : 19
0 0.40764331210191085
7 0.2229299363057325
1 0.08280254777070065
9 0.05732484076433121
4 0.0445859872611465
2 0.0445859872611465
6 0.038216560509554146
5 0.038216560509554146
8 0.03184713375796178
3 0.03184713375796178
doc : 20
6 0.7433380084151473
2 0.10098176718092566
3 0.033660589060308554
8 0.030855539971949508
0 0.023842917251051893
5 0.019635343618513323
1 0.015427769985974754
7 0.011220196353436185
4 0.011220196353436185
9 0.009817671809256662
doc : 21
8 0.7148760330578513
3 0.121900826446281
9 0.04132231404958678
7 0.03512396694214876
6 0.024793388429752067
2 0.014462809917355372
5 0.012396694214876033
4 0.012396694214876033
0 0.012396694214876033
1 0.010330578512396695
doc : 22
3 0.75
8 0.056
9 0.052000000000000005
0 0.028
5 0.026000000000000002
7 0.024
2 0.02
6 0.016
1 0.016
4 0.012
doc : 23
4 0.959409594095941
7 0.01014760147601476
9 0.005535055350553505
3 0.00507380073800738
8 0.0036900369003690036
6 0.0036900369003690036
5 0.0036900369003690036
1 0.0032287822878228783
2 0.0027675276752767526
0 0.0027675276752767526
doc : 24
3 0.5403361344537816
9 0.3008403361344538
0 0.05294117647058824
5 0.02184873949579832
1 0.019327731092436976
7 0.016806722689075633
8 0.014285714285714287
2 0.012605042016806723
4 0.011764705882352941
6 0.009243697478991597
doc : 25
3 0.45877378435517974
9 0.3488372093023256
6 0.08104298801973221
8 0.03312191684284708
7 0.02255109231853418
5 0.021846370683579988
1 0.011980267794221284
2 0.008456659619450317
0 0.007047216349541931
4 0.0063424947145877385
doc : 26
6 0.8685897435897436
9 0.019230769230769232
0 0.019230769230769232
8 0.017628205128205128
1 0.016025641025641024
3 0.014423076923076922
2 0.01282051282051282
5 0.011217948717948718
4 0.011217948717948718
7 0.009615384615384616
doc : 27
3 0.6966666666666667
6 0.12000000000000001
0 0.03666666666666667
2 0.03333333333333333
7 0.03166666666666667
9 0.021666666666666667
8 0.021666666666666667
5 0.015000000000000001
4 0.011666666666666667
1 0.011666666666666667
doc : 28
2 0.8960084033613445
8 0.024159663865546216
6 0.021008403361344536
5 0.012605042016806723
4 0.009453781512605041
3 0.009453781512605041
9 0.007352941176470588
1 0.007352941176470588
7 0.0063025210084033615
0 0.0063025210084033615
doc : 29
2 0.9134709931170109
8 0.018682399213372666
6 0.015732546705998034
5 0.010816125860373648
7 0.008849557522123894
3 0.007866273352999017
9 0.00688298918387414
1 0.00688298918387414
4 0.0058997050147492625
0 0.004916420845624386
doc : 30
2 0.8407871198568873
3 0.03041144901610018
8 0.023255813953488372
6 0.023255813953488372
1 0.017889087656529516
7 0.016100178890876567
0 0.016100178890876567
9 0.014311270125223614
5 0.008944543828264758
4 0.008944543828264758
doc : 31
3 0.6857142857142857
8 0.045714285714285714
7 0.045714285714285714
6 0.04
4 0.04
9 0.02857142857142857
5 0.02857142857142857
2 0.02857142857142857
1 0.02857142857142857
0 0.02857142857142857
doc : 32
3 0.7165354330708661
8 0.05905511811023622
9 0.03543307086614173
7 0.03543307086614173
6 0.027559055118110236
5 0.027559055118110236
2 0.027559055118110236
4 0.023622047244094488
1 0.023622047244094488
0 0.023622047244094488
doc : 33
8 0.6422594142259413
9 0.10460251046025104
5 0.07531380753138074
3 0.048117154811715475
0 0.03138075313807531
7 0.02928870292887029
6 0.025104602510460247
1 0.018828451882845185
2 0.014644351464435145
4 0.010460251046025104
doc : 34
5 0.89198606271777
3 0.01916376306620209
8 0.013937282229965157
6 0.013937282229965157
0 0.013937282229965157
9 0.010452961672473868
2 0.010452961672473868
7 0.008710801393728223
4 0.008710801393728223
1 0.008710801393728223
doc : 35
0 0.7047738693467337
1 0.12311557788944724
7 0.07035175879396985
6 0.02135678391959799
8 0.017587939698492462
2 0.016331658291457288
5 0.013819095477386936
4 0.013819095477386936
9 0.010050251256281407
3 0.008793969849246231
doc : 36
8 0.40408163265306124
3 0.2306122448979592
0 0.07142857142857144
9 0.05918367346938776
6 0.05714285714285715
2 0.05510204081632654
7 0.05102040816326531
5 0.02653061224489796
1 0.02448979591836735
4 0.020408163265306124
doc : 37
6 0.8693623639191291
3 0.02332814930015552
5 0.01866251944012442
7 0.015552099533437013
2 0.015552099533437013
0 0.013996889580093312
8 0.012441679626749611
4 0.01088646967340591
1 0.01088646967340591
9 0.00933125972006221
doc : 38
3 0.4065359477124183
0 0.39215686274509803
6 0.06143790849673202
1 0.03529411764705882
2 0.027450980392156862
7 0.02483660130718954
8 0.02222222222222222
9 0.011764705882352941
5 0.01045751633986928
4 0.00784313725490196
doc : 39
5 0.8745644599303136
3 0.02613240418118467
9 0.024390243902439025
8 0.013937282229965157
6 0.012195121951219513
7 0.010452961672473868
2 0.010452961672473868
0 0.010452961672473868
4 0.008710801393728223
1 0.008710801393728223
doc : 40
5 0.8169556840077071
0 0.03275529865125241
8 0.030828516377649325
6 0.02697495183044316
3 0.02119460500963391
2 0.017341040462427744
9 0.015414258188824663
7 0.01348747591522158
4 0.01348747591522158
1 0.011560693641618497
doc : 41
2 0.873015873015873
8 0.01984126984126984
6 0.017857142857142856
0 0.015873015873015872
7 0.013888888888888888
3 0.013888888888888888
9 0.011904761904761904
5 0.011904761904761904
1 0.011904761904761904
4 0.00992063492063492
doc : 42
8 0.7767527675276753
3 0.09686346863468634
6 0.03136531365313653
2 0.023062730627306273
5 0.02214022140221402
0 0.01845018450184502
4 0.00922509225092251
9 0.008302583025830259
7 0.008302583025830259
1 0.005535055350553505
doc : 43
9 0.3960573476702509
3 0.3118279569892473
8 0.15232974910394265
5 0.04121863799283154
7 0.021505376344086023
6 0.01971326164874552
2 0.017921146953405017
1 0.016129032258064516
0 0.012544802867383513
4 0.010752688172043012
doc : 44
9 0.7639257294429708
3 0.04509283819628647
8 0.034482758620689655
7 0.029177718832891244
5 0.029177718832891244
0 0.029177718832891244
6 0.021220159151193633
4 0.01856763925729443
1 0.015915119363395226
2 0.01326259946949602
doc : 45
9 0.8342939481268011
8 0.04899135446685879
5 0.03602305475504323
6 0.020172910662824207
3 0.01585014409221902
7 0.010086455331412104
2 0.010086455331412104
4 0.008645533141210374
0 0.008645533141210374
1 0.007204610951008645
doc : 46
1 0.7694805194805195
7 0.08603896103896104
4 0.04383116883116883
0 0.021103896103896104
9 0.01785714285714286
6 0.014610389610389612
3 0.014610389610389612
2 0.012987012987012988
8 0.011363636363636364
5 0.008116883116883118
doc : 47
7 0.8941368078175896
6 0.01954397394136808
4 0.017915309446254073
1 0.011400651465798045
0 0.011400651465798045
8 0.00977198697068404
3 0.00977198697068404
2 0.00977198697068404
9 0.008143322475570033
5 0.008143322475570033
doc : 48
8 0.5497076023391813
9 0.17251461988304093
5 0.08771929824561403
3 0.03508771929824561
0 0.03508771929824561
7 0.029239766081871343
2 0.02631578947368421
6 0.023391812865497075
4 0.02046783625730994
1 0.02046783625730994
doc : 49
0 0.4674634794156706
8 0.1792828685258964
3 0.09827357237715803
2 0.09296148738379813
6 0.0597609561752988
7 0.0398406374501992
1 0.022576361221779546
5 0.0199203187250996
9 0.010624169986719787
4 0.009296148738379813
