doc : 0
4 0.8751974723538705
3 0.020537124802527645
7 0.017377567140600316
2 0.017377567140600316
9 0.01579778830963665
8 0.01263823064770932
6 0.01263823064770932
0 0.011058451816745656
5 0.009478672985781991
1 0.007898894154818325
doc : 1
4 0.5505415162454874
0 0.26534296028880866
2 0.04151624548736462
8 0.036101083032490974
9 0.02707581227436823
7 0.019855595667870037
5 0.018050541516245487
3 0.01624548736462094
6 0.012635379061371842
1 0.012635379061371842
doc : 2
3 0.3885941644562334
4 0.30769230769230765
5 0.1286472148541114
9 0.09018567639257294
2 0.023872679045092837
7 0.015915119363395226
8 0.014588859416445622
0 0.011936339522546418
6 0.010610079575596816
1 0.007957559681697613
doc : 3
4 0.7341389728096677
3 0.0634441087613293
8 0.03323262839879154
7 0.03323262839879154
6 0.030211480362537763
1 0.027190332326283987
9 0.021148036253776436
2 0.021148036253776436
5 0.01812688821752266
0 0.01812688821752266
doc : 4
5 0.48670427074939565
3 0.3126510878323932
9 0.0821917808219178
2 0.064464141821112
7 0.0153102336825141
0 0.0136986301369863
8 0.0072522159548751
6 0.0072522159548751
1 0.0056406124093473006
4 0.004834810636583401
doc : 5
2 0.6
5 0.36068796068796066
9 0.008845208845208844
3 0.006388206388206388
7 0.005405405405405406
0 0.004422604422604422
6 0.003931203931203931
4 0.003931203931203931
1 0.0034398034398034397
8 0.0029484029484029483
doc : 6
8 0.8223938223938224
2 0.037065637065637064
9 0.03166023166023166
7 0.029343629343629343
5 0.025482625482625483
3 0.019305019305019305
6 0.012355212355212355
0 0.011583011583011582
4 0.006177606177606178
1 0.004633204633204633
doc : 7
8 0.8591549295774648
7 0.036619718309859155
3 0.020657276995305163
0 0.01784037558685446
9 0.012206572769953052
6 0.012206572769953052
4 0.012206572769953052
2 0.011267605633802816
1 0.009389671361502348
5 0.008450704225352112
doc : 8
4 0.6181818181818182
6 0.09454545454545454
5 0.06909090909090909
1 0.05090909090909091
0 0.04363636363636364
3 0.02909090909090909
2 0.02909090909090909
8 0.025454545454545455
7 0.02181818181818182
9 0.01818181818181818
doc : 9
0 0.6786355475763016
2 0.14183123877917414
4 0.03949730700179534
3 0.03411131059245961
9 0.026929982046678638
5 0.02333931777378815
6 0.01974865350089767
7 0.012567324955116697
1 0.012567324955116697
8 0.010771992818671455
doc : 10
2 0.599017199017199
5 0.371990171990172
9 0.0068796068796068794
7 0.004422604422604422
6 0.0034398034398034397
0 0.0034398034398034397
8 0.0029484029484029483
4 0.0029484029484029483
3 0.002457002457002457
1 0.002457002457002457
doc : 11
5 0.5868603916614024
2 0.28932406822488943
9 0.06632975363234364
4 0.012002526847757421
3 0.01010739102969046
7 0.009475679090334806
0 0.009475679090334806
1 0.007580543272267846
8 0.005685407454200884
6 0.0031585596967782688
doc : 12
6 0.42424242424242425
0 0.12878787878787878
4 0.09090909090909091
1 0.07575757575757576
8 0.05303030303030303
7 0.05303030303030303
9 0.045454545454545456
3 0.045454545454545456
2 0.045454545454545456
5 0.03787878787878788
doc : 13
4 0.7138263665594855
6 0.04501607717041801
8 0.04180064308681672
7 0.03536977491961415
0 0.03536977491961415
3 0.028938906752411574
1 0.028938906752411574
9 0.02572347266881029
5 0.022508038585209004
2 0.022508038585209004
doc : 14
6 0.8093385214007782
9 0.02529182879377432
7 0.02529182879377432
4 0.023346303501945526
1 0.023346303501945526
5 0.021400778210116732
0 0.021400778210116732
3 0.017509727626459144
2 0.017509727626459144
8 0.01556420233463035
doc : 15
6 0.5775075987841946
4 0.17325227963525835
1 0.0911854103343465
3 0.030395136778115502
2 0.030395136778115502
0 0.02735562310030395
9 0.02127659574468085
5 0.0182370820668693
8 0.015197568389057751
7 0.015197568389057751
doc : 16
6 0.8019607843137255
4 0.03725490196078431
0 0.029411764705882353
5 0.027450980392156862
3 0.025490196078431372
1 0.025490196078431372
7 0.021568627450980392
9 0.011764705882352941
8 0.00980392156862745
2 0.00980392156862745
doc : 17
8 0.8734439834024896
7 0.04149377593360996
2 0.01867219917012448
5 0.012448132780082988
6 0.01037344398340249
0 0.01037344398340249
3 0.00933609958506224
9 0.008298755186721992
4 0.008298755186721992
1 0.007261410788381743
doc : 18
8 0.8426443202979516
7 0.0521415270018622
0 0.037243947858473
3 0.0186219739292365
2 0.010242085661080074
5 0.00931098696461825
9 0.008379888268156424
6 0.0074487895716946
4 0.0074487895716946
1 0.006517690875232775
doc : 19
5 0.7421937550040032
2 0.155324259407526
3 0.02722177742193755
9 0.015212169735788629
6 0.014411529223378702
4 0.010408326661329063
0 0.010408326661329063
8 0.009607686148919135
1 0.008006405124099279
7 0.007205764611689351
doc : 20
5 0.7452547452547452
2 0.14885114885114886
6 0.021978021978021976
3 0.01898101898101898
8 0.017982017982017984
9 0.012987012987012988
4 0.00999000999000999
0 0.008991008991008992
7 0.007992007992007992
1 0.006993006993006993
doc : 21
1 0.9589302769818528
6 0.009551098376313277
4 0.0062082139446036294
3 0.0057306590257879654
9 0.0038204393505253103
5 0.0038204393505253103
0 0.0038204393505253103
8 0.0033428844317096463
7 0.002387774594078319
2 0.002387774594078319
doc : 22
1 0.9190578158458244
4 0.043254817987152035
6 0.009421841541755889
7 0.007708779443254817
9 0.005567451820128479
0 0.0038543897216274086
2 0.003426124197002141
3 0.0029978586723768737
8 0.002569593147751606
5 0.002141327623126338
doc : 23
9 0.8550161812297735
2 0.05566343042071197
3 0.02459546925566343
5 0.01941747572815534
0 0.011650485436893204
8 0.008414239482200648
4 0.007766990291262136
7 0.007119741100323625
6 0.007119741100323625
1 0.003236245954692557
doc : 24
4 0.5151515151515151
8 0.07575757575757576
6 0.07575757575757576
5 0.06818181818181818
3 0.05303030303030303
7 0.045454545454545456
2 0.045454545454545456
1 0.045454545454545456
9 0.03787878787878788
0 0.03787878787878788
doc : 25
3 0.22142857142857142
0 0.17857142857142858
6 0.09999999999999999
8 0.09285714285714286
5 0.07857142857142857
7 0.07142857142857142
4 0.07142857142857142
2 0.07142857142857142
9 0.05714285714285714
1 0.05714285714285714
doc : 26
6 0.7040816326530612
1 0.09523809523809523
4 0.03741496598639456
0 0.03741496598639456
9 0.023809523809523808
8 0.023809523809523808
2 0.023809523809523808
7 0.02040816326530612
5 0.017006802721088433
3 0.017006802721088433
doc : 27
0 0.814139110604333
8 0.037628278221208664
9 0.03192702394526796
4 0.02508551881413911
2 0.02508551881413911
6 0.02394526795895097
7 0.013683010262257697
5 0.011402508551881414
3 0.010262257696693273
1 0.0068415051311288486
doc : 28
7 0.6218487394957983
9 0.04201680672268907
8 0.04201680672268907
6 0.04201680672268907
5 0.04201680672268907
4 0.04201680672268907
3 0.04201680672268907
2 0.04201680672268907
1 0.04201680672268907
0 0.04201680672268907
doc : 29
7 0.6050420168067226
6 0.05042016806722689
0 0.05042016806722689
9 0.04201680672268907
8 0.04201680672268907
5 0.04201680672268907
4 0.04201680672268907
3 0.04201680672268907
2 0.04201680672268907
1 0.04201680672268907
doc : 30
7 0.5966386554621849
6 0.05042016806722689
4 0.05042016806722689
2 0.05042016806722689
9 0.04201680672268907
8 0.04201680672268907
5 0.04201680672268907
3 0.04201680672268907
1 0.04201680672268907
0 0.04201680672268907
doc : 31
7 0.68
8 0.04
4 0.04
2 0.04
9 0.03333333333333333
6 0.03333333333333333
5 0.03333333333333333
3 0.03333333333333333
1 0.03333333333333333
0 0.03333333333333333
doc : 32
7 0.6218487394957983
9 0.04201680672268907
8 0.04201680672268907
6 0.04201680672268907
5 0.04201680672268907
4 0.04201680672268907
3 0.04201680672268907
2 0.04201680672268907
1 0.04201680672268907
0 0.04201680672268907
doc : 33
7 0.6083333333333333
8 0.05
4 0.05
9 0.041666666666666664
6 0.041666666666666664
5 0.041666666666666664
3 0.041666666666666664
2 0.041666666666666664
1 0.041666666666666664
0 0.041666666666666664
doc : 34
7 0.5966386554621849
8 0.05042016806722689
6 0.05042016806722689
4 0.05042016806722689
9 0.04201680672268907
5 0.04201680672268907
3 0.04201680672268907
2 0.04201680672268907
1 0.04201680672268907
0 0.04201680672268907
doc : 35
6 0.3135593220338983
3 0.11016949152542373
7 0.1016949152542373
4 0.1016949152542373
5 0.0847457627118644
2 0.07627118644067797
8 0.059322033898305086
9 0.05084745762711865
1 0.05084745762711865
0 0.05084745762711865
doc : 36
9 0.8407789232531501
2 0.051546391752577324
3 0.04581901489117984
8 0.012600229095074456
5 0.01145475372279496
7 0.009736540664375716
0 0.009163802978235968
6 0.006300114547537228
4 0.006300114547537228
1 0.006300114547537228
doc : 37
7 0.5966386554621849
8 0.05042016806722689
6 0.05042016806722689
4 0.05042016806722689
9 0.04201680672268907
5 0.04201680672268907
3 0.04201680672268907
2 0.04201680672268907
1 0.04201680672268907
0 0.04201680672268907
doc : 38
0 0.21238938053097345
4 0.1327433628318584
6 0.11504424778761062
3 0.10619469026548672
1 0.08849557522123894
9 0.07964601769911504
7 0.07079646017699115
2 0.07079646017699115
8 0.061946902654867256
5 0.061946902654867256
doc : 39
7 0.6134453781512604
8 0.05042016806722689
9 0.04201680672268907
6 0.04201680672268907
5 0.04201680672268907
4 0.04201680672268907
3 0.04201680672268907
2 0.04201680672268907
1 0.04201680672268907
0 0.04201680672268907
doc : 40
7 0.5966386554621849
8 0.058823529411764705
4 0.05042016806722689
9 0.04201680672268907
6 0.04201680672268907
5 0.04201680672268907
3 0.04201680672268907
2 0.04201680672268907
1 0.04201680672268907
0 0.04201680672268907
doc : 41
7 0.68
9 0.04
8 0.04
0 0.04
6 0.03333333333333333
5 0.03333333333333333
4 0.03333333333333333
3 0.03333333333333333
2 0.03333333333333333
1 0.03333333333333333
doc : 42
7 0.6733333333333333
8 0.04
5 0.04
4 0.04
1 0.04
9 0.03333333333333333
6 0.03333333333333333
3 0.03333333333333333
2 0.03333333333333333
0 0.03333333333333333
doc : 43
7 0.6733333333333333
9 0.05333333333333334
1 0.04
8 0.03333333333333333
6 0.03333333333333333
5 0.03333333333333333
4 0.03333333333333333
3 0.03333333333333333
2 0.03333333333333333
0 0.03333333333333333
doc : 44
7 0.673202614379085
0 0.04575163398692811
8 0.0392156862745098
4 0.0392156862745098
2 0.0392156862745098
9 0.032679738562091505
6 0.032679738562091505
5 0.032679738562091505
3 0.032679738562091505
1 0.032679738562091505
doc : 45
7 0.6134453781512604
0 0.05042016806722689
9 0.04201680672268907
8 0.04201680672268907
6 0.04201680672268907
5 0.04201680672268907
4 0.04201680672268907
3 0.04201680672268907
2 0.04201680672268907
1 0.04201680672268907
doc : 46
3 0.639751552795031
9 0.14596273291925466
0 0.040372670807453416
4 0.03105590062111801
2 0.03105590062111801
7 0.024844720496894408
6 0.024844720496894408
5 0.024844720496894408
8 0.018633540372670808
1 0.018633540372670808
doc : 47
7 0.1782178217821782
0 0.16831683168316833
1 0.12871287128712872
6 0.1188118811881188
9 0.09900990099009901
2 0.07920792079207921
4 0.06930693069306931
3 0.0594059405940594
8 0.04950495049504951
5 0.04950495049504951
doc : 48
7 0.6218487394957983
9 0.04201680672268907
8 0.04201680672268907
6 0.04201680672268907
5 0.04201680672268907
4 0.04201680672268907
3 0.04201680672268907
2 0.04201680672268907
1 0.04201680672268907
0 0.04201680672268907
doc : 49
7 0.6733333333333333
4 0.04666666666666667
9 0.04
8 0.04
6 0.03333333333333333
5 0.03333333333333333
3 0.03333333333333333
2 0.03333333333333333
1 0.03333333333333333
0 0.03333333333333333
