doc : 0
0 0.9366576819407009
5 0.008086253369272238
3 0.008086253369272238
9 0.006738544474393531
8 0.006738544474393531
7 0.006738544474393531
6 0.006738544474393531
4 0.006738544474393531
2 0.006738544474393531
1 0.006738544474393531
doc : 1
6 0.8245125348189415
0 0.025069637883008356
7 0.022284122562674095
3 0.022284122562674095
8 0.019498607242339833
5 0.019498607242339833
1 0.019498607242339833
9 0.016713091922005572
2 0.016713091922005572
4 0.013927576601671309
doc : 2
6 0.48148148148148145
7 0.17901234567901234
8 0.07716049382716049
2 0.06172839506172839
9 0.04938271604938271
4 0.043209876543209874
5 0.033950617283950615
0 0.027777777777777776
1 0.024691358024691357
3 0.021604938271604937
doc : 3
9 0.7228260869565217
4 0.15372670807453415
7 0.04192546583850931
5 0.024844720496894408
0 0.013198757763975154
6 0.011645962732919254
8 0.010869565217391304
2 0.010869565217391304
1 0.006211180124223602
3 0.003881987577639751
doc : 4
6 0.7443037974683544
9 0.07848101265822785
2 0.04556962025316456
8 0.027848101265822784
4 0.02531645569620253
7 0.017721518987341773
5 0.01518987341772152
3 0.01518987341772152
1 0.01518987341772152
0 0.01518987341772152
doc : 5
3 0.9592490842490843
6 0.015567765567765568
8 0.004578754578754579
2 0.004120879120879121
9 0.003663003663003663
5 0.003205128205128205
1 0.002747252747252747
7 0.0022893772893772895
4 0.0022893772893772895
0 0.0022893772893772895
doc : 6
6 0.37070063694267513
0 0.3668789808917197
5 0.07643312101910828
7 0.062420382165605096
3 0.04076433121019108
9 0.024203821656050954
8 0.024203821656050954
4 0.014012738853503183
2 0.011464968152866241
1 0.008917197452229299
doc : 7
0 0.8894117647058822
7 0.014117647058823528
3 0.014117647058823528
9 0.011764705882352941
8 0.011764705882352941
6 0.011764705882352941
5 0.011764705882352941
4 0.011764705882352941
2 0.011764705882352941
1 0.011764705882352941
doc : 8
0 0.8894117647058822
6 0.016470588235294115
9 0.011764705882352941
8 0.011764705882352941
7 0.011764705882352941
5 0.011764705882352941
4 0.011764705882352941
3 0.011764705882352941
2 0.011764705882352941
1 0.011764705882352941
doc : 9
9 0.6420545746388443
7 0.14446227929373998
6 0.08828250401284109
4 0.03531300160513644
5 0.025682182985553772
8 0.014446227929373997
2 0.014446227929373997
3 0.012841091492776886
1 0.012841091492776886
0 0.009630818619582664
doc : 10
6 0.31607629427792916
9 0.14713896457765668
5 0.1416893732970027
4 0.13896457765667575
7 0.08991825613079019
8 0.06267029972752043
0 0.02997275204359673
1 0.027247956403269755
2 0.024523160762942777
3 0.021798365122615803
doc : 11
9 0.15151515151515152
8 0.13636363636363635
2 0.12121212121212122
0 0.10606060606060606
7 0.09090909090909091
4 0.09090909090909091
6 0.07575757575757576
5 0.07575757575757576
3 0.07575757575757576
1 0.07575757575757576
doc : 12
6 0.7916666666666666
9 0.04427083333333333
5 0.033854166666666664
2 0.028645833333333332
8 0.0234375
7 0.018229166666666664
4 0.018229166666666664
3 0.015625
1 0.013020833333333332
0 0.013020833333333332
doc : 13
6 0.710801393728223
3 0.07665505226480836
0 0.03832752613240418
8 0.03484320557491289
9 0.027874564459930314
5 0.027874564459930314
2 0.027874564459930314
4 0.020905923344947737
7 0.017421602787456445
1 0.017421602787456445
doc : 14
6 0.43859649122807015
9 0.08771929824561403
8 0.08771929824561403
5 0.07017543859649122
1 0.07017543859649122
7 0.05847953216374269
2 0.05263157894736842
4 0.04678362573099415
0 0.04678362573099415
3 0.04093567251461988
doc : 15
3 0.7408376963350786
8 0.0549738219895288
2 0.03926701570680628
0 0.03664921465968587
6 0.034031413612565446
5 0.02356020942408377
4 0.020942408376963352
1 0.020942408376963352
9 0.015706806282722516
7 0.013089005235602094
doc : 16
1 0.9365079365079365
9 0.010204081632653062
5 0.007936507936507936
4 0.007936507936507936
2 0.007936507936507936
3 0.006802721088435375
8 0.005668934240362812
7 0.005668934240362812
6 0.005668934240362812
0 0.005668934240362812
doc : 17
5 0.3759512937595129
6 0.3074581430745814
7 0.1019786910197869
9 0.0502283105022831
4 0.0365296803652968
2 0.0365296803652968
8 0.0350076103500761
1 0.0289193302891933
3 0.015220700152207
0 0.0121765601217656
doc : 18
5 0.7760551248923342
9 0.08096468561584841
8 0.028423772609819122
2 0.02756244616709733
7 0.023255813953488372
6 0.02153316106804479
4 0.014642549526270457
3 0.012058570198105082
0 0.0103359173126615
1 0.00516795865633075
doc : 19
9 0.55
1 0.11190476190476191
6 0.0880952380952381
5 0.0642857142857143
7 0.06190476190476191
8 0.03571428571428572
3 0.028571428571428574
2 0.028571428571428574
0 0.01904761904761905
4 0.011904761904761906
doc : 20
9 0.5333333333333333
6 0.11619047619047619
5 0.0761904761904762
8 0.06285714285714286
4 0.05714285714285714
0 0.04380952380952381
3 0.03238095238095238
2 0.03238095238095238
7 0.030476190476190476
1 0.015238095238095238
doc : 21
8 0.9344262295081968
6 0.01092896174863388
7 0.008743169398907104
2 0.008743169398907104
9 0.007650273224043716
5 0.006557377049180328
4 0.006557377049180328
3 0.00546448087431694
1 0.00546448087431694
0 0.00546448087431694
doc : 22
8 0.9272529858849078
6 0.00977198697068404
2 0.00977198697068404
9 0.008686210640608035
7 0.008686210640608035
4 0.008686210640608035
1 0.008686210640608035
5 0.006514657980456026
3 0.006514657980456026
0 0.005428881650380022
doc : 23
9 0.423956931359354
6 0.2557200538358008
8 0.06460296096904442
5 0.05518169582772544
2 0.052489905787348586
0 0.03768506056527591
4 0.03499327052489906
1 0.03230148048452221
7 0.029609690444145357
3 0.013458950201884253
doc : 24
6 0.3439153439153439
9 0.17989417989417988
1 0.08994708994708994
5 0.06878306878306878
2 0.0582010582010582
0 0.0582010582010582
8 0.05291005291005291
7 0.05291005291005291
4 0.047619047619047616
3 0.047619047619047616
doc : 25
6 0.2911392405063291
9 0.11392405063291139
3 0.11392405063291139
5 0.08860759493670886
7 0.0759493670886076
8 0.06329113924050633
4 0.06329113924050633
2 0.06329113924050633
1 0.06329113924050633
0 0.06329113924050633
doc : 26
8 0.9063492063492063
6 0.014285714285714285
1 0.014285714285714285
9 0.011111111111111112
5 0.011111111111111112
4 0.009523809523809525
2 0.009523809523809525
7 0.007936507936507936
3 0.007936507936507936
0 0.007936507936507936
doc : 27
8 0.9066874027993779
9 0.015552099533437013
2 0.013996889580093312
7 0.01088646967340591
5 0.00933125972006221
4 0.00933125972006221
3 0.00933125972006221
1 0.00933125972006221
6 0.0077760497667185065
0 0.0077760497667185065
doc : 28
9 0.6538461538461539
7 0.0631868131868132
6 0.0521978021978022
4 0.049450549450549455
8 0.04395604395604396
0 0.041208791208791215
2 0.03296703296703297
5 0.02197802197802198
3 0.02197802197802198
1 0.019230769230769232
doc : 29
9 0.6918032786885245
7 0.05573770491803279
8 0.04262295081967213
1 0.039344262295081964
6 0.036065573770491806
5 0.036065573770491806
0 0.029508196721311476
4 0.022950819672131147
3 0.022950819672131147
2 0.022950819672131147
doc : 30
4 0.8988015978695074
9 0.018641810918774968
6 0.015978695073235686
5 0.013315579227696406
8 0.010652463382157125
7 0.010652463382157125
1 0.010652463382157125
2 0.007989347536617843
3 0.006657789613848203
0 0.006657789613848203
doc : 31
4 0.8926553672316384
8 0.0211864406779661
6 0.015536723163841807
9 0.014124293785310734
7 0.011299435028248588
1 0.011299435028248588
5 0.009887005649717513
3 0.00847457627118644
2 0.00847457627118644
0 0.007062146892655367
doc : 32
4 0.8317460317460318
8 0.03333333333333333
5 0.03015873015873016
6 0.02857142857142857
9 0.01746031746031746
7 0.01746031746031746
2 0.014285714285714285
3 0.009523809523809525
1 0.009523809523809525
0 0.007936507936507936
doc : 33
1 0.9382151029748284
7 0.009153318077803204
6 0.008009153318077803
5 0.006864988558352403
4 0.006864988558352403
2 0.006864988558352403
0 0.006864988558352403
9 0.005720823798627002
8 0.005720823798627002
3 0.005720823798627002
doc : 34
8 0.8729689807976367
6 0.026587887740029542
2 0.020679468242245203
9 0.014771048744460858
7 0.013293943870014771
3 0.013293943870014771
5 0.011816838995568686
1 0.010339734121122601
0 0.008862629246676515
4 0.007385524372230429
doc : 35
7 0.9060869565217392
9 0.017391304347826087
8 0.010434782608695653
6 0.010434782608695653
5 0.010434782608695653
4 0.010434782608695653
3 0.008695652173913044
2 0.008695652173913044
1 0.008695652173913044
0 0.008695652173913044
doc : 36
1 0.9405162738496072
6 0.008978675645342313
7 0.007856341189674524
9 0.006734006734006735
4 0.006734006734006735
2 0.006734006734006735
8 0.0056116722783389455
5 0.0056116722783389455
3 0.0056116722783389455
0 0.0056116722783389455
doc : 37
1 0.9413793103448276
2 0.009195402298850575
7 0.008045977011494253
9 0.006896551724137931
8 0.005747126436781609
6 0.005747126436781609
5 0.005747126436781609
4 0.005747126436781609
3 0.005747126436781609
0 0.005747126436781609
doc : 38
6 0.36470588235294116
9 0.19411764705882353
2 0.12352941176470589
4 0.08235294117647059
8 0.052941176470588235
1 0.041176470588235294
7 0.03529411764705882
5 0.03529411764705882
3 0.03529411764705882
0 0.03529411764705882
doc : 39
2 0.6404494382022472
6 0.056179775280898875
5 0.056179775280898875
4 0.0449438202247191
9 0.03932584269662921
3 0.03932584269662921
1 0.03932584269662921
8 0.028089887640449437
7 0.028089887640449437
0 0.028089887640449437
doc : 40
4 0.7580645161290323
9 0.06451612903225806
6 0.058823529411764705
8 0.022770398481973434
5 0.022770398481973434
0 0.019924098671726755
1 0.018026565464895637
3 0.013282732447817837
2 0.011385199240986717
7 0.010436432637571158
doc : 41
6 0.3611940298507463
2 0.2
8 0.14029850746268657
9 0.08656716417910448
7 0.05373134328358209
0 0.04477611940298507
4 0.03582089552238806
5 0.029850746268656716
3 0.026865671641791045
1 0.020895522388059702
doc : 42
0 0.37142857142857144
8 0.12380952380952381
2 0.10476190476190478
7 0.06666666666666668
4 0.06666666666666668
9 0.05714285714285715
6 0.05714285714285715
1 0.05714285714285715
5 0.04761904761904762
3 0.04761904761904762
doc : 43
2 0.8024316109422492
4 0.03343465045592705
9 0.030395136778115502
6 0.030395136778115502
1 0.02127659574468085
5 0.0182370820668693
3 0.0182370820668693
8 0.015197568389057751
7 0.015197568389057751
0 0.015197568389057751
doc : 44
4 0.9120111731843575
6 0.01675977653631285
5 0.012569832402234637
7 0.009776536312849162
1 0.009776536312849162
8 0.008379888268156424
3 0.008379888268156424
2 0.008379888268156424
9 0.006983240223463688
0 0.006983240223463688
doc : 45
2 0.8284789644012945
9 0.025889967637540454
4 0.025889967637540454
6 0.01941747572815534
1 0.01941747572815534
8 0.016181229773462785
7 0.016181229773462785
5 0.016181229773462785
3 0.016181229773462785
0 0.016181229773462785
doc : 46
2 0.8141025641025641
9 0.028846153846153844
8 0.028846153846153844
3 0.02564102564102564
6 0.019230769230769232
1 0.019230769230769232
7 0.016025641025641024
5 0.016025641025641024
4 0.016025641025641024
0 0.016025641025641024
doc : 47
2 0.8173374613003096
5 0.030959752321981428
9 0.027863777089783284
6 0.021671826625386997
8 0.018575851393188854
4 0.018575851393188854
1 0.018575851393188854
7 0.015479876160990714
3 0.015479876160990714
0 0.015479876160990714
doc : 48
2 0.8327868852459016
9 0.022950819672131147
4 0.022950819672131147
0 0.022950819672131147
8 0.01639344262295082
7 0.01639344262295082
6 0.01639344262295082
5 0.01639344262295082
3 0.01639344262295082
1 0.01639344262295082
doc : 49
9 0.7914614121510672
5 0.03284072249589491
6 0.029556650246305417
4 0.027914614121510674
8 0.02463054187192118
2 0.02463054187192118
0 0.022988505747126436
1 0.0180623973727422
7 0.014778325123152709
3 0.013136288998357963
doc : 50
0 0.34285714285714286
8 0.14285714285714288
2 0.1142857142857143
6 0.0761904761904762
7 0.06666666666666668
9 0.05714285714285715
5 0.05714285714285715
4 0.04761904761904762
3 0.04761904761904762
1 0.04761904761904762
doc : 51
9 0.39247311827956993
5 0.28763440860215056
4 0.0913978494623656
7 0.043010752688172046
6 0.043010752688172046
8 0.03494623655913979
2 0.03225806451612903
1 0.03225806451612903
3 0.021505376344086023
0 0.021505376344086023
doc : 52
7 0.9045138888888888
6 0.012152777777777776
4 0.012152777777777776
2 0.012152777777777776
9 0.010416666666666666
8 0.010416666666666666
5 0.010416666666666666
1 0.010416666666666666
3 0.008680555555555556
0 0.008680555555555556
doc : 53
7 0.9059233449477352
2 0.0156794425087108
9 0.012195121951219513
5 0.010452961672473868
4 0.010452961672473868
1 0.010452961672473868
8 0.008710801393728223
6 0.008710801393728223
3 0.008710801393728223
0 0.008710801393728223
doc : 54
7 0.9081455805892548
4 0.019064124783362217
6 0.010398613518197573
1 0.010398613518197573
9 0.008665511265164644
8 0.008665511265164644
5 0.008665511265164644
3 0.008665511265164644
2 0.008665511265164644
0 0.008665511265164644
doc : 55
2 0.8294314381270903
4 0.023411371237458192
9 0.020066889632107024
5 0.020066889632107024
1 0.020066889632107024
0 0.020066889632107024
8 0.016722408026755852
7 0.016722408026755852
6 0.016722408026755852
3 0.016722408026755852
doc : 56
6 0.6992481203007519
8 0.06766917293233082
9 0.05263157894736842
2 0.05012531328320802
0 0.02756892230576441
7 0.02506265664160401
4 0.022556390977443608
3 0.022556390977443608
5 0.020050125313283207
1 0.012531328320802004
doc : 57
4 0.8495575221238938
9 0.02831858407079646
7 0.021238938053097345
6 0.021238938053097345
1 0.017699115044247787
3 0.01592920353982301
5 0.01415929203539823
0 0.012389380530973451
2 0.010619469026548672
8 0.008849557522123894
doc : 58
4 0.7804428044280443
5 0.03505535055350553
7 0.033210332103321034
8 0.027675276752767528
6 0.025830258302583026
2 0.023985239852398522
0 0.023985239852398522
1 0.02029520295202952
9 0.016605166051660517
3 0.012915129151291513
doc : 59
9 0.6986301369863014
7 0.07397260273972603
4 0.04657534246575343
8 0.03287671232876713
5 0.030136986301369864
6 0.0273972602739726
0 0.0273972602739726
2 0.024657534246575342
3 0.021917808219178082
1 0.016438356164383564
doc : 60
1 0.9410430839002267
5 0.009070294784580499
7 0.007936507936507936
8 0.006802721088435375
4 0.006802721088435375
9 0.005668934240362812
6 0.005668934240362812
3 0.005668934240362812
2 0.005668934240362812
0 0.005668934240362812
doc : 61
5 0.7316103379721669
8 0.059642147117296214
9 0.057654075546719676
3 0.029821073558648107
4 0.025844930417495027
2 0.025844930417495027
7 0.021868787276341946
6 0.021868787276341946
0 0.013916500994035784
1 0.011928429423459244
doc : 62
2 0.8178694158075601
4 0.024054982817869414
3 0.024054982817869414
0 0.024054982817869414
7 0.020618556701030927
6 0.020618556701030927
9 0.01718213058419244
8 0.01718213058419244
5 0.01718213058419244
1 0.01718213058419244
doc : 63
2 0.4853801169590643
6 0.1286549707602339
8 0.08187134502923976
9 0.06432748538011696
4 0.06432748538011696
7 0.04093567251461988
5 0.03508771929824561
3 0.03508771929824561
1 0.03508771929824561
0 0.029239766081871343
doc : 64
2 0.6206896551724138
5 0.07471264367816091
6 0.06896551724137931
1 0.040229885057471264
9 0.034482758620689655
7 0.034482758620689655
4 0.034482758620689655
3 0.034482758620689655
8 0.028735632183908046
0 0.028735632183908046
doc : 65
6 0.6644674835061263
9 0.10461828463713478
8 0.07540056550424128
5 0.06786050895381715
2 0.02639019792648445
4 0.02073515551366635
0 0.012252591894439209
3 0.010367577756833175
1 0.010367577756833175
7 0.007540056550424128
doc : 66
1 0.9449192782526117
7 0.008547008547008548
4 0.007597340930674264
5 0.006647673314339981
2 0.006647673314339981
9 0.005698005698005698
3 0.005698005698005698
8 0.004748338081671416
6 0.004748338081671416
0 0.004748338081671416
doc : 67
1 0.9371069182389937
9 0.01078167115902965
7 0.008984725965858042
8 0.008086253369272238
6 0.008086253369272238
4 0.0071877807726864335
5 0.005390835579514825
2 0.005390835579514825
3 0.004492362982929021
0 0.004492362982929021
doc : 68
1 0.9292817679558012
9 0.011049723756906079
6 0.00994475138121547
4 0.008839779005524863
2 0.008839779005524863
7 0.0077348066298342545
8 0.0066298342541436465
0 0.0066298342541436465
5 0.005524861878453039
3 0.005524861878453039
doc : 69
6 0.8195121951219512
5 0.03414634146341464
0 0.029268292682926828
9 0.01951219512195122
8 0.01951219512195122
1 0.01951219512195122
3 0.01707317073170732
7 0.014634146341463414
2 0.014634146341463414
4 0.012195121951219513
doc : 70
4 0.47297297297297297
9 0.2628992628992629
6 0.08230958230958231
5 0.05528255528255528
8 0.044226044226044224
7 0.020884520884520884
0 0.018427518427518427
3 0.0171990171990172
1 0.013513513513513513
2 0.012285012285012284
doc : 71
6 0.7233429394812679
8 0.07204610951008646
2 0.0547550432276657
4 0.02881844380403458
9 0.020172910662824207
7 0.020172910662824207
5 0.020172910662824207
3 0.020172910662824207
1 0.020172910662824207
0 0.020172910662824207
doc : 72
2 0.5852272727272727
6 0.08522727272727273
5 0.0625
7 0.05113636363636364
1 0.045454545454545456
9 0.03977272727272727
4 0.03977272727272727
8 0.03409090909090909
3 0.02840909090909091
0 0.02840909090909091
doc : 73
2 0.6582914572864321
5 0.05025125628140704
4 0.05025125628140704
9 0.04522613065326633
6 0.04020100502512563
3 0.04020100502512563
8 0.035175879396984924
7 0.03015075376884422
1 0.02512562814070352
0 0.02512562814070352
doc : 74
2 0.5141509433962264
6 0.1981132075471698
4 0.051886792452830184
5 0.04716981132075471
9 0.03773584905660377
8 0.03773584905660377
7 0.0330188679245283
3 0.0330188679245283
1 0.023584905660377357
0 0.023584905660377357
doc : 75
2 0.5787037037037037
6 0.07870370370370369
8 0.07407407407407407
4 0.06018518518518518
5 0.05555555555555555
7 0.046296296296296294
9 0.032407407407407406
3 0.027777777777777776
1 0.023148148148148147
0 0.023148148148148147
doc : 76
2 0.5192307692307693
6 0.19711538461538464
9 0.04807692307692308
4 0.04807692307692308
7 0.038461538461538464
5 0.038461538461538464
8 0.03365384615384616
3 0.028846153846153848
1 0.02403846153846154
0 0.02403846153846154
doc : 77
6 0.8122362869198312
3 0.040084388185654005
8 0.02953586497890295
7 0.02109704641350211
5 0.02109704641350211
9 0.018987341772151896
4 0.016877637130801686
2 0.014767932489451475
0 0.014767932489451475
1 0.010548523206751054
doc : 78
4 0.2272727272727273
7 0.1859504132231405
9 0.11570247933884298
5 0.1115702479338843
1 0.10330578512396695
6 0.09504132231404959
2 0.05371900826446281
8 0.049586776859504134
3 0.028925619834710745
0 0.028925619834710745
doc : 79
9 0.6395759717314488
5 0.07773851590106007
4 0.05653710247349823
7 0.053003533568904596
8 0.03180212014134275
3 0.03180212014134275
1 0.03180212014134275
2 0.028268551236749116
6 0.024734982332155476
0 0.024734982332155476
doc : 80
2 0.7831715210355987
5 0.02912621359223301
0 0.02912621359223301
6 0.025889967637540454
3 0.025889967637540454
8 0.022653721682847898
7 0.022653721682847898
4 0.022653721682847898
9 0.01941747572815534
1 0.01941747572815534
doc : 81
2 0.8360655737704918
9 0.02622950819672131
8 0.019672131147540982
4 0.019672131147540982
7 0.01639344262295082
6 0.01639344262295082
5 0.01639344262295082
3 0.01639344262295082
1 0.01639344262295082
0 0.01639344262295082
doc : 82
2 0.831615120274914
0 0.024054982817869414
8 0.020618556701030927
7 0.020618556701030927
9 0.01718213058419244
6 0.01718213058419244
5 0.01718213058419244
4 0.01718213058419244
3 0.01718213058419244
1 0.01718213058419244
doc : 83
2 0.8263665594855305
3 0.028938906752411574
4 0.022508038585209004
9 0.01929260450160772
7 0.01929260450160772
0 0.01929260450160772
8 0.01607717041800643
6 0.01607717041800643
5 0.01607717041800643
1 0.01607717041800643
doc : 84
2 0.8006756756756758
9 0.030405405405405407
8 0.030405405405405407
7 0.02702702702702703
4 0.02027027027027027
3 0.02027027027027027
0 0.02027027027027027
6 0.016891891891891893
5 0.016891891891891893
1 0.016891891891891893
doc : 85
2 0.8221476510067114
9 0.026845637583892617
4 0.02348993288590604
7 0.020134228187919462
5 0.020134228187919462
3 0.020134228187919462
8 0.016778523489932886
6 0.016778523489932886
1 0.016778523489932886
0 0.016778523489932886
doc : 86
5 0.7624309392265193
6 0.0856353591160221
9 0.06353591160220995
8 0.019337016574585635
0 0.017955801104972375
7 0.011049723756906077
1 0.011049723756906077
4 0.009668508287292817
3 0.009668508287292817
2 0.009668508287292817
doc : 87
3 0.966903073286052
6 0.0056737588652482265
8 0.00425531914893617
5 0.00425531914893617
9 0.003309692671394799
7 0.003309692671394799
4 0.003309692671394799
0 0.003309692671394799
2 0.0028368794326241132
1 0.0028368794326241132
doc : 88
4 0.7542016806722689
9 0.06827731092436974
6 0.03571428571428571
8 0.03466386554621849
5 0.03046218487394958
2 0.024159663865546216
7 0.022058823529411763
3 0.012605042016806723
1 0.009453781512605041
0 0.008403361344537815
doc : 89
5 0.857335127860027
6 0.021534320323014805
0 0.021534320323014805
9 0.020188425302826378
2 0.016150740242261104
8 0.014804845222072678
7 0.014804845222072678
4 0.012113055181695828
3 0.010767160161507403
1 0.010767160161507403
doc : 90
5 0.547923322683706
6 0.21725239616613418
9 0.09105431309904152
1 0.04472843450479233
3 0.023961661341853034
0 0.019169329073482427
8 0.01597444089456869
7 0.01437699680511182
4 0.012779552715654952
2 0.012779552715654952
doc : 91
2 0.8538011695906432
9 0.017543859649122806
7 0.017543859649122806
5 0.017543859649122806
4 0.017543859649122806
1 0.017543859649122806
8 0.014619883040935672
6 0.014619883040935672
3 0.014619883040935672
0 0.014619883040935672
doc : 92
2 0.8225806451612904
4 0.02903225806451613
9 0.01935483870967742
8 0.01935483870967742
7 0.01935483870967742
6 0.01935483870967742
5 0.01935483870967742
1 0.01935483870967742
3 0.016129032258064516
0 0.016129032258064516
doc : 93
2 0.8096774193548387
5 0.035483870967741936
9 0.02258064516129032
7 0.02258064516129032
4 0.02258064516129032
8 0.01935483870967742
3 0.01935483870967742
6 0.016129032258064516
1 0.016129032258064516
0 0.016129032258064516
doc : 94
2 0.8098360655737705
8 0.03278688524590164
9 0.02622950819672131
7 0.022950819672131147
5 0.019672131147540982
1 0.019672131147540982
0 0.019672131147540982
6 0.01639344262295082
4 0.01639344262295082
3 0.01639344262295082
doc : 95
6 0.46951219512195125
5 0.08536585365853659
9 0.07926829268292683
7 0.07317073170731708
2 0.06097560975609756
8 0.04878048780487805
4 0.04878048780487805
3 0.04878048780487805
0 0.04878048780487805
1 0.03658536585365854
doc : 96
4 0.8934210526315789
6 0.021052631578947368
7 0.014473684210526316
5 0.013157894736842105
2 0.011842105263157895
1 0.011842105263157895
9 0.010526315789473684
8 0.009210526315789473
0 0.007894736842105263
3 0.006578947368421052
doc : 97
4 0.8991935483870969
6 0.020161290322580648
9 0.01478494623655914
7 0.01478494623655914
5 0.012096774193548388
1 0.009408602150537635
8 0.008064516129032258
2 0.008064516129032258
3 0.006720430107526883
0 0.006720430107526883
doc : 98
0 0.6993865030674847
2 0.04294478527607362
6 0.03680981595092025
5 0.03680981595092025
9 0.03067484662576687
8 0.03067484662576687
7 0.03067484662576687
4 0.03067484662576687
3 0.03067484662576687
1 0.03067484662576687
doc : 99
4 0.8264331210191084
5 0.03503184713375796
9 0.025477707006369428
8 0.02070063694267516
7 0.02070063694267516
0 0.01751592356687898
6 0.014331210191082803
2 0.014331210191082803
1 0.014331210191082803
3 0.011146496815286625
