doc : 0
6 0.3192182410423453
3 0.26384364820846906
0 0.23452768729641696
7 0.04560260586319218
8 0.03257328990228013
9 0.02931596091205212
5 0.01954397394136808
4 0.01954397394136808
2 0.01954397394136808
1 0.016286644951140065
doc : 1
6 0.3364485981308411
3 0.26791277258566976
0 0.2336448598130841
2 0.03115264797507788
9 0.024922118380062305
8 0.024922118380062305
7 0.021806853582554516
4 0.021806853582554516
1 0.021806853582554516
5 0.01557632398753894
doc : 2
7 0.319693094629156
8 0.18670076726342713
0 0.16112531969309465
3 0.1585677749360614
1 0.04859335038363172
9 0.02813299232736573
6 0.02813299232736573
5 0.023017902813299233
4 0.023017902813299233
2 0.023017902813299233
doc : 3
7 0.37183098591549296
0 0.24225352112676057
3 0.21971830985915494
6 0.04225352112676056
2 0.028169014084507043
5 0.022535211267605635
4 0.022535211267605635
9 0.01971830985915493
8 0.016901408450704227
1 0.014084507042253521
doc : 4
7 0.38461538461538464
3 0.24786324786324787
0 0.20797720797720798
8 0.03418803418803419
6 0.03133903133903134
5 0.019943019943019943
4 0.019943019943019943
2 0.019943019943019943
9 0.017094017094017096
1 0.017094017094017096
doc : 5
7 0.36182336182336183
3 0.25641025641025644
0 0.23076923076923078
6 0.042735042735042736
2 0.025641025641025644
9 0.019943019943019943
8 0.017094017094017096
4 0.017094017094017096
5 0.014245014245014245
1 0.014245014245014245
doc : 6
0 0.15822784810126583
5 0.13924050632911392
4 0.12658227848101267
9 0.11392405063291139
8 0.10126582278481013
1 0.10126582278481013
3 0.09493670886075949
2 0.0759493670886076
7 0.04430379746835443
6 0.04430379746835443
doc : 7
8 0.312
3 0.168
6 0.128
5 0.08
2 0.064
0 0.064
7 0.048
4 0.048
1 0.048
9 0.04
doc : 8
1 0.36082474226804123
5 0.12371134020618557
8 0.09278350515463918
2 0.09278350515463918
6 0.061855670103092786
3 0.061855670103092786
9 0.05154639175257732
7 0.05154639175257732
4 0.05154639175257732
0 0.05154639175257732
doc : 9
4 0.44936708860759494
8 0.16455696202531644
9 0.06329113924050633
5 0.06329113924050633
1 0.056962025316455694
2 0.05063291139240506
0 0.04430379746835443
6 0.0379746835443038
3 0.0379746835443038
7 0.03164556962025317
doc : 10
4 0.8177966101694916
7 0.03389830508474576
2 0.02754237288135593
8 0.025423728813559324
3 0.019067796610169493
6 0.01694915254237288
5 0.01694915254237288
1 0.014830508474576272
0 0.014830508474576272
9 0.012711864406779662
doc : 11
7 0.34366197183098596
3 0.2591549295774648
0 0.24507042253521127
6 0.036619718309859155
9 0.022535211267605635
2 0.022535211267605635
8 0.01971830985915493
4 0.01971830985915493
1 0.016901408450704227
5 0.014084507042253521
doc : 12
7 0.3789173789173789
3 0.25641025641025644
0 0.23361823361823364
6 0.03133903133903134
9 0.019943019943019943
8 0.017094017094017096
4 0.017094017094017096
2 0.017094017094017096
5 0.014245014245014245
1 0.014245014245014245
doc : 13
7 0.3887323943661972
3 0.23098591549295777
0 0.22535211267605634
6 0.04225352112676056
8 0.028169014084507043
5 0.01971830985915493
4 0.01971830985915493
1 0.016901408450704227
9 0.014084507042253521
2 0.014084507042253521
doc : 14
7 0.4112676056338028
3 0.24225352112676057
0 0.22816901408450704
8 0.022535211267605635
9 0.016901408450704227
6 0.016901408450704227
4 0.016901408450704227
1 0.016901408450704227
5 0.014084507042253521
2 0.014084507042253521
doc : 15
7 0.4084507042253521
3 0.2563380281690141
0 0.2
8 0.028169014084507043
9 0.01971830985915493
5 0.01971830985915493
6 0.016901408450704227
4 0.016901408450704227
2 0.016901408450704227
1 0.016901408450704227
doc : 16
7 0.37746478873239436
3 0.24507042253521127
0 0.23098591549295777
6 0.036619718309859155
9 0.022535211267605635
8 0.022535211267605635
2 0.01971830985915493
5 0.016901408450704227
4 0.014084507042253521
1 0.014084507042253521
doc : 17
7 0.3887323943661972
3 0.27887323943661974
0 0.1915492957746479
6 0.028169014084507043
9 0.02535211267605634
8 0.02535211267605634
4 0.016901408450704227
1 0.016901408450704227
5 0.014084507042253521
2 0.014084507042253521
doc : 18
7 0.3641456582633053
3 0.24089635854341737
0 0.22969187675070027
6 0.03361344537815126
4 0.028011204481792718
2 0.028011204481792718
9 0.022408963585434174
8 0.0196078431372549
5 0.0196078431372549
1 0.014005602240896359
doc : 19
6 0.325077399380805
0 0.26315789473684215
3 0.25077399380804954
9 0.03715170278637771
7 0.030959752321981428
8 0.021671826625386997
4 0.021671826625386997
1 0.018575851393188854
5 0.015479876160990714
2 0.015479876160990714
doc : 20
7 0.3817663817663818
3 0.24216524216524218
0 0.2250712250712251
1 0.02849002849002849
8 0.025641025641025644
6 0.022792022792022793
2 0.022792022792022793
5 0.019943019943019943
9 0.017094017094017096
4 0.014245014245014245
doc : 21
7 0.3597733711048159
3 0.23796033994334279
0 0.2237960339943343
6 0.059490084985835696
8 0.0311614730878187
9 0.028328611898016998
2 0.0169971671388102
5 0.014164305949008499
4 0.014164305949008499
1 0.014164305949008499
doc : 22
7 0.3767705382436261
3 0.2521246458923513
0 0.22946175637393768
8 0.0254957507082153
6 0.0254957507082153
9 0.0226628895184136
2 0.019830028328611898
4 0.0169971671388102
1 0.0169971671388102
5 0.014164305949008499
doc : 23
7 0.40740740740740744
3 0.25071225071225073
0 0.18803418803418803
6 0.045584045584045586
8 0.022792022792022793
5 0.019943019943019943
9 0.017094017094017096
4 0.017094017094017096
1 0.017094017094017096
2 0.014245014245014245
doc : 24
7 0.3887323943661972
3 0.24507042253521127
0 0.21126760563380284
6 0.033802816901408454
8 0.030985915492957747
5 0.022535211267605635
9 0.01971830985915493
4 0.016901408450704227
2 0.016901408450704227
1 0.014084507042253521
doc : 25
7 0.36901408450704226
3 0.2591549295774648
0 0.23661971830985917
6 0.04225352112676056
2 0.01971830985915493
8 0.016901408450704227
9 0.014084507042253521
5 0.014084507042253521
4 0.014084507042253521
1 0.014084507042253521
doc : 26
7 0.3830985915492958
3 0.29014084507042254
0 0.16338028169014085
6 0.03943661971830986
9 0.028169014084507043
8 0.022535211267605635
5 0.022535211267605635
4 0.016901408450704227
2 0.016901408450704227
1 0.016901408450704227
doc : 27
9 0.853395061728395
0 0.043209876543209874
6 0.020061728395061727
8 0.016975308641975308
3 0.016975308641975308
7 0.010802469135802469
5 0.010802469135802469
4 0.010802469135802469
2 0.009259259259259259
1 0.007716049382716049
doc : 28
5 0.4790697674418605
8 0.11627906976744186
0 0.11627906976744186
9 0.05581395348837209
6 0.05581395348837209
4 0.05116279069767442
2 0.037209302325581395
7 0.03255813953488372
3 0.027906976744186046
1 0.027906976744186046
doc : 29
1 0.6159420289855072
2 0.13768115942028986
5 0.050724637681159424
8 0.03985507246376812
4 0.03985507246376812
6 0.025362318840579712
0 0.025362318840579712
9 0.021739130434782608
7 0.021739130434782608
3 0.021739130434782608
doc : 30
7 0.39886039886039887
3 0.245014245014245
0 0.1965811965811966
9 0.039886039886039885
6 0.02849002849002849
8 0.025641025641025644
2 0.019943019943019943
1 0.017094017094017096
5 0.014245014245014245
4 0.014245014245014245
doc : 31
7 0.4084507042253521
3 0.26760563380281693
0 0.16338028169014085
6 0.036619718309859155
9 0.030985915492957747
8 0.028169014084507043
5 0.016901408450704227
2 0.016901408450704227
1 0.016901408450704227
4 0.014084507042253521
doc : 32
7 0.3971830985915493
3 0.22816901408450704
0 0.21408450704225354
6 0.036619718309859155
8 0.028169014084507043
9 0.02535211267605634
5 0.01971830985915493
4 0.016901408450704227
2 0.016901408450704227
1 0.016901408450704227
doc : 33
7 0.4112676056338028
3 0.23661971830985917
0 0.21126760563380284
6 0.028169014084507043
8 0.02535211267605634
9 0.01971830985915493
2 0.01971830985915493
5 0.016901408450704227
1 0.016901408450704227
4 0.014084507042253521
doc : 34
4 0.7932584269662922
2 0.040449438202247195
8 0.038202247191011236
7 0.022471910112359553
5 0.020224719101123598
3 0.020224719101123598
1 0.020224719101123598
0 0.020224719101123598
6 0.01348314606741573
9 0.011235955056179777
doc : 35
8 0.4538461538461539
6 0.08461538461538462
3 0.08461538461538462
2 0.08461538461538462
0 0.07692307692307693
9 0.05384615384615385
7 0.046153846153846156
5 0.038461538461538464
4 0.038461538461538464
1 0.038461538461538464
doc : 36
5 0.49905123339658447
8 0.24667931688804554
1 0.08538899430740038
9 0.03795066413662239
2 0.03415559772296015
4 0.028462998102466795
6 0.026565464895635674
3 0.017077798861480076
0 0.015180265654648957
7 0.009487666034155597
doc : 37
5 0.7567140600315956
0 0.053712480252764615
9 0.037914691943127965
4 0.03475513428120063
8 0.02527646129541864
6 0.020537124802527645
1 0.020537124802527645
3 0.018957345971563982
2 0.018957345971563982
7 0.01263823064770932
doc : 38
4 0.7705882352941177
6 0.054901960784313725
8 0.041176470588235294
1 0.03529411764705882
2 0.021568627450980392
0 0.021568627450980392
7 0.01568627450980392
5 0.01568627450980392
9 0.011764705882352941
3 0.011764705882352941
doc : 39
9 0.8492307692307692
0 0.055384615384615386
8 0.01846153846153846
6 0.01846153846153846
3 0.01846153846153846
2 0.00923076923076923
7 0.007692307692307693
5 0.007692307692307693
4 0.007692307692307693
1 0.007692307692307693
doc : 40
7 0.4169014084507042
3 0.23943661971830987
0 0.17746478873239438
6 0.04507042253521127
8 0.028169014084507043
9 0.022535211267605635
1 0.022535211267605635
5 0.016901408450704227
2 0.016901408450704227
4 0.014084507042253521
doc : 41
6 0.2884012539184953
3 0.27899686520376177
0 0.225705329153605
7 0.04702194357366771
9 0.0438871473354232
8 0.03761755485893417
4 0.025078369905956112
5 0.018808777429467086
2 0.018808777429467086
1 0.01567398119122257
doc : 42
7 0.3654390934844193
3 0.2492917847025496
0 0.2067988668555241
9 0.039660056657223795
6 0.0339943342776204
8 0.0311614730878187
4 0.0226628895184136
2 0.019830028328611898
5 0.0169971671388102
1 0.014164305949008499
doc : 43
7 0.3585434173669468
3 0.24929971988795518
0 0.2184873949579832
6 0.04201680672268908
8 0.036414565826330535
4 0.025210084033613446
9 0.0196078431372549
2 0.0196078431372549
1 0.01680672268907563
5 0.014005602240896359
doc : 44
7 0.3915492957746479
3 0.27605633802816903
0 0.17746478873239438
8 0.033802816901408454
6 0.033802816901408454
9 0.01971830985915493
2 0.01971830985915493
4 0.016901408450704227
1 0.016901408450704227
5 0.014084507042253521
doc : 45
7 0.33994334277620397
3 0.26062322946175637
0 0.22946175637393768
6 0.053824362606232294
9 0.0311614730878187
8 0.019830028328611898
4 0.019830028328611898
1 0.0169971671388102
5 0.014164305949008499
2 0.014164305949008499
doc : 46
2 0.8460176991150442
8 0.033628318584070796
5 0.021238938053097345
6 0.019469026548672566
4 0.019469026548672566
9 0.01415929203539823
7 0.01415929203539823
1 0.012389380530973451
0 0.010619469026548672
3 0.008849557522123894
doc : 47
1 0.635036496350365
8 0.08759124087591241
6 0.04744525547445255
4 0.043795620437956206
7 0.040145985401459854
0 0.040145985401459854
9 0.0364963503649635
3 0.025547445255474453
5 0.021897810218978103
2 0.021897810218978103
doc : 48
9 0.8493150684931506
0 0.0395738203957382
3 0.0243531202435312
8 0.0167427701674277
6 0.0167427701674277
1 0.0167427701674277
7 0.0106544901065449
5 0.0091324200913242
2 0.0091324200913242
4 0.0076103500761035
doc : 49
9 0.843558282208589
0 0.049079754601226995
8 0.018404907975460124
7 0.01687116564417178
3 0.01687116564417178
6 0.015337423312883436
1 0.012269938650306749
5 0.010736196319018405
2 0.009202453987730062
4 0.007668711656441718
