doc : 0
7 0.667004048582996
3 0.1417004048582996
1 0.04149797570850203
8 0.03340080971659919
9 0.032388663967611336
5 0.025303643724696356
2 0.02327935222672065
4 0.015182186234817815
6 0.01417004048582996
0 0.006072874493927126
doc : 1
4 0.30396475770925113
2 0.22907488986784144
6 0.15418502202643172
5 0.12334801762114539
8 0.048458149779735685
9 0.03524229074889868
0 0.03524229074889868
1 0.026431718061674013
7 0.022026431718061675
3 0.022026431718061675
doc : 2
0 0.9473684210526315
2 0.009981851179673321
6 0.008620689655172414
5 0.006805807622504537
4 0.0058983666061705985
3 0.0058983666061705985
8 0.004537205081669691
7 0.004537205081669691
9 0.004083484573502722
1 0.0022686025408348454
doc : 3
4 0.74375
6 0.058750000000000004
7 0.04125
3 0.04
9 0.0325
2 0.03125
1 0.01875
5 0.01375
0 0.01375
8 0.00625
doc : 4
4 0.8243412797992471
6 0.06148055207026348
5 0.023839397741530738
3 0.020075282308657464
9 0.015056461731493099
2 0.015056461731493099
7 0.013801756587202006
8 0.011292346298619823
1 0.00878293601003764
0 0.006273525721455457
doc : 5
2 0.3172413793103448
4 0.1724137931034483
7 0.16551724137931034
8 0.06896551724137931
9 0.05517241379310345
3 0.05517241379310345
5 0.04827586206896552
6 0.041379310344827586
0 0.041379310344827586
1 0.034482758620689655
doc : 6
9 0.1
8 0.1
7 0.1
6 0.1
5 0.1
4 0.1
3 0.1
2 0.1
1 0.1
0 0.1
doc : 7
4 0.8426966292134832
5 0.03558052434456929
6 0.02247191011235955
2 0.018726591760299626
3 0.016853932584269662
9 0.0149812734082397
7 0.0149812734082397
1 0.013108614232209739
0 0.011235955056179775
8 0.009363295880149813
doc : 8
9 0.8948322756119673
1 0.07252946509519492
3 0.006346328195829556
5 0.005439709882139619
8 0.004986400725294651
4 0.004533091568449683
6 0.003626473254759746
2 0.0027198549410698096
0 0.0027198549410698096
7 0.0022665457842248413
doc : 9
1 0.7994891443167306
3 0.18007662835249044
9 0.004469987228607919
5 0.0031928480204342275
8 0.002554278416347382
7 0.0022349936143039595
6 0.0022349936143039595
4 0.0022349936143039595
2 0.0019157088122605365
0 0.0015964240102171138
doc : 10
8 0.9349173553719009
1 0.010330578512396695
5 0.009297520661157025
9 0.008264462809917356
7 0.007231404958677686
2 0.007231404958677686
6 0.006198347107438017
4 0.006198347107438017
3 0.005165289256198347
0 0.005165289256198347
doc : 11
6 0.5
4 0.18157894736842106
5 0.11842105263157894
7 0.049999999999999996
3 0.03684210526315789
1 0.02894736842105263
9 0.02631578947368421
2 0.021052631578947368
0 0.021052631578947368
8 0.015789473684210527
doc : 12
5 0.5896414342629482
4 0.09561752988047809
2 0.05976095617529881
8 0.055776892430278883
3 0.05179282868525896
7 0.043824701195219126
6 0.03585657370517928
9 0.02390438247011952
0 0.02390438247011952
1 0.0199203187250996
doc : 13
2 0.28455284552845533
5 0.2682926829268293
7 0.10569105691056911
6 0.0813008130081301
4 0.05691056910569106
9 0.04065040650406505
8 0.04065040650406505
3 0.04065040650406505
1 0.04065040650406505
0 0.04065040650406505
doc : 14
5 0.3333333333333333
2 0.2569444444444444
4 0.1111111111111111
7 0.06944444444444445
3 0.059027777777777776
8 0.048611111111111105
6 0.034722222222222224
9 0.03125
1 0.03125
0 0.024305555555555552
doc : 15
2 0.3805970149253731
5 0.11194029850746269
8 0.08955223880597014
6 0.08208955223880597
4 0.06716417910447761
3 0.06716417910447761
9 0.05970149253731343
7 0.05223880597014925
0 0.05223880597014925
1 0.03731343283582089
doc : 16
5 0.8181818181818181
2 0.0374331550802139
6 0.0320855614973262
7 0.02406417112299465
8 0.01871657754010695
9 0.0160427807486631
4 0.013368983957219251
3 0.013368983957219251
1 0.013368983957219251
0 0.013368983957219251
doc : 17
5 0.8504398826979472
6 0.03519061583577712
7 0.020527859237536656
4 0.01906158357771261
3 0.01466275659824047
1 0.01466275659824047
2 0.013196480938416423
9 0.011730205278592375
8 0.011730205278592375
0 0.00879765395894428
doc : 18
2 0.839943342776204
7 0.03824362606232295
6 0.0226628895184136
4 0.0226628895184136
5 0.021246458923512748
8 0.01558073654390935
9 0.0113314447592068
3 0.0113314447592068
1 0.0084985835694051
0 0.0084985835694051
doc : 19
4 0.6
5 0.16850393700787403
9 0.05354330708661417
7 0.03937007874015748
6 0.031496062992125984
3 0.028346456692913385
8 0.025196850393700787
0 0.02047244094488189
1 0.01732283464566929
2 0.015748031496062992
doc : 20
6 0.6658986175115207
2 0.07373271889400922
5 0.059907834101382486
3 0.04838709677419355
8 0.03456221198156682
7 0.029953917050691243
4 0.029953917050691243
1 0.020737327188940093
9 0.018433179723502304
0 0.018433179723502304
doc : 21
9 0.8952855847688124
1 0.07298277425203989
5 0.004986400725294651
3 0.004986400725294651
8 0.004079782411604714
7 0.004079782411604714
4 0.003626473254759746
2 0.003626473254759746
6 0.003173164097914778
0 0.003173164097914778
doc : 22
1 0.8017241379310346
3 0.18167305236270756
5 0.0028735632183908046
8 0.0022349936143039595
2 0.0022349936143039595
9 0.0019157088122605365
7 0.0019157088122605365
6 0.0019157088122605365
4 0.0019157088122605365
0 0.0015964240102171138
doc : 23
9 0.9511221945137156
1 0.01396508728179551
3 0.008977556109725685
5 0.006483790523690773
8 0.00399002493765586
6 0.00399002493765586
7 0.0034912718204488775
4 0.002992518703241895
2 0.0024937655860349127
0 0.0024937655860349127
doc : 24
1 0.7972541507024267
3 0.18167305236270756
9 0.003831417624521073
5 0.003831417624521073
7 0.0035121328224776505
8 0.0022349936143039595
4 0.0022349936143039595
2 0.0022349936143039595
6 0.0015964240102171138
0 0.0015964240102171138
doc : 25
8 0.9302809573361083
5 0.011446409989594173
9 0.009365244536940688
1 0.009365244536940688
7 0.007284079084287201
6 0.007284079084287201
3 0.007284079084287201
2 0.0062434963579604584
0 0.0062434963579604584
4 0.005202913631633716
doc : 26
6 0.7543859649122807
5 0.05668016194331984
4 0.04183535762483131
2 0.033738191632928474
9 0.031039136302294195
8 0.021592442645074223
7 0.017543859649122806
3 0.017543859649122806
1 0.017543859649122806
0 0.008097165991902834
doc : 27
2 0.6845878136200717
5 0.08243727598566308
7 0.03942652329749104
1 0.035842293906810034
9 0.03225806451612903
8 0.03225806451612903
6 0.02867383512544803
4 0.025089605734767026
3 0.021505376344086023
0 0.017921146953405017
doc : 28
6 0.7569060773480663
5 0.052486187845303865
2 0.04696132596685083
9 0.027624309392265192
8 0.027624309392265192
7 0.022099447513812154
1 0.019337016574585635
4 0.016574585635359115
3 0.016574585635359115
0 0.013812154696132596
doc : 29
7 0.7752100840336135
2 0.06302521008403361
5 0.04831932773109243
6 0.018907563025210083
0 0.018907563025210083
8 0.01680672268907563
4 0.01680672268907563
9 0.014705882352941176
1 0.014705882352941176
3 0.012605042016806723
doc : 30
5 0.8063492063492064
9 0.03492063492063492
7 0.025396825396825397
0 0.025396825396825397
6 0.022222222222222223
8 0.01904761904761905
2 0.01904761904761905
4 0.015873015873015872
3 0.015873015873015872
1 0.015873015873015872
doc : 31
5 0.8516483516483517
8 0.02197802197802198
7 0.016483516483516484
6 0.016483516483516484
4 0.016483516483516484
3 0.016483516483516484
2 0.016483516483516484
1 0.016483516483516484
9 0.013736263736263738
0 0.013736263736263738
doc : 32
5 0.8563535911602209
1 0.019337016574585635
8 0.016574585635359115
6 0.016574585635359115
3 0.016574585635359115
2 0.016574585635359115
0 0.016574585635359115
9 0.013812154696132596
7 0.013812154696132596
4 0.013812154696132596
doc : 33
5 0.8523676880222841
9 0.022284122562674095
1 0.022284122562674095
7 0.019498607242339833
8 0.013927576601671309
6 0.013927576601671309
4 0.013927576601671309
3 0.013927576601671309
2 0.013927576601671309
0 0.013927576601671309
doc : 34
5 0.8498659517426274
6 0.021447721179624665
1 0.01876675603217158
9 0.0160857908847185
7 0.0160857908847185
4 0.0160857908847185
3 0.0160857908847185
2 0.0160857908847185
0 0.0160857908847185
8 0.013404825737265416
doc : 35
5 0.8508287292817679
1 0.022099447513812154
7 0.019337016574585635
2 0.019337016574585635
9 0.016574585635359115
3 0.016574585635359115
8 0.013812154696132596
6 0.013812154696132596
4 0.013812154696132596
0 0.013812154696132596
doc : 36
9 0.941645885286783
1 0.0199501246882793
3 0.010972568578553615
5 0.004987531172069825
8 0.004488778054862842
6 0.00399002493765586
4 0.00399002493765586
7 0.0034912718204488775
2 0.0034912718204488775
0 0.002992518703241895
doc : 37
1 0.8017241379310346
3 0.17784163473818648
5 0.003831417624521073
9 0.0035121328224776505
8 0.0028735632183908046
7 0.0028735632183908046
4 0.0022349936143039595
6 0.0019157088122605365
2 0.0015964240102171138
0 0.0015964240102171138
doc : 38
9 0.9426433915211969
3 0.013466334164588529
1 0.012468827930174562
5 0.010972568578553615
8 0.00399002493765586
6 0.00399002493765586
4 0.00399002493765586
7 0.002992518703241895
0 0.002992518703241895
2 0.0024937655860349127
doc : 39
1 0.8004469987228608
3 0.17848020434227332
5 0.003831417624521073
9 0.0035121328224776505
2 0.0035121328224776505
8 0.002554278416347382
7 0.0022349936143039595
4 0.0022349936143039595
6 0.0015964240102171138
0 0.0015964240102171138
doc : 40
8 0.9308565531475748
5 0.010319917440660475
4 0.010319917440660475
2 0.009287925696594427
7 0.007223942208462331
3 0.007223942208462331
9 0.006191950464396284
6 0.006191950464396284
1 0.006191950464396284
0 0.006191950464396284
doc : 41
5 0.8567493112947658
8 0.01928374655647383
9 0.01652892561983471
7 0.01652892561983471
6 0.01652892561983471
3 0.01652892561983471
1 0.01652892561983471
4 0.013774104683195593
2 0.013774104683195593
0 0.013774104683195593
doc : 42
5 0.8579387186629527
4 0.019498607242339833
7 0.016713091922005572
3 0.016713091922005572
2 0.016713091922005572
1 0.016713091922005572
9 0.013927576601671309
8 0.013927576601671309
6 0.013927576601671309
0 0.013927576601671309
doc : 43
5 0.8575268817204301
2 0.021505376344086023
1 0.021505376344086023
7 0.01881720430107527
9 0.013440860215053765
8 0.013440860215053765
6 0.013440860215053765
4 0.013440860215053765
3 0.013440860215053765
0 0.013440860215053765
doc : 44
5 0.8450704225352114
9 0.01971830985915493
7 0.01971830985915493
2 0.01971830985915493
0 0.01971830985915493
6 0.016901408450704227
1 0.016901408450704227
8 0.014084507042253521
4 0.014084507042253521
3 0.014084507042253521
doc : 45
5 0.8388888888888889
9 0.022222222222222223
8 0.022222222222222223
7 0.019444444444444445
3 0.019444444444444445
6 0.016666666666666666
4 0.016666666666666666
2 0.016666666666666666
1 0.01388888888888889
0 0.01388888888888889
doc : 46
5 0.8516483516483517
6 0.02197802197802198
7 0.019230769230769232
3 0.019230769230769232
8 0.016483516483516484
4 0.016483516483516484
9 0.013736263736263738
2 0.013736263736263738
1 0.013736263736263738
0 0.013736263736263738
doc : 47
2 0.3689839572192513
5 0.2245989304812834
4 0.06951871657754011
8 0.058823529411764705
6 0.058823529411764705
1 0.058823529411764705
3 0.0481283422459893
9 0.0427807486631016
7 0.0427807486631016
0 0.026737967914438502
doc : 48
6 0.8146067415730337
5 0.03932584269662921
4 0.0299625468164794
3 0.0299625468164794
2 0.02059925093632959
9 0.0149812734082397
7 0.0149812734082397
8 0.013108614232209739
0 0.013108614232209739
1 0.009363295880149813
doc : 49
7 0.5805243445692884
5 0.17228464419475656
3 0.04119850187265918
6 0.03745318352059925
4 0.033707865168539325
2 0.033707865168539325
8 0.0299625468164794
9 0.026217228464419477
1 0.026217228464419477
0 0.018726591760299626
