doc : 0
5 0.8055555555555555
9 0.023809523809523808
8 0.023809523809523808
7 0.023809523809523808
6 0.023809523809523808
4 0.01984126984126984
3 0.01984126984126984
2 0.01984126984126984
1 0.01984126984126984
0 0.01984126984126984
doc : 1
8 0.8781725888324873
4 0.017766497461928932
9 0.015228426395939085
7 0.012690355329949238
6 0.012690355329949238
5 0.012690355329949238
3 0.012690355329949238
2 0.012690355329949238
1 0.012690355329949238
0 0.012690355329949238
doc : 2
2 0.8119800332778703
1 0.07321131447587355
3 0.026622296173044926
8 0.016638935108153077
7 0.013311148086522463
4 0.013311148086522463
9 0.011647254575707155
6 0.011647254575707155
0 0.011647254575707155
5 0.009983361064891847
doc : 3
2 0.8622540250447227
1 0.026833631484794274
4 0.01967799642218247
0 0.01967799642218247
7 0.014311270125223614
9 0.012522361359570662
8 0.012522361359570662
3 0.012522361359570662
6 0.010733452593917711
5 0.008944543828264758
doc : 4
2 0.8596112311015119
9 0.019438444924406047
7 0.019438444924406047
6 0.017278617710583154
4 0.017278617710583154
0 0.017278617710583154
5 0.012958963282937365
3 0.012958963282937365
1 0.012958963282937365
8 0.010799136069114472
doc : 5
2 0.880952380952381
7 0.01666666666666667
5 0.01666666666666667
6 0.014285714285714287
9 0.011904761904761906
8 0.011904761904761906
4 0.011904761904761906
3 0.011904761904761906
1 0.011904761904761906
0 0.011904761904761906
doc : 6
2 0.7155635062611807
1 0.13059033989266547
5 0.05008944543828265
6 0.01967799642218247
9 0.016100178890876567
4 0.016100178890876567
0 0.016100178890876567
8 0.012522361359570662
3 0.012522361359570662
7 0.010733452593917711
doc : 7
0 0.7607758620689655
3 0.05172413793103448
9 0.04525862068965517
8 0.023706896551724137
7 0.023706896551724137
6 0.023706896551724137
4 0.023706896551724137
1 0.023706896551724137
2 0.01293103448275862
5 0.010775862068965518
doc : 8
0 0.6066666666666667
3 0.08666666666666667
6 0.04666666666666667
4 0.04666666666666667
9 0.04
1 0.04
8 0.03333333333333333
7 0.03333333333333333
5 0.03333333333333333
2 0.03333333333333333
doc : 9
0 0.701923076923077
4 0.04807692307692308
1 0.04326923076923077
5 0.038461538461538464
7 0.03365384615384616
3 0.03365384615384616
2 0.028846153846153848
9 0.02403846153846154
8 0.02403846153846154
6 0.02403846153846154
doc : 10
7 0.5266666666666667
8 0.08
6 0.08
4 0.06666666666666667
5 0.05333333333333334
0 0.04666666666666667
9 0.04
2 0.04
3 0.03333333333333333
1 0.03333333333333333
doc : 11
6 0.8172888015717091
3 0.03732809430255402
5 0.029469548133595282
4 0.023575638506876224
8 0.019646365422396856
0 0.01768172888015717
9 0.015717092337917484
2 0.013752455795677798
1 0.013752455795677798
7 0.011787819253438112
doc : 12
5 0.7976190476190476
9 0.023809523809523808
7 0.023809523809523808
6 0.023809523809523808
3 0.023809523809523808
2 0.023809523809523808
1 0.023809523809523808
8 0.01984126984126984
4 0.01984126984126984
0 0.01984126984126984
doc : 13
8 0.8807106598984771
6 0.015228426395939085
1 0.015228426395939085
9 0.012690355329949238
7 0.012690355329949238
5 0.012690355329949238
4 0.012690355329949238
3 0.012690355329949238
2 0.012690355329949238
0 0.012690355329949238
doc : 14
3 0.25210084033613445
1 0.13445378151260504
0 0.12605042016806722
5 0.11764705882352941
8 0.08403361344537814
6 0.06722689075630252
4 0.058823529411764705
2 0.058823529411764705
9 0.05042016806722689
7 0.05042016806722689
doc : 15
1 0.12727272727272726
8 0.10909090909090909
6 0.10909090909090909
4 0.10909090909090909
9 0.09090909090909091
7 0.09090909090909091
5 0.09090909090909091
3 0.09090909090909091
2 0.09090909090909091
0 0.09090909090909091
doc : 16
0 0.6164874551971327
5 0.12186379928315412
8 0.04659498207885305
9 0.043010752688172046
6 0.035842293906810034
4 0.03225806451612903
3 0.02867383512544803
2 0.02867383512544803
1 0.02867383512544803
7 0.017921146953405017
doc : 17
4 0.5035460992907801
6 0.0851063829787234
9 0.07092198581560283
2 0.06382978723404255
1 0.06382978723404255
5 0.04964539007092199
0 0.04964539007092199
8 0.0425531914893617
7 0.035460992907801414
3 0.035460992907801414
doc : 18
4 0.5892116182572614
6 0.07883817427385892
3 0.05394190871369295
1 0.05394190871369295
9 0.04149377593360996
5 0.04149377593360996
2 0.04149377593360996
8 0.03319502074688797
7 0.03319502074688797
0 0.03319502074688797
doc : 19
4 0.7928286852589641
3 0.03187250996015936
6 0.027888446215139442
5 0.02390438247011952
0 0.02390438247011952
9 0.0199203187250996
8 0.0199203187250996
7 0.0199203187250996
2 0.0199203187250996
1 0.0199203187250996
doc : 20
9 0.6703786191536748
3 0.06236080178173719
8 0.05345211581291759
5 0.05345211581291759
6 0.051224944320712694
4 0.026726057906458794
1 0.026726057906458794
2 0.022271714922048998
7 0.017817371937639197
0 0.015590200445434297
doc : 21
5 0.8095238095238095
9 0.023809523809523808
3 0.023809523809523808
1 0.023809523809523808
8 0.01984126984126984
7 0.01984126984126984
6 0.01984126984126984
4 0.01984126984126984
2 0.01984126984126984
0 0.01984126984126984
doc : 22
8 0.8629441624365481
5 0.02284263959390863
9 0.015228426395939085
7 0.015228426395939085
6 0.015228426395939085
4 0.015228426395939085
3 0.015228426395939085
2 0.012690355329949238
1 0.012690355329949238
0 0.012690355329949238
doc : 23
7 0.16279069767441862
4 0.16279069767441862
6 0.10465116279069767
5 0.10465116279069767
9 0.09302325581395349
3 0.09302325581395349
1 0.08139534883720931
8 0.06976744186046512
0 0.06976744186046512
2 0.05813953488372093
doc : 24
2 0.8539823008849557
4 0.024336283185840708
3 0.024336283185840708
1 0.024336283185840708
8 0.01327433628318584
7 0.01327433628318584
5 0.01327433628318584
9 0.011061946902654867
6 0.011061946902654867
0 0.011061946902654867
doc : 25
2 0.8931034482758621
4 0.015517241379310345
5 0.013793103448275862
0 0.013793103448275862
9 0.01206896551724138
3 0.01206896551724138
7 0.010344827586206896
6 0.010344827586206896
1 0.010344827586206896
8 0.008620689655172414
doc : 26
2 0.8411405295315681
5 0.02036659877800407
3 0.02036659877800407
0 0.02036659877800407
7 0.018329938900203666
9 0.016293279022403257
8 0.016293279022403257
6 0.016293279022403257
4 0.016293279022403257
1 0.01425661914460285
doc : 27
2 0.6357243319268636
1 0.2180028129395218
9 0.03234880450070324
5 0.02250351617440225
6 0.01687763713080169
3 0.01687763713080169
7 0.015471167369901548
0 0.015471167369901548
4 0.014064697609001406
8 0.012658227848101266
doc : 28
2 0.5716272600834492
1 0.30180806675938804
3 0.02642559109874826
7 0.020862308762169678
6 0.018080667593880387
5 0.018080667593880387
9 0.012517385257301807
0 0.012517385257301807
8 0.009735744089012517
4 0.008344923504867872
doc : 29
2 0.6777188328912467
5 0.09681697612732094
8 0.08222811671087532
3 0.029177718832891244
6 0.02519893899204244
9 0.022546419098143235
0 0.01989389920424403
7 0.015915119363395226
1 0.015915119363395226
4 0.014588859416445622
doc : 30
9 0.47953216374269003
2 0.37259816207184626
1 0.03341687552213868
7 0.030910609857978277
3 0.020050125313283207
6 0.015873015873015872
5 0.015873015873015872
0 0.013366750208855471
8 0.009189640768588136
4 0.009189640768588136
doc : 31
0 0.6013071895424836
3 0.0784313725490196
6 0.05228758169934641
2 0.05228758169934641
4 0.04575163398692811
9 0.0392156862745098
8 0.032679738562091505
7 0.032679738562091505
5 0.032679738562091505
1 0.032679738562091505
doc : 32
0 0.5319148936170213
1 0.08156028368794326
3 0.07801418439716312
7 0.0673758865248227
4 0.05673758865248227
5 0.04609929078014184
2 0.0425531914893617
9 0.035460992907801414
8 0.035460992907801414
6 0.024822695035460994
doc : 33
1 0.32038834951456313
2 0.25889967637540456
6 0.09061488673139159
7 0.06796116504854369
9 0.05825242718446602
8 0.042071197411003236
4 0.042071197411003236
3 0.042071197411003236
0 0.042071197411003236
5 0.03559870550161812
doc : 34
5 0.8015873015873015
3 0.027777777777777776
2 0.027777777777777776
4 0.023809523809523808
9 0.01984126984126984
8 0.01984126984126984
7 0.01984126984126984
6 0.01984126984126984
1 0.01984126984126984
0 0.01984126984126984
doc : 35
8 0.8680203045685279
7 0.02030456852791878
1 0.017766497461928932
6 0.015228426395939085
4 0.015228426395939085
9 0.012690355329949238
5 0.012690355329949238
3 0.012690355329949238
2 0.012690355329949238
0 0.012690355329949238
doc : 36
8 0.6697936210131332
5 0.09380863039399624
4 0.054409005628517824
1 0.04690431519699812
9 0.0300187617260788
0 0.0300187617260788
3 0.0225140712945591
6 0.020637898686679174
7 0.01876172607879925
2 0.013133208255159474
doc : 37
4 0.6457023060796646
8 0.08176100628930819
9 0.04821802935010482
6 0.04612159329140461
3 0.04612159329140461
1 0.039832285115303984
7 0.03563941299790357
5 0.020964360587002098
0 0.01886792452830189
2 0.016771488469601678
doc : 38
5 0.8055555555555555
8 0.027777777777777776
3 0.023809523809523808
2 0.023809523809523808
9 0.01984126984126984
7 0.01984126984126984
6 0.01984126984126984
4 0.01984126984126984
1 0.01984126984126984
0 0.01984126984126984
doc : 39
8 0.8680203045685279
7 0.017766497461928932
2 0.017766497461928932
9 0.015228426395939085
3 0.015228426395939085
0 0.015228426395939085
6 0.012690355329949238
5 0.012690355329949238
4 0.012690355329949238
1 0.012690355329949238
doc : 40
7 0.5033557046979865
6 0.08053691275167785
4 0.06711409395973154
9 0.060402684563758385
8 0.060402684563758385
5 0.053691275167785234
2 0.04697986577181208
0 0.04697986577181208
3 0.040268456375838924
1 0.040268456375838924
doc : 41
6 0.8189134808853119
5 0.03621730382293763
0 0.024144869215291753
3 0.022132796780684107
9 0.02012072434607646
2 0.018108651911468814
8 0.01609657947686117
7 0.01609657947686117
4 0.014084507042253523
1 0.014084507042253523
doc : 42
2 0.805324459234609
1 0.07321131447587355
3 0.018302828618968387
0 0.018302828618968387
9 0.016638935108153077
8 0.016638935108153077
5 0.016638935108153077
7 0.011647254575707155
6 0.011647254575707155
4 0.011647254575707155
doc : 43
2 0.806070826306914
7 0.042158516020236084
5 0.023608768971332208
1 0.023608768971332208
0 0.021922428330522763
9 0.02023608768971332
6 0.01854974704890388
8 0.016863406408094434
4 0.016863406408094434
3 0.01011804384485666
doc : 44
2 0.833641404805915
9 0.06284658040665435
1 0.0166358595194085
7 0.014787430683918669
4 0.014787430683918669
5 0.012939001848428836
8 0.011090573012939002
6 0.011090573012939002
3 0.011090573012939002
0 0.011090573012939002
doc : 45
2 0.7432239657631955
1 0.07275320970042796
9 0.042796005706134094
8 0.039942938659058486
7 0.019971469329529243
6 0.019971469329529243
3 0.017118402282453638
0 0.017118402282453638
4 0.014265335235378032
5 0.01283880171184023
doc : 46
7 0.8857602574416733
9 0.024939662107803698
1 0.016894609814963796
2 0.012872083668543845
0 0.012067578439259855
4 0.011263073209975865
5 0.009654062751407884
3 0.009654062751407884
6 0.008849557522123894
8 0.008045052292839902
doc : 47
3 0.2631578947368421
6 0.17763157894736842
0 0.1513157894736842
4 0.07894736842105263
7 0.07236842105263158
1 0.06578947368421052
5 0.05921052631578947
2 0.05921052631578947
8 0.039473684210526314
9 0.03289473684210526
doc : 48
3 0.8082368082368082
6 0.047619047619047616
4 0.02574002574002574
5 0.02445302445302445
7 0.023166023166023165
0 0.019305019305019305
9 0.018018018018018018
2 0.015444015444015444
1 0.010296010296010296
8 0.007722007722007722
doc : 49
5 0.8134920634920635
8 0.023809523809523808
3 0.023809523809523808
9 0.01984126984126984
7 0.01984126984126984
6 0.01984126984126984
4 0.01984126984126984
2 0.01984126984126984
1 0.01984126984126984
0 0.01984126984126984
