doc : 0
0 0.7277764394121898
3 0.21777884847024814
6 0.012768007708985786
2 0.010840761262346423
4 0.007949891592387376
7 0.007227174174897615
9 0.006504456757407854
5 0.003854492893278728
8 0.002890869669959046
1 0.0024090580582992053
doc : 1
8 0.47771428571428576
1 0.44342857142857145
3 0.028571428571428574
9 0.009142857142857144
7 0.008
0 0.008
6 0.006857142857142858
2 0.006857142857142858
5 0.005714285714285715
4 0.005714285714285715
doc : 2
8 0.9032697547683923
1 0.01634877384196185
0 0.012261580381471389
7 0.010899182561307902
5 0.010899182561307902
4 0.010899182561307902
3 0.010899182561307902
2 0.009536784741144414
6 0.008174386920980926
9 0.006811989100817439
doc : 3
8 0.8438761776581427
1 0.045760430686406464
3 0.03230148048452221
7 0.018842530282637954
6 0.014804845222072678
2 0.012113055181695828
9 0.009421265141318977
0 0.009421265141318977
5 0.006729475100942127
4 0.006729475100942127
doc : 4
8 0.8488888888888888
7 0.03407407407407407
1 0.03407407407407407
3 0.016296296296296295
0 0.016296296296296295
5 0.013333333333333332
6 0.01037037037037037
9 0.008888888888888889
4 0.008888888888888889
2 0.008888888888888889
doc : 5
8 0.8180535966149506
5 0.036671368124118475
6 0.02679830747531735
0 0.023977433004231313
3 0.019746121297602257
1 0.018335684062059238
9 0.01692524682651622
7 0.01692524682651622
2 0.012693935119887164
4 0.009873060648801129
doc : 6
8 0.494824016563147
1 0.401656314699793
3 0.05797101449275363
7 0.009316770186335404
9 0.008281573498964804
4 0.006211180124223603
0 0.006211180124223603
6 0.005175983436853002
5 0.005175983436853002
2 0.005175983436853002
doc : 7
2 0.8465346534653465
9 0.019801980198019802
3 0.019801980198019802
8 0.017326732673267328
7 0.017326732673267328
6 0.017326732673267328
5 0.017326732673267328
0 0.017326732673267328
1 0.01485148514851485
4 0.012376237623762377
doc : 8
8 0.8488529014844804
1 0.029689608636977057
3 0.02834008097165992
6 0.026990553306342778
7 0.018893387314439944
9 0.012145748987854251
2 0.010796221322537112
0 0.009446693657219972
4 0.008097165991902834
5 0.0067476383265856945
doc : 9
8 0.8474074074074074
7 0.037037037037037035
1 0.035555555555555556
3 0.02222222222222222
6 0.017777777777777778
5 0.008888888888888889
0 0.008888888888888889
9 0.007407407407407407
4 0.007407407407407407
2 0.007407407407407407
doc : 10
8 0.45280898876404496
1 0.4393258426966293
3 0.06067415730337079
7 0.008988764044943821
2 0.007865168539325843
9 0.006741573033707865
0 0.006741573033707865
6 0.005617977528089888
5 0.005617977528089888
4 0.005617977528089888
doc : 11
8 0.480561555075594
1 0.45464362850971923
6 0.016198704103671708
7 0.009719222462203024
2 0.008639308855291577
4 0.0064794816414686825
3 0.0064794816414686825
0 0.0064794816414686825
9 0.005399568034557236
5 0.005399568034557236
doc : 12
3 0.564958283671037
9 0.08820023837902265
7 0.07985697258641239
6 0.06793802145411204
5 0.06078665077473182
0 0.05959475566150178
2 0.03456495828367104
1 0.017878426698450536
4 0.015494636471990463
8 0.01072705601907032
doc : 13
2 0.535483870967742
9 0.08387096774193549
8 0.07096774193548387
5 0.05806451612903226
7 0.05161290322580645
6 0.04516129032258064
0 0.04516129032258064
3 0.03870967741935484
1 0.03870967741935484
4 0.03225806451612903
doc : 14
9 0.7153846153846154
0 0.05846153846153846
7 0.052307692307692305
2 0.047692307692307694
3 0.04
6 0.024615384615384615
5 0.01846153846153846
8 0.016923076923076923
1 0.015384615384615385
4 0.010769230769230769
doc : 15
9 0.6287978863936592
6 0.08850726552179657
3 0.08850726552179657
2 0.04095112285336856
0 0.034346103038309116
1 0.031704095112285335
7 0.026420079260237782
5 0.023778071334214
4 0.022457067371202115
8 0.01453104359313078
doc : 16
9 0.5485436893203883
1 0.07281553398058252
8 0.058252427184466014
4 0.058252427184466014
7 0.05339805825242718
5 0.04854368932038834
3 0.04854368932038834
2 0.038834951456310676
0 0.038834951456310676
6 0.03398058252427184
doc : 17
8 0.48901734104046246
1 0.4369942196531792
6 0.012716763005780347
3 0.011560693641618498
7 0.010404624277456647
4 0.009248554913294798
9 0.00809248554913295
2 0.00809248554913295
0 0.00809248554913295
5 0.005780346820809249
doc : 18
8 0.49563318777292575
1 0.4334061135371179
3 0.0185589519650655
7 0.010917030567685589
5 0.008733624454148471
9 0.007641921397379912
6 0.006550218340611353
2 0.006550218340611353
0 0.006550218340611353
4 0.0054585152838427945
doc : 19
8 0.8830242510699001
3 0.021398002853067047
6 0.019971469329529243
7 0.015691868758915834
1 0.014265335235378032
9 0.009985734664764621
2 0.009985734664764621
5 0.008559201141226819
4 0.008559201141226819
0 0.008559201141226819
doc : 20
8 0.5372960372960373
1 0.40442890442890445
0 0.009324009324009324
6 0.008158508158508158
5 0.008158508158508158
9 0.006993006993006993
7 0.006993006993006993
4 0.006993006993006993
3 0.005827505827505828
2 0.005827505827505828
doc : 21
8 0.4642451759364359
1 0.4392735527809307
3 0.04199772985244041
9 0.01021566401816118
7 0.01021566401816118
6 0.009080590238365494
4 0.00681044267877412
0 0.00681044267877412
5 0.0056753688989784334
2 0.0056753688989784334
doc : 22
8 0.8356510745891278
3 0.07964601769911506
9 0.015170670037926676
7 0.01390644753476612
1 0.01390644753476612
6 0.008849557522123894
4 0.008849557522123894
2 0.008849557522123894
0 0.008849557522123894
5 0.006321112515802782
doc : 23
8 0.8961593172119489
1 0.01991465149359886
3 0.017069701280227598
6 0.012802275960170698
9 0.00995732574679943
5 0.00995732574679943
7 0.008534850640113799
4 0.008534850640113799
2 0.008534850640113799
0 0.008534850640113799
doc : 24
8 0.8209331651954602
3 0.06557377049180328
1 0.02269861286254729
7 0.018915510718789406
6 0.017654476670870112
2 0.015132408575031526
5 0.012610340479192938
9 0.01008827238335435
4 0.008827238335435056
0 0.007566204287515763
doc : 25
4 0.8658582796513831
0 0.10231148162182645
3 0.0071996968548692685
7 0.0049261083743842365
6 0.0037893141341417205
1 0.0037893141341417205
8 0.0034103827207275484
2 0.0034103827207275484
5 0.0030314513073133762
9 0.002273588480485032
doc : 26
3 0.3835616438356164
8 0.28127853881278536
1 0.27123287671232876
7 0.02009132420091324
0 0.0136986301369863
6 0.0091324200913242
5 0.00639269406392694
9 0.005479452054794521
4 0.0045662100456621
2 0.0045662100456621
doc : 27
8 0.9072753209700428
1 0.014265335235378032
3 0.01283880171184023
4 0.011412268188302425
0 0.011412268188302425
7 0.009985734664764621
6 0.009985734664764621
5 0.008559201141226819
9 0.007132667617689016
2 0.007132667617689016
doc : 28
8 0.8121212121212121
3 0.07424242424242425
1 0.025757575757575757
7 0.01818181818181818
9 0.015151515151515152
6 0.015151515151515152
2 0.010606060606060607
0 0.010606060606060607
5 0.00909090909090909
4 0.00909090909090909
doc : 29
8 0.8294460641399417
3 0.04664723032069971
1 0.030612244897959183
6 0.026239067055393587
7 0.021865889212827987
0 0.013119533527696793
9 0.008746355685131196
4 0.008746355685131196
5 0.007288629737609329
2 0.007288629737609329
doc : 30
8 0.8247566063977746
5 0.05006954102920723
6 0.02642559109874826
9 0.019471488178025034
3 0.018080667593880387
1 0.015299026425591097
0 0.013908205841446452
2 0.012517385257301807
4 0.011126564673157162
7 0.008344923504867872
doc : 31
8 0.8940298507462686
3 0.022388059701492536
6 0.016417910447761194
9 0.010447761194029851
7 0.010447761194029851
4 0.010447761194029851
0 0.010447761194029851
5 0.008955223880597015
1 0.008955223880597015
2 0.007462686567164179
doc : 32
8 0.8516405135520685
1 0.0442225392296719
6 0.019971469329529243
7 0.018544935805991442
3 0.014265335235378032
0 0.014265335235378032
9 0.01283880171184023
4 0.008559201141226819
2 0.008559201141226819
5 0.007132667617689016
doc : 33
8 0.8223684210526315
3 0.07236842105263158
1 0.02368421052631579
6 0.018421052631578946
7 0.014473684210526316
9 0.013157894736842105
2 0.013157894736842105
4 0.009210526315789473
5 0.006578947368421052
0 0.006578947368421052
doc : 34
9 0.7376425855513308
7 0.049429657794676805
6 0.03802281368821293
2 0.03802281368821293
5 0.026615969581749048
3 0.026615969581749048
1 0.022813688212927757
0 0.022813688212927757
8 0.019011406844106463
4 0.019011406844106463
doc : 35
9 0.7836879432624113
6 0.031914893617021274
1 0.031914893617021274
7 0.024822695035460994
0 0.024822695035460994
8 0.02127659574468085
5 0.02127659574468085
3 0.02127659574468085
2 0.02127659574468085
4 0.017730496453900707
doc : 36
4 0.6294736842105263
9 0.07368421052631578
2 0.05473684210526315
1 0.04631578947368421
8 0.04421052631578947
7 0.04421052631578947
6 0.031578947368421054
3 0.027368421052631577
0 0.027368421052631577
5 0.021052631578947368
doc : 37
5 0.8359821996185632
7 0.07183725365543547
0 0.023521932612841703
6 0.02256834075015893
9 0.011125238397965672
4 0.008264462809917356
2 0.007946598855689765
8 0.006993006993006993
3 0.006675143038779402
1 0.0050858232676414495
doc : 38
9 0.7692307692307693
6 0.03643724696356275
1 0.032388663967611336
2 0.02834008097165992
0 0.02834008097165992
7 0.024291497975708502
8 0.020242914979757085
5 0.020242914979757085
4 0.020242914979757085
3 0.020242914979757085
doc : 39
2 0.8382642998027614
9 0.03550295857988166
4 0.025641025641025644
0 0.01972386587771203
1 0.01775147928994083
6 0.015779092702169626
5 0.013806706114398423
7 0.01183431952662722
3 0.01183431952662722
8 0.009861932938856016
doc : 40
2 0.8357843137254902
9 0.02696078431372549
8 0.022058823529411763
6 0.01715686274509804
4 0.01715686274509804
3 0.01715686274509804
1 0.01715686274509804
0 0.01715686274509804
7 0.014705882352941176
5 0.014705882352941176
doc : 41
8 0.8342776203966006
3 0.06940509915014165
1 0.026912181303116147
6 0.0169971671388102
7 0.0113314447592068
5 0.009915014164305949
2 0.0084985835694051
0 0.0084985835694051
9 0.007082152974504249
4 0.007082152974504249
doc : 42
8 0.8926470588235293
7 0.016176470588235292
5 0.016176470588235292
3 0.013235294117647059
9 0.011764705882352941
6 0.011764705882352941
1 0.011764705882352941
4 0.010294117647058823
0 0.008823529411764706
2 0.007352941176470588
doc : 43
8 0.8208333333333334
1 0.06805555555555556
3 0.025
7 0.022222222222222223
6 0.016666666666666666
5 0.0125
2 0.009722222222222222
0 0.009722222222222222
4 0.008333333333333333
9 0.006944444444444445
doc : 44
8 0.8992673992673993
5 0.014652014652014652
1 0.014652014652014652
9 0.010989010989010988
7 0.010989010989010988
6 0.010989010989010988
2 0.010989010989010988
4 0.009157509157509158
3 0.009157509157509158
0 0.009157509157509158
doc : 45
8 0.7893660531697342
9 0.0408997955010225
6 0.03680981595092025
2 0.034764826175869123
1 0.0245398773006135
5 0.018404907975460124
0 0.018404907975460124
7 0.01226993865030675
4 0.01226993865030675
3 0.01226993865030675
doc : 46
8 0.8315946348733234
3 0.05365126676602086
1 0.022354694485842028
7 0.01639344262295082
6 0.01639344262295082
5 0.01639344262295082
2 0.013412816691505215
0 0.013412816691505215
9 0.00894187779433681
4 0.007451564828614009
doc : 47
9 0.5441988950276243
7 0.1270718232044199
3 0.06629834254143646
1 0.06077348066298342
5 0.049723756906077346
2 0.03867403314917127
0 0.03314917127071823
8 0.03038674033149171
6 0.03038674033149171
4 0.019337016574585635
doc : 48
8 0.8803571428571428
5 0.019642857142857142
7 0.01607142857142857
0 0.01607142857142857
6 0.014285714285714285
1 0.014285714285714285
9 0.010714285714285714
2 0.010714285714285714
4 0.008928571428571428
3 0.008928571428571428
doc : 49
8 0.8923705722070845
1 0.024523160762942777
6 0.014986376021798364
3 0.014986376021798364
7 0.012261580381471389
5 0.010899182561307902
9 0.008174386920980926
0 0.008174386920980926
4 0.006811989100817439
2 0.006811989100817439
doc : 50
8 0.7140151515151515
9 0.1268939393939394
1 0.03977272727272727
0 0.022727272727272728
6 0.020833333333333336
2 0.020833333333333336
5 0.01893939393939394
7 0.015151515151515152
4 0.011363636363636364
3 0.00946969696969697
doc : 51
2 0.837797619047619
0 0.06175595238095238
3 0.026041666666666664
9 0.017857142857142856
6 0.015625
7 0.011904761904761904
5 0.009672619047619048
4 0.00744047619047619
1 0.006696428571428571
8 0.005208333333333333
doc : 52
2 0.8384030418250951
3 0.05418250950570342
0 0.04467680608365019
9 0.014258555133079848
7 0.011406844106463879
5 0.010456273764258554
1 0.008555133079847909
6 0.006653992395437262
4 0.006653992395437262
8 0.004752851711026616
doc : 53
8 0.47856315179606024
1 0.4600231749710313
9 0.009269988412514484
7 0.009269988412514484
3 0.009269988412514484
0 0.008111239860950173
6 0.006952491309385863
2 0.006952491309385863
5 0.005793742757821553
4 0.005793742757821553
doc : 54
8 0.4815642458100558
1 0.459217877094972
6 0.01005586592178771
0 0.01005586592178771
7 0.007821229050279328
3 0.007821229050279328
2 0.0067039106145251395
9 0.005586592178770949
5 0.005586592178770949
4 0.005586592178770949
doc : 55
7 0.74051593323217
3 0.1638846737481032
2 0.016691957511380882
8 0.015174506828528073
9 0.013657056145675266
6 0.013657056145675266
1 0.012139605462822459
0 0.009104704097116844
5 0.007587253414264037
4 0.007587253414264037
doc : 56
9 0.31891891891891894
0 0.15945945945945947
6 0.11081081081081082
5 0.1
3 0.1
2 0.07027027027027027
7 0.043243243243243246
4 0.043243243243243246
8 0.02702702702702703
1 0.02702702702702703
doc : 57
9 0.8025889967637541
8 0.025889967637540454
6 0.025889967637540454
1 0.025889967637540454
0 0.025889967637540454
5 0.022653721682847898
3 0.01941747572815534
2 0.01941747572815534
7 0.016181229773462785
4 0.016181229773462785
doc : 58
9 0.779291553133515
1 0.06811989100817438
3 0.0326975476839237
6 0.021798365122615803
5 0.01907356948228883
2 0.01907356948228883
7 0.01634877384196185
4 0.01634877384196185
8 0.013623978201634877
0 0.013623978201634877
doc : 59
9 0.7849462365591398
6 0.03225806451612903
3 0.02867383512544803
8 0.025089605734767026
1 0.025089605734767026
5 0.021505376344086023
4 0.021505376344086023
2 0.021505376344086023
0 0.021505376344086023
7 0.017921146953405017
doc : 60
8 0.8775862068965518
1 0.020689655172413793
7 0.01896551724137931
9 0.017241379310344827
5 0.017241379310344827
6 0.010344827586206896
4 0.010344827586206896
2 0.010344827586206896
3 0.008620689655172414
0 0.008620689655172414
doc : 61
8 0.9019607843137254
7 0.0142602495543672
5 0.0142602495543672
6 0.0106951871657754
3 0.0106951871657754
1 0.0106951871657754
0 0.0106951871657754
9 0.0089126559714795
4 0.0089126559714795
2 0.0089126559714795
doc : 62
8 0.47368421052631576
1 0.45473684210526316
3 0.014736842105263158
2 0.01263157894736842
7 0.010526315789473684
6 0.008421052631578947
0 0.007368421052631579
9 0.00631578947368421
5 0.00631578947368421
4 0.005263157894736842
doc : 63
1 0.46456692913385833
8 0.4431946006749157
7 0.03487064116985377
6 0.013498312710911137
5 0.008998875140607425
9 0.007874015748031496
3 0.007874015748031496
2 0.006749156355455569
0 0.006749156355455569
4 0.005624296962879641
doc : 64
2 0.49032258064516127
9 0.08387096774193549
7 0.07096774193548387
1 0.07096774193548387
0 0.05806451612903226
6 0.05161290322580645
4 0.05161290322580645
8 0.04516129032258064
5 0.03870967741935484
3 0.03870967741935484
doc : 65
5 0.504297994269341
8 0.11174785100286533
6 0.09742120343839542
9 0.07736389684813753
7 0.07163323782234957
1 0.05444126074498567
2 0.034383954154727794
3 0.017191977077363897
0 0.017191977077363897
4 0.014326647564469913
doc : 66
0 0.3343558282208589
3 0.17484662576687118
2 0.13803680981595093
9 0.11656441717791412
7 0.06441717791411043
6 0.06134969325153374
4 0.03374233128834356
8 0.03067484662576687
5 0.024539877300613498
1 0.02147239263803681
doc : 67
9 0.40918580375782876
8 0.19206680584551147
5 0.14613778705636743
6 0.06263048016701461
7 0.058455114822546964
1 0.031315240083507306
2 0.029227557411273482
4 0.027139874739039664
0 0.027139874739039664
3 0.016701461377870562
doc : 68
9 0.7843866171003717
8 0.04460966542750929
1 0.02973977695167286
2 0.026022304832713755
6 0.022304832713754646
7 0.018587360594795536
5 0.018587360594795536
4 0.018587360594795536
3 0.018587360594795536
0 0.018587360594795536
doc : 69
7 0.7436332767402377
3 0.16129032258064516
6 0.01867572156196944
2 0.013582342954159592
1 0.013582342954159592
9 0.011884550084889643
8 0.010186757215619693
5 0.010186757215619693
4 0.008488964346349746
0 0.008488964346349746
doc : 70
3 0.918136908962597
0 0.04163726182074806
2 0.007057163020465773
7 0.0056457304163726185
1 0.0056457304163726185
6 0.004940014114326041
5 0.004940014114326041
9 0.004234297812279464
8 0.004234297812279464
4 0.0035285815102328866
doc : 71
2 0.8436781609195402
9 0.029885057471264367
7 0.020689655172413793
4 0.020689655172413793
0 0.01839080459770115
3 0.016091954022988506
6 0.013793103448275862
1 0.013793103448275862
8 0.011494252873563218
5 0.011494252873563218
doc : 72
5 0.6373626373626373
7 0.1794871794871795
6 0.08058608058608059
1 0.020146520146520148
3 0.018315018315018316
2 0.016483516483516484
8 0.014652014652014652
9 0.01282051282051282
0 0.010989010989010988
4 0.009157509157509158
doc : 73
6 0.7434679334916865
3 0.12114014251781473
7 0.0332541567695962
4 0.019002375296912115
5 0.0166270783847981
8 0.014251781472684086
1 0.014251781472684086
0 0.014251781472684086
9 0.011876484560570073
2 0.011876484560570073
doc : 74
6 0.8108108108108107
3 0.03931203931203931
0 0.029484029484029485
8 0.019656019656019656
7 0.019656019656019656
1 0.019656019656019656
4 0.0171990171990172
9 0.014742014742014743
5 0.014742014742014743
2 0.014742014742014743
doc : 75
5 0.3584905660377359
7 0.20754716981132076
8 0.14779874213836477
6 0.07232704402515723
9 0.04716981132075472
4 0.03773584905660378
2 0.03773584905660378
0 0.03773584905660378
3 0.031446540880503145
1 0.022012578616352203
doc : 76
8 0.5426621160409556
1 0.25597269624573377
5 0.034129692832764506
2 0.034129692832764506
9 0.030716723549488054
7 0.023890784982935155
6 0.023890784982935155
3 0.020477815699658702
4 0.017064846416382253
0 0.017064846416382253
doc : 77
7 0.828125
3 0.0390625
6 0.02734375
1 0.02734375
2 0.015625
9 0.013671875
5 0.013671875
8 0.01171875
4 0.01171875
0 0.01171875
doc : 78
7 0.8668032786885246
1 0.026639344262295084
0 0.020491803278688527
3 0.018442622950819672
8 0.012295081967213115
4 0.012295081967213115
2 0.012295081967213115
9 0.010245901639344263
6 0.010245901639344263
5 0.010245901639344263
doc : 79
7 0.8187134502923976
3 0.07212475633528265
1 0.023391812865497075
6 0.01364522417153996
5 0.01364522417153996
2 0.01364522417153996
0 0.01364522417153996
9 0.011695906432748537
8 0.009746588693957114
4 0.009746588693957114
doc : 80
6 0.7944162436548222
3 0.06091370558375634
5 0.02284263959390863
0 0.02284263959390863
8 0.02030456852791878
1 0.02030456852791878
9 0.017766497461928932
7 0.015228426395939085
4 0.012690355329949238
2 0.012690355329949238
doc : 81
6 0.8121827411167513
3 0.03807106598984771
1 0.027918781725888322
2 0.02284263959390863
7 0.02030456852791878
0 0.02030456852791878
9 0.015228426395939085
8 0.015228426395939085
5 0.015228426395939085
4 0.012690355329949238
doc : 82
6 0.7956204379562044
3 0.07299270072992702
8 0.026763990267639905
7 0.019464720194647202
2 0.0170316301703163
9 0.014598540145985401
5 0.014598540145985401
1 0.014598540145985401
4 0.012165450121654502
0 0.012165450121654502
doc : 83
6 0.7666666666666667
3 0.11904761904761905
7 0.01666666666666667
1 0.01666666666666667
9 0.014285714285714287
8 0.014285714285714287
4 0.014285714285714287
2 0.014285714285714287
5 0.011904761904761906
0 0.011904761904761906
doc : 84
6 0.766265060240964
3 0.09156626506024097
7 0.02168674698795181
5 0.02168674698795181
1 0.02168674698795181
0 0.01927710843373494
9 0.016867469879518072
8 0.014457831325301207
2 0.014457831325301207
4 0.012048192771084338
doc : 85
6 0.7518072289156628
3 0.11325301204819278
8 0.02168674698795181
1 0.02168674698795181
0 0.01927710843373494
5 0.016867469879518072
2 0.016867469879518072
7 0.014457831325301207
9 0.012048192771084338
4 0.012048192771084338
doc : 86
6 0.7852028639618138
7 0.07159904534606205
3 0.023866348448687354
0 0.023866348448687354
5 0.01909307875894988
1 0.01909307875894988
9 0.016706443914081145
4 0.016706443914081145
8 0.011933174224343677
2 0.011933174224343677
doc : 87
6 0.805
3 0.045
1 0.035
7 0.02
0 0.02
9 0.015
8 0.015
5 0.015
4 0.015
2 0.015
doc : 88
6 0.7995169082125604
3 0.03864734299516908
1 0.036231884057971016
8 0.033816425120772944
7 0.026570048309178744
5 0.014492753623188404
0 0.014492753623188404
9 0.012077294685990338
4 0.012077294685990338
2 0.012077294685990338
doc : 89
6 0.7821782178217822
3 0.08415841584158416
1 0.027227722772277228
5 0.022277227722772276
8 0.017326732673267328
9 0.01485148514851485
4 0.01485148514851485
7 0.012376237623762377
2 0.012376237623762377
0 0.012376237623762377
doc : 90
6 0.8029556650246306
3 0.05665024630541872
1 0.024630541871921183
7 0.022167487684729065
2 0.019704433497536946
9 0.014778325123152709
8 0.014778325123152709
5 0.014778325123152709
4 0.014778325123152709
0 0.014778325123152709
doc : 91
2 0.8477801268498943
9 0.029598308668076112
1 0.021141649048625793
7 0.019027484143763214
8 0.016913319238900635
3 0.016913319238900635
6 0.012684989429175477
4 0.012684989429175477
0 0.012684989429175477
5 0.010570824524312896
doc : 92
7 0.8307086614173228
1 0.033464566929133854
3 0.031496062992125984
5 0.01968503937007874
8 0.017716535433070866
2 0.017716535433070866
9 0.013779527559055118
0 0.013779527559055118
4 0.011811023622047244
6 0.00984251968503937
doc : 93
7 0.821917808219178
3 0.0684931506849315
1 0.019569471624266144
0 0.01761252446183953
6 0.0136986301369863
4 0.0136986301369863
9 0.011741682974559686
8 0.011741682974559686
5 0.011741682974559686
2 0.009784735812133072
doc : 94
7 0.8810916179337231
0 0.01949317738791423
6 0.015594541910331383
4 0.015594541910331383
2 0.01364522417153996
1 0.01364522417153996
5 0.011695906432748537
9 0.009746588693957114
8 0.009746588693957114
3 0.009746588693957114
doc : 95
5 0.6901004304160689
7 0.08751793400286945
6 0.05738880918220947
9 0.05021520803443329
8 0.03730272596843616
1 0.02582496413199426
0 0.01865136298421808
4 0.014347202295552367
2 0.010043041606886658
3 0.008608321377331422
doc : 96
5 0.5035211267605634
8 0.11971830985915494
7 0.08098591549295775
6 0.07746478873239437
9 0.06338028169014084
2 0.04225352112676056
1 0.03873239436619719
3 0.028169014084507043
0 0.024647887323943664
4 0.02112676056338028
doc : 97
9 0.7072727272727273
7 0.07272727272727272
5 0.056363636363636366
6 0.03090909090909091
8 0.02909090909090909
2 0.02909090909090909
3 0.023636363636363636
4 0.02
0 0.016363636363636365
1 0.014545454545454545
doc : 98
5 0.5200617283950617
8 0.14351851851851852
9 0.11265432098765432
7 0.07098765432098765
6 0.038580246913580245
1 0.033950617283950615
0 0.027777777777777776
2 0.024691358024691357
3 0.015432098765432098
4 0.012345679012345678
doc : 99
4 0.9557956777996071
2 0.011787819253438112
9 0.007858546168958742
6 0.0044204322200392925
8 0.003929273084479371
3 0.003929273084479371
5 0.0034381139489194495
1 0.0034381139489194495
7 0.002946954813359528
0 0.002455795677799607
