doc : 0
4 0.3950617283950617
3 0.09876543209876543
9 0.07407407407407407
8 0.06172839506172839
7 0.06172839506172839
6 0.06172839506172839
5 0.06172839506172839
2 0.06172839506172839
1 0.06172839506172839
0 0.06172839506172839
doc : 1
3 0.9651216154199174
2 0.005966039467645709
9 0.005048187241854062
7 0.004130335016062414
4 0.004130335016062414
6 0.0036714089031665903
8 0.0032124827902707664
0 0.0032124827902707664
5 0.0027535566773749425
1 0.0027535566773749425
doc : 2
3 0.6851851851851851
4 0.06790123456790123
9 0.05864197530864197
6 0.040123456790123455
1 0.033950617283950615
8 0.024691358024691357
2 0.024691358024691357
7 0.021604938271604937
5 0.021604938271604937
0 0.021604938271604937
doc : 3
9 0.35294117647058826
3 0.18552036199095023
6 0.09502262443438915
2 0.08597285067873305
5 0.05882352941176471
8 0.05429864253393665
7 0.05429864253393665
0 0.0497737556561086
4 0.04072398190045249
1 0.022624434389140274
doc : 4
3 0.8524382520582647
0 0.04369854338188727
4 0.03103229892336922
6 0.019632678910702975
8 0.013932868904369854
9 0.010766307789740342
2 0.010766307789740342
7 0.007599746675110829
5 0.00506649778340722
1 0.00506649778340722
doc : 5
2 0.12727272727272726
9 0.10909090909090909
6 0.10909090909090909
0 0.10909090909090909
8 0.09090909090909091
7 0.09090909090909091
5 0.09090909090909091
4 0.09090909090909091
3 0.09090909090909091
1 0.09090909090909091
doc : 6
9 0.8031825795644891
2 0.0728643216080402
4 0.06281407035175879
3 0.017587939698492462
5 0.01172529313232831
7 0.010050251256281407
1 0.009212730318257957
8 0.0041876046901172526
6 0.0041876046901172526
0 0.0041876046901172526
doc : 7
9 0.8199329983249581
4 0.06365159128978225
2 0.06365159128978225
3 0.010887772194304857
5 0.010050251256281407
1 0.007537688442211055
7 0.006700167504187605
6 0.006700167504187605
8 0.005862646566164155
0 0.005025125628140704
doc : 8
0 0.9004739336492892
4 0.016587677725118485
3 0.014218009478672987
9 0.013033175355450238
2 0.013033175355450238
7 0.009478672985781991
6 0.009478672985781991
1 0.009478672985781991
8 0.008293838862559242
5 0.0059241706161137445
doc : 9
0 0.9004739336492892
4 0.02132701421800948
9 0.016587677725118485
1 0.011848341232227489
5 0.01066350710900474
6 0.009478672985781991
8 0.008293838862559242
2 0.008293838862559242
3 0.007109004739336493
7 0.0059241706161137445
doc : 10
4 0.38271604938271603
3 0.09876543209876543
2 0.07407407407407407
0 0.07407407407407407
9 0.06172839506172839
8 0.06172839506172839
7 0.06172839506172839
6 0.06172839506172839
5 0.06172839506172839
1 0.06172839506172839
doc : 11
4 0.41975308641975306
3 0.08641975308641975
9 0.06172839506172839
8 0.06172839506172839
7 0.06172839506172839
6 0.06172839506172839
5 0.06172839506172839
2 0.06172839506172839
1 0.06172839506172839
0 0.06172839506172839
doc : 12
7 0.7576656775469831
5 0.20697329376854598
0 0.009396636993076161
8 0.0071711177052423344
1 0.0046983184965380806
6 0.0037091988130563795
9 0.0034619188921859545
3 0.0034619188921859545
4 0.0017309594460929772
2 0.0017309594460929772
doc : 13
3 0.7689581856839122
9 0.07228915662650602
8 0.040396881644223954
6 0.0368532955350815
5 0.024096385542168676
7 0.01842664776754075
2 0.012756909992912829
0 0.009213323883770375
4 0.008504606661941885
1 0.008504606661941885
doc : 14
3 0.7127659574468085
9 0.05319148936170213
1 0.045212765957446804
0 0.0425531914893617
4 0.031914893617021274
6 0.02925531914893617
7 0.023936170212765957
5 0.023936170212765957
8 0.02127659574468085
2 0.015957446808510637
doc : 15
3 0.7252173913043478
9 0.05391304347826087
4 0.043478260869565216
0 0.04
2 0.034782608695652174
5 0.03130434782608696
1 0.020869565217391306
7 0.019130434782608695
6 0.017391304347826087
8 0.01391304347826087
doc : 16
2 0.987757600489696
9 0.001836359926545603
7 0.0016323199347072026
4 0.0016323199347072026
5 0.0014282799428688023
3 0.0014282799428688023
8 0.001224239951030402
6 0.0010201999591920017
1 0.0010201999591920017
0 0.0010201999591920017
doc : 17
4 0.37037037037037035
3 0.12345679012345678
9 0.07407407407407407
8 0.06172839506172839
7 0.06172839506172839
6 0.06172839506172839
5 0.06172839506172839
2 0.06172839506172839
1 0.06172839506172839
0 0.06172839506172839
doc : 18
4 0.3950617283950617
3 0.1111111111111111
9 0.06172839506172839
8 0.06172839506172839
7 0.06172839506172839
6 0.06172839506172839
5 0.06172839506172839
2 0.06172839506172839
1 0.06172839506172839
0 0.06172839506172839
doc : 19
2 0.9855131605794736
3 0.0020403999183840034
0 0.0020403999183840034
7 0.001836359926545603
8 0.0016323199347072026
9 0.0014282799428688023
6 0.0014282799428688023
5 0.0014282799428688023
4 0.0014282799428688023
1 0.001224239951030402
doc : 20
1 0.9642983386355604
8 0.008837044892188053
0 0.005258041710851891
9 0.004285966772711205
4 0.0037999293036408625
5 0.0037557440791799223
3 0.003534817956875221
7 0.003181336161187699
6 0.0020767055496641925
2 9.720749381406858E-4
doc : 21
4 0.35802469135802467
3 0.13580246913580246
9 0.07407407407407407
8 0.06172839506172839
7 0.06172839506172839
6 0.06172839506172839
5 0.06172839506172839
2 0.06172839506172839
1 0.06172839506172839
0 0.06172839506172839
doc : 22
4 0.8869778869778869
7 0.014742014742014743
9 0.012285012285012284
8 0.012285012285012284
6 0.012285012285012284
5 0.012285012285012284
3 0.012285012285012284
2 0.012285012285012284
1 0.012285012285012284
0 0.012285012285012284
doc : 23
4 0.37037037037037035
3 0.09876543209876543
9 0.08641975308641975
2 0.07407407407407407
8 0.06172839506172839
7 0.06172839506172839
6 0.06172839506172839
5 0.06172839506172839
1 0.06172839506172839
0 0.06172839506172839
doc : 24
4 0.8845208845208845
3 0.014742014742014743
2 0.014742014742014743
9 0.012285012285012284
8 0.012285012285012284
7 0.012285012285012284
6 0.012285012285012284
5 0.012285012285012284
1 0.012285012285012284
0 0.012285012285012284
doc : 25
3 0.7723577235772359
8 0.032520325203252036
0 0.032520325203252036
9 0.02845528455284553
5 0.024390243902439025
4 0.024390243902439025
2 0.024390243902439025
7 0.020325203252032523
6 0.020325203252032523
1 0.020325203252032523
doc : 26
9 0.8636610537751221
3 0.057577403585008145
6 0.020097772949483974
0 0.014665942422596414
4 0.010863661053775122
8 0.009234111895708852
2 0.009234111895708852
5 0.005431830526887561
1 0.004888647474198805
7 0.0043454644215100485
doc : 27
0 0.8890147225368064
3 0.020385050962627407
7 0.015855039637599096
6 0.013590033975084938
9 0.01245753114382786
8 0.01245753114382786
1 0.011325028312570783
4 0.009060022650056626
2 0.009060022650056626
5 0.006795016987542469
doc : 28
4 0.41975308641975306
8 0.07407407407407407
3 0.07407407407407407
9 0.06172839506172839
7 0.06172839506172839
6 0.06172839506172839
5 0.06172839506172839
2 0.06172839506172839
1 0.06172839506172839
0 0.06172839506172839
doc : 29
4 0.8820638820638821
9 0.019656019656019656
8 0.012285012285012284
7 0.012285012285012284
6 0.012285012285012284
5 0.012285012285012284
3 0.012285012285012284
2 0.012285012285012284
1 0.012285012285012284
0 0.012285012285012284
doc : 30
4 0.3950617283950617
3 0.1111111111111111
9 0.06172839506172839
8 0.06172839506172839
7 0.06172839506172839
6 0.06172839506172839
5 0.06172839506172839
2 0.06172839506172839
1 0.06172839506172839
0 0.06172839506172839
doc : 31
4 0.8771498771498771
3 0.019656019656019656
8 0.014742014742014743
0 0.014742014742014743
9 0.012285012285012284
7 0.012285012285012284
6 0.012285012285012284
5 0.012285012285012284
2 0.012285012285012284
1 0.012285012285012284
doc : 32
3 0.7479674796747968
4 0.04471544715447155
6 0.03658536585365854
2 0.02845528455284553
8 0.024390243902439025
7 0.024390243902439025
5 0.024390243902439025
1 0.024390243902439025
0 0.024390243902439025
9 0.020325203252032523
doc : 33
3 0.400749063670412
8 0.2606741573033708
0 0.09213483146067417
5 0.058426966292134834
9 0.05468164794007491
6 0.04868913857677903
2 0.04719101123595506
7 0.017228464419475654
4 0.012734082397003747
1 0.00749063670411985
doc : 34
6 0.5525525525525525
8 0.2272272272272272
0 0.04804804804804805
9 0.037037037037037035
5 0.03403403403403403
7 0.03203203203203203
1 0.025025025025025023
4 0.018018018018018018
3 0.013013013013013013
2 0.013013013013013013
doc : 35
4 0.38271604938271603
3 0.09876543209876543
2 0.07407407407407407
0 0.07407407407407407
9 0.06172839506172839
8 0.06172839506172839
7 0.06172839506172839
6 0.06172839506172839
5 0.06172839506172839
1 0.06172839506172839
doc : 36
4 0.8771498771498771
0 0.0171990171990172
9 0.014742014742014743
8 0.014742014742014743
6 0.014742014742014743
7 0.012285012285012284
5 0.012285012285012284
3 0.012285012285012284
2 0.012285012285012284
1 0.012285012285012284
doc : 37
4 0.38271604938271603
3 0.09876543209876543
9 0.08641975308641975
8 0.06172839506172839
7 0.06172839506172839
6 0.06172839506172839
5 0.06172839506172839
2 0.06172839506172839
1 0.06172839506172839
0 0.06172839506172839
doc : 38
4 0.8845208845208845
3 0.014742014742014743
1 0.014742014742014743
9 0.012285012285012284
8 0.012285012285012284
7 0.012285012285012284
6 0.012285012285012284
5 0.012285012285012284
2 0.012285012285012284
0 0.012285012285012284
doc : 39
3 0.7764227642276423
4 0.04065040650406505
8 0.02845528455284553
9 0.024390243902439025
6 0.024390243902439025
1 0.024390243902439025
7 0.020325203252032523
5 0.020325203252032523
2 0.020325203252032523
0 0.020325203252032523
doc : 40
1 0.22352941176470587
6 0.1411764705882353
0 0.1411764705882353
5 0.08235294117647059
8 0.07058823529411765
7 0.07058823529411765
4 0.07058823529411765
3 0.07058823529411765
2 0.07058823529411765
9 0.058823529411764705
doc : 41
9 0.1111111111111111
6 0.1111111111111111
4 0.1111111111111111
2 0.1111111111111111
8 0.09259259259259259
7 0.09259259259259259
5 0.09259259259259259
3 0.09259259259259259
1 0.09259259259259259
0 0.09259259259259259
doc : 42
5 0.9906692406692407
4 0.0015015015015015015
1 0.001287001287001287
0 0.0011797511797511798
8 0.0010725010725010724
7 0.0010725010725010724
6 0.0010725010725010724
9 7.507507507507507E-4
2 7.507507507507507E-4
3 6.435006435006435E-4
doc : 43
2 0.9952344350499616
4 0.0012810658467845247
5 6.661542403279529E-4
3 5.636689725851909E-4
9 4.6118370484242894E-4
8 4.6118370484242894E-4
7 3.586984370996669E-4
1 3.586984370996669E-4
0 3.586984370996669E-4
6 2.5621316935690495E-4
doc : 44
4 0.4074074074074074
3 0.09876543209876543
9 0.06172839506172839
8 0.06172839506172839
7 0.06172839506172839
6 0.06172839506172839
5 0.06172839506172839
2 0.06172839506172839
1 0.06172839506172839
0 0.06172839506172839
doc : 45
4 0.8820638820638821
3 0.0171990171990172
2 0.014742014742014743
9 0.012285012285012284
8 0.012285012285012284
7 0.012285012285012284
6 0.012285012285012284
5 0.012285012285012284
1 0.012285012285012284
0 0.012285012285012284
doc : 46
4 0.38271604938271603
3 0.08641975308641975
6 0.07407407407407407
2 0.07407407407407407
0 0.07407407407407407
9 0.06172839506172839
8 0.06172839506172839
7 0.06172839506172839
5 0.06172839506172839
1 0.06172839506172839
doc : 47
4 0.8796068796068796
9 0.014742014742014743
3 0.014742014742014743
1 0.014742014742014743
0 0.014742014742014743
8 0.012285012285012284
7 0.012285012285012284
6 0.012285012285012284
5 0.012285012285012284
2 0.012285012285012284
doc : 48
3 0.7682926829268294
7 0.02845528455284553
4 0.02845528455284553
1 0.02845528455284553
0 0.02845528455284553
9 0.024390243902439025
8 0.024390243902439025
6 0.024390243902439025
2 0.024390243902439025
5 0.020325203252032523
doc : 49
0 0.8292682926829268
5 0.037940379403794036
6 0.03116531165311653
9 0.025745257452574527
8 0.017615176151761516
3 0.014905149051490514
7 0.012195121951219513
4 0.012195121951219513
2 0.012195121951219513
1 0.006775067750677507
doc : 50
0 0.8811475409836066
6 0.018442622950819672
7 0.01639344262295082
4 0.014344262295081968
5 0.013319672131147542
2 0.013319672131147542
3 0.012295081967213115
1 0.011270491803278689
9 0.010245901639344263
8 0.009221311475409836
doc : 51
0 0.8522427440633246
8 0.03605980650835532
9 0.01934916446789798
7 0.01934916446789798
2 0.01934916446789798
5 0.014072119613016711
1 0.013192612137203167
3 0.011433597185576077
6 0.00967458223394899
4 0.005277044854881266
doc : 52
0 0.894478527607362
8 0.0196319018404908
3 0.018404907975460124
6 0.013496932515337423
5 0.011042944785276074
4 0.0098159509202454
9 0.008588957055214725
7 0.008588957055214725
2 0.008588957055214725
1 0.00736196319018405
doc : 53
0 0.7297297297297297
3 0.05855855855855856
6 0.05105105105105105
9 0.04354354354354354
5 0.024024024024024024
1 0.02102102102102102
4 0.01951951951951952
2 0.01951951951951952
7 0.018018018018018018
8 0.015015015015015015
doc : 54
0 0.879081015719468
3 0.021765417170495766
9 0.015719467956469165
2 0.015719467956469165
5 0.014510278113663844
8 0.012091898428053204
7 0.010882708585247883
1 0.010882708585247883
6 0.009673518742442563
4 0.009673518742442563
doc : 55
6 0.9461856889414548
4 0.010644589000591367
9 0.007096392667060912
2 0.006505026611472502
1 0.0059136605558840925
0 0.0059136605558840925
5 0.005322294500295683
7 0.004730928444707274
3 0.004730928444707274
8 0.0029568302779420462
doc : 56
6 0.9595015576323987
0 0.008722741433021807
4 0.004984423676012461
2 0.004984423676012461
3 0.004361370716510903
9 0.003738317757009346
8 0.003738317757009346
7 0.003738317757009346
5 0.0031152647975077885
1 0.0031152647975077885
doc : 57
6 0.9509677419354838
9 0.007741935483870968
0 0.007741935483870968
8 0.005806451612903225
7 0.005806451612903225
4 0.005806451612903225
3 0.005806451612903225
5 0.003870967741935484
2 0.0032258064516129032
1 0.0032258064516129032
doc : 58
4 0.35802469135802467
3 0.12345679012345678
9 0.07407407407407407
0 0.07407407407407407
8 0.06172839506172839
7 0.06172839506172839
6 0.06172839506172839
5 0.06172839506172839
2 0.06172839506172839
1 0.06172839506172839
doc : 59
4 0.8894348894348895
9 0.012285012285012284
8 0.012285012285012284
7 0.012285012285012284
6 0.012285012285012284
5 0.012285012285012284
3 0.012285012285012284
2 0.012285012285012284
1 0.012285012285012284
0 0.012285012285012284
doc : 60
4 0.345679012345679
3 0.14814814814814814
2 0.07407407407407407
9 0.06172839506172839
8 0.06172839506172839
7 0.06172839506172839
6 0.06172839506172839
5 0.06172839506172839
1 0.06172839506172839
0 0.06172839506172839
doc : 61
4 0.8722358722358722
9 0.0171990171990172
8 0.0171990171990172
2 0.0171990171990172
3 0.014742014742014743
7 0.012285012285012284
6 0.012285012285012284
5 0.012285012285012284
1 0.012285012285012284
0 0.012285012285012284
doc : 62
3 0.7601626016260163
4 0.04471544715447155
8 0.032520325203252036
5 0.02845528455284553
9 0.024390243902439025
2 0.024390243902439025
0 0.024390243902439025
7 0.020325203252032523
6 0.020325203252032523
1 0.020325203252032523
doc : 63
7 0.6067323481116584
0 0.09154351395730706
8 0.08784893267651889
9 0.07881773399014778
3 0.04720853858784893
6 0.0270935960591133
2 0.026683087027914613
5 0.012725779967159278
1 0.011904761904761904
4 0.009441707717569785
doc : 64
4 0.37037037037037035
3 0.1111111111111111
6 0.08641975308641975
9 0.06172839506172839
8 0.06172839506172839
7 0.06172839506172839
5 0.06172839506172839
2 0.06172839506172839
1 0.06172839506172839
0 0.06172839506172839
doc : 65
4 0.8845208845208845
2 0.014742014742014743
1 0.014742014742014743
9 0.012285012285012284
8 0.012285012285012284
7 0.012285012285012284
6 0.012285012285012284
5 0.012285012285012284
3 0.012285012285012284
0 0.012285012285012284
doc : 66
4 0.38271604938271603
3 0.09876543209876543
2 0.08641975308641975
9 0.06172839506172839
8 0.06172839506172839
7 0.06172839506172839
6 0.06172839506172839
5 0.06172839506172839
1 0.06172839506172839
0 0.06172839506172839
doc : 67
4 0.8722358722358722
9 0.019656019656019656
3 0.0171990171990172
2 0.014742014742014743
0 0.014742014742014743
8 0.012285012285012284
7 0.012285012285012284
6 0.012285012285012284
5 0.012285012285012284
1 0.012285012285012284
doc : 68
3 0.7886178861788619
8 0.02845528455284553
9 0.024390243902439025
7 0.024390243902439025
4 0.024390243902439025
2 0.024390243902439025
0 0.024390243902439025
6 0.020325203252032523
5 0.020325203252032523
1 0.020325203252032523
doc : 69
9 0.7392900856793145
3 0.10526315789473684
4 0.04773561811505508
7 0.019583843329253364
6 0.019583843329253364
2 0.01835985312117503
5 0.015911872705018357
0 0.013463892288861688
8 0.012239902080783353
1 0.008567931456548347
doc : 70
7 0.889051094890511
3 0.040875912408759124
9 0.022871046228710463
6 0.010218978102189781
2 0.008759124087591242
0 0.008759124087591242
8 0.00535279805352798
4 0.00535279805352798
5 0.004379562043795621
1 0.004379562043795621
doc : 71
4 0.3950617283950617
3 0.09876543209876543
7 0.07407407407407407
9 0.06172839506172839
8 0.06172839506172839
6 0.06172839506172839
5 0.06172839506172839
2 0.06172839506172839
1 0.06172839506172839
0 0.06172839506172839
doc : 72
4 0.8771498771498771
7 0.014742014742014743
6 0.014742014742014743
3 0.014742014742014743
2 0.014742014742014743
1 0.014742014742014743
9 0.012285012285012284
8 0.012285012285012284
5 0.012285012285012284
0 0.012285012285012284
doc : 73
4 0.37037037037037035
3 0.1111111111111111
2 0.07407407407407407
0 0.07407407407407407
9 0.06172839506172839
8 0.06172839506172839
7 0.06172839506172839
6 0.06172839506172839
5 0.06172839506172839
1 0.06172839506172839
doc : 74
4 0.8771498771498771
9 0.0171990171990172
5 0.014742014742014743
2 0.014742014742014743
1 0.014742014742014743
8 0.012285012285012284
7 0.012285012285012284
6 0.012285012285012284
3 0.012285012285012284
0 0.012285012285012284
doc : 75
3 0.7682926829268294
4 0.04471544715447155
9 0.02845528455284553
8 0.02845528455284553
7 0.024390243902439025
1 0.024390243902439025
6 0.020325203252032523
5 0.020325203252032523
2 0.020325203252032523
0 0.020325203252032523
doc : 76
6 0.6666666666666666
5 0.06464646464646465
0 0.046464646464646465
8 0.044444444444444446
7 0.0404040404040404
4 0.03838383838383838
9 0.031313131313131314
2 0.029292929292929294
1 0.021212121212121213
3 0.01717171717171717
doc : 77
8 0.9091024340770791
5 0.052484787018255576
1 0.024087221095334684
7 0.0046906693711967545
9 0.0024087221095334685
6 0.0016480730223123732
3 0.0016480730223123732
4 0.0015212981744421906
0 0.001394523326572008
2 0.0010141987829614604
doc : 78
4 0.43209876543209874
3 0.07407407407407407
9 0.06172839506172839
8 0.06172839506172839
7 0.06172839506172839
6 0.06172839506172839
5 0.06172839506172839
2 0.06172839506172839
1 0.06172839506172839
0 0.06172839506172839
doc : 79
4 0.8869778869778869
1 0.014742014742014743
9 0.012285012285012284
8 0.012285012285012284
7 0.012285012285012284
6 0.012285012285012284
5 0.012285012285012284
3 0.012285012285012284
2 0.012285012285012284
0 0.012285012285012284
doc : 80
4 0.35802469135802467
3 0.12345679012345678
0 0.08641975308641975
9 0.06172839506172839
8 0.06172839506172839
7 0.06172839506172839
6 0.06172839506172839
5 0.06172839506172839
2 0.06172839506172839
1 0.06172839506172839
doc : 81
4 0.8796068796068796
1 0.0171990171990172
9 0.014742014742014743
2 0.014742014742014743
8 0.012285012285012284
7 0.012285012285012284
6 0.012285012285012284
5 0.012285012285012284
3 0.012285012285012284
0 0.012285012285012284
doc : 82
3 0.7764227642276423
4 0.03658536585365854
9 0.02845528455284553
0 0.02845528455284553
8 0.024390243902439025
5 0.024390243902439025
7 0.020325203252032523
6 0.020325203252032523
2 0.020325203252032523
1 0.020325203252032523
doc : 83
3 0.509403107113655
9 0.116107931316435
7 0.10956663941128374
8 0.07440719542109567
0 0.06868356500408831
5 0.03679476696647588
4 0.025347506132461162
6 0.024529844644317254
1 0.019623875715453803
2 0.015535568274734261
doc : 84
9 0.7348441926345609
0 0.08271954674220963
8 0.0753541076487252
5 0.026062322946175637
3 0.020396600566572238
7 0.019830028328611898
1 0.011331444759206798
6 0.010764872521246457
2 0.009631728045325779
4 0.009065155807365438
doc : 85
7 0.648418491484185
8 0.13017031630170317
0 0.10543390105433902
9 0.0373073803730738
2 0.019059205190592052
3 0.018248175182481754
5 0.013381995133819952
6 0.00932684509326845
4 0.00932684509326845
1 0.00932684509326845
doc : 86
4 0.4074074074074074
3 0.09876543209876543
9 0.06172839506172839
8 0.06172839506172839
7 0.06172839506172839
6 0.06172839506172839
5 0.06172839506172839
2 0.06172839506172839
1 0.06172839506172839
0 0.06172839506172839
doc : 87
4 0.8820638820638821
3 0.0171990171990172
1 0.014742014742014743
9 0.012285012285012284
8 0.012285012285012284
7 0.012285012285012284
6 0.012285012285012284
5 0.012285012285012284
2 0.012285012285012284
0 0.012285012285012284
doc : 88
4 0.38271604938271603
3 0.1111111111111111
9 0.07407407407407407
8 0.06172839506172839
7 0.06172839506172839
6 0.06172839506172839
5 0.06172839506172839
2 0.06172839506172839
1 0.06172839506172839
0 0.06172839506172839
doc : 89
4 0.8869778869778869
1 0.014742014742014743
9 0.012285012285012284
8 0.012285012285012284
7 0.012285012285012284
6 0.012285012285012284
5 0.012285012285012284
3 0.012285012285012284
2 0.012285012285012284
0 0.012285012285012284
doc : 90
3 0.7764227642276423
4 0.02845528455284553
2 0.02845528455284553
0 0.02845528455284553
9 0.024390243902439025
8 0.024390243902439025
7 0.024390243902439025
1 0.024390243902439025
6 0.020325203252032523
5 0.020325203252032523
doc : 91
5 0.9920643431635389
8 0.0015013404825737265
4 0.0010723860589812331
6 8.579088471849866E-4
3 8.579088471849866E-4
1 8.579088471849866E-4
9 7.506702412868633E-4
0 7.506702412868633E-4
7 6.4343163538874E-4
2 6.4343163538874E-4
doc : 92
6 0.6943231441048036
8 0.08995633187772926
0 0.06506550218340612
9 0.05764192139737991
5 0.025327510917030567
3 0.02096069868995633
7 0.01703056768558952
4 0.010043668122270743
2 0.010043668122270743
1 0.00960698689956332
doc : 93
2 0.9952344350499616
4 9.223674096848579E-4
0 6.661542403279529E-4
3 6.149116064565719E-4
5 5.124263387138099E-4
8 4.6118370484242894E-4
6 4.6118370484242894E-4
7 4.099410709710479E-4
9 3.586984370996669E-4
1 3.586984370996669E-4
doc : 94
8 0.8168804056069192
0 0.12019087384431852
9 0.017297942141365943
3 0.012526096033402923
6 0.010140172979421415
4 0.008648971070682972
2 0.0047718461079630185
5 0.004175365344467641
7 0.0038771249627199524
1 0.0014912019087384432
doc : 95
6 0.7565359477124184
8 0.09150326797385622
9 0.029411764705882356
7 0.029411764705882356
1 0.025599128540305015
4 0.021241830065359478
0 0.019063180827886713
3 0.01198257080610022
5 0.011437908496732027
2 0.0038126361655773425
doc : 96
9 0.1
8 0.1
7 0.1
6 0.1
5 0.1
4 0.1
3 0.1
2 0.1
1 0.1
0 0.1
doc : 97
9 0.9127367248421834
8 0.02376531748978834
7 0.014481990345339769
5 0.012253991830672113
3 0.009654660230226512
6 0.008911994058670627
1 0.0051986632008912
4 0.004827330115113256
0 0.004827330115113256
2 0.003341997772001485
doc : 98
3 0.4908536585365854
8 0.21138211382113822
0 0.08434959349593497
6 0.05995934959349594
5 0.03963414634146342
9 0.03353658536585366
7 0.03150406504065041
2 0.024390243902439025
1 0.015243902439024392
4 0.009146341463414635
doc : 99
4 0.35802469135802467
3 0.12345679012345678
8 0.07407407407407407
0 0.07407407407407407
9 0.06172839506172839
7 0.06172839506172839
6 0.06172839506172839
5 0.06172839506172839
2 0.06172839506172839
1 0.06172839506172839
