doc : 0
3 0.31736526946107785
5 0.16766467065868265
6 0.1317365269461078
8 0.0658682634730539
4 0.0658682634730539
7 0.059880239520958084
1 0.05389221556886228
9 0.04790419161676647
0 0.04790419161676647
2 0.04191616766467066
doc : 1
3 0.41860465116279066
5 0.19069767441860463
6 0.13953488372093023
9 0.05116279069767442
8 0.04186046511627907
7 0.037209302325581395
4 0.037209302325581395
1 0.037209302325581395
2 0.023255813953488372
0 0.023255813953488372
doc : 2
3 0.6919431279620853
9 0.06003159557661927
5 0.06003159557661927
6 0.04897314375987362
7 0.042654028436018954
8 0.0315955766192733
0 0.02527646129541864
4 0.01579778830963665
1 0.01579778830963665
2 0.007898894154818325
doc : 3
3 0.42394822006472493
8 0.13915857605177995
9 0.1197411003236246
6 0.09385113268608415
5 0.05501618122977347
0 0.05177993527508091
7 0.03559870550161812
1 0.03236245954692557
4 0.025889967637540454
2 0.022653721682847898
doc : 4
1 0.30935251798561153
3 0.16546762589928057
9 0.11510791366906475
5 0.09352517985611511
0 0.07194244604316546
6 0.06474820143884892
8 0.05755395683453238
7 0.04316546762589928
4 0.04316546762589928
2 0.03597122302158273
doc : 5
9 0.8547717842323651
8 0.03319502074688797
0 0.02074688796680498
4 0.01867219917012448
7 0.014522821576763486
5 0.014522821576763486
6 0.012448132780082988
3 0.01037344398340249
2 0.01037344398340249
1 0.01037344398340249
doc : 6
5 0.7334801762114538
3 0.06607929515418502
9 0.04185022026431719
1 0.030837004405286347
6 0.026431718061674013
7 0.024229074889867842
8 0.022026431718061675
4 0.022026431718061675
0 0.019823788546255508
2 0.013215859030837006
doc : 7
8 0.9486301369863013
4 0.007705479452054794
1 0.00684931506849315
0 0.00684931506849315
9 0.0059931506849315065
6 0.005136986301369863
5 0.005136986301369863
3 0.005136986301369863
7 0.004280821917808219
2 0.004280821917808219
doc : 8
8 0.9135446685878962
0 0.01440922190201729
4 0.01296829971181556
1 0.011527377521613832
9 0.008645533141210374
7 0.008645533141210374
2 0.008645533141210374
6 0.007204610951008645
5 0.007204610951008645
3 0.007204610951008645
doc : 9
5 0.4879032258064516
6 0.14516129032258063
7 0.07661290322580645
8 0.06048387096774194
4 0.056451612903225805
0 0.04435483870967742
3 0.04032258064516129
1 0.03629032258064516
9 0.028225806451612902
2 0.024193548387096774
doc : 10
2 0.5240696483441448
1 0.4544213041993855
8 0.004438374871969956
5 0.003414134516899966
3 0.0027313076135199728
0 0.0027313076135199728
6 0.002389894161829976
7 0.0020484807101399795
4 0.0020484807101399795
9 0.001707067258449983
doc : 11
3 0.5399239543726235
9 0.08745247148288973
6 0.08365019011406843
5 0.07224334600760456
8 0.049429657794676805
7 0.04182509505703422
2 0.03802281368821293
4 0.030418250950570342
1 0.030418250950570342
0 0.026615969581749048
doc : 12
3 0.6476683937823834
1 0.06217616580310881
9 0.05181347150259068
5 0.05181347150259068
4 0.036269430051813475
2 0.036269430051813475
8 0.031088082901554404
7 0.031088082901554404
6 0.02590673575129534
0 0.02590673575129534
doc : 13
3 0.7486910994764399
2 0.1099476439790576
0 0.02617801047120419
1 0.02443280977312391
9 0.022687609075043632
5 0.019197207678883072
4 0.013961605584642234
8 0.012216404886561954
6 0.012216404886561954
7 0.010471204188481676
doc : 14
3 0.5622489959839357
0 0.09638554216867469
9 0.07228915662650602
5 0.06024096385542168
7 0.056224899598393566
6 0.040160642570281124
1 0.0321285140562249
8 0.028112449799196783
4 0.028112449799196783
2 0.024096385542168672
doc : 15
7 0.9028716216216217
6 0.023226351351351354
8 0.017736486486486486
3 0.017736486486486486
9 0.015202702702702704
0 0.010135135135135136
5 0.003800675675675676
2 0.003800675675675676
1 0.0033783783783783786
4 0.0021114864864864866
doc : 16
0 0.8324634655532358
9 0.09446764091858037
4 0.023486430062630476
8 0.014613778705636741
7 0.013569937369519832
1 0.007828810020876827
6 0.004697286012526096
3 0.0036534446764091852
5 0.0026096033402922755
2 0.0026096033402922755
doc : 17
8 0.8703007518796992
0 0.022556390977443608
9 0.016917293233082706
1 0.016917293233082706
4 0.015037593984962405
2 0.015037593984962405
3 0.013157894736842105
7 0.011278195488721804
6 0.009398496240601503
5 0.009398496240601503
doc : 18
8 0.8674033149171271
4 0.022099447513812154
9 0.01841620626151013
1 0.01841620626151013
6 0.016574585635359115
7 0.014732965009208104
3 0.014732965009208104
5 0.009208103130755065
2 0.009208103130755065
0 0.009208103130755065
doc : 19
6 0.8421052631578947
1 0.02894736842105263
5 0.021052631578947368
3 0.021052631578947368
8 0.015789473684210527
7 0.015789473684210527
2 0.015789473684210527
9 0.013157894736842105
4 0.013157894736842105
0 0.013157894736842105
doc : 20
8 0.8469945355191257
4 0.030965391621129327
7 0.020036429872495445
6 0.020036429872495445
9 0.018214936247723135
0 0.018214936247723135
1 0.014571948998178506
3 0.012750455373406192
5 0.009107468123861567
2 0.009107468123861567
doc : 21
9 0.8603696098562629
8 0.022587268993839837
0 0.022587268993839837
4 0.018480492813141684
7 0.014373716632443533
6 0.014373716632443533
5 0.012320328542094456
2 0.012320328542094456
1 0.012320328542094456
3 0.01026694045174538
doc : 22
6 0.7096774193548387
8 0.048387096774193554
1 0.043010752688172046
7 0.03225806451612903
3 0.03225806451612903
9 0.02688172043010753
5 0.02688172043010753
4 0.02688172043010753
2 0.02688172043010753
0 0.02688172043010753
doc : 23
6 0.7765151515151515
3 0.030303030303030304
1 0.030303030303030304
4 0.026515151515151516
0 0.026515151515151516
9 0.022727272727272728
8 0.022727272727272728
7 0.022727272727272728
5 0.022727272727272728
2 0.01893939393939394
doc : 24
6 0.8071895424836601
7 0.026143790849673203
3 0.022875816993464054
1 0.022875816993464054
0 0.022875816993464054
9 0.0196078431372549
8 0.0196078431372549
5 0.0196078431372549
4 0.0196078431372549
2 0.0196078431372549
doc : 25
3 0.8375939849624061
6 0.05112781954887218
7 0.02105263157894737
5 0.019548872180451128
0 0.015037593984962407
9 0.013533834586466165
8 0.012030075187969926
4 0.012030075187969926
2 0.009022556390977444
1 0.009022556390977444
doc : 26
9 0.8627118644067796
8 0.02711864406779661
4 0.023728813559322035
0 0.022033898305084745
3 0.013559322033898305
7 0.011864406779661017
1 0.011864406779661017
2 0.010169491525423728
6 0.00847457627118644
5 0.00847457627118644
doc : 27
2 0.9898931893878489
3 0.003100953256000919
7 0.0012633513265188929
9 0.0010336510853336397
4 9.18800964741013E-4
1 9.18800964741013E-4
0 9.18800964741013E-4
8 6.891007235557598E-4
6 6.891007235557598E-4
5 5.742506029631331E-4
doc : 28
3 0.7070707070707071
6 0.06734006734006734
9 0.057239057239057235
5 0.050505050505050504
4 0.043771043771043766
7 0.02356902356902357
8 0.01515151515151515
1 0.013468013468013467
0 0.011784511784511785
2 0.0101010101010101
doc : 29
1 0.5330188679245282
9 0.08962264150943396
3 0.08490566037735849
8 0.06132075471698113
7 0.051886792452830184
5 0.051886792452830184
4 0.04245283018867924
0 0.03773584905660377
6 0.023584905660377357
2 0.023584905660377357
doc : 30
5 0.6796536796536796
9 0.06926406926406926
7 0.047619047619047616
4 0.04329004329004329
3 0.03463203463203463
8 0.030303030303030304
6 0.030303030303030304
2 0.021645021645021644
1 0.021645021645021644
0 0.021645021645021644
doc : 31
7 0.8353221957040573
5 0.03758949880668258
4 0.02983293556085919
2 0.022673031026252986
6 0.020883054892601432
8 0.016109785202863963
3 0.016109785202863963
0 0.010143198090692125
9 0.007159904534606206
1 0.004176610978520286
doc : 32
5 0.854320987654321
7 0.019753086419753086
3 0.019753086419753086
0 0.019753086419753086
8 0.01728395061728395
9 0.014814814814814815
6 0.014814814814814815
4 0.014814814814814815
2 0.012345679012345678
1 0.012345679012345678
doc : 33
6 0.76
1 0.03636363636363636
0 0.03636363636363636
5 0.03272727272727273
8 0.025454545454545455
4 0.025454545454545455
7 0.02181818181818182
3 0.02181818181818182
2 0.02181818181818182
9 0.01818181818181818
doc : 34
6 0.7689969604863222
2 0.06990881458966565
8 0.02735562310030395
3 0.0243161094224924
9 0.0182370820668693
7 0.0182370820668693
5 0.0182370820668693
4 0.0182370820668693
1 0.0182370820668693
0 0.0182370820668693
doc : 35
5 0.37
6 0.355
3 0.065
8 0.035
4 0.035
1 0.035
7 0.03
9 0.025
2 0.025
0 0.025
doc : 36
6 0.8023952095808383
3 0.02694610778443114
2 0.02694610778443114
9 0.023952095808383235
8 0.023952095808383235
4 0.023952095808383235
7 0.017964071856287428
5 0.017964071856287428
1 0.017964071856287428
0 0.017964071856287428
doc : 37
9 0.7649918962722853
0 0.11345218800648299
4 0.07077255537547272
2 0.014046461372231226
8 0.00864397622906537
3 0.00864397622906537
1 0.006482982171799028
5 0.004862236628849271
6 0.004321988114532685
7 0.0037817396002160996
doc : 38
9 0.8313008130081302
4 0.03861788617886179
0 0.03861788617886179
8 0.016260162601626018
7 0.016260162601626018
6 0.014227642276422765
3 0.012195121951219513
1 0.012195121951219513
5 0.010162601626016262
2 0.010162601626016262
doc : 39
8 0.8635607321131448
9 0.021630615640599003
1 0.019966722129783693
6 0.016638935108153077
0 0.016638935108153077
5 0.014975041597337771
4 0.014975041597337771
7 0.011647254575707155
3 0.009983361064891847
2 0.009983361064891847
doc : 40
4 0.8522530329289427
8 0.05589254766031196
9 0.036395147313691506
0 0.014298093587521663
2 0.012564991334488735
6 0.008665511265164644
5 0.0073656845753899474
7 0.004766031195840554
3 0.004766031195840554
1 0.0030329289428076256
doc : 41
8 0.949748743718593
0 0.007537688442211055
9 0.005862646566164155
5 0.005862646566164155
4 0.005862646566164155
1 0.005862646566164155
7 0.005025125628140704
3 0.005025125628140704
2 0.005025125628140704
6 0.0041876046901172526
doc : 42
4 0.5310449268046441
2 0.17970721857647654
0 0.12670368500757193
9 0.10550227158001009
5 0.014134275618374558
1 0.014134275618374558
3 0.009591115598182737
8 0.00757193336698637
7 0.006057546693589096
6 0.005552751135790005
doc : 43
3 0.6137566137566137
6 0.07407407407407407
7 0.06613756613756613
9 0.05555555555555555
8 0.05026455026455026
1 0.037037037037037035
5 0.0291005291005291
0 0.0291005291005291
4 0.026455026455026454
2 0.018518518518518517
doc : 44
0 0.3167259786476868
9 0.2099644128113879
8 0.11387900355871886
4 0.10676156583629892
6 0.07829181494661921
7 0.0498220640569395
3 0.03558718861209964
1 0.03558718861209964
2 0.028469750889679714
5 0.02491103202846975
doc : 45
6 0.7940379403794038
7 0.037940379403794036
5 0.037940379403794036
3 0.02981029810298103
1 0.018970189701897018
9 0.016260162601626015
8 0.016260162601626015
4 0.016260162601626015
2 0.016260162601626015
0 0.016260162601626015
doc : 46
6 0.7587548638132295
8 0.042801556420233464
4 0.03501945525291829
1 0.0311284046692607
5 0.027237354085603113
3 0.023346303501945526
2 0.023346303501945526
9 0.019455252918287938
7 0.019455252918287938
0 0.019455252918287938
doc : 47
6 0.8163841807909604
5 0.03389830508474576
7 0.02824858757062147
4 0.019774011299435026
3 0.019774011299435026
1 0.019774011299435026
9 0.01694915254237288
0 0.01694915254237288
8 0.014124293785310734
2 0.014124293785310734
doc : 48
5 0.4377510040160642
6 0.34136546184738953
8 0.03614457831325301
1 0.0321285140562249
4 0.028112449799196783
0 0.028112449799196783
9 0.024096385542168672
7 0.024096385542168672
3 0.024096385542168672
2 0.024096385542168672
doc : 49
6 0.8319783197831978
7 0.03523035230352303
1 0.02168021680216802
5 0.018970189701897018
9 0.016260162601626015
8 0.016260162601626015
2 0.016260162601626015
0 0.016260162601626015
4 0.013550135501355014
3 0.013550135501355014
