doc : 0
3 0.9643705463182898
1 0.005700712589073634
7 0.005225653206650831
9 0.004750593824228029
4 0.004275534441805225
6 0.003800475059382423
2 0.003800475059382423
5 0.00332541567695962
8 0.0023752969121140144
0 0.0023752969121140144
doc : 1
3 0.9672053231939164
6 0.005228136882129277
9 0.0042775665399239545
8 0.0038022813688212928
4 0.0038022813688212928
1 0.0038022813688212928
0 0.0038022813688212928
7 0.003326996197718631
5 0.002376425855513308
2 0.002376425855513308
doc : 2
1 0.6911764705882353
9 0.09926470588235294
5 0.04044117647058824
2 0.03676470588235294
0 0.029411764705882353
8 0.022058823529411763
7 0.022058823529411763
6 0.022058823529411763
4 0.01838235294117647
3 0.01838235294117647
doc : 3
1 0.6172413793103448
7 0.12413793103448276
2 0.06896551724137931
9 0.05172413793103448
6 0.03103448275862069
0 0.027586206896551724
5 0.02413793103448276
3 0.020689655172413793
8 0.017241379310344827
4 0.017241379310344827
doc : 4
1 0.8648648648648649
9 0.02316602316602317
6 0.021235521235521235
8 0.017374517374517374
7 0.015444015444015444
5 0.013513513513513514
0 0.013513513513513514
4 0.011583011583011584
3 0.009652509652509652
2 0.009652509652509652
doc : 5
1 0.6189111747851003
9 0.10601719197707736
2 0.10315186246418338
0 0.04297994269340974
6 0.025787965616045846
4 0.025787965616045846
5 0.022922636103151862
8 0.020057306590257878
7 0.020057306590257878
3 0.014326647564469913
doc : 6
1 0.5601092896174863
7 0.30601092896174864
9 0.02185792349726776
8 0.01912568306010929
3 0.01912568306010929
6 0.01639344262295082
4 0.01639344262295082
5 0.01366120218579235
2 0.01366120218579235
0 0.01366120218579235
doc : 7
3 0.716012084592145
6 0.060422960725075525
4 0.045317220543806644
7 0.03927492447129909
1 0.03625377643504532
8 0.02416918429003021
2 0.02416918429003021
5 0.021148036253776436
9 0.01812688821752266
0 0.015105740181268881
doc : 8
3 0.6568627450980392
6 0.08823529411764706
7 0.0392156862745098
0 0.0392156862745098
8 0.03594771241830066
4 0.03594771241830066
5 0.029411764705882353
2 0.029411764705882353
1 0.029411764705882353
9 0.016339869281045753
doc : 9
6 0.7717717717717718
7 0.06006006006006006
3 0.02702702702702703
8 0.024024024024024024
5 0.024024024024024024
1 0.024024024024024024
4 0.018018018018018018
2 0.018018018018018018
0 0.018018018018018018
9 0.015015015015015015
doc : 10
3 0.9515539305301646
7 0.011425959780621572
9 0.010511882998171846
1 0.007769652650822669
0 0.004113345521023766
8 0.0031992687385740404
4 0.0031992687385740404
2 0.0031992687385740404
5 0.002742230347349177
6 0.0022851919561243145
doc : 11
3 0.9627709707822808
7 0.006597549481621112
1 0.005183788878416588
5 0.00471253534401508
0 0.00471253534401508
9 0.004241281809613572
6 0.003770028275212064
8 0.002827521206409048
4 0.002827521206409048
2 0.00235626767200754
doc : 12
8 0.8906752411575563
3 0.05359056806002144
7 0.011789924973204715
2 0.007502679528403001
9 0.006430868167202572
6 0.006430868167202572
1 0.006430868167202572
0 0.006430868167202572
5 0.0053590568060021436
4 0.0053590568060021436
doc : 13
7 0.6411092985318108
1 0.10277324632952692
6 0.06525285481239805
2 0.040783034257748776
0 0.040783034257748776
9 0.03099510603588907
8 0.026101141924959218
5 0.019575856443719414
4 0.017944535073409464
3 0.01468189233278956
doc : 14
1 0.7074829931972789
7 0.09523809523809525
6 0.034013605442176874
3 0.034013605442176874
9 0.02947845804988662
8 0.024943310657596373
2 0.022675736961451247
4 0.020408163265306124
5 0.015873015873015872
0 0.015873015873015872
doc : 15
1 0.7302631578947368
9 0.07017543859649122
7 0.043859649122807015
2 0.03289473684210526
8 0.02631578947368421
6 0.02412280701754386
3 0.02412280701754386
0 0.019736842105263157
4 0.017543859649122806
5 0.010964912280701754
doc : 16
5 0.8537787513691127
2 0.06462212486308871
9 0.024096385542168676
6 0.020262869660460023
0 0.00985761226725082
1 0.007119386637458926
7 0.006024096385542169
8 0.00492880613362541
4 0.00492880613362541
3 0.004381161007667032
doc : 17
6 0.9355216881594373
4 0.009378663540445486
9 0.0082063305978898
2 0.0082063305978898
8 0.007033997655334114
7 0.007033997655334114
5 0.007033997655334114
3 0.005861664712778429
1 0.005861664712778429
0 0.005861664712778429
doc : 18
6 0.9317647058823528
7 0.009411764705882352
8 0.008235294117647058
2 0.008235294117647058
9 0.007058823529411764
5 0.007058823529411764
4 0.007058823529411764
3 0.007058823529411764
1 0.007058823529411764
0 0.007058823529411764
doc : 19
1 0.6166219839142091
2 0.06702412868632708
7 0.064343163538874
6 0.06166219839142091
0 0.06166219839142091
9 0.045576407506702415
5 0.02412868632707775
4 0.02412868632707775
8 0.01876675603217158
3 0.0160857908847185
doc : 20
1 0.6331096196868009
4 0.0738255033557047
0 0.04697986577181208
8 0.04474272930648769
6 0.04250559284116331
2 0.04250559284116331
9 0.040268456375838924
7 0.040268456375838924
5 0.022371364653243846
3 0.013422818791946308
doc : 21
8 0.8831725616291533
3 0.05466237942122187
7 0.00964630225080386
6 0.00857449088960343
4 0.00857449088960343
0 0.00857449088960343
9 0.007502679528403001
1 0.007502679528403001
2 0.006430868167202572
5 0.0053590568060021436
doc : 22
3 0.6695205479452054
4 0.30273972602739724
0 0.0058219178082191785
7 0.004794520547945206
1 0.004109589041095891
2 0.0030821917808219177
9 0.0027397260273972603
5 0.0027397260273972603
6 0.002397260273972603
8 0.0020547945205479454
doc : 23
7 0.6363636363636364
1 0.08612440191387559
9 0.04784688995215311
3 0.03827751196172249
0 0.03827751196172249
8 0.03349282296650718
6 0.03349282296650718
5 0.028708133971291863
4 0.028708133971291863
2 0.028708133971291863
doc : 24
4 0.5191740412979351
3 0.4389380530973451
9 0.006489675516224189
1 0.006489675516224189
2 0.0058997050147492625
8 0.005309734513274336
0 0.005309734513274336
6 0.00471976401179941
7 0.004129793510324484
5 0.0035398230088495575
doc : 25
6 0.8183673469387756
2 0.030612244897959186
1 0.030612244897959186
7 0.022448979591836737
0 0.022448979591836737
5 0.020408163265306124
3 0.020408163265306124
4 0.014285714285714287
9 0.010204081632653062
8 0.010204081632653062
doc : 26
6 0.8487394957983193
2 0.02310924369747899
4 0.021008403361344536
0 0.021008403361344536
8 0.01680672268907563
1 0.01680672268907563
5 0.014705882352941176
3 0.014705882352941176
9 0.012605042016806723
7 0.010504201680672268
doc : 27
2 0.8808832074375362
9 0.060429982568274254
0 0.027309703660662404
1 0.008715862870424172
7 0.007263219058686809
6 0.004648460197559558
5 0.0031958163858221964
3 0.002905287623474724
8 0.002324230098779779
4 0.002324230098779779
doc : 28
5 0.6221322537112011
7 0.13900134952766532
9 0.10121457489878542
2 0.04183535762483131
1 0.02834008097165992
8 0.016194331983805668
6 0.014844804318488529
0 0.013495276653171389
3 0.012145748987854251
4 0.010796221322537112
doc : 29
1 0.8
7 0.03666666666666667
9 0.02666666666666667
3 0.023333333333333334
0 0.023333333333333334
6 0.02
5 0.02
8 0.016666666666666666
4 0.016666666666666666
2 0.016666666666666666
doc : 30
1 0.8104956268221574
4 0.03206997084548105
7 0.026239067055393587
3 0.023323615160349854
8 0.02040816326530612
5 0.02040816326530612
6 0.01749271137026239
2 0.01749271137026239
0 0.01749271137026239
9 0.014577259475218658
doc : 31
1 0.6474576271186441
9 0.06440677966101695
0 0.0576271186440678
8 0.05084745762711864
6 0.05084745762711864
4 0.04067796610169491
7 0.030508474576271184
3 0.023728813559322035
5 0.01694915254237288
2 0.01694915254237288
doc : 32
1 0.7780821917808219
7 0.038356164383561646
9 0.03287671232876713
4 0.030136986301369864
6 0.021917808219178082
3 0.021917808219178082
2 0.021917808219178082
0 0.021917808219178082
8 0.016438356164383564
5 0.016438356164383564
doc : 33
0 0.9235364396654718
7 0.01194743130227001
9 0.01075268817204301
1 0.01075268817204301
8 0.009557945041816009
5 0.007168458781362007
4 0.007168458781362007
2 0.007168458781362007
6 0.005973715651135005
3 0.005973715651135005
doc : 34
0 0.9202380952380953
9 0.013095238095238097
8 0.013095238095238097
7 0.008333333333333335
6 0.008333333333333335
2 0.008333333333333335
1 0.008333333333333335
4 0.0071428571428571435
3 0.0071428571428571435
5 0.005952380952380953
doc : 35
5 0.8960302457466919
1 0.017013232514177693
7 0.013232514177693762
9 0.011342155009451797
6 0.011342155009451797
4 0.011342155009451797
3 0.011342155009451797
8 0.00945179584120983
2 0.00945179584120983
0 0.00945179584120983
doc : 36
5 0.5687426556991774
1 0.3443008225616921
0 0.01645123384253819
9 0.01527614571092832
6 0.014101057579318448
7 0.011750881316098707
8 0.008225616921269096
4 0.007050528789659224
3 0.007050528789659224
2 0.007050528789659224
doc : 37
8 0.9471830985915494
4 0.01486697965571205
7 0.00782472613458529
0 0.007042253521126761
9 0.005672926447574335
6 0.004303599374021909
2 0.003912363067292645
3 0.0037167449139280124
5 0.0027386541471048514
1 0.0027386541471048514
doc : 38
7 0.7973713033953997
9 0.049835706462212484
6 0.03943044906900328
2 0.02628696604600219
0 0.023548740416210294
1 0.022453450164293537
5 0.016976998904709748
8 0.011500547645125958
3 0.008762322015334063
4 0.0038335158817086527
doc : 39
6 0.8519134775374376
7 0.02329450915141431
0 0.021630615640599003
8 0.019966722129783693
4 0.019966722129783693
5 0.016638935108153077
9 0.014975041597337771
1 0.014975041597337771
3 0.008319467554076539
2 0.008319467554076539
doc : 40
0 0.678646934460888
9 0.17336152219873152
2 0.03382663847780127
7 0.027484143763213533
1 0.023255813953488372
4 0.014799154334038056
8 0.012684989429175477
6 0.012684989429175477
5 0.012684989429175477
3 0.010570824524312896
doc : 41
7 0.8928571428571428
9 0.013392857142857142
6 0.013392857142857142
0 0.013392857142857142
8 0.011160714285714284
5 0.011160714285714284
4 0.011160714285714284
3 0.011160714285714284
2 0.011160714285714284
1 0.011160714285714284
doc : 42
7 0.8977777777777778
0 0.013333333333333332
9 0.011111111111111112
8 0.011111111111111112
6 0.011111111111111112
5 0.011111111111111112
4 0.011111111111111112
3 0.011111111111111112
2 0.011111111111111112
1 0.011111111111111112
doc : 43
7 0.890625
6 0.013392857142857142
5 0.013392857142857142
2 0.013392857142857142
1 0.013392857142857142
9 0.011160714285714284
8 0.011160714285714284
4 0.011160714285714284
3 0.011160714285714284
0 0.011160714285714284
doc : 44
7 0.8861607142857142
3 0.015625
0 0.015625
2 0.013392857142857142
1 0.013392857142857142
9 0.011160714285714284
8 0.011160714285714284
6 0.011160714285714284
5 0.011160714285714284
4 0.011160714285714284
doc : 45
7 0.8950892857142857
3 0.013392857142857142
2 0.013392857142857142
9 0.011160714285714284
8 0.011160714285714284
6 0.011160714285714284
5 0.011160714285714284
4 0.011160714285714284
1 0.011160714285714284
0 0.011160714285714284
doc : 46
9 0.9191156645996226
2 0.033701806416823944
0 0.01860339714208682
1 0.008358047991372339
8 0.0056619034780264225
7 0.00350498786734969
6 0.00350498786734969
3 0.002965758964680507
4 0.002426530062011324
5 0.0021569156106767324
doc : 47
7 0.5046082949308756
2 0.32373271889400923
1 0.03456221198156682
6 0.03225806451612903
9 0.03110599078341014
5 0.02880184331797235
3 0.014976958525345621
0 0.013824884792626727
8 0.009216589861751152
4 0.006912442396313364
doc : 48
1 0.8712241653418125
8 0.02384737678855326
0 0.01907790143084261
9 0.017488076311605726
6 0.017488076311605726
7 0.014308426073131956
3 0.011128775834658189
5 0.009538950715421305
4 0.007949125596184421
2 0.007949125596184421
doc : 49
9 0.537577365163572
1 0.2661361626878868
0 0.07250221043324491
2 0.040671971706454466
7 0.028293545534924844
6 0.016799292661361626
8 0.014146772767462422
4 0.011494252873563218
5 0.007073386383731211
3 0.005305039787798408
