doc : 0
2 0.5833333333333334
9 0.058333333333333334
7 0.05
6 0.05
0 0.05
8 0.041666666666666664
5 0.041666666666666664
4 0.041666666666666664
3 0.041666666666666664
1 0.041666666666666664
doc : 1
4 0.2866043613707165
5 0.18691588785046728
9 0.1308411214953271
6 0.09345794392523364
3 0.08099688473520249
2 0.06853582554517133
1 0.059190031152647975
0 0.04672897196261682
7 0.028037383177570093
8 0.018691588785046728
doc : 2
4 0.7136929460580913
9 0.04149377593360996
8 0.04149377593360996
3 0.03734439834024896
2 0.03319502074688797
7 0.029045643153526972
6 0.029045643153526972
5 0.029045643153526972
1 0.024896265560165977
0 0.02074688796680498
doc : 3
4 0.7786885245901639
8 0.040983606557377046
5 0.040983606557377046
2 0.030054644808743168
9 0.02459016393442623
7 0.02459016393442623
1 0.01639344262295082
0 0.01639344262295082
6 0.01366120218579235
3 0.01366120218579235
doc : 4
5 0.7736389684813754
4 0.06685768863419293
6 0.03151862464183381
8 0.02387774594078319
3 0.02387774594078319
0 0.022922636103151862
9 0.018147086914995225
2 0.015281757402101241
7 0.013371537726838585
1 0.010506208213944603
doc : 5
8 0.7211107793371156
3 0.13586145117945655
1 0.1240171195381706
5 0.004976609933313427
9 0.003682691350651936
4 0.003682691350651936
6 0.001791579575992834
2 0.001791579575992834
0 0.001791579575992834
7 0.0012939185826614911
doc : 6
2 0.6101694915254238
4 0.05084745762711865
9 0.0423728813559322
8 0.0423728813559322
7 0.0423728813559322
6 0.0423728813559322
5 0.0423728813559322
3 0.0423728813559322
1 0.0423728813559322
0 0.0423728813559322
doc : 7
7 0.9644165358451073
6 0.0057561486132914706
9 0.005232862375719519
5 0.004709576138147567
4 0.003663003663003663
1 0.003663003663003663
0 0.003663003663003663
3 0.0031397174254317113
2 0.0031397174254317113
8 0.0026164311878597597
doc : 8
0 0.16504854368932037
2 0.1553398058252427
8 0.10679611650485436
3 0.10679611650485436
5 0.09708737864077668
9 0.08737864077669902
4 0.08737864077669902
1 0.07766990291262135
7 0.058252427184466014
6 0.058252427184466014
doc : 9
0 0.2233009708737864
2 0.13592233009708737
4 0.10679611650485436
9 0.09708737864077668
8 0.08737864077669902
5 0.07766990291262135
3 0.07766990291262135
1 0.07766990291262135
7 0.058252427184466014
6 0.058252427184466014
doc : 10
5 0.7800963081861958
4 0.04012841091492777
8 0.033707865168539325
3 0.028892455858747994
9 0.024077046548956663
7 0.02247191011235955
2 0.02086677367576244
1 0.02086677367576244
0 0.01765650080256822
6 0.011235955056179775
doc : 11
0 0.6370967741935484
4 0.07258064516129031
1 0.06854838709677419
3 0.04435483870967742
2 0.04032258064516129
5 0.03629032258064516
6 0.03225806451612903
9 0.028225806451612902
8 0.020161290322580645
7 0.020161290322580645
doc : 12
9 0.6960000000000001
5 0.094
4 0.068
2 0.032
3 0.026000000000000002
0 0.026000000000000002
8 0.016
1 0.016
6 0.014
7 0.012
doc : 13
5 0.7653276955602537
6 0.052854122621564484
9 0.048625792811839326
7 0.027484143763213533
1 0.023255813953488372
4 0.021141649048625793
8 0.019027484143763214
3 0.016913319238900635
2 0.014799154334038056
0 0.010570824524312896
doc : 14
2 0.6
0 0.058333333333333334
6 0.05
9 0.041666666666666664
8 0.041666666666666664
7 0.041666666666666664
5 0.041666666666666664
4 0.041666666666666664
3 0.041666666666666664
1 0.041666666666666664
doc : 15
4 0.44813278008298757
6 0.11203319502074689
9 0.0912863070539419
5 0.08298755186721991
0 0.08298755186721991
3 0.04564315352697095
7 0.04149377593360996
2 0.03734439834024896
1 0.03734439834024896
8 0.02074688796680498
doc : 16
2 0.6933333333333334
3 0.04
9 0.03333333333333333
8 0.03333333333333333
7 0.03333333333333333
6 0.03333333333333333
5 0.03333333333333333
4 0.03333333333333333
1 0.03333333333333333
0 0.03333333333333333
doc : 17
2 0.6866666666666668
4 0.04
0 0.04
9 0.03333333333333333
8 0.03333333333333333
7 0.03333333333333333
6 0.03333333333333333
5 0.03333333333333333
3 0.03333333333333333
1 0.03333333333333333
doc : 18
1 0.18691588785046728
4 0.16822429906542055
6 0.12149532710280372
5 0.12149532710280372
9 0.08411214953271028
8 0.08411214953271028
0 0.08411214953271028
3 0.05607476635514018
7 0.04672897196261682
2 0.04672897196261682
doc : 19
2 0.6097560975609757
6 0.04878048780487805
4 0.04878048780487805
0 0.04878048780487805
9 0.04065040650406505
8 0.04065040650406505
7 0.04065040650406505
5 0.04065040650406505
3 0.04065040650406505
1 0.04065040650406505
doc : 20
2 0.6
9 0.05
7 0.05
6 0.05
8 0.041666666666666664
5 0.041666666666666664
4 0.041666666666666664
3 0.041666666666666664
1 0.041666666666666664
0 0.041666666666666664
doc : 21
2 0.7019867549668874
9 0.033112582781456956
8 0.033112582781456956
7 0.033112582781456956
6 0.033112582781456956
5 0.033112582781456956
4 0.033112582781456956
3 0.033112582781456956
1 0.033112582781456956
0 0.033112582781456956
doc : 22
2 0.6186440677966102
9 0.0423728813559322
8 0.0423728813559322
7 0.0423728813559322
6 0.0423728813559322
5 0.0423728813559322
4 0.0423728813559322
3 0.0423728813559322
1 0.0423728813559322
0 0.0423728813559322
doc : 23
2 0.7000000000000001
9 0.03333333333333333
8 0.03333333333333333
7 0.03333333333333333
6 0.03333333333333333
5 0.03333333333333333
4 0.03333333333333333
3 0.03333333333333333
1 0.03333333333333333
0 0.03333333333333333
doc : 24
2 0.6733333333333333
0 0.04666666666666667
4 0.04
1 0.04
9 0.03333333333333333
8 0.03333333333333333
7 0.03333333333333333
6 0.03333333333333333
5 0.03333333333333333
3 0.03333333333333333
doc : 25
2 0.5916666666666667
6 0.058333333333333334
7 0.05
4 0.05
9 0.041666666666666664
8 0.041666666666666664
5 0.041666666666666664
3 0.041666666666666664
1 0.041666666666666664
0 0.041666666666666664
doc : 26
9 0.8654404646660213
2 0.05614714424007745
6 0.01452081316553727
7 0.012584704743465635
4 0.010648596321393998
1 0.010648596321393998
0 0.009680542110358181
5 0.007744433688286544
3 0.006776379477250726
8 0.005808325266214908
doc : 27
0 0.7098976109215017
4 0.07508532423208192
2 0.040955631399317405
9 0.030716723549488054
7 0.027303754266211604
6 0.027303754266211604
5 0.027303754266211604
8 0.020477815699658702
3 0.020477815699658702
1 0.020477815699658702
doc : 28
0 0.6097560975609756
6 0.06341463414634146
5 0.058536585365853655
4 0.04878048780487805
9 0.04390243902439024
1 0.04390243902439024
3 0.03902439024390244
7 0.03414634146341464
8 0.029268292682926828
2 0.029268292682926828
doc : 29
2 0.6866666666666668
1 0.04
0 0.04
9 0.03333333333333333
8 0.03333333333333333
7 0.03333333333333333
6 0.03333333333333333
5 0.03333333333333333
4 0.03333333333333333
3 0.03333333333333333
doc : 30
2 0.6933333333333334
8 0.04
9 0.03333333333333333
7 0.03333333333333333
6 0.03333333333333333
5 0.03333333333333333
4 0.03333333333333333
3 0.03333333333333333
1 0.03333333333333333
0 0.03333333333333333
doc : 31
2 0.68
9 0.04
4 0.04
0 0.04
8 0.03333333333333333
7 0.03333333333333333
6 0.03333333333333333
5 0.03333333333333333
3 0.03333333333333333
1 0.03333333333333333
doc : 32
2 0.575
0 0.06666666666666667
6 0.05
5 0.05
1 0.05
9 0.041666666666666664
8 0.041666666666666664
7 0.041666666666666664
4 0.041666666666666664
3 0.041666666666666664
doc : 33
2 0.7000000000000001
9 0.03333333333333333
8 0.03333333333333333
7 0.03333333333333333
6 0.03333333333333333
5 0.03333333333333333
4 0.03333333333333333
3 0.03333333333333333
1 0.03333333333333333
0 0.03333333333333333
doc : 34
2 0.6083333333333333
6 0.05
3 0.05
9 0.041666666666666664
8 0.041666666666666664
7 0.041666666666666664
5 0.041666666666666664
4 0.041666666666666664
1 0.041666666666666664
0 0.041666666666666664
doc : 35
7 0.968079539508111
6 0.004186289900575615
5 0.004186289900575615
2 0.003663003663003663
1 0.003663003663003663
0 0.003663003663003663
9 0.0031397174254317113
8 0.0031397174254317113
4 0.0031397174254317113
3 0.0031397174254317113
doc : 36
6 0.9054505005561735
4 0.01557285873192436
3 0.014460511679644048
2 0.014460511679644048
9 0.011123470522803115
7 0.008898776418242492
5 0.008898776418242492
1 0.008898776418242492
0 0.006674082313681868
8 0.0055617352614015575
doc : 37
6 0.8691099476439791
9 0.022687609075043632
8 0.019197207678883072
7 0.013961605584642234
2 0.013961605584642234
0 0.013961605584642234
5 0.012216404886561954
4 0.012216404886561954
3 0.012216404886561954
1 0.010471204188481676
doc : 38
4 0.7274725274725274
6 0.06813186813186813
2 0.054945054945054944
5 0.035164835164835165
0 0.02857142857142857
9 0.026373626373626374
8 0.017582417582417582
7 0.017582417582417582
3 0.013186813186813187
1 0.010989010989010988
doc : 39
6 0.26744186046511625
2 0.1744186046511628
9 0.10465116279069767
4 0.08139534883720931
7 0.06976744186046512
5 0.06976744186046512
8 0.05813953488372093
3 0.05813953488372093
1 0.05813953488372093
0 0.05813953488372093
doc : 40
6 0.29069767441860467
2 0.1511627906976744
9 0.11627906976744186
7 0.06976744186046512
5 0.06976744186046512
4 0.06976744186046512
8 0.05813953488372093
3 0.05813953488372093
1 0.05813953488372093
0 0.05813953488372093
doc : 41
2 0.6933333333333334
0 0.04
9 0.03333333333333333
8 0.03333333333333333
7 0.03333333333333333
6 0.03333333333333333
5 0.03333333333333333
4 0.03333333333333333
3 0.03333333333333333
1 0.03333333333333333
doc : 42
2 0.6016260162601627
7 0.05691056910569106
6 0.05691056910569106
9 0.04065040650406505
8 0.04065040650406505
5 0.04065040650406505
4 0.04065040650406505
3 0.04065040650406505
1 0.04065040650406505
0 0.04065040650406505
doc : 43
2 0.7058823529411765
9 0.032679738562091505
8 0.032679738562091505
7 0.032679738562091505
6 0.032679738562091505
5 0.032679738562091505
4 0.032679738562091505
3 0.032679738562091505
1 0.032679738562091505
0 0.032679738562091505
doc : 44
2 0.6866666666666668
5 0.04
0 0.04
9 0.03333333333333333
8 0.03333333333333333
7 0.03333333333333333
6 0.03333333333333333
4 0.03333333333333333
3 0.03333333333333333
1 0.03333333333333333
doc : 45
2 0.6533333333333333
0 0.05333333333333334
7 0.04
5 0.04
4 0.04
3 0.04
9 0.03333333333333333
8 0.03333333333333333
6 0.03333333333333333
1 0.03333333333333333
doc : 46
0 0.8135593220338982
9 0.035781544256120526
2 0.032015065913371
4 0.02824858757062147
8 0.020715630885122408
6 0.01694915254237288
5 0.01694915254237288
1 0.015065913370998116
7 0.011299435028248588
3 0.009416195856873822
doc : 47
2 0.6733333333333333
9 0.04666666666666667
6 0.04
4 0.04
8 0.03333333333333333
7 0.03333333333333333
5 0.03333333333333333
3 0.03333333333333333
1 0.03333333333333333
0 0.03333333333333333
doc : 48
0 0.35211267605633806
4 0.1267605633802817
5 0.09389671361502347
7 0.07981220657276995
9 0.07511737089201878
6 0.07042253521126761
2 0.06103286384976526
3 0.056338028169014086
1 0.056338028169014086
8 0.028169014084507043
doc : 49
4 0.5412371134020618
0 0.10824742268041238
6 0.06701030927835051
2 0.061855670103092786
3 0.05154639175257732
9 0.04639175257731959
5 0.041237113402061855
8 0.030927835051546393
7 0.02577319587628866
1 0.02577319587628866
