doc : 0
9 0.9784668389319552
5 0.0030146425495262705
8 0.002583979328165375
6 0.002583979328165375
0 0.002583979328165375
7 0.002153316106804479
4 0.002153316106804479
3 0.002153316106804479
2 0.002153316106804479
1 0.002153316106804479
doc : 1
3 0.7525150905432596
4 0.08048289738430583
5 0.04024144869215292
8 0.03621730382293763
7 0.028169014084507046
6 0.014084507042253523
0 0.014084507042253523
9 0.012072434607645876
2 0.012072434607645876
1 0.01006036217303823
doc : 2
3 0.8928870292887029
4 0.026778242677824266
5 0.019246861924686193
6 0.011715481171548116
9 0.010878661087866108
7 0.0100418410041841
2 0.00920502092050209
0 0.008368200836820083
1 0.005857740585774058
8 0.00502092050209205
doc : 3
1 0.6843790012804097
2 0.17477592829705504
7 0.041613316261203584
5 0.036491677336747755
4 0.020486555697823303
6 0.011523687580025609
8 0.010243277848911651
9 0.009603072983354673
3 0.005761843790012804
0 0.005121638924455826
doc : 4
6 0.7609819121447029
3 0.05813953488372093
1 0.04909560723514212
5 0.047803617571059435
2 0.02583979328165375
7 0.016795865633074936
4 0.012919896640826874
9 0.011627906976744186
0 0.0103359173126615
8 0.006459948320413437
doc : 5
7 0.4614485981308411
2 0.2850467289719626
5 0.08761682242990654
4 0.04088785046728972
1 0.037383177570093455
6 0.02803738317757009
8 0.017523364485981307
3 0.017523364485981307
0 0.012850467289719626
9 0.011682242990654205
doc : 6
2 0.7481012658227848
0 0.0670886075949367
5 0.03670886075949367
8 0.03164556962025317
9 0.02911392405063291
4 0.02278481012658228
3 0.0189873417721519
1 0.016455696202531647
7 0.01518987341772152
6 0.013924050632911392
doc : 7
3 0.5053763440860215
7 0.3428912783751493
5 0.04540023894862604
6 0.027479091995221024
4 0.027479091995221024
2 0.01194743130227001
1 0.01194743130227001
0 0.01075268817204301
9 0.009557945041816009
8 0.007168458781362007
doc : 8
8 0.8502415458937198
0 0.028985507246376812
7 0.024154589371980676
1 0.017713365539452495
2 0.01610305958132045
6 0.014492753623188406
5 0.014492753623188406
4 0.014492753623188406
9 0.00966183574879227
3 0.00966183574879227
doc : 9
9 0.1
8 0.1
7 0.1
6 0.1
5 0.1
4 0.1
3 0.1
2 0.1
1 0.1
0 0.1
doc : 10
9 0.9780739466895959
2 0.0030094582975064487
8 0.0025795356835769563
7 0.0025795356835769563
4 0.0025795356835769563
1 0.0025795356835769563
6 0.0021496130696474634
5 0.0021496130696474634
3 0.0021496130696474634
0 0.0021496130696474634
doc : 11
2 0.660655737704918
7 0.12131147540983607
5 0.054098360655737705
6 0.036065573770491806
9 0.02622950819672131
4 0.02459016393442623
0 0.02459016393442623
8 0.019672131147540982
1 0.019672131147540982
3 0.013114754098360656
doc : 12
8 0.8020565552699228
4 0.033419023136246784
7 0.025706940874035987
3 0.02313624678663239
5 0.02056555269922879
2 0.02056555269922879
1 0.02056555269922879
0 0.02056555269922879
6 0.01799485861182519
9 0.015424164524421594
doc : 13
8 0.8633720930232558
0 0.04796511627906977
4 0.015988372093023256
2 0.014534883720930232
5 0.011627906976744186
1 0.011627906976744186
9 0.010174418604651164
6 0.00872093023255814
3 0.00872093023255814
7 0.007267441860465116
doc : 14
8 0.8775933609958506
0 0.02074688796680498
5 0.01867219917012448
4 0.014522821576763486
1 0.014522821576763486
2 0.012448132780082988
9 0.01037344398340249
7 0.01037344398340249
6 0.01037344398340249
3 0.01037344398340249
doc : 15
8 0.7860576923076924
2 0.05528846153846154
0 0.038461538461538464
7 0.021634615384615384
4 0.021634615384615384
9 0.019230769230769232
1 0.01682692307692308
6 0.014423076923076924
5 0.014423076923076924
3 0.01201923076923077
doc : 16
2 0.531055900621118
7 0.20186335403726707
9 0.043478260869565216
5 0.043478260869565216
0 0.043478260869565216
6 0.03105590062111801
1 0.03105590062111801
4 0.02795031055900621
8 0.024844720496894408
3 0.021739130434782608
doc : 17
5 0.6303664921465969
2 0.13089005235602097
7 0.07643979057591624
0 0.043979057591623044
4 0.026178010471204192
6 0.025130890052356025
1 0.020942408376963352
8 0.01884816753926702
9 0.01780104712041885
3 0.00942408376963351
doc : 18
0 0.8417945690672963
8 0.07792207792207792
4 0.012987012987012986
2 0.012987012987012986
6 0.01062573789846517
1 0.01062573789846517
9 0.009445100354191263
7 0.008264462809917356
5 0.008264462809917356
3 0.007083825265643447
doc : 19
4 0.6972972972972973
0 0.04864864864864865
3 0.043243243243243246
7 0.032432432432432434
6 0.032432432432432434
5 0.032432432432432434
2 0.032432432432432434
9 0.02702702702702703
8 0.02702702702702703
1 0.02702702702702703
doc : 20
7 0.7290372670807453
2 0.17701863354037267
1 0.02795031055900621
5 0.022515527950310556
8 0.009316770186335404
4 0.009316770186335404
9 0.006987577639751552
3 0.006987577639751552
6 0.006211180124223602
0 0.004658385093167702
doc : 21
9 0.978298611111111
5 0.003038194444444444
4 0.003038194444444444
7 0.0026041666666666665
8 0.002170138888888889
6 0.002170138888888889
3 0.002170138888888889
2 0.002170138888888889
1 0.002170138888888889
0 0.002170138888888889
doc : 22
1 0.32
3 0.09333333333333334
0 0.09333333333333334
8 0.08
4 0.08
9 0.06666666666666667
7 0.06666666666666667
6 0.06666666666666667
5 0.06666666666666667
2 0.06666666666666667
doc : 23
1 0.3066666666666667
4 0.09333333333333334
8 0.08
7 0.08
3 0.08
2 0.08
0 0.08
9 0.06666666666666667
6 0.06666666666666667
5 0.06666666666666667
doc : 24
7 0.352549889135255
5 0.18625277161862527
2 0.164079822616408
4 0.08425720620842572
1 0.07982261640798226
6 0.037694013303769404
3 0.037694013303769404
9 0.019955654101995565
8 0.019955654101995565
0 0.017738359201773836
doc : 25
4 0.6014669926650367
3 0.10268948655256724
0 0.07334963325183375
2 0.05134474327628362
8 0.03667481662591687
5 0.03667481662591687
6 0.029339853300733496
1 0.02689486552567237
7 0.022004889975550123
9 0.019559902200488997
doc : 26
5 0.6493506493506493
2 0.08311688311688312
7 0.07272727272727272
0 0.06233766233766234
6 0.03636363636363636
4 0.02857142857142857
3 0.01818181818181818
1 0.01818181818181818
9 0.015584415584415584
8 0.015584415584415584
doc : 27
8 0.8721264367816092
0 0.035919540229885055
4 0.015804597701149427
6 0.014367816091954023
3 0.014367816091954023
2 0.011494252873563218
1 0.011494252873563218
9 0.010057471264367816
7 0.007183908045977011
5 0.007183908045977011
doc : 28
8 0.4381067961165048
0 0.433252427184466
4 0.023058252427184463
5 0.021844660194174755
1 0.021844660194174755
7 0.01820388349514563
2 0.014563106796116504
3 0.010922330097087377
6 0.009708737864077669
9 0.00849514563106796
doc : 29
8 0.8932806324110671
5 0.017786561264822132
3 0.01383399209486166
0 0.01383399209486166
4 0.011857707509881422
9 0.009881422924901184
7 0.009881422924901184
6 0.009881422924901184
2 0.009881422924901184
1 0.009881422924901184
doc : 30
4 0.4244897959183674
6 0.2122448979591837
3 0.06938775510204082
1 0.06938775510204082
0 0.06122448979591837
8 0.05714285714285715
7 0.0326530612244898
2 0.028571428571428574
5 0.02448979591836735
9 0.020408163265306124
doc : 31
4 0.6000000000000001
3 0.08
2 0.060000000000000005
7 0.04666666666666667
8 0.04
5 0.04
9 0.03333333333333333
6 0.03333333333333333
1 0.03333333333333333
0 0.03333333333333333
doc : 32
9 0.9776632302405498
5 0.0030068728522336767
8 0.002577319587628866
6 0.002577319587628866
4 0.002577319587628866
1 0.002577319587628866
0 0.002577319587628866
7 0.002147766323024055
3 0.002147766323024055
2 0.002147766323024055
doc : 33
8 0.8095238095238095
0 0.029304029304029304
9 0.021978021978021976
6 0.021978021978021976
5 0.021978021978021976
2 0.021978021978021976
7 0.018315018315018316
4 0.018315018315018316
3 0.018315018315018316
1 0.018315018315018316
doc : 34
8 0.8087167070217918
2 0.06295399515738499
0 0.02421307506053269
7 0.01694915254237288
5 0.01694915254237288
1 0.01694915254237288
9 0.014527845036319613
6 0.014527845036319613
4 0.012106537530266345
3 0.012106537530266345
doc : 35
8 0.5269320843091335
6 0.37236533957845436
0 0.03395784543325527
3 0.011709601873536299
2 0.011709601873536299
1 0.011709601873536299
9 0.00819672131147541
7 0.00819672131147541
4 0.00819672131147541
5 0.00702576112412178
doc : 36
8 0.7389830508474576
7 0.05084745762711864
1 0.03389830508474576
4 0.030508474576271184
3 0.02711864406779661
2 0.02711864406779661
0 0.02711864406779661
6 0.023728813559322035
9 0.020338983050847456
5 0.020338983050847456
doc : 37
8 0.8415300546448088
9 0.02459016393442623
6 0.02185792349726776
0 0.02185792349726776
5 0.01912568306010929
7 0.01639344262295082
4 0.01366120218579235
3 0.01366120218579235
2 0.01366120218579235
1 0.01366120218579235
doc : 38
0 0.9092024539877301
8 0.025766871165644172
4 0.0147239263803681
6 0.0098159509202454
9 0.00736196319018405
7 0.00736196319018405
1 0.00736196319018405
5 0.006134969325153374
3 0.006134969325153374
2 0.006134969325153374
doc : 39
1 0.29333333333333333
4 0.10666666666666667
0 0.09333333333333334
8 0.08
3 0.08
2 0.08
9 0.06666666666666667
7 0.06666666666666667
6 0.06666666666666667
5 0.06666666666666667
doc : 40
1 0.29333333333333333
4 0.10666666666666667
8 0.09333333333333334
5 0.08
2 0.08
0 0.08
9 0.06666666666666667
7 0.06666666666666667
6 0.06666666666666667
3 0.06666666666666667
doc : 41
1 0.3066666666666667
4 0.09333333333333334
0 0.09333333333333334
9 0.08
8 0.08
5 0.08
7 0.06666666666666667
6 0.06666666666666667
3 0.06666666666666667
2 0.06666666666666667
doc : 42
4 0.707936507936508
3 0.05714285714285714
9 0.044444444444444446
7 0.04126984126984127
2 0.031746031746031744
0 0.031746031746031744
6 0.025396825396825397
1 0.022222222222222223
8 0.01904761904761905
5 0.01904761904761905
doc : 43
9 0.9772532188841201
7 0.003004291845493562
0 0.003004291845493562
8 0.0025751072961373387
5 0.0025751072961373387
4 0.0025751072961373387
1 0.0025751072961373387
6 0.002145922746781116
3 0.002145922746781116
2 0.002145922746781116
doc : 44
8 0.7934782608695652
0 0.036231884057971016
5 0.028985507246376812
9 0.021739130434782608
7 0.021739130434782608
4 0.021739130434782608
2 0.021739130434782608
6 0.018115942028985508
3 0.018115942028985508
1 0.018115942028985508
doc : 45
8 0.884453781512605
9 0.01680672268907563
0 0.01680672268907563
2 0.014705882352941176
4 0.012605042016806723
3 0.012605042016806723
7 0.010504201680672268
6 0.010504201680672268
5 0.010504201680672268
1 0.010504201680672268
doc : 46
8 0.8002309468822171
5 0.06466512702078522
0 0.028868360277136258
7 0.020785219399538105
4 0.019630484988452657
3 0.018475750577367205
2 0.013856812933025403
6 0.012702078521939953
1 0.011547344110854504
9 0.009237875288683603
doc : 47
7 0.6804511278195489
2 0.10150375939849623
5 0.09398496240601503
1 0.03132832080200501
4 0.020050125313283207
0 0.018796992481203006
8 0.016290726817042606
6 0.016290726817042606
3 0.013784461152882205
9 0.007518796992481203
doc : 48
7 0.7233333333333334
5 0.085
2 0.055
0 0.030000000000000002
4 0.025
6 0.021666666666666667
1 0.021666666666666667
9 0.015000000000000001
8 0.013333333333333334
3 0.01
doc : 49
1 0.29333333333333333
5 0.09333333333333334
4 0.09333333333333334
0 0.09333333333333334
8 0.08
7 0.08
9 0.06666666666666667
6 0.06666666666666667
3 0.06666666666666667
2 0.06666666666666667
