doc : 0
3 0.8436213991769547
6 0.03155006858710562
2 0.027434842249657063
9 0.019204389574759943
7 0.01783264746227709
4 0.01783264746227709
1 0.015089163237311385
5 0.012345679012345678
0 0.008230452674897118
8 0.006858710562414266
doc : 1
3 0.8909090909090909
5 0.02727272727272727
2 0.014285714285714285
9 0.012987012987012988
8 0.012987012987012988
6 0.01038961038961039
1 0.00909090909090909
4 0.007792207792207792
0 0.007792207792207792
7 0.006493506493506494
doc : 2
2 0.8303640588690938
6 0.09217660728117738
3 0.026336173508907827
1 0.010844306738962046
7 0.010069713400464756
9 0.0077459333849728895
5 0.0077459333849728895
0 0.005422153369481023
8 0.004647560030983734
4 0.004647560030983734
doc : 3
7 0.5435897435897435
2 0.2247863247863248
6 0.12991452991452992
3 0.039316239316239315
5 0.021367521367521368
9 0.011965811965811965
8 0.011965811965811965
1 0.0059829059829059825
0 0.0059829059829059825
4 0.005128205128205128
doc : 4
9 0.8020050125313283
5 0.03258145363408521
2 0.03258145363408521
7 0.02506265664160401
3 0.02506265664160401
6 0.020050125313283207
8 0.017543859649122806
4 0.017543859649122806
1 0.015037593984962405
0 0.012531328320802004
doc : 5
9 0.7947598253275109
1 0.07860262008733623
8 0.01965065502183406
5 0.01965065502183406
7 0.015283842794759825
6 0.015283842794759825
4 0.015283842794759825
3 0.015283842794759825
2 0.013100436681222707
0 0.013100436681222707
doc : 6
9 0.8184143222506395
2 0.03324808184143223
7 0.030690537084398978
4 0.020460358056265986
8 0.01790281329923274
5 0.01790281329923274
6 0.015345268542199489
3 0.015345268542199489
1 0.015345268542199489
0 0.015345268542199489
doc : 7
6 0.9009146341463415
2 0.01676829268292683
3 0.01600609756097561
1 0.013719512195121951
5 0.009908536585365854
4 0.009908536585365854
9 0.009146341463414635
8 0.009146341463414635
7 0.009146341463414635
0 0.005335365853658537
doc : 8
6 0.7767722473604826
2 0.09250879839115132
8 0.033685268979386625
7 0.022121669180492708
1 0.021116138763197585
3 0.01608848667672197
0 0.011563599798893915
5 0.01005530417295123
9 0.009049773755656108
4 0.0070387129210658615
doc : 9
1 0.9560265738690288
7 0.0085416007592534
4 0.005378044922492882
9 0.00506168933881683
8 0.00506168933881683
3 0.00506168933881683
0 0.004428978171464726
5 0.0037962670041126224
2 0.0037962670041126224
6 0.002847200253084467
doc : 10
9 0.8491048593350384
7 0.023017902813299233
2 0.023017902813299233
3 0.01790281329923274
8 0.015345268542199489
6 0.015345268542199489
5 0.015345268542199489
4 0.015345268542199489
1 0.012787723785166242
0 0.012787723785166242
doc : 11
7 0.5659928656361474
3 0.10463733650416171
6 0.08799048751486326
5 0.06658739595719382
2 0.0535077288941736
8 0.04161712247324613
4 0.03329369797859691
1 0.019024970273483946
9 0.016646848989298454
0 0.010701545778834719
doc : 12
7 0.8466947960618847
0 0.02250351617440225
1 0.01969057665260197
9 0.01828410689170183
6 0.01828410689170183
3 0.01828410689170183
4 0.015471167369901548
5 0.014064697609001406
2 0.014064697609001406
8 0.012658227848101266
doc : 13
9 0.9461077844311377
1 0.008233532934131737
0 0.008233532934131737
8 0.0074850299401197605
4 0.005988023952095809
3 0.005988023952095809
2 0.005239520958083833
7 0.004491017964071857
5 0.004491017964071857
6 0.0037425149700598802
doc : 14
4 0.9043556353839245
3 0.02334979793444095
8 0.017512348450830714
7 0.01347103726986978
9 0.009429726088908845
6 0.008531656937584193
5 0.007633587786259542
2 0.007184553210597216
1 0.0044903457566232595
0 0.004041311180960933
doc : 15
8 0.42857142857142855
3 0.19298245614035087
7 0.08771929824561403
2 0.08771929824561403
0 0.06516290726817042
6 0.03508771929824561
4 0.03007518796992481
5 0.02756892230576441
9 0.022556390977443608
1 0.022556390977443608
doc : 16
5 0.4784688995215311
0 0.13875598086124402
7 0.07177033492822966
8 0.06220095693779904
9 0.04784688995215311
6 0.04784688995215311
4 0.03827751196172249
3 0.03827751196172249
2 0.03827751196172249
1 0.03827751196172249
doc : 17
4 0.8608870967741935
0 0.028225806451612902
9 0.02217741935483871
7 0.016129032258064516
1 0.016129032258064516
3 0.014112903225806451
2 0.012096774193548387
8 0.010080645161290322
6 0.010080645161290322
5 0.010080645161290322
doc : 18
1 0.800982800982801
6 0.07002457002457002
8 0.04176904176904177
3 0.018427518427518427
2 0.018427518427518427
7 0.013513513513513513
4 0.011056511056511056
0 0.009828009828009828
5 0.0085995085995086
9 0.007371007371007371
doc : 19
8 0.21428571428571427
4 0.12244897959183673
9 0.11224489795918366
3 0.11224489795918366
5 0.09183673469387754
7 0.08163265306122448
2 0.08163265306122448
6 0.07142857142857142
1 0.061224489795918366
0 0.0510204081632653
doc : 20
4 0.8725868725868726
1 0.02316602316602317
9 0.015444015444015444
6 0.015444015444015444
0 0.015444015444015444
7 0.013513513513513514
2 0.013513513513513514
8 0.011583011583011584
5 0.009652509652509652
3 0.009652509652509652
doc : 21
9 0.9541008276899925
8 0.006019563581640331
6 0.006019563581640331
0 0.006019563581640331
7 0.005267118133935289
4 0.005267118133935289
5 0.004514672686230248
2 0.004514672686230248
1 0.004514672686230248
3 0.003762227238525207
doc : 22
7 0.48136645962732916
4 0.12732919254658384
9 0.11801242236024843
8 0.05590062111801242
3 0.043478260869565216
6 0.040372670807453416
5 0.037267080745341616
0 0.037267080745341616
2 0.03105590062111801
1 0.02795031055900621
doc : 23
2 0.8972929936305732
6 0.019108280254777073
7 0.01751592356687898
1 0.01751592356687898
8 0.01035031847133758
4 0.01035031847133758
5 0.00875796178343949
3 0.00875796178343949
9 0.005573248407643313
0 0.004777070063694268
doc : 24
2 0.9349701393497014
3 0.012607830126078301
7 0.008626410086264101
1 0.008626410086264101
8 0.0072992700729927005
5 0.0072992700729927005
6 0.006635700066357001
4 0.005972130059721301
0 0.0046449900464499
9 0.0033178500331785005
doc : 25
8 0.8571428571428572
2 0.0272108843537415
0 0.018140589569160998
7 0.015873015873015872
4 0.015873015873015872
3 0.015873015873015872
5 0.01360544217687075
1 0.01360544217687075
9 0.011337868480725623
6 0.011337868480725623
doc : 26
8 0.7701317715959004
6 0.06881405563689605
7 0.03953147877013177
4 0.021961932650073207
1 0.021961932650073207
2 0.01903367496339678
3 0.017569546120058566
9 0.014641288433382138
0 0.014641288433382138
5 0.01171303074670571
doc : 27
5 0.569078947368421
8 0.10197368421052631
9 0.09210526315789473
3 0.0805921052631579
4 0.041118421052631575
7 0.029605263157894735
1 0.02796052631578947
0 0.023026315789473683
2 0.019736842105263157
6 0.014802631578947368
doc : 28
9 0.7435897435897436
2 0.04895104895104895
3 0.04428904428904429
7 0.03496503496503497
4 0.03263403263403263
5 0.02564102564102564
6 0.02097902097902098
0 0.018648018648018648
8 0.016317016317016316
1 0.013986013986013986
doc : 29
0 0.6246648793565683
8 0.13136729222520108
2 0.07238605898123325
3 0.040214477211796246
5 0.03753351206434316
7 0.021447721179624665
6 0.021447721179624665
9 0.01876675603217158
4 0.0160857908847185
1 0.0160857908847185
doc : 30
8 0.8401826484018264
2 0.0365296803652968
0 0.02511415525114155
9 0.01598173515981735
7 0.01598173515981735
5 0.01598173515981735
4 0.0136986301369863
1 0.0136986301369863
6 0.01141552511415525
3 0.01141552511415525
doc : 31
8 0.8710407239819006
2 0.022624434389140274
0 0.01809954751131222
7 0.015837104072398193
9 0.013574660633484163
6 0.013574660633484163
5 0.011312217194570137
4 0.011312217194570137
3 0.011312217194570137
1 0.011312217194570137
doc : 32
0 0.8404344193817878
5 0.03842940685045948
7 0.025898078529657476
4 0.025898078529657476
6 0.01921470342522974
8 0.014202172096908938
1 0.013366750208855471
9 0.009189640768588136
3 0.006683375104427736
2 0.006683375104427736
doc : 33
0 0.9736425935687929
3 0.003690036900369004
2 0.003690036900369004
7 0.0031628887717448607
9 0.002635740643120717
8 0.002635740643120717
6 0.002635740643120717
5 0.002635740643120717
4 0.002635740643120717
1 0.002635740643120717
doc : 34
8 0.18579234972677597
9 0.15846994535519127
4 0.12021857923497267
7 0.11475409836065574
0 0.11475409836065574
5 0.08743169398907104
3 0.08743169398907104
2 0.060109289617486336
1 0.03825136612021858
6 0.03278688524590164
doc : 35
5 0.8525641025641026
2 0.04914529914529915
3 0.02991452991452992
1 0.01388888888888889
4 0.010683760683760684
0 0.010683760683760684
7 0.009615384615384616
6 0.009615384615384616
8 0.008547008547008548
9 0.005341880341880342
doc : 36
8 0.6414473684210525
7 0.0756578947368421
3 0.0625
5 0.042763157894736836
4 0.03618421052631579
1 0.03618421052631579
6 0.03289473684210526
9 0.029605263157894735
0 0.02631578947368421
2 0.01644736842105263
doc : 37
8 0.49836065573770494
2 0.12131147540983607
7 0.09180327868852459
3 0.06557377049180328
1 0.04918032786885246
6 0.04590163934426229
5 0.039344262295081964
0 0.036065573770491806
4 0.029508196721311476
9 0.022950819672131147
doc : 38
7 0.8115942028985508
1 0.040257648953301126
0 0.027375201288244767
3 0.02576489533011272
8 0.01932367149758454
9 0.017713365539452495
6 0.017713365539452495
4 0.017713365539452495
5 0.01288244766505636
2 0.00966183574879227
doc : 39
0 0.931259044862518
8 0.02568740955137482
4 0.007959479015918957
2 0.0075976845151953685
7 0.006874095513748191
5 0.006512301013024601
6 0.0043415340086830675
3 0.003979739507959479
9 0.002894356005788712
1 0.002894356005788712
doc : 40
5 0.49222797927461137
0 0.33160621761658027
8 0.08082901554404144
1 0.01865284974093264
6 0.017616580310880828
4 0.015544041450777202
3 0.015544041450777202
7 0.012435233160621761
2 0.008290155440414507
9 0.007253886010362694
doc : 41
0 0.9717948717948718
7 0.004615384615384615
9 0.0035897435897435897
2 0.0035897435897435897
5 0.003076923076923077
3 0.003076923076923077
8 0.002564102564102564
6 0.002564102564102564
4 0.002564102564102564
1 0.002564102564102564
doc : 42
0 0.9712082262210796
6 0.004113110539845758
7 0.0035989717223650383
3 0.0035989717223650383
9 0.0030848329048843185
5 0.0030848329048843185
2 0.0030848329048843185
1 0.0030848329048843185
8 0.002570694087403599
4 0.002570694087403599
doc : 43
3 0.8880407124681935
9 0.02162849872773537
2 0.020356234096692113
8 0.012722646310432571
5 0.011450381679389315
4 0.011450381679389315
7 0.010178117048346057
1 0.008905852417302799
6 0.0076335877862595426
0 0.0076335877862595426
doc : 44
3 0.7413479052823315
2 0.08196721311475409
9 0.04007285974499089
8 0.0273224043715847
6 0.023679417122040074
5 0.02185792349726776
4 0.02185792349726776
7 0.014571948998178506
0 0.014571948998178506
1 0.012750455373406192
doc : 45
9 0.814498933901919
1 0.04051172707889126
5 0.0255863539445629
4 0.023454157782515993
0 0.023454157782515993
3 0.019189765458422173
6 0.017057569296375266
8 0.01279317697228145
2 0.01279317697228145
7 0.010660980810234541
doc : 46
0 0.34294871794871795
7 0.3381410256410256
5 0.08653846153846154
8 0.07692307692307693
4 0.05448717948717949
6 0.02564102564102564
1 0.024038461538461536
3 0.020833333333333332
9 0.017628205128205128
2 0.01282051282051282
doc : 47
7 0.8491525423728813
2 0.0288135593220339
8 0.02542372881355932
1 0.01694915254237288
6 0.015254237288135592
4 0.015254237288135592
5 0.013559322033898305
9 0.011864406779661017
3 0.011864406779661017
0 0.011864406779661017
doc : 48
2 0.906288532675709
8 0.02219482120838471
0 0.013563501849568435
5 0.009864364981504316
4 0.009864364981504316
6 0.008631319358816277
9 0.007398273736128237
7 0.007398273736128237
3 0.007398273736128237
1 0.007398273736128237
doc : 49
3 0.7469670710571923
1 0.036395147313691506
9 0.03292894280762565
8 0.031195840554592718
4 0.02946273830155979
5 0.02772963604852686
7 0.025996533795493933
2 0.025996533795493933
0 0.022530329289428074
6 0.020797227036395145
