doc : 0
9 0.5949820788530465
2 0.14695340501792115
5 0.053763440860215055
7 0.043010752688172046
1 0.043010752688172046
6 0.03225806451612903
4 0.025089605734767026
8 0.021505376344086023
0 0.021505376344086023
3 0.017921146953405017
doc : 1
3 0.9332477535301669
7 0.008985879332477534
6 0.008985879332477534
9 0.007702182284980744
4 0.007702182284980744
0 0.007702182284980744
8 0.006418485237483953
5 0.006418485237483953
2 0.006418485237483953
1 0.006418485237483953
doc : 2
3 0.9277266754270697
0 0.011826544021024968
6 0.009198423127463863
4 0.009198423127463863
2 0.009198423127463863
9 0.00657030223390276
8 0.00657030223390276
7 0.00657030223390276
5 0.00657030223390276
1 0.00657030223390276
doc : 3
3 0.9326424870466321
0 0.010362694300518135
6 0.009067357512953369
2 0.007772020725388601
1 0.007772020725388601
9 0.006476683937823835
8 0.006476683937823835
7 0.006476683937823835
5 0.006476683937823835
4 0.006476683937823835
doc : 4
1 0.663013698630137
0 0.07397260273972603
4 0.04657534246575343
7 0.0410958904109589
9 0.03561643835616438
6 0.03287671232876713
3 0.03287671232876713
2 0.03287671232876713
5 0.021917808219178082
8 0.019178082191780823
doc : 5
9 0.6283783783783784
7 0.07094594594594594
3 0.0641891891891892
1 0.0641891891891892
6 0.037162162162162164
2 0.033783783783783786
8 0.030405405405405407
4 0.030405405405405407
5 0.02364864864864865
0 0.016891891891891893
doc : 6
4 0.16379310344827586
3 0.15517241379310345
1 0.12931034482758622
9 0.12068965517241378
2 0.09482758620689655
8 0.08620689655172414
0 0.08620689655172414
6 0.06896551724137931
5 0.05172413793103448
7 0.04310344827586207
doc : 7
7 0.4530386740331491
8 0.09944751381215469
2 0.08287292817679558
5 0.06077348066298342
1 0.06077348066298342
4 0.055248618784530384
3 0.055248618784530384
9 0.049723756906077346
0 0.049723756906077346
6 0.03314917127071823
doc : 8
7 0.471830985915493
9 0.09154929577464789
4 0.08450704225352113
6 0.06338028169014084
2 0.056338028169014086
1 0.056338028169014086
8 0.04929577464788733
0 0.04929577464788733
5 0.04225352112676056
3 0.035211267605633804
doc : 9
0 0.281767955801105
3 0.13259668508287292
7 0.11602209944751381
1 0.11602209944751381
5 0.08839779005524862
8 0.06629834254143646
9 0.055248618784530384
6 0.055248618784530384
2 0.049723756906077346
4 0.03867403314917127
doc : 10
8 0.3170731707317074
7 0.10569105691056911
3 0.0894308943089431
2 0.0813008130081301
0 0.0813008130081301
9 0.07317073170731708
6 0.07317073170731708
5 0.06504065040650407
1 0.06504065040650407
4 0.04878048780487805
doc : 11
9 0.6308243727598566
2 0.11469534050179211
1 0.053763440860215055
5 0.043010752688172046
7 0.035842293906810034
6 0.035842293906810034
8 0.03225806451612903
4 0.017921146953405017
3 0.017921146953405017
0 0.017921146953405017
doc : 12
0 0.6507936507936507
7 0.06746031746031746
9 0.04365079365079365
4 0.04365079365079365
3 0.04365079365079365
5 0.03571428571428571
2 0.03571428571428571
1 0.031746031746031744
6 0.027777777777777776
8 0.01984126984126984
doc : 13
1 0.675531914893617
0 0.05585106382978723
7 0.047872340425531915
9 0.045212765957446804
8 0.0398936170212766
4 0.03723404255319149
5 0.026595744680851064
3 0.026595744680851064
2 0.023936170212765957
6 0.02127659574468085
doc : 14
8 0.4967741935483871
9 0.08387096774193549
7 0.07741935483870968
5 0.07741935483870968
1 0.05806451612903226
2 0.05161290322580645
4 0.04516129032258064
3 0.03870967741935484
0 0.03870967741935484
6 0.03225806451612903
doc : 15
8 0.4153846153846154
9 0.08461538461538462
7 0.08461538461538462
4 0.06923076923076923
3 0.06923076923076923
2 0.06923076923076923
5 0.06153846153846154
6 0.05384615384615385
1 0.046153846153846156
0 0.046153846153846156
doc : 16
8 0.437125748502994
7 0.125748502994012
1 0.125748502994012
2 0.05389221556886228
9 0.04790419161676647
6 0.04790419161676647
5 0.04790419161676647
3 0.04191616766467066
4 0.035928143712574856
0 0.035928143712574856
doc : 17
8 0.38202247191011235
7 0.0898876404494382
3 0.07865168539325842
9 0.06741573033707865
6 0.06741573033707865
4 0.06741573033707865
1 0.06741573033707865
0 0.06741573033707865
5 0.056179775280898875
2 0.056179775280898875
doc : 18
7 0.5192307692307692
2 0.16987179487179488
1 0.0641025641025641
3 0.05769230769230769
9 0.04807692307692307
0 0.04807692307692307
5 0.02564102564102564
4 0.02564102564102564
6 0.022435897435897436
8 0.019230769230769232
doc : 19
2 0.2517985611510791
7 0.18705035971223022
9 0.12949640287769784
1 0.11510791366906475
5 0.07913669064748202
6 0.05755395683453238
3 0.05035971223021583
0 0.05035971223021583
8 0.04316546762589928
4 0.03597122302158273
doc : 20
8 0.6384615384615384
7 0.10256410256410256
0 0.07435897435897436
9 0.035897435897435895
2 0.035897435897435895
1 0.03076923076923077
5 0.023076923076923078
6 0.020512820512820513
4 0.020512820512820513
3 0.017948717948717947
doc : 21
4 0.7995418098510882
2 0.046964490263459335
5 0.041237113402061855
0 0.025200458190148912
7 0.021764032073310426
9 0.01718213058419244
6 0.016036655211912946
3 0.013745704467353952
8 0.012600229095074456
1 0.00572737686139748
doc : 22
2 0.5364077669902912
5 0.28640776699029125
9 0.029126213592233007
7 0.02427184466019417
3 0.02427184466019417
1 0.02427184466019417
0 0.021844660194174755
4 0.019417475728155338
8 0.01699029126213592
6 0.01699029126213592
doc : 23
2 0.8910648714810281
5 0.029375764993880046
4 0.013463892288861688
0 0.013463892288861688
1 0.011015911872705017
8 0.009791921664626682
7 0.009791921664626682
3 0.008567931456548347
6 0.007343941248470012
9 0.006119951040391676
doc : 24
2 0.639344262295082
5 0.15300546448087432
7 0.03825136612021858
3 0.03825136612021858
4 0.03551912568306011
6 0.02185792349726776
1 0.02185792349726776
0 0.02185792349726776
9 0.01639344262295082
8 0.01366120218579235
doc : 25
8 0.7537993920972644
7 0.06382978723404255
9 0.03343465045592705
4 0.030395136778115502
2 0.030395136778115502
6 0.0182370820668693
3 0.0182370820668693
1 0.0182370820668693
0 0.0182370820668693
5 0.015197568389057751
doc : 26
8 0.3804347826086956
9 0.08695652173913043
7 0.08695652173913043
6 0.07608695652173914
2 0.07608695652173914
5 0.06521739130434782
0 0.06521739130434782
4 0.05434782608695652
3 0.05434782608695652
1 0.05434782608695652
doc : 27
8 0.48739495798319327
6 0.09243697478991596
1 0.06722689075630252
0 0.06722689075630252
9 0.058823529411764705
7 0.05042016806722689
2 0.05042016806722689
5 0.04201680672268907
4 0.04201680672268907
3 0.04201680672268907
doc : 28
8 0.46153846153846156
7 0.08461538461538462
5 0.07692307692307693
9 0.06923076923076923
4 0.06923076923076923
1 0.05384615384615385
0 0.05384615384615385
6 0.046153846153846156
2 0.046153846153846156
3 0.038461538461538464
doc : 29
8 0.5864661654135338
0 0.09398496240601503
6 0.05639097744360902
1 0.05263157894736842
2 0.04887218045112782
4 0.045112781954887216
5 0.03759398496240601
9 0.03007518796992481
3 0.03007518796992481
7 0.018796992481203006
doc : 30
7 0.4647887323943662
1 0.12206572769953052
8 0.09389671361502347
9 0.07981220657276995
4 0.051643192488262914
0 0.051643192488262914
2 0.046948356807511735
5 0.03286384976525822
6 0.028169014084507043
3 0.028169014084507043
doc : 31
5 0.7689345314505777
2 0.08472400513478819
7 0.03337612323491656
6 0.01925545571245186
4 0.01925545571245186
3 0.01925545571245186
1 0.01925545571245186
0 0.014120667522464696
9 0.012836970474967907
8 0.008985879332477534
doc : 32
8 0.5207100591715976
0 0.09763313609467456
7 0.07988165680473372
9 0.06804733727810651
2 0.0621301775147929
5 0.047337278106508875
3 0.04142011834319526
1 0.04142011834319526
6 0.02071005917159763
4 0.02071005917159763
doc : 33
8 0.7073825503355704
7 0.10067114093959731
0 0.04161073825503356
2 0.036241610738255034
9 0.0348993288590604
1 0.022818791946308724
3 0.01879194630872483
6 0.013422818791946308
5 0.012080536912751677
4 0.012080536912751677
doc : 34
0 0.8393881453154876
2 0.033460803059273424
1 0.027724665391969407
3 0.02294455066921606
7 0.018164435946462713
4 0.017208413001912046
9 0.012428298279158699
8 0.010516252390057362
6 0.009560229445506692
5 0.008604206500956023
doc : 35
7 0.28378378378378377
5 0.0945945945945946
1 0.0945945945945946
9 0.08108108108108109
8 0.08108108108108109
4 0.08108108108108109
0 0.08108108108108109
6 0.06756756756756757
3 0.06756756756756757
2 0.06756756756756757
doc : 36
7 0.3905579399141631
5 0.18454935622317598
2 0.17167381974248927
4 0.047210300429184546
0 0.04291845493562232
8 0.034334763948497854
6 0.034334763948497854
1 0.034334763948497854
9 0.030042918454935622
3 0.030042918454935622
doc : 37
1 0.826923076923077
7 0.032692307692307694
4 0.023076923076923078
0 0.023076923076923078
8 0.021153846153846155
9 0.019230769230769232
3 0.015384615384615385
6 0.013461538461538462
2 0.013461538461538462
5 0.011538461538461539
doc : 38
5 0.87
7 0.025
6 0.01875
1 0.01625
8 0.015
2 0.015
4 0.0125
9 0.01
0 0.01
3 0.0075
doc : 39
9 0.23493975903614459
7 0.13253012048192772
4 0.11445783132530121
6 0.10240963855421688
8 0.0783132530120482
2 0.0783132530120482
1 0.0783132530120482
5 0.06626506024096386
3 0.060240963855421686
0 0.05421686746987952
doc : 40
6 0.8740157480314961
8 0.017716535433070866
5 0.015748031496062992
3 0.015748031496062992
9 0.013779527559055118
7 0.013779527559055118
1 0.013779527559055118
4 0.011811023622047244
2 0.011811023622047244
0 0.011811023622047244
doc : 41
4 0.7260579064587973
7 0.04899777282850779
8 0.044543429844097995
1 0.04008908685968819
3 0.028953229398663696
2 0.026726057906458794
0 0.026726057906458794
6 0.022271714922048998
5 0.020044543429844096
9 0.015590200445434297
doc : 42
6 0.8458498023715414
7 0.023715415019762844
1 0.021739130434782608
0 0.021739130434782608
9 0.015810276679841896
8 0.015810276679841896
2 0.015810276679841896
4 0.01383399209486166
3 0.01383399209486166
5 0.011857707509881422
doc : 43
6 0.8432835820895522
1 0.022388059701492536
7 0.020522388059701493
4 0.020522388059701493
0 0.018656716417910446
8 0.016791044776119403
2 0.016791044776119403
9 0.014925373134328358
3 0.014925373134328358
5 0.011194029850746268
doc : 44
6 0.8623853211009175
1 0.029357798165137616
3 0.02018348623853211
9 0.014678899082568808
7 0.012844036697247707
4 0.012844036697247707
2 0.012844036697247707
0 0.012844036697247707
8 0.011009174311926606
5 0.011009174311926606
doc : 45
6 0.8752362948960303
2 0.020793950850661626
0 0.01890359168241966
5 0.017013232514177693
9 0.015122873345935728
7 0.011342155009451797
4 0.011342155009451797
3 0.011342155009451797
8 0.00945179584120983
1 0.00945179584120983
doc : 46
6 0.8676748582230625
1 0.02835538752362949
2 0.01890359168241966
9 0.015122873345935728
7 0.013232514177693762
4 0.013232514177693762
3 0.013232514177693762
0 0.011342155009451797
8 0.00945179584120983
5 0.00945179584120983
doc : 47
6 0.8786127167630058
2 0.023121387283236993
1 0.015414258188824663
9 0.01348747591522158
4 0.01348747591522158
3 0.01348747591522158
8 0.011560693641618497
0 0.011560693641618497
7 0.009633911368015413
5 0.009633911368015413
doc : 48
5 0.8114285714285714
4 0.03428571428571429
2 0.03142857142857143
7 0.024285714285714285
6 0.024285714285714285
1 0.018571428571428572
8 0.017142857142857144
9 0.015714285714285715
3 0.012857142857142857
0 0.01
doc : 49
9 0.8716666666666667
5 0.018333333333333333
8 0.016666666666666666
0 0.016666666666666666
7 0.015000000000000001
4 0.015000000000000001
2 0.013333333333333334
6 0.011666666666666667
1 0.011666666666666667
3 0.01
