doc : 0
0 0.903041825095057
9 0.013307984790874524
8 0.011406844106463879
7 0.011406844106463879
5 0.011406844106463879
4 0.011406844106463879
6 0.009505703422053232
3 0.009505703422053232
2 0.009505703422053232
1 0.009505703422053232
doc : 1
3 0.7291666666666666
6 0.05208333333333333
7 0.03819444444444444
4 0.03819444444444444
9 0.027777777777777776
8 0.027777777777777776
2 0.024305555555555552
5 0.020833333333333332
1 0.020833333333333332
0 0.020833333333333332
doc : 2
4 0.6772334293948127
3 0.13256484149855907
8 0.040345821325648415
6 0.02881844380403458
7 0.023054755043227664
5 0.023054755043227664
1 0.023054755043227664
2 0.020172910662824207
0 0.017291066282420747
9 0.01440922190201729
doc : 3
3 0.2909090909090909
4 0.23636363636363636
6 0.07272727272727272
5 0.07272727272727272
9 0.06363636363636363
8 0.06363636363636363
7 0.05454545454545454
2 0.05454545454545454
1 0.045454545454545456
0 0.045454545454545456
doc : 4
4 0.49504950495049505
3 0.19801980198019803
2 0.054455445544554455
7 0.04455445544554455
5 0.04455445544554455
9 0.039603960396039604
6 0.034653465346534656
1 0.034653465346534656
8 0.0297029702970297
0 0.024752475247524754
doc : 5
3 0.3611111111111111
4 0.15277777777777776
9 0.07638888888888888
8 0.07638888888888888
6 0.0625
1 0.0625
0 0.0625
7 0.05555555555555555
5 0.048611111111111105
2 0.041666666666666664
doc : 6
3 0.4342857142857143
5 0.13714285714285715
7 0.12
0 0.06285714285714286
6 0.05142857142857143
8 0.045714285714285714
4 0.04
2 0.04
9 0.03428571428571429
1 0.03428571428571429
doc : 7
7 0.7010309278350516
9 0.07835051546391752
4 0.041237113402061855
8 0.03917525773195876
3 0.03505154639175258
6 0.0288659793814433
2 0.0288659793814433
5 0.018556701030927835
0 0.016494845360824743
1 0.012371134020618558
doc : 8
7 0.5271317829457365
6 0.08527131782945736
9 0.06201550387596899
4 0.05426356589147287
2 0.05426356589147287
1 0.05426356589147287
8 0.046511627906976744
5 0.03875968992248062
3 0.03875968992248062
0 0.03875968992248062
doc : 9
3 0.28113879003558717
8 0.18861209964412812
5 0.12099644128113879
6 0.099644128113879
9 0.07117437722419928
4 0.06761565836298931
1 0.06761565836298931
2 0.03914590747330961
7 0.03558718861209964
0 0.028469750889679714
doc : 10
4 0.8256227758007118
8 0.08659549228944248
6 0.018386714116251483
9 0.01542111506524318
7 0.013048635824436538
3 0.012455516014234877
2 0.008896797153024912
0 0.008896797153024912
5 0.005338078291814947
1 0.005338078291814947
doc : 11
0 0.8992395437262357
6 0.015209125475285171
5 0.013307984790874524
3 0.013307984790874524
4 0.011406844106463879
9 0.009505703422053232
8 0.009505703422053232
7 0.009505703422053232
2 0.009505703422053232
1 0.009505703422053232
doc : 12
4 0.9015873015873016
8 0.018253968253968255
9 0.015873015873015872
6 0.01507936507936508
3 0.014285714285714285
7 0.009523809523809525
2 0.007142857142857143
5 0.006349206349206349
0 0.006349206349206349
1 0.005555555555555556
doc : 13
8 0.3950617283950617
4 0.3117283950617284
9 0.07098765432098765
2 0.06790123456790123
3 0.046296296296296294
6 0.030864197530864196
7 0.023148148148148147
1 0.023148148148148147
5 0.021604938271604937
0 0.009259259259259259
doc : 14
8 0.17333333333333334
5 0.13333333333333333
7 0.12000000000000001
2 0.10666666666666667
1 0.09333333333333334
6 0.08
3 0.08
0 0.08
9 0.06666666666666667
4 0.06666666666666667
doc : 15
3 0.2919254658385093
4 0.13043478260869565
8 0.11180124223602483
6 0.11180124223602483
9 0.08695652173913043
7 0.08695652173913043
0 0.05590062111801242
2 0.049689440993788817
5 0.037267080745341616
1 0.037267080745341616
doc : 16
4 0.6300448430493274
3 0.12780269058295965
8 0.051569506726457395
6 0.04932735426008968
9 0.03587443946188341
5 0.02914798206278027
2 0.02914798206278027
0 0.017937219730941704
7 0.01569506726457399
1 0.013452914798206279
doc : 17
5 0.2025862068965517
8 0.19827586206896552
3 0.15086206896551724
7 0.125
2 0.08620689655172414
9 0.06034482758620689
6 0.06034482758620689
4 0.05603448275862069
1 0.034482758620689655
0 0.02586206896551724
doc : 18
8 0.6354679802955665
4 0.09852216748768473
3 0.04433497536945813
9 0.03940886699507389
7 0.03940886699507389
6 0.03940886699507389
5 0.029556650246305417
2 0.024630541871921183
1 0.024630541871921183
0 0.024630541871921183
doc : 19
2 0.6799468791500664
9 0.13280212483399734
6 0.04780876494023904
7 0.030544488711819386
5 0.029216467463479414
1 0.022576361221779546
4 0.017264276228419653
3 0.01593625498007968
8 0.01195219123505976
0 0.01195219123505976
doc : 20
7 0.8188277087033748
2 0.03907637655417407
8 0.03374777975133215
5 0.021314387211367674
9 0.019538188277087035
6 0.017761989342806393
4 0.015985790408525755
1 0.012433392539964477
3 0.010657193605683837
0 0.010657193605683837
doc : 21
9 0.897503285151117
2 0.01971090670170828
7 0.01445466491458607
4 0.01314060446780552
6 0.011826544021024968
5 0.010512483574244415
0 0.009198423127463863
8 0.00788436268068331
3 0.00788436268068331
1 0.00788436268068331
doc : 22
0 0.903041825095057
9 0.013307984790874524
2 0.013307984790874524
7 0.011406844106463879
6 0.011406844106463879
8 0.009505703422053232
5 0.009505703422053232
4 0.009505703422053232
3 0.009505703422053232
1 0.009505703422053232
doc : 23
6 0.46715328467153283
3 0.19343065693430656
1 0.08029197080291971
4 0.051094890510948905
8 0.043795620437956206
9 0.040145985401459854
7 0.040145985401459854
5 0.029197080291970802
2 0.029197080291970802
0 0.025547445255474453
doc : 24
7 0.4196078431372549
4 0.10196078431372549
2 0.09803921568627451
3 0.07450980392156863
8 0.06666666666666667
6 0.06666666666666667
9 0.050980392156862744
5 0.047058823529411764
1 0.043137254901960784
0 0.03137254901960784
doc : 25
8 0.33884297520661155
3 0.19421487603305787
4 0.15082644628099173
9 0.08471074380165289
2 0.06611570247933884
7 0.05165289256198347
1 0.04132231404958678
5 0.024793388429752067
0 0.024793388429752067
6 0.022727272727272728
doc : 26
8 0.6354679802955665
4 0.08374384236453201
9 0.04926108374384237
3 0.04926108374384237
6 0.034482758620689655
2 0.034482758620689655
1 0.034482758620689655
7 0.029556650246305417
5 0.024630541871921183
0 0.024630541871921183
doc : 27
2 0.4357298474945534
7 0.40958605664488024
1 0.026143790849673207
4 0.02396514161220044
3 0.02396514161220044
9 0.017429193899782137
8 0.017429193899782137
5 0.017429193899782137
0 0.01525054466230937
6 0.013071895424836603
doc : 28
7 0.7613882863340564
8 0.05856832971800434
6 0.03470715835140998
0 0.02819956616052061
3 0.02386117136659436
5 0.021691973969631236
2 0.021691973969631236
9 0.019522776572668113
4 0.015184381778741866
1 0.015184381778741866
doc : 29
7 0.5038759689922481
6 0.12403100775193798
9 0.06201550387596899
2 0.05426356589147287
5 0.046511627906976744
4 0.046511627906976744
1 0.046511627906976744
8 0.03875968992248062
3 0.03875968992248062
0 0.03875968992248062
doc : 30
7 0.4728682170542636
6 0.14728682170542634
9 0.05426356589147287
4 0.05426356589147287
3 0.05426356589147287
8 0.046511627906976744
2 0.046511627906976744
1 0.046511627906976744
5 0.03875968992248062
0 0.03875968992248062
doc : 31
6 0.8937908496732027
3 0.02777777777777778
9 0.014705882352941176
8 0.01388888888888889
4 0.013071895424836602
5 0.010620915032679739
1 0.008169934640522876
7 0.006535947712418301
2 0.006535947712418301
0 0.004901960784313725
doc : 32
5 0.6914893617021276
3 0.05673758865248227
6 0.05319148936170213
7 0.051418439716312055
1 0.03900709219858156
9 0.03368794326241135
4 0.02304964539007092
2 0.02304964539007092
0 0.017730496453900707
8 0.010638297872340425
doc : 33
0 0.903041825095057
2 0.013307984790874524
9 0.011406844106463879
8 0.011406844106463879
5 0.011406844106463879
3 0.011406844106463879
7 0.009505703422053232
6 0.009505703422053232
4 0.009505703422053232
1 0.009505703422053232
doc : 34
2 0.6757575757575758
7 0.08181818181818182
9 0.05757575757575758
4 0.045454545454545456
5 0.03333333333333333
3 0.030303030303030304
1 0.02727272727272727
8 0.01818181818181818
6 0.015151515151515152
0 0.015151515151515152
doc : 35
1 0.42748091603053434
2 0.14694656488549618
8 0.11450381679389313
9 0.10114503816793893
7 0.08396946564885496
6 0.03435114503816794
4 0.03244274809160305
5 0.02099236641221374
3 0.019083969465648856
0 0.019083969465648856
doc : 36
1 0.6718061674008812
2 0.06387665198237887
6 0.061674008810572695
5 0.05726872246696036
8 0.03524229074889868
7 0.030837004405286347
0 0.026431718061674013
9 0.019823788546255508
3 0.019823788546255508
4 0.013215859030837006
doc : 37
4 0.6970509383378016
3 0.11528150134048258
6 0.040214477211796246
8 0.03485254691689008
9 0.021447721179624665
7 0.01876675603217158
5 0.01876675603217158
2 0.01876675603217158
1 0.01876675603217158
0 0.0160857908847185
doc : 38
4 0.7588832487309644
3 0.06091370558375634
7 0.027918781725888322
2 0.027918781725888322
0 0.025380710659898477
9 0.02284263959390863
6 0.02284263959390863
5 0.02030456852791878
8 0.017766497461928932
1 0.015228426395939085
doc : 39
7 0.5597826086956521
2 0.07880434782608696
0 0.07608695652173914
9 0.06793478260869565
8 0.048913043478260865
6 0.04619565217391304
4 0.03804347826086957
3 0.03260869565217391
1 0.02717391304347826
5 0.024456521739130432
doc : 40
3 0.6950549450549451
7 0.0521978021978022
8 0.046703296703296704
5 0.046703296703296704
9 0.04395604395604396
4 0.030219780219780223
6 0.027472527472527476
1 0.027472527472527476
2 0.016483516483516484
0 0.013736263736263738
doc : 41
9 0.8661290322580645
2 0.02258064516129032
7 0.020967741935483872
6 0.017741935483870968
3 0.016129032258064516
5 0.014516129032258065
4 0.012903225806451613
8 0.00967741935483871
1 0.00967741935483871
0 0.00967741935483871
doc : 42
0 0.903041825095057
4 0.013307984790874524
8 0.011406844106463879
6 0.011406844106463879
3 0.011406844106463879
2 0.011406844106463879
9 0.009505703422053232
7 0.009505703422053232
5 0.009505703422053232
1 0.009505703422053232
doc : 43
0 0.9011406844106464
4 0.013307984790874524
8 0.011406844106463879
6 0.011406844106463879
5 0.011406844106463879
3 0.011406844106463879
1 0.011406844106463879
9 0.009505703422053232
7 0.009505703422053232
2 0.009505703422053232
doc : 44
1 0.662027833001988
5 0.10139165009940357
2 0.06560636182902584
6 0.03777335984095427
9 0.03180914512922465
3 0.029821073558648107
8 0.021868787276341946
7 0.021868787276341946
4 0.013916500994035784
0 0.013916500994035784
doc : 45
5 0.7264150943396226
6 0.04716981132075471
4 0.0330188679245283
1 0.0330188679245283
9 0.02830188679245283
7 0.02830188679245283
3 0.02830188679245283
2 0.02830188679245283
8 0.023584905660377357
0 0.023584905660377357
doc : 46
5 0.7906976744186047
3 0.029900332225913623
4 0.026578073089700997
2 0.026578073089700997
0 0.026578073089700997
6 0.023255813953488372
9 0.019933554817275746
7 0.019933554817275746
1 0.019933554817275746
8 0.016611295681063124
doc : 47
9 0.8682042833607908
2 0.02800658978583196
4 0.019769357495881386
5 0.016474464579901153
6 0.014827018121911038
1 0.013179571663920923
3 0.011532125205930808
8 0.009884678747940693
7 0.009884678747940693
0 0.008237232289950576
doc : 48
9 0.8697104677060133
6 0.021158129175946547
4 0.021158129175946547
8 0.01893095768374165
2 0.016703786191536747
5 0.014476614699331848
7 0.013363028953229397
3 0.008908685968819599
1 0.007795100222717149
0 0.007795100222717149
doc : 49
9 0.8857142857142857
4 0.01746031746031746
2 0.015873015873015872
7 0.014285714285714285
6 0.014285714285714285
1 0.014285714285714285
3 0.011111111111111112
8 0.009523809523809525
5 0.009523809523809525
0 0.007936507936507936
