doc : 0
5 0.8187919463087248
9 0.03859060402684564
2 0.03691275167785235
8 0.02348993288590604
4 0.020134228187919462
0 0.018456375838926176
7 0.016778523489932886
1 0.010067114093959731
6 0.008389261744966443
3 0.008389261744966443
doc : 1
1 0.4403183023872679
7 0.15384615384615383
2 0.13527851458885942
8 0.07427055702917772
0 0.0663129973474801
5 0.03978779840848806
9 0.03183023872679045
6 0.021220159151193633
4 0.01856763925729443
3 0.01856763925729443
doc : 2
4 0.8695652173913044
9 0.015345268542199489
7 0.015345268542199489
6 0.015345268542199489
2 0.015345268542199489
1 0.015345268542199489
0 0.015345268542199489
8 0.012787723785166242
5 0.012787723785166242
3 0.012787723785166242
doc : 3
2 0.65
7 0.09333333333333334
8 0.07
5 0.04
9 0.030000000000000002
1 0.030000000000000002
6 0.023333333333333334
0 0.023333333333333334
4 0.02
3 0.02
doc : 4
6 0.9272311212814646
5 0.032494279176201374
9 0.019679633867276888
8 0.0036613272311212816
0 0.0036613272311212816
4 0.0027459954233409615
3 0.0027459954233409615
2 0.0027459954233409615
1 0.0027459954233409615
7 0.002288329519450801
doc : 5
5 0.7817919075144508
8 0.04190751445086705
9 0.03901734104046243
7 0.028901734104046242
0 0.02167630057803468
6 0.02023121387283237
4 0.018786127167630055
2 0.018786127167630055
1 0.015895953757225433
3 0.013005780346820808
doc : 6
7 0.5104602510460251
1 0.12552301255230125
8 0.09623430962343095
9 0.05857740585774058
5 0.046025104602510455
2 0.046025104602510455
0 0.046025104602510455
6 0.025104602510460247
4 0.025104602510460247
3 0.02092050209205021
doc : 7
7 0.23622047244094488
9 0.14960629921259844
5 0.14173228346456693
1 0.10236220472440945
8 0.09448818897637795
2 0.07086614173228346
0 0.06299212598425197
4 0.05511811023622047
3 0.047244094488188976
6 0.03937007874015748
doc : 8
8 0.68
1 0.07515151515151515
7 0.06181818181818182
4 0.04727272727272727
0 0.03515151515151515
5 0.025454545454545455
9 0.024242424242424242
3 0.024242424242424242
2 0.01818181818181818
6 0.008484848484848484
doc : 9
9 0.4419889502762431
5 0.12154696132596685
7 0.10497237569060773
8 0.055248618784530384
6 0.055248618784530384
4 0.055248618784530384
2 0.055248618784530384
3 0.03867403314917127
0 0.03867403314917127
1 0.03314917127071823
doc : 10
7 0.6
2 0.12137931034482757
5 0.08413793103448275
4 0.051034482758620686
8 0.04275862068965517
1 0.03862068965517241
0 0.023448275862068962
9 0.022068965517241378
6 0.008275862068965516
3 0.008275862068965516
doc : 11
4 0.8737373737373738
1 0.01767676767676768
9 0.015151515151515152
5 0.015151515151515152
2 0.015151515151515152
8 0.012626262626262628
7 0.012626262626262628
6 0.012626262626262628
3 0.012626262626262628
0 0.012626262626262628
doc : 12
4 0.8776978417266187
5 0.016786570743405275
8 0.014388489208633093
6 0.014388489208633093
1 0.014388489208633093
0 0.014388489208633093
9 0.01199040767386091
7 0.01199040767386091
3 0.01199040767386091
2 0.01199040767386091
doc : 13
4 0.8670076726342711
5 0.020460358056265986
8 0.01790281329923274
9 0.015345268542199489
0 0.015345268542199489
7 0.012787723785166242
6 0.012787723785166242
3 0.012787723785166242
2 0.012787723785166242
1 0.012787723785166242
doc : 14
4 0.8372093023255813
2 0.023255813953488372
9 0.020348837209302327
5 0.020348837209302327
8 0.01744186046511628
7 0.01744186046511628
3 0.01744186046511628
1 0.01744186046511628
6 0.014534883720930232
0 0.014534883720930232
doc : 15
4 0.8719211822660099
7 0.017241379310344827
0 0.017241379310344827
9 0.014778325123152709
8 0.014778325123152709
5 0.014778325123152709
6 0.012315270935960592
3 0.012315270935960592
2 0.012315270935960592
1 0.012315270935960592
doc : 16
7 0.740340030911901
4 0.07573415765069552
0 0.03709428129829984
5 0.03400309119010819
8 0.03245749613601236
1 0.021638330757341576
9 0.02009273570324575
2 0.015455950540958269
3 0.012364760432766615
6 0.010819165378670788
doc : 17
0 0.8693693693693694
4 0.018018018018018018
1 0.018018018018018018
8 0.015765765765765764
9 0.013513513513513514
7 0.013513513513513514
5 0.013513513513513514
3 0.013513513513513514
2 0.013513513513513514
6 0.01126126126126126
doc : 18
0 0.8679245283018868
4 0.01886792452830189
8 0.016771488469601678
7 0.016771488469601678
1 0.016771488469601678
3 0.014675052410901468
2 0.014675052410901468
9 0.012578616352201259
6 0.010482180293501049
5 0.010482180293501049
doc : 19
2 0.538659793814433
9 0.16752577319587628
7 0.07731958762886598
5 0.07731958762886598
4 0.03350515463917526
0 0.028350515463917526
8 0.020618556701030927
6 0.020618556701030927
3 0.01804123711340206
1 0.01804123711340206
doc : 20
9 0.8623655913978494
6 0.03225806451612903
5 0.021505376344086023
2 0.015053763440860214
8 0.012903225806451613
4 0.012903225806451613
7 0.010752688172043012
3 0.010752688172043012
1 0.010752688172043012
0 0.010752688172043012
doc : 21
5 0.8099762470308789
8 0.028503562945368172
2 0.026128266033254157
0 0.026128266033254157
7 0.023752969121140145
4 0.02137767220902613
1 0.019002375296912115
6 0.0166270783847981
9 0.014251781472684086
3 0.014251781472684086
doc : 22
9 0.66996699669967
6 0.18481848184818483
0 0.026402640264026403
3 0.019801980198019802
8 0.0165016501650165
7 0.0165016501650165
5 0.0165016501650165
4 0.0165016501650165
2 0.0165016501650165
1 0.0165016501650165
doc : 23
8 0.8822695035460993
1 0.03546099290780142
3 0.014184397163120569
6 0.012765957446808512
4 0.011347517730496455
7 0.009929078014184398
9 0.00851063829787234
5 0.00851063829787234
2 0.00851063829787234
0 0.00851063829787234
doc : 24
9 0.16796875
7 0.16796875
5 0.1640625
2 0.10546875
4 0.1015625
0 0.1015625
8 0.05859375
6 0.05078125
1 0.05078125
3 0.03125
doc : 25
9 0.487603305785124
2 0.10330578512396695
7 0.0743801652892562
5 0.06611570247933884
3 0.06611570247933884
1 0.06611570247933884
0 0.04132231404958678
8 0.03305785123966942
4 0.03305785123966942
6 0.028925619834710745
doc : 26
2 0.8701923076923077
6 0.01682692307692308
9 0.014423076923076924
8 0.014423076923076924
7 0.014423076923076924
5 0.014423076923076924
4 0.014423076923076924
1 0.014423076923076924
0 0.014423076923076924
3 0.01201923076923077
doc : 27
1 0.9262626262626262
0 0.021212121212121213
8 0.012121212121212121
2 0.00808080808080808
4 0.007070707070707071
9 0.00505050505050505
7 0.00505050505050505
6 0.00505050505050505
5 0.00505050505050505
3 0.00505050505050505
doc : 28
8 0.5170842824601366
4 0.17084282460136674
1 0.10933940774487472
7 0.04783599088838269
5 0.04555808656036446
0 0.04100227790432802
6 0.025056947608200455
9 0.01594533029612756
2 0.01594533029612756
3 0.011389521640091115
doc : 29
5 0.8327067669172932
9 0.03759398496240601
7 0.02631578947368421
4 0.02631578947368421
2 0.015037593984962405
0 0.015037593984962405
6 0.013157894736842105
8 0.011278195488721804
3 0.011278195488721804
1 0.011278195488721804
doc : 30
8 0.8688524590163934
1 0.04566744730679157
7 0.01405152224824356
5 0.01405152224824356
3 0.01288056206088993
9 0.01053864168618267
4 0.00936768149882904
0 0.00936768149882904
2 0.00819672131147541
6 0.00702576112412178
doc : 31
1 0.9222222222222223
0 0.01919191919191919
8 0.011111111111111112
4 0.00909090909090909
2 0.00808080808080808
7 0.007070707070707071
9 0.006060606060606061
5 0.006060606060606061
3 0.006060606060606061
6 0.00505050505050505
doc : 32
5 0.3813131313131313
8 0.2095959595959596
9 0.0984848484848485
0 0.06313131313131314
7 0.06060606060606061
4 0.042929292929292935
3 0.042929292929292935
1 0.04040404040404041
2 0.03535353535353536
6 0.025252525252525256
doc : 33
7 0.4849624060150376
5 0.15413533834586465
2 0.09022556390977443
8 0.05263157894736842
3 0.05263157894736842
9 0.045112781954887216
6 0.041353383458646614
4 0.03007518796992481
0 0.02631578947368421
1 0.022556390977443608
doc : 34
3 0.9296102385107621
8 0.035485747527632346
7 0.005817335660267597
1 0.005235602094240837
4 0.004653868528214078
2 0.004653868528214078
6 0.004072134962187318
0 0.004072134962187318
9 0.003490401396160558
5 0.0029086678301337987
doc : 35
0 0.8844765342960289
1 0.023465703971119134
9 0.01444043321299639
8 0.01444043321299639
5 0.012635379061371842
7 0.010830324909747294
4 0.010830324909747294
2 0.010830324909747294
6 0.009025270758122744
3 0.009025270758122744
doc : 36
0 0.8943533697632058
1 0.020036429872495445
7 0.012750455373406192
4 0.012750455373406192
9 0.01092896174863388
8 0.01092896174863388
2 0.01092896174863388
6 0.009107468123861567
5 0.009107468123861567
3 0.009107468123861567
doc : 37
2 0.67
7 0.07333333333333333
8 0.06333333333333334
5 0.043333333333333335
0 0.03333333333333333
4 0.030000000000000002
6 0.02666666666666667
9 0.02
3 0.02
1 0.02
doc : 38
2 0.8560606060606062
4 0.020202020202020204
9 0.01767676767676768
5 0.01767676767676768
0 0.01767676767676768
8 0.015151515151515152
7 0.015151515151515152
1 0.015151515151515152
6 0.012626262626262628
3 0.012626262626262628
doc : 39
8 0.3465909090909091
4 0.1590909090909091
7 0.14772727272727273
0 0.07954545454545454
1 0.06818181818181818
2 0.05681818181818182
9 0.03977272727272727
3 0.03977272727272727
5 0.03409090909090909
6 0.02840909090909091
doc : 40
6 0.9293527803099362
5 0.039197812215132175
9 0.01276207839562443
8 0.0036463081130355514
2 0.0031905195989061076
1 0.0027347310847766638
7 0.0022789425706472195
4 0.0022789425706472195
3 0.0022789425706472195
0 0.0022789425706472195
doc : 41
0 0.5037593984962405
1 0.09022556390977443
2 0.07518796992481203
9 0.06015037593984962
7 0.06015037593984962
5 0.05263157894736842
8 0.045112781954887216
6 0.03759398496240601
4 0.03759398496240601
3 0.03759398496240601
doc : 42
7 0.19791666666666666
8 0.125
2 0.125
1 0.10416666666666666
4 0.09375
5 0.08333333333333333
0 0.08333333333333333
9 0.0625
6 0.0625
3 0.0625
doc : 43
3 0.9548989113530326
8 0.011404872991187143
2 0.005184033177812338
1 0.005184033177812338
5 0.004665629860031105
4 0.004665629860031105
9 0.00414722654224987
0 0.00414722654224987
6 0.003110419906687403
7 0.002592016588906169
doc : 44
7 0.3870967741935484
8 0.20113851992409867
4 0.1366223908918406
9 0.08538899430740038
5 0.058823529411764705
0 0.04174573055028463
2 0.026565464895635674
6 0.024667931688804556
1 0.020872865275142316
3 0.017077798861480076
doc : 45
9 0.884393063583815
6 0.02697495183044316
1 0.01348747591522158
8 0.011560693641618497
5 0.011560693641618497
4 0.011560693641618497
3 0.011560693641618497
7 0.009633911368015413
2 0.009633911368015413
0 0.009633911368015413
doc : 46
5 0.2875
8 0.22916666666666666
1 0.125
7 0.09583333333333333
4 0.0875
9 0.05
0 0.0375
2 0.03333333333333333
6 0.029166666666666667
3 0.025
doc : 47
2 0.3626943005181347
1 0.1761658031088083
0 0.11398963730569948
5 0.07253886010362695
3 0.06217616580310881
4 0.05181347150259068
8 0.046632124352331605
9 0.04145077720207254
6 0.04145077720207254
7 0.031088082901554404
doc : 48
2 0.8600508905852418
4 0.025445292620865142
9 0.015267175572519085
8 0.015267175572519085
6 0.015267175572519085
1 0.015267175572519085
0 0.015267175572519085
7 0.012722646310432571
5 0.012722646310432571
3 0.012722646310432571
doc : 49
8 0.6666666666666667
3 0.08700564971751412
9 0.0576271186440678
0 0.04519774011299435
5 0.04293785310734463
6 0.02824858757062147
2 0.024858757062146894
4 0.01694915254237288
1 0.01694915254237288
7 0.013559322033898306
