doc : 0
3 0.43023255813953487
9 0.06976744186046512
6 0.06976744186046512
5 0.06976744186046512
1 0.06976744186046512
8 0.05813953488372093
7 0.05813953488372093
4 0.05813953488372093
2 0.05813953488372093
0 0.05813953488372093
doc : 1
0 0.9514187446259673
6 0.018486672398968187
9 0.006878761822871883
5 0.0060189165950128975
7 0.0034393809114359416
8 0.0030094582975064487
4 0.0030094582975064487
3 0.0030094582975064487
2 0.0025795356835769563
1 0.0021496130696474634
doc : 2
8 0.8468301712170292
7 0.12586765386395188
9 0.005090236001850995
0 0.005090236001850995
5 0.003239241092086997
2 0.003239241092086997
1 0.003239241092086997
3 0.002776492364645997
6 0.0023137436372049976
4 0.0023137436372049976
doc : 3
9 0.436241610738255
4 0.12080536912751677
2 0.08053691275167785
5 0.060402684563758385
0 0.060402684563758385
7 0.053691275167785234
6 0.053691275167785234
8 0.04697986577181208
3 0.04697986577181208
1 0.040268456375838924
doc : 4
9 0.5717367853290183
6 0.11758360302049621
5 0.0895361380798274
3 0.060409924487594385
4 0.04746494066882416
7 0.029126213592233007
0 0.02588996763754045
2 0.02373247033441208
8 0.018338727076591153
1 0.016181229773462782
doc : 5
3 0.45348837209302323
9 0.06976744186046512
5 0.06976744186046512
8 0.05813953488372093
7 0.05813953488372093
6 0.05813953488372093
4 0.05813953488372093
2 0.05813953488372093
1 0.05813953488372093
0 0.05813953488372093
doc : 6
3 0.45348837209302323
9 0.06976744186046512
0 0.06976744186046512
8 0.05813953488372093
7 0.05813953488372093
6 0.05813953488372093
5 0.05813953488372093
4 0.05813953488372093
2 0.05813953488372093
1 0.05813953488372093
doc : 7
6 0.7353652636671504
5 0.07789066279632317
9 0.0745041122399613
7 0.05418480890179003
0 0.03386550556361877
8 0.00822447992259313
4 0.004837929366231253
2 0.004837929366231253
3 0.0038703434929850023
1 0.0024189646831156266
doc : 8
9 0.5694444444444444
6 0.20216049382716048
5 0.1388888888888889
8 0.021604938271604937
0 0.013888888888888888
7 0.012345679012345678
3 0.012345679012345678
2 0.012345679012345678
4 0.009259259259259259
1 0.007716049382716049
doc : 9
8 0.7647360328036904
7 0.13582778062532033
9 0.047667862634546386
5 0.013326499231163505
6 0.011276268580215274
3 0.010251153254741158
4 0.005638134290107637
0 0.005125576627370579
2 0.0030753459764223477
1 0.0030753459764223477
doc : 10
9 0.5065274151436031
7 0.10704960835509139
6 0.07049608355091384
0 0.06788511749347259
5 0.057441253263707574
3 0.057441253263707574
2 0.04960835509138381
4 0.044386422976501305
8 0.02610966057441253
1 0.013054830287206266
doc : 11
6 0.8761467889908258
9 0.026376146788990827
5 0.022935779816513763
3 0.0194954128440367
0 0.0194954128440367
8 0.009174311926605505
7 0.006880733944954129
2 0.006880733944954129
1 0.006880733944954129
4 0.005733944954128441
doc : 12
3 0.41860465116279066
1 0.08139534883720931
9 0.06976744186046512
4 0.06976744186046512
0 0.06976744186046512
8 0.05813953488372093
7 0.05813953488372093
6 0.05813953488372093
5 0.05813953488372093
2 0.05813953488372093
doc : 13
0 0.9645602049530316
5 0.009393680614859094
6 0.004696840307429547
3 0.003842869342442357
8 0.0034158838599487617
7 0.0034158838599487617
9 0.0029888983774551663
4 0.0029888983774551663
2 0.0025619128949615714
1 0.002134927412467976
doc : 14
3 0.3953488372093023
9 0.10465116279069767
5 0.08139534883720931
4 0.06976744186046512
8 0.05813953488372093
7 0.05813953488372093
6 0.05813953488372093
2 0.05813953488372093
1 0.05813953488372093
0 0.05813953488372093
doc : 15
0 0.9687108886107635
9 0.006257822277847309
6 0.004171881518564873
8 0.0037546933667083854
7 0.003337505214851898
5 0.003337505214851898
3 0.003337505214851898
4 0.0025031289111389237
2 0.0025031289111389237
1 0.0020859407592824365
doc : 16
8 0.8477556686719112
7 0.12401665895418788
6 0.004627487274409995
3 0.0041647385469689956
0 0.0041647385469689956
9 0.0037019898195279964
5 0.0037019898195279964
2 0.003239241092086997
4 0.0023137436372049976
1 0.0023137436372049976
doc : 17
9 0.5570866141732284
0 0.18208661417322836
5 0.07381889763779527
7 0.06496062992125984
8 0.03740157480314961
2 0.02952755905511811
3 0.022637795275590553
6 0.018700787401574805
4 0.008858267716535433
1 0.004921259842519685
doc : 18
3 0.8713692946058091
5 0.024896265560165977
0 0.024896265560165977
9 0.016597510373443983
7 0.01521438450899032
6 0.011065006915629323
4 0.011065006915629323
8 0.009681881051175657
2 0.008298755186721992
1 0.006915629322268327
doc : 19
3 0.8516542155816436
6 0.030949839914621132
5 0.029882604055496267
0 0.0192102454642476
9 0.016008537886873
7 0.014941302027748134
8 0.013874066168623267
4 0.010672358591248666
2 0.0064034151547492
1 0.0064034151547492
doc : 20
9 0.3611940298507463
4 0.16417910447761194
6 0.11641791044776119
2 0.07761194029850746
5 0.0626865671641791
3 0.0626865671641791
0 0.05373134328358209
7 0.04776119402985075
8 0.03283582089552239
1 0.020895522388059702
doc : 21
6 0.4744145706851691
9 0.2688638334778838
7 0.10928013876843018
4 0.038161318300086726
5 0.03642671292281006
0 0.02428447528187337
8 0.0199479618386817
3 0.012142237640936686
2 0.008673026886383347
1 0.007805724197745013
doc : 22
9 0.5201668984700973
0 0.15299026425591097
5 0.12656467315716272
6 0.054242002781641166
7 0.05146036161335187
3 0.03477051460361613
8 0.02364394993045897
4 0.018080667593880387
2 0.009735744089012517
1 0.008344923504867872
doc : 23
9 0.5223613595706619
6 0.19141323792486584
7 0.1037567084078712
0 0.046511627906976744
5 0.03220035778175313
4 0.03220035778175313
3 0.026833631484794274
2 0.023255813953488372
8 0.010733452593917711
1 0.010733452593917711
doc : 24
7 0.5951346655082537
9 0.23197219808861858
2 0.0634231103388358
5 0.035621198957428324
8 0.019113814074717635
0 0.016507384882710686
4 0.014769765421372719
6 0.009556907037358817
3 0.008688097306689834
1 0.0052128583840139004
doc : 25
4 0.4921875
9 0.3046875
7 0.048828125
3 0.037109375
5 0.03515625
6 0.021484375
8 0.017578125
0 0.017578125
2 0.013671875
1 0.01171875
doc : 26
3 0.41860465116279066
7 0.08139534883720931
9 0.06976744186046512
6 0.06976744186046512
1 0.06976744186046512
8 0.05813953488372093
5 0.05813953488372093
4 0.05813953488372093
2 0.05813953488372093
0 0.05813953488372093
doc : 27
0 0.9691666666666667
6 0.006666666666666667
2 0.004166666666666667
7 0.0037500000000000003
5 0.0037500000000000003
9 0.002916666666666667
8 0.0025
4 0.0025
3 0.0025
1 0.0020833333333333333
doc : 28
3 0.41860465116279066
9 0.06976744186046512
7 0.06976744186046512
6 0.06976744186046512
2 0.06976744186046512
0 0.06976744186046512
8 0.05813953488372093
5 0.05813953488372093
4 0.05813953488372093
1 0.05813953488372093
doc : 29
0 0.9701237729406744
9 0.00597524541186513
7 0.004268032437046522
6 0.004268032437046522
5 0.002987622705932565
8 0.002560819462227913
3 0.002560819462227913
2 0.002560819462227913
1 0.002560819462227913
4 0.002134016218523261
doc : 30
8 0.8463674224895882
7 0.12540490513651087
9 0.0041647385469689956
2 0.0041647385469689956
4 0.0037019898195279964
3 0.0037019898195279964
0 0.0037019898195279964
6 0.003239241092086997
5 0.003239241092086997
1 0.0023137436372049976
doc : 31
5 0.9011741682974559
6 0.02446183953033268
9 0.019569471624266144
0 0.014677103718199608
8 0.008806262230919765
7 0.008806262230919765
4 0.00684931506849315
3 0.005870841487279843
2 0.004892367906066536
1 0.004892367906066536
doc : 32
9 0.6722689075630252
7 0.11554621848739495
2 0.04831932773109243
5 0.04201680672268907
3 0.03361344537815126
4 0.02310924369747899
6 0.018907563025210083
0 0.018907563025210083
8 0.014705882352941176
1 0.012605042016806723
doc : 33
1 0.9642647920328061
9 0.005272407732864675
7 0.0046865846514352666
3 0.0046865846514352666
4 0.004100761570005858
2 0.004100761570005858
6 0.0035149384885764497
5 0.0035149384885764497
8 0.0029291154071470417
0 0.0029291154071470417
doc : 34
9 0.41458733205374276
0 0.3685220729366603
3 0.05950095969289827
7 0.04798464491362764
8 0.023032629558541268
6 0.023032629558541268
5 0.019193857965451054
2 0.019193857965451054
4 0.013435700575815739
1 0.011516314779270634
doc : 35
4 0.5754716981132075
9 0.17767295597484278
7 0.04245283018867925
6 0.04245283018867925
2 0.039308176100628936
3 0.03459119496855346
5 0.029874213836477988
0 0.029874213836477988
8 0.01729559748427673
1 0.011006289308176102
doc : 36
4 0.2807017543859649
6 0.15789473684210525
9 0.14035087719298245
5 0.10087719298245613
7 0.08333333333333333
2 0.07017543859649122
3 0.06578947368421052
8 0.039473684210526314
0 0.03508771929824561
1 0.02631578947368421
doc : 37
9 0.3147410358565737
7 0.16733067729083664
5 0.11952191235059761
4 0.09163346613545817
2 0.08764940239043825
6 0.07171314741035856
8 0.05179282868525896
0 0.043824701195219126
3 0.03187250996015936
1 0.0199203187250996
doc : 38
4 0.6703703703703704
9 0.08518518518518518
7 0.0462962962962963
3 0.04259259259259259
2 0.03518518518518519
6 0.031481481481481485
5 0.024074074074074074
0 0.024074074074074074
8 0.022222222222222223
1 0.018518518518518517
doc : 39
3 0.43023255813953487
9 0.06976744186046512
2 0.06976744186046512
1 0.06976744186046512
0 0.06976744186046512
8 0.05813953488372093
7 0.05813953488372093
6 0.05813953488372093
5 0.05813953488372093
4 0.05813953488372093
doc : 40
0 0.97581317764804
7 0.003336113427856547
5 0.003336113427856547
3 0.003336113427856547
8 0.0029190992493744786
2 0.0029190992493744786
9 0.002085070892410342
6 0.002085070892410342
4 0.002085070892410342
1 0.002085070892410342
doc : 41
3 0.43023255813953487
6 0.08139534883720931
9 0.06976744186046512
2 0.06976744186046512
8 0.05813953488372093
7 0.05813953488372093
5 0.05813953488372093
4 0.05813953488372093
1 0.05813953488372093
0 0.05813953488372093
doc : 42
0 0.9698996655518395
9 0.005016722408026756
5 0.004598662207357859
3 0.004598662207357859
6 0.0033444816053511705
8 0.002926421404682274
7 0.002926421404682274
2 0.002508361204013378
4 0.0020903010033444815
1 0.0020903010033444815
doc : 43
8 0.8583988894030542
7 0.11383618695048589
0 0.006015733456732994
5 0.0041647385469689956
9 0.0037019898195279964
3 0.003239241092086997
2 0.003239241092086997
6 0.002776492364645997
4 0.0023137436372049976
1 0.0023137436372049976
doc : 44
5 0.9178885630498533
0 0.01466275659824047
9 0.013685239491691105
6 0.011730205278592375
3 0.009775171065493646
2 0.00879765395894428
7 0.007820136852394917
4 0.005865102639296188
8 0.004887585532746823
1 0.004887585532746823
doc : 45
0 0.4100790513833992
9 0.23221343873517786
3 0.14723320158102765
7 0.10276679841897232
5 0.04743083003952569
6 0.01976284584980237
2 0.01383399209486166
8 0.010869565217391304
4 0.008893280632411066
1 0.00691699604743083
doc : 46
3 0.8634590377113134
2 0.027308192457737322
5 0.026007802340702213
9 0.016905071521456438
4 0.015604681404421327
0 0.014304291287386216
7 0.011703511053315995
1 0.010403120936280884
6 0.007802340702210663
8 0.006501950585175553
doc : 47
2 0.38253275109170304
9 0.37292576419213974
7 0.16157205240174674
0 0.018340611353711792
5 0.017467248908296942
3 0.01222707423580786
6 0.011353711790393014
8 0.00960698689956332
4 0.00960698689956332
1 0.004366812227074236
doc : 48
2 0.8583333333333333
7 0.020833333333333332
4 0.020833333333333332
1 0.020833333333333332
8 0.016666666666666666
3 0.014583333333333334
6 0.0125
5 0.0125
0 0.0125
9 0.010416666666666666
doc : 49
1 0.9726546066470341
2 0.0050483803113167865
5 0.004206983592763988
8 0.0033655868742111907
7 0.0033655868742111907
9 0.0025241901556583932
4 0.0025241901556583932
6 0.002103491796381994
3 0.002103491796381994
0 0.002103491796381994
