doc : 0
3 0.7133550488599348
4 0.04560260586319218
5 0.035830618892508145
1 0.035830618892508145
9 0.03257328990228013
6 0.03257328990228013
2 0.02931596091205212
8 0.026058631921824105
0 0.026058631921824105
7 0.02280130293159609
doc : 1
3 0.446927374301676
6 0.1005586592178771
5 0.0893854748603352
0 0.08379888268156425
2 0.06145251396648045
8 0.0558659217877095
9 0.05027932960893855
7 0.0446927374301676
4 0.0335195530726257
1 0.0335195530726257
doc : 2
3 0.23809523809523808
2 0.1984126984126984
6 0.0873015873015873
5 0.0873015873015873
9 0.07142857142857142
7 0.07142857142857142
4 0.07142857142857142
0 0.07142857142857142
8 0.06349206349206349
1 0.03968253968253968
doc : 3
9 0.7626827171109201
7 0.1530524505588994
6 0.03267411865864144
2 0.013757523645743766
8 0.007738607050730869
3 0.007738607050730869
0 0.007738607050730869
1 0.0060189165950128975
5 0.004299226139294927
4 0.004299226139294927
doc : 4
9 0.7152858809801633
7 0.17852975495915985
2 0.04667444574095682
0 0.011668611435239205
6 0.010501750291715285
5 0.010501750291715285
3 0.008168028004667444
8 0.007001166861143523
4 0.005834305717619602
1 0.005834305717619602
doc : 5
7 0.67853170189099
1 0.2235817575083426
3 0.025583982202447165
8 0.01668520578420467
9 0.012235817575083427
2 0.011123470522803115
6 0.008898776418242492
4 0.008898776418242492
0 0.008898776418242492
5 0.0055617352614015575
doc : 6
7 0.41925218774860784
8 0.2657120127287192
1 0.258552108194113
4 0.011933174224343677
3 0.011137629276054098
2 0.00954653937947494
6 0.007159904534606206
5 0.007159904534606206
9 0.00477326968973747
0 0.00477326968973747
doc : 7
2 0.906878306878307
7 0.016931216931216932
5 0.015873015873015876
9 0.012698412698412698
1 0.011640211640211642
3 0.009523809523809525
6 0.007407407407407408
4 0.007407407407407408
0 0.006349206349206349
8 0.005291005291005292
doc : 8
5 0.7026022304832713
8 0.04460966542750929
2 0.04460966542750929
6 0.040892193308550186
0 0.040892193308550186
9 0.03345724907063197
1 0.02973977695167286
7 0.022304832713754646
3 0.022304832713754646
4 0.018587360594795536
doc : 9
3 0.8753117206982544
8 0.031172069825436407
1 0.017456359102244388
9 0.016209476309226933
0 0.014962593516209476
7 0.011221945137157107
6 0.00997506234413965
2 0.008728179551122194
5 0.007481296758104738
4 0.007481296758104738
doc : 10
8 0.8558310376492194
4 0.047750229568411386
1 0.02295684113865932
7 0.015610651974288337
2 0.013774104683195593
9 0.011937557392102846
0 0.011019283746556474
6 0.008264462809917356
3 0.0073461891643709825
5 0.005509641873278237
doc : 11
1 0.5499124343257443
8 0.22591943957968477
7 0.07705779334500876
4 0.03502626970227671
3 0.03152364273204904
6 0.024518388791593695
9 0.021015761821366025
2 0.014010507880910683
0 0.012259194395796848
5 0.008756567425569177
doc : 12
9 0.7257889009793254
7 0.19151251360174104
2 0.02393906420021763
6 0.015233949945593036
3 0.009793253536452665
5 0.008705114254624592
8 0.007616974972796518
0 0.006528835690968444
4 0.00544069640914037
1 0.00544069640914037
doc : 13
0 0.686372121966397
9 0.2059738643434972
6 0.03360298693217175
3 0.02862476664592408
8 0.013067828251400125
5 0.012445550715619166
7 0.008089607965152458
2 0.004978220286247666
4 0.00373366521468575
1 0.0031113876789047915
doc : 14
8 0.6046948356807511
7 0.18779342723004694
4 0.092018779342723
2 0.03755868544600939
1 0.02535211267605634
9 0.019718309859154928
3 0.011267605633802816
6 0.010328638497652582
5 0.006572769953051643
0 0.004694835680751174
doc : 15
3 0.8535825545171339
5 0.029595015576323987
8 0.021806853582554516
6 0.018691588785046728
9 0.017133956386292833
0 0.01557632398753894
1 0.014018691588785047
2 0.012461059190031152
4 0.009345794392523364
7 0.00778816199376947
doc : 16
3 0.7946428571428571
1 0.03571428571428571
2 0.03273809523809523
5 0.02976190476190476
6 0.020833333333333332
8 0.017857142857142856
7 0.017857142857142856
4 0.017857142857142856
0 0.017857142857142856
9 0.01488095238095238
doc : 17
2 0.9540732640787315
7 0.010934937124111536
8 0.004920721705850191
6 0.004920721705850191
3 0.004920721705850191
9 0.004373974849644614
5 0.004373974849644614
4 0.004373974849644614
1 0.004373974849644614
0 0.002733734281027884
doc : 18
1 0.484251968503937
8 0.30413385826771655
4 0.125
3 0.02854330708661417
2 0.016732283464566927
9 0.010826771653543307
7 0.008858267716535433
0 0.008858267716535433
5 0.006889763779527559
6 0.005905511811023622
doc : 19
0 0.39473684210526316
8 0.11403508771929824
3 0.10526315789473684
6 0.07017543859649122
5 0.07017543859649122
9 0.06140350877192982
1 0.05263157894736842
7 0.043859649122807015
4 0.043859649122807015
2 0.043859649122807015
doc : 20
3 0.7648809523809523
1 0.04464285714285714
2 0.03869047619047619
7 0.03571428571428571
5 0.026785714285714284
4 0.020833333333333332
9 0.017857142857142856
8 0.017857142857142856
6 0.017857142857142856
0 0.01488095238095238
doc : 21
8 0.6979565772669222
4 0.20114942528735633
1 0.02873563218390805
7 0.019157088122605366
6 0.011494252873563218
5 0.010855683269476373
3 0.010855683269476373
0 0.007662835249042146
9 0.007024265644955301
2 0.005108556832694764
doc : 22
8 0.3672857998801678
1 0.32774116237267825
7 0.1635710005991612
4 0.09047333732774117
3 0.017974835230677052
6 0.010784901138406232
5 0.008987417615338526
2 0.005392450569203116
0 0.004194128220491312
9 0.0035949670461354107
doc : 23
1 0.8537477148080439
8 0.031992687385740404
7 0.022851919561243144
6 0.02010968921389397
2 0.02010968921389397
3 0.014625228519195612
4 0.012797074954296161
9 0.010054844606946984
0 0.008226691042047532
5 0.005484460694698354
doc : 24
8 0.4821173104434907
4 0.2875536480686695
1 0.060085836909871244
7 0.05722460658082976
5 0.024320457796852647
3 0.022889842632331903
6 0.02145922746781116
0 0.015736766809728183
9 0.01430615164520744
2 0.01430615164520744
doc : 25
3 0.6746031746031745
0 0.06084656084656084
9 0.05026455026455026
2 0.03968253968253968
8 0.037037037037037035
7 0.037037037037037035
5 0.03439153439153439
1 0.026455026455026454
4 0.023809523809523808
6 0.015873015873015872
doc : 26
8 0.7702702702702703
7 0.08108108108108109
1 0.033783783783783786
4 0.02533783783783784
9 0.02027027027027027
5 0.016891891891891893
3 0.016891891891891893
2 0.015202702702702704
0 0.011824324324324325
6 0.008445945945945946
doc : 27
3 0.7251308900523561
1 0.05235602094240838
0 0.03926701570680628
5 0.03664921465968587
8 0.034031413612565446
4 0.02879581151832461
7 0.02356020942408377
6 0.02356020942408377
9 0.020942408376963352
2 0.015706806282722516
doc : 28
7 0.9160305343511451
2 0.020719738276990186
4 0.011995637949836423
8 0.008724100327153763
9 0.0076335877862595426
3 0.0076335877862595426
0 0.0076335877862595426
6 0.0065430752453653224
5 0.0065430752453653224
1 0.0065430752453653224
doc : 29
7 0.9162132752992383
9 0.013057671381936888
2 0.013057671381936888
8 0.01088139281828074
4 0.008705114254624592
1 0.008705114254624592
0 0.008705114254624592
6 0.007616974972796518
5 0.007616974972796518
3 0.00544069640914037
doc : 30
5 0.5903083700440529
6 0.08370044052863437
0 0.0748898678414097
3 0.052863436123348026
8 0.03524229074889868
7 0.03524229074889868
1 0.03524229074889868
9 0.030837004405286347
4 0.030837004405286347
2 0.030837004405286347
doc : 31
2 0.11864406779661017
0 0.11864406779661017
9 0.1016949152542373
8 0.1016949152542373
6 0.1016949152542373
5 0.1016949152542373
3 0.1016949152542373
7 0.0847457627118644
4 0.0847457627118644
1 0.0847457627118644
doc : 32
7 0.9173014145810664
1 0.015233949945593036
3 0.011969532100108815
8 0.01088139281828074
2 0.009793253536452665
9 0.008705114254624592
6 0.006528835690968444
5 0.006528835690968444
4 0.006528835690968444
0 0.006528835690968444
doc : 33
7 0.4908987485779294
1 0.4300341296928327
4 0.017064846416382253
2 0.017064846416382253
8 0.015927189988623434
6 0.008532423208191127
3 0.007963594994311717
0 0.005688282138794084
5 0.003981797497155859
9 0.002844141069397042
doc : 34
7 0.8938656280428433
1 0.03700097370983447
8 0.016553067185978577
4 0.012658227848101266
6 0.007789678675754625
2 0.007789678675754625
3 0.006815968841285297
0 0.006815968841285297
9 0.005842259006815969
5 0.004868549172346641
doc : 35
7 0.8895348837209303
1 0.029069767441860465
2 0.020930232558139535
8 0.012790697674418604
4 0.009302325581395349
3 0.009302325581395349
0 0.009302325581395349
6 0.0069767441860465115
5 0.0069767441860465115
9 0.005813953488372093
doc : 36
5 0.6307857911733046
3 0.12378902045209902
0 0.1022604951560818
9 0.03229278794402583
6 0.026910656620021525
1 0.02260495156081808
8 0.02045209903121636
7 0.016146393972012917
4 0.016146393972012917
2 0.008611410118406888
doc : 37
6 0.8654266958424507
9 0.05032822757111597
0 0.0175054704595186
2 0.01312910284463895
7 0.010940919037199124
3 0.010940919037199124
4 0.009846827133479213
5 0.0087527352297593
8 0.007658643326039387
1 0.005470459518599562
doc : 38
6 0.8132780082987552
9 0.04149377593360996
2 0.03941908713692946
7 0.02074688796680498
3 0.016597510373443983
1 0.016597510373443983
0 0.016597510373443983
5 0.014522821576763486
8 0.01037344398340249
4 0.01037344398340249
doc : 39
5 0.7606837606837608
8 0.038461538461538464
6 0.02991452991452992
0 0.02991452991452992
7 0.025641025641025644
2 0.025641025641025644
1 0.025641025641025644
9 0.021367521367521368
4 0.021367521367521368
3 0.021367521367521368
doc : 40
5 0.6892857142857143
3 0.060714285714285714
1 0.04285714285714286
2 0.03571428571428571
0 0.03571428571428571
7 0.03214285714285714
9 0.02857142857142857
6 0.02857142857142857
4 0.024999999999999998
8 0.02142857142857143
doc : 41
7 0.8453947368421052
1 0.06578947368421052
8 0.019736842105263157
2 0.01864035087719298
9 0.009868421052631578
4 0.009868421052631578
3 0.009868421052631578
6 0.007675438596491228
5 0.006578947368421052
0 0.006578947368421052
doc : 42
3 0.751219512195122
1 0.06341463414634146
5 0.041463414634146344
7 0.029268292682926828
6 0.026829268292682926
2 0.024390243902439025
8 0.01707317073170732
0 0.01707317073170732
9 0.014634146341463414
4 0.014634146341463414
doc : 43
4 0.9496268656716418
7 0.007462686567164179
8 0.0065298507462686565
9 0.005597014925373134
6 0.005597014925373134
5 0.005597014925373134
1 0.005597014925373134
3 0.0046641791044776115
2 0.0046641791044776115
0 0.0046641791044776115
doc : 44
4 0.9439775910364147
7 0.009337068160597572
1 0.009337068160597572
8 0.008403361344537815
3 0.0056022408963585435
9 0.004668534080298786
6 0.004668534080298786
5 0.004668534080298786
2 0.004668534080298786
0 0.004668534080298786
doc : 45
6 0.37640449438202245
3 0.2443820224719101
1 0.15730337078651685
2 0.047752808988764044
9 0.03932584269662921
7 0.03932584269662921
5 0.03932584269662921
0 0.028089887640449437
8 0.014044943820224719
4 0.014044943820224719
doc : 46
9 0.8035596572181938
7 0.11535926170072511
2 0.01911667765326302
6 0.014502307185234013
0 0.009887936717205009
1 0.009228740936058008
5 0.008569545154911007
3 0.008569545154911007
4 0.0072511535926170064
8 0.003955174686882003
doc : 47
8 0.8567530695770805
4 0.040927694406548434
1 0.021828103683492497
7 0.013642564802182811
2 0.013642564802182811
0 0.013642564802182811
5 0.01227830832196453
3 0.01227830832196453
9 0.008185538881309686
6 0.0068212824010914054
doc : 48
6 0.7188328912466843
3 0.055702917771883284
2 0.05305039787798408
1 0.034482758620689655
7 0.029177718832891244
9 0.023872679045092837
8 0.023872679045092837
4 0.023872679045092837
0 0.023872679045092837
5 0.01326259946949602
doc : 49
5 0.6613924050632911
9 0.05063291139240506
7 0.05063291139240506
3 0.05063291139240506
1 0.04430379746835443
0 0.04113924050632911
6 0.0379746835443038
8 0.022151898734177215
4 0.022151898734177215
2 0.0189873417721519
