doc : 0
5 0.6476683937823834
1 0.13212435233160622
4 0.05181347150259068
2 0.036269430051813475
8 0.02849740932642487
6 0.02590673575129534
7 0.023316062176165803
0 0.023316062176165803
9 0.015544041450777202
3 0.015544041450777202
doc : 1
3 0.874251497005988
5 0.028443113772455092
7 0.016467065868263474
4 0.014970059880239521
1 0.014970059880239521
8 0.011976047904191617
6 0.010479041916167666
2 0.010479041916167666
9 0.008982035928143714
0 0.008982035928143714
doc : 2
3 0.875
5 0.029605263157894735
1 0.023026315789473683
4 0.014802631578947368
7 0.011513157894736841
8 0.009868421052631578
6 0.009868421052631578
0 0.009868421052631578
9 0.008223684210526315
2 0.008223684210526315
doc : 3
3 0.8927038626609443
7 0.017167381974248927
2 0.01430615164520744
1 0.01430615164520744
5 0.012875536480686695
8 0.011444921316165951
6 0.011444921316165951
4 0.010014306151645207
9 0.008583690987124463
0 0.00715307582260372
doc : 4
4 0.6285714285714286
3 0.21964285714285714
1 0.055357142857142855
0 0.024999999999999998
7 0.017857142857142856
6 0.012499999999999999
2 0.012499999999999999
8 0.010714285714285714
9 0.008928571428571428
5 0.008928571428571428
doc : 5
5 0.7962328767123287
3 0.030821917808219176
0 0.030821917808219176
8 0.02910958904109589
1 0.023972602739726026
7 0.02226027397260274
4 0.02226027397260274
2 0.02226027397260274
9 0.011986301369863013
6 0.010273972602739725
doc : 6
3 0.36162361623616235
5 0.2656826568265683
9 0.05904059040590406
8 0.05166051660516605
2 0.05166051660516605
0 0.05166051660516605
1 0.047970479704797044
4 0.04428044280442804
6 0.03690036900369004
7 0.02952029520295203
doc : 7
3 0.6666666666666666
5 0.08558558558558559
0 0.08108108108108109
4 0.0472972972972973
7 0.02927927927927928
1 0.024774774774774775
2 0.02252252252252252
9 0.015765765765765764
6 0.015765765765765764
8 0.01126126126126126
doc : 8
4 0.921760391198044
8 0.02078239608801956
3 0.017114914425427872
5 0.009168704156479218
0 0.007334963325183374
6 0.005501222493887531
1 0.005501222493887531
9 0.004889975550122249
7 0.004889975550122249
2 0.003056234718826406
doc : 9
1 0.6165644171779141
3 0.08282208588957056
6 0.0705521472392638
7 0.052147239263803685
8 0.046012269938650305
2 0.03374233128834356
5 0.03067484662576687
4 0.027607361963190184
0 0.02147239263803681
9 0.018404907975460124
doc : 10
3 0.8969957081545065
8 0.01430615164520744
2 0.01430615164520744
7 0.012875536480686695
0 0.011444921316165951
9 0.010014306151645207
6 0.010014306151645207
5 0.010014306151645207
4 0.010014306151645207
1 0.010014306151645207
doc : 11
3 0.7505154639175258
0 0.04536082474226804
5 0.03917525773195876
2 0.03711340206185567
6 0.030927835051546393
1 0.026804123711340208
7 0.024742268041237116
9 0.016494845360824743
8 0.01443298969072165
4 0.01443298969072165
doc : 12
6 0.7802690582959642
3 0.05829596412556054
5 0.04932735426008968
0 0.02466367713004484
4 0.017937219730941704
2 0.01569506726457399
1 0.01569506726457399
9 0.013452914798206279
7 0.013452914798206279
8 0.011210762331838564
doc : 13
8 0.8676880222841226
1 0.026462395543175487
3 0.023676880222841225
4 0.016713091922005572
5 0.013927576601671309
0 0.012534818941504178
2 0.011142061281337047
9 0.009749303621169917
6 0.009749303621169917
7 0.008356545961002786
doc : 14
4 0.6998050682261208
1 0.05458089668615984
3 0.05263157894736842
0 0.050682261208576995
6 0.042884990253411304
7 0.03313840155945419
5 0.021442495126705652
2 0.01949317738791423
9 0.01364522417153996
8 0.011695906432748537
doc : 15
4 0.6422764227642277
3 0.10975609756097562
1 0.05691056910569106
0 0.05081300813008131
2 0.02845528455284553
5 0.026422764227642278
7 0.024390243902439025
6 0.024390243902439025
9 0.01829268292682927
8 0.01829268292682927
doc : 16
1 0.20930232558139533
2 0.13953488372093023
6 0.12790697674418605
8 0.10465116279069767
7 0.08139534883720931
9 0.06976744186046512
5 0.06976744186046512
3 0.06976744186046512
0 0.06976744186046512
4 0.05813953488372093
doc : 17
5 0.504950495049505
6 0.18316831683168316
1 0.06930693069306931
0 0.0594059405940594
2 0.039603960396039604
8 0.03217821782178218
9 0.0297029702970297
7 0.0297029702970297
4 0.0297029702970297
3 0.022277227722772276
doc : 18
5 0.29979035639413
3 0.29350104821802936
7 0.08385744234800839
6 0.07966457023060797
1 0.05870020964360587
8 0.04821802935010482
0 0.04821802935010482
2 0.039832285115303984
4 0.02725366876310273
9 0.020964360587002098
doc : 19
2 0.7242798353909464
3 0.1371742112482853
8 0.046639231824417
6 0.01783264746227709
7 0.016460905349794237
4 0.016460905349794237
5 0.013717421124828532
1 0.009602194787379972
0 0.009602194787379972
9 0.008230452674897118
doc : 20
1 0.6561514195583596
3 0.17981072555205047
8 0.025236593059936908
6 0.025236593059936908
0 0.025236593059936908
9 0.01892744479495268
7 0.01892744479495268
5 0.01892744479495268
4 0.015772870662460567
2 0.015772870662460567
doc : 21
1 0.7424892703862661
5 0.08583690987124463
6 0.030042918454935622
4 0.027896995708154508
7 0.02575107296137339
8 0.02145922746781116
9 0.017167381974248927
3 0.017167381974248927
2 0.017167381974248927
0 0.015021459227467811
doc : 22
0 0.8064889918887601
3 0.08458864426419467
5 0.02549246813441483
6 0.016222479721900347
4 0.015063731170336037
1 0.015063731170336037
8 0.010428736964078795
7 0.010428736964078795
2 0.010428736964078795
9 0.005793742757821553
doc : 23
4 0.9094890510948904
3 0.02773722627737226
8 0.01751824817518248
5 0.00948905109489051
2 0.008029197080291971
1 0.008029197080291971
6 0.00583941605839416
9 0.0051094890510948905
7 0.00437956204379562
0 0.00437956204379562
doc : 24
5 0.4810495626822157
3 0.18075801749271136
4 0.09912536443148688
1 0.0553935860058309
6 0.04081632653061224
7 0.03206997084548105
2 0.03206997084548105
0 0.029154518950437316
8 0.026239067055393587
9 0.023323615160349854
doc : 25
5 0.37542662116040953
3 0.12627986348122866
1 0.10580204778156997
7 0.08532423208191127
6 0.07849829351535836
4 0.07849829351535836
8 0.040955631399317405
2 0.040955631399317405
0 0.040955631399317405
9 0.027303754266211604
doc : 26
5 0.39622641509433965
3 0.1320754716981132
0 0.10062893081761007
1 0.06918238993710692
2 0.06289308176100629
8 0.05660377358490566
4 0.050314465408805034
9 0.04402515723270441
7 0.04402515723270441
6 0.04402515723270441
doc : 27
1 0.27906976744186046
8 0.11627906976744186
9 0.10465116279069767
6 0.09302325581395349
3 0.09302325581395349
4 0.06976744186046512
0 0.06976744186046512
7 0.05813953488372093
5 0.05813953488372093
2 0.05813953488372093
doc : 28
1 0.591324200913242
2 0.17579908675799086
5 0.0730593607305936
3 0.0319634703196347
7 0.02968036529680365
0 0.02511415525114155
4 0.0228310502283105
8 0.0182648401826484
9 0.01598173515981735
6 0.01598173515981735
doc : 29
2 0.7194767441860465
1 0.1613372093023256
6 0.030523255813953487
0 0.020348837209302327
8 0.0188953488372093
5 0.014534883720930232
4 0.010174418604651164
9 0.00872093023255814
3 0.00872093023255814
7 0.007267441860465116
doc : 30
4 0.6764705882352942
1 0.08235294117647059
3 0.06274509803921569
5 0.049019607843137254
8 0.029411764705882353
7 0.023529411764705882
0 0.021568627450980392
6 0.0196078431372549
9 0.01764705882352941
2 0.01764705882352941
doc : 31
7 0.8696537678207739
8 0.018329938900203666
5 0.018329938900203666
3 0.016293279022403257
9 0.01425661914460285
2 0.01425661914460285
1 0.01425661914460285
6 0.012219959266802444
0 0.012219959266802444
4 0.010183299389002035
doc : 32
3 0.6057142857142858
5 0.11333333333333333
4 0.08285714285714285
0 0.06
8 0.04666666666666667
1 0.03333333333333333
2 0.025714285714285714
6 0.014285714285714285
7 0.011428571428571429
9 0.006666666666666666
doc : 33
2 0.7470760233918128
1 0.13011695906432746
6 0.027777777777777776
9 0.017543859649122806
3 0.017543859649122806
8 0.01608187134502924
7 0.013157894736842105
0 0.011695906432748537
5 0.01023391812865497
4 0.008771929824561403
doc : 34
1 0.6462395543175488
2 0.11977715877437325
6 0.05013927576601671
3 0.04178272980501393
8 0.036211699164345405
7 0.03064066852367688
9 0.019498607242339833
4 0.019498607242339833
0 0.019498607242339833
5 0.016713091922005572
doc : 35
5 0.3099787685774947
2 0.2632696390658174
1 0.1592356687898089
6 0.07218683651804671
3 0.06581740976645435
7 0.044585987261146494
4 0.027600849256900213
8 0.021231422505307854
0 0.021231422505307854
9 0.014861995753715499
doc : 36
8 0.5124716553287982
2 0.4013605442176871
6 0.0272108843537415
5 0.017006802721088437
3 0.010204081632653062
1 0.007936507936507936
7 0.006802721088435375
9 0.005668934240362812
4 0.005668934240362812
0 0.005668934240362812
doc : 37
1 0.6241379310344828
2 0.16206896551724137
3 0.041379310344827586
4 0.03793103448275862
5 0.034482758620689655
7 0.02413793103448276
6 0.020689655172413793
0 0.020689655172413793
9 0.017241379310344827
8 0.017241379310344827
doc : 38
1 0.4258760107816712
2 0.2183288409703504
6 0.1078167115902965
3 0.05660377358490566
5 0.04851752021563342
0 0.04043126684636119
7 0.02964959568733154
9 0.02425876010781671
8 0.02425876010781671
4 0.02425876010781671
doc : 39
7 0.7303370786516855
3 0.05617977528089888
6 0.040449438202247195
2 0.040449438202247195
1 0.03370786516853933
4 0.022471910112359553
0 0.022471910112359553
5 0.020224719101123598
8 0.017977528089887642
9 0.015730337078651686
doc : 40
1 0.19047619047619047
3 0.18253968253968253
2 0.12698412698412698
5 0.11904761904761904
8 0.0873015873015873
7 0.0873015873015873
4 0.06349206349206349
0 0.05555555555555555
6 0.047619047619047616
9 0.03968253968253968
doc : 41
1 0.7384615384615385
3 0.05
8 0.03461538461538462
2 0.03461538461538462
4 0.03076923076923077
9 0.026923076923076925
7 0.023076923076923078
5 0.023076923076923078
6 0.019230769230769232
0 0.019230769230769232
doc : 42
0 0.8792341678939617
3 0.033873343151693665
6 0.014727540500736377
2 0.014727540500736377
5 0.013254786450662739
7 0.011782032400589101
4 0.008836524300441826
1 0.008836524300441826
9 0.007363770250368188
8 0.007363770250368188
doc : 43
9 0.9574390687522736
3 0.01018552200800291
1 0.007275372862859222
6 0.004728992360858494
2 0.0043652237177155325
5 0.003637686431429611
7 0.00327391778828665
0 0.00327391778828665
8 0.0029101491451436886
4 0.0029101491451436886
doc : 44
7 0.644976076555024
3 0.1923444976076555
8 0.04019138755980861
5 0.04019138755980861
6 0.024880382775119617
0 0.02200956937799043
2 0.011483253588516746
4 0.00861244019138756
1 0.00861244019138756
9 0.0066985645933014355
doc : 45
1 0.35684647302904565
3 0.1950207468879668
6 0.0912863070539419
5 0.06639004149377593
0 0.06639004149377593
7 0.05394190871369295
9 0.049792531120331954
8 0.049792531120331954
2 0.03734439834024896
4 0.03319502074688797
doc : 46
8 0.78748370273794
3 0.075619295958279
5 0.0469361147327249
7 0.02998696219035202
0 0.015645371577574965
1 0.011734028683181226
6 0.010430247718383311
9 0.007822685788787483
2 0.007822685788787483
4 0.00651890482398957
doc : 47
6 0.8347578347578348
8 0.022792022792022793
1 0.022792022792022793
9 0.019943019943019943
3 0.019943019943019943
7 0.017094017094017096
4 0.017094017094017096
2 0.017094017094017096
5 0.014245014245014245
0 0.014245014245014245
doc : 48
6 0.8461538461538461
4 0.019943019943019943
3 0.019943019943019943
2 0.019943019943019943
1 0.019943019943019943
0 0.017094017094017096
9 0.014245014245014245
8 0.014245014245014245
7 0.014245014245014245
5 0.014245014245014245
doc : 49
6 0.8717948717948718
9 0.014245014245014245
8 0.014245014245014245
7 0.014245014245014245
5 0.014245014245014245
4 0.014245014245014245
3 0.014245014245014245
2 0.014245014245014245
1 0.014245014245014245
0 0.014245014245014245
