doc : 0
7 0.816
0 0.034666666666666665
4 0.024
6 0.021333333333333333
3 0.021333333333333333
2 0.021333333333333333
5 0.018666666666666665
8 0.016
9 0.013333333333333332
1 0.013333333333333332
doc : 1
6 0.5246891651865009
1 0.44049733570159855
0 0.01314387211367673
8 0.004262877442273535
9 0.003907637655417406
7 0.002841918294849023
5 0.002841918294849023
3 0.002841918294849023
2 0.002841918294849023
4 0.0021314387211367673
doc : 2
6 0.5338181818181817
1 0.43418181818181817
3 0.007272727272727273
5 0.00509090909090909
8 0.004363636363636363
0 0.004
7 0.0036363636363636364
2 0.0032727272727272726
9 0.0021818181818181815
4 0.0021818181818181815
doc : 3
0 0.46355685131195334
7 0.1107871720116618
8 0.09620991253644315
3 0.09037900874635568
5 0.08454810495626822
2 0.043731778425655975
6 0.03498542274052478
1 0.03206997084548105
4 0.026239067055393587
9 0.01749271137026239
doc : 4
0 0.4857142857142857
8 0.12698412698412698
7 0.09206349206349207
3 0.06666666666666667
6 0.050793650793650794
5 0.047619047619047616
2 0.044444444444444446
4 0.03492063492063492
1 0.02857142857142857
9 0.022222222222222223
doc : 5
0 0.5355805243445693
7 0.1797752808988764
3 0.08614232209737828
5 0.04119850187265918
8 0.0299625468164794
4 0.0299625468164794
6 0.026217228464419477
2 0.026217228464419477
1 0.026217228464419477
9 0.018726591760299626
doc : 6
3 0.6519607843137255
8 0.07352941176470588
1 0.056372549019607844
0 0.056372549019607844
5 0.049019607843137254
6 0.03431372549019608
4 0.024509803921568627
2 0.022058823529411763
7 0.01715686274509804
9 0.014705882352941176
doc : 7
5 0.729119638826185
0 0.0564334085778781
2 0.040632054176072234
6 0.03160270880361173
3 0.02934537246049661
9 0.02708803611738149
1 0.02708803611738149
4 0.024830699774266364
7 0.02257336343115124
8 0.01128668171557562
doc : 8
2 0.9077155824508321
8 0.018154311649016642
5 0.013615733736762482
0 0.01059001512859304
7 0.009077155824508321
4 0.009077155824508321
1 0.009077155824508321
9 0.007564296520423601
6 0.007564296520423601
3 0.007564296520423601
doc : 9
4 0.846081208687441
7 0.07884796978281398
8 0.02785646836638338
5 0.013692162417374882
0 0.010387157695939566
1 0.007554296506137866
3 0.005193578847969783
2 0.003777148253068933
9 0.0033050047214353163
6 0.0033050047214353163
doc : 10
8 0.8308080808080809
0 0.03535353535353536
2 0.026515151515151516
5 0.02398989898989899
9 0.016414141414141416
7 0.016414141414141416
4 0.015151515151515152
1 0.012626262626262628
6 0.011363636363636364
3 0.011363636363636364
doc : 11
7 0.6742738589211619
0 0.08713692946058091
3 0.06224066390041494
5 0.058091286307053944
8 0.029045643153526972
4 0.026970954356846474
6 0.02074688796680498
9 0.014522821576763486
1 0.014522821576763486
2 0.012448132780082988
doc : 12
7 0.7256637168141593
2 0.05309734513274336
9 0.03982300884955752
4 0.030973451327433628
0 0.030973451327433628
5 0.02654867256637168
3 0.02654867256637168
8 0.022123893805309734
6 0.022123893805309734
1 0.022123893805309734
doc : 13
0 0.3709677419354839
3 0.34408602150537637
8 0.05376344086021506
5 0.043010752688172046
4 0.03763440860215054
9 0.03225806451612903
7 0.03225806451612903
6 0.03225806451612903
2 0.02688172043010753
1 0.02688172043010753
doc : 14
2 0.8362573099415205
7 0.02729044834307992
6 0.02729044834307992
5 0.023391812865497075
8 0.021442495126705652
0 0.01949317738791423
4 0.01364522417153996
9 0.011695906432748537
3 0.009746588693957114
1 0.009746588693957114
doc : 15
2 0.8366141732283464
6 0.027559055118110236
8 0.025590551181102362
0 0.025590551181102362
1 0.017716535433070866
5 0.015748031496062992
7 0.013779527559055118
4 0.013779527559055118
3 0.013779527559055118
9 0.00984251968503937
doc : 16
2 0.8891013384321224
8 0.021032504780114723
1 0.015296367112810707
6 0.013384321223709368
9 0.01147227533460803
7 0.01147227533460803
5 0.009560229445506692
4 0.009560229445506692
3 0.009560229445506692
0 0.009560229445506692
doc : 17
5 0.6286266924564797
3 0.21470019342359767
7 0.03288201160541586
8 0.027079303675048357
0 0.027079303675048357
2 0.017408123791102514
9 0.013539651837524178
6 0.013539651837524178
1 0.013539651837524178
4 0.01160541586073501
doc : 18
8 0.5604575163398693
0 0.25980392156862747
6 0.05065359477124183
3 0.029411764705882353
2 0.026143790849673203
7 0.01797385620915033
9 0.016339869281045753
5 0.016339869281045753
1 0.014705882352941176
4 0.008169934640522876
doc : 19
3 0.660968660968661
5 0.06267806267806268
0 0.05413105413105413
6 0.042735042735042736
1 0.042735042735042736
4 0.03418803418803419
7 0.03133903133903134
8 0.02849002849002849
2 0.022792022792022793
9 0.019943019943019943
doc : 20
5 0.7560975609756098
3 0.06504065040650406
7 0.037940379403794036
8 0.03523035230352303
1 0.02168021680216802
6 0.018970189701897018
2 0.018970189701897018
9 0.016260162601626015
0 0.016260162601626015
4 0.013550135501355014
doc : 21
2 0.8804554079696395
8 0.018975332068311195
1 0.017077798861480076
0 0.017077798861480076
7 0.013282732447817837
5 0.013282732447817837
6 0.011385199240986717
9 0.009487666034155597
4 0.009487666034155597
3 0.009487666034155597
doc : 22
2 0.8757281553398057
8 0.019417475728155338
5 0.017475728155339806
0 0.017475728155339806
7 0.013592233009708738
6 0.013592233009708738
3 0.011650485436893204
1 0.011650485436893204
9 0.009708737864077669
4 0.009708737864077669
doc : 23
2 0.8936170212765957
8 0.013539651837524178
7 0.013539651837524178
5 0.013539651837524178
6 0.01160541586073501
4 0.01160541586073501
3 0.01160541586073501
0 0.01160541586073501
9 0.009671179883945842
1 0.009671179883945842
doc : 24
2 0.8718446601941747
8 0.027184466019417475
3 0.017475728155339806
0 0.017475728155339806
6 0.015533980582524271
5 0.011650485436893204
9 0.009708737864077669
7 0.009708737864077669
4 0.009708737864077669
1 0.009708737864077669
doc : 25
2 0.8978805394990366
6 0.017341040462427744
0 0.015414258188824663
9 0.011560693641618497
8 0.009633911368015413
7 0.009633911368015413
5 0.009633911368015413
4 0.009633911368015413
3 0.009633911368015413
1 0.009633911368015413
doc : 26
2 0.8941398865784499
8 0.020793950850661626
9 0.013232514177693762
6 0.011342155009451797
4 0.011342155009451797
1 0.011342155009451797
7 0.00945179584120983
5 0.00945179584120983
3 0.00945179584120983
0 0.00945179584120983
doc : 27
0 0.5655430711610487
2 0.1797752808988764
3 0.0898876404494382
8 0.052434456928838954
5 0.03745318352059925
7 0.018726591760299626
6 0.018726591760299626
1 0.0149812734082397
9 0.013108614232209739
4 0.009363295880149813
doc : 28
9 0.9300635785649409
0 0.012715712988192553
2 0.011807447774750226
3 0.00908265213442325
8 0.007266121707538601
7 0.007266121707538601
5 0.007266121707538601
1 0.005449591280653951
6 0.004541326067211625
4 0.004541326067211625
doc : 29
6 0.5347533632286996
1 0.4372197309417041
8 0.006352765321375187
2 0.00523168908819133
4 0.0029895366218236174
3 0.0029895366218236174
9 0.002615844544095665
7 0.002615844544095665
5 0.002615844544095665
0 0.002615844544095665
doc : 30
3 0.4669603524229075
5 0.19383259911894274
1 0.07048458149779736
0 0.06607929515418502
9 0.05726872246696036
4 0.039647577092511016
6 0.030837004405286347
8 0.026431718061674013
7 0.026431718061674013
2 0.022026431718061675
doc : 31
7 0.23857868020304568
4 0.19289340101522842
5 0.14720812182741116
9 0.09644670050761421
3 0.09137055837563451
8 0.07106598984771573
0 0.06598984771573603
6 0.035532994923857864
2 0.03045685279187817
1 0.03045685279187817
doc : 32
2 0.894736842105263
0 0.015594541910331383
8 0.01364522417153996
5 0.01364522417153996
6 0.011695906432748537
1 0.011695906432748537
9 0.009746588693957114
7 0.009746588693957114
4 0.009746588693957114
3 0.009746588693957114
doc : 33
2 0.8897338403041825
8 0.015209125475285171
3 0.015209125475285171
7 0.013307984790874524
0 0.013307984790874524
9 0.011406844106463879
5 0.011406844106463879
4 0.011406844106463879
6 0.009505703422053232
1 0.009505703422053232
doc : 34
2 0.8574040219378428
7 0.02376599634369287
0 0.021937842778793418
6 0.016453382084095063
4 0.016453382084095063
8 0.014625228519195612
3 0.014625228519195612
9 0.012797074954296161
1 0.012797074954296161
5 0.009140767824497258
doc : 35
2 0.8826923076923078
7 0.01730769230769231
9 0.015384615384615385
6 0.015384615384615385
3 0.015384615384615385
1 0.013461538461538462
0 0.011538461538461539
8 0.009615384615384616
5 0.009615384615384616
4 0.009615384615384616
doc : 36
2 0.5129151291512914
0 0.22140221402214022
6 0.05166051660516605
5 0.047970479704797044
3 0.04059040590405904
4 0.033210332103321034
7 0.02952029520295203
8 0.025830258302583026
9 0.01845018450184502
1 0.01845018450184502
doc : 37
9 0.9334085778781037
3 0.013544018058690745
2 0.010158013544018058
4 0.007900677200902933
6 0.006772009029345372
8 0.00564334085778781
7 0.00564334085778781
5 0.00564334085778781
1 0.00564334085778781
0 0.00564334085778781
doc : 38
3 0.7385524372230429
5 0.07828655834564255
0 0.053175775480059084
2 0.033973412112259974
8 0.020679468242245203
1 0.020679468242245203
6 0.016248153618906944
7 0.014771048744460858
4 0.014771048744460858
9 0.008862629246676515
doc : 39
3 0.5136612021857924
0 0.16393442622950818
1 0.060109289617486336
5 0.0546448087431694
7 0.04371584699453552
8 0.03825136612021858
6 0.03825136612021858
4 0.03278688524590164
9 0.0273224043715847
2 0.0273224043715847
doc : 40
5 0.5269607843137255
2 0.3333333333333333
3 0.04656862745098039
8 0.023284313725490197
1 0.01715686274509804
0 0.015931372549019607
7 0.012254901960784314
6 0.00980392156862745
9 0.007352941176470588
4 0.007352941176470588
doc : 41
7 0.8597359735973598
0 0.034653465346534656
3 0.028052805280528052
2 0.0165016501650165
5 0.011551155115511552
4 0.011551155115511552
8 0.009900990099009901
6 0.009900990099009901
1 0.009900990099009901
9 0.00825082508250825
doc : 42
6 0.5195755579948774
1 0.4442005122575924
8 0.007683863885839736
5 0.005854372484449323
7 0.005122575923893157
0 0.004390779363336992
3 0.00402488108305891
9 0.003658982802780827
2 0.0029271862422246614
4 0.0025612879619465786
doc : 43
3 0.3628571428571429
0 0.24857142857142858
6 0.08
1 0.07714285714285714
4 0.054285714285714284
8 0.05142857142857143
7 0.05142857142857143
5 0.03428571428571429
9 0.025714285714285714
2 0.014285714285714285
doc : 44
9 0.9555052790346908
7 0.006033182503770739
4 0.005279034690799397
3 0.005279034690799397
1 0.005279034690799397
0 0.005279034690799397
8 0.004524886877828055
5 0.004524886877828055
2 0.004524886877828055
6 0.003770739064856712
doc : 45
9 0.9509721048182586
4 0.007607776838546069
6 0.006762468300929839
3 0.005917159763313609
0 0.005917159763313609
7 0.00507185122569738
5 0.00507185122569738
8 0.004226542688081149
2 0.004226542688081149
1 0.004226542688081149
doc : 46
2 0.9001996007984031
1 0.01397205588822355
6 0.011976047904191616
5 0.011976047904191616
0 0.011976047904191616
9 0.00998003992015968
8 0.00998003992015968
7 0.00998003992015968
4 0.00998003992015968
3 0.00998003992015968
doc : 47
2 0.5349794238683128
0 0.23045267489711935
8 0.03292181069958848
7 0.03292181069958848
3 0.03292181069958848
5 0.02880658436213992
4 0.02880658436213992
1 0.02880658436213992
9 0.02469135802469136
6 0.02469135802469136
doc : 48
2 0.8057553956834533
0 0.04316546762589928
3 0.0341726618705036
5 0.02877697841726619
8 0.019784172661870505
4 0.019784172661870505
7 0.014388489208633094
1 0.014388489208633094
6 0.01079136690647482
9 0.008992805755395683
doc : 49
3 0.6296296296296295
0 0.11728395061728394
5 0.07098765432098765
9 0.030864197530864196
6 0.030864197530864196
1 0.030864197530864196
8 0.027777777777777776
7 0.024691358024691357
4 0.018518518518518517
2 0.018518518518518517
