doc : 0
7 0.31481481481481477
6 0.19753086419753085
2 0.12962962962962962
1 0.08641975308641975
5 0.06172839506172839
8 0.05555555555555555
4 0.043209876543209874
0 0.043209876543209874
9 0.037037037037037035
3 0.030864197530864196
doc : 1
7 0.33548387096774196
6 0.2064516129032258
1 0.0967741935483871
2 0.07741935483870968
5 0.06451612903225806
8 0.05806451612903226
0 0.04516129032258064
9 0.03870967741935484
4 0.03870967741935484
3 0.03870967741935484
doc : 2
7 0.36129032258064514
6 0.1935483870967742
2 0.11612903225806452
1 0.07096774193548387
8 0.05161290322580645
9 0.04516129032258064
5 0.04516129032258064
4 0.04516129032258064
0 0.03870967741935484
3 0.03225806451612903
doc : 3
2 0.7213114754098361
6 0.05573770491803279
1 0.039344262295081964
9 0.029508196721311476
5 0.029508196721311476
3 0.029508196721311476
8 0.02622950819672131
0 0.02622950819672131
4 0.022950819672131147
7 0.019672131147540982
doc : 4
2 0.8323353293413174
6 0.023952095808383235
8 0.02095808383233533
7 0.02095808383233533
5 0.017964071856287428
4 0.017964071856287428
3 0.017964071856287428
1 0.017964071856287428
9 0.014970059880239521
0 0.014970059880239521
doc : 5
2 0.8343373493975904
6 0.02710843373493976
1 0.024096385542168676
8 0.021084337349397592
5 0.01807228915662651
9 0.015060240963855422
7 0.015060240963855422
4 0.015060240963855422
3 0.015060240963855422
0 0.015060240963855422
doc : 6
2 0.8343373493975904
6 0.024096385542168676
5 0.021084337349397592
9 0.01807228915662651
8 0.01807228915662651
4 0.01807228915662651
1 0.01807228915662651
0 0.01807228915662651
7 0.015060240963855422
3 0.015060240963855422
doc : 7
6 0.264
5 0.12
4 0.12
2 0.112
8 0.08
1 0.07200000000000001
3 0.064
0 0.064
7 0.056
9 0.048
doc : 8
4 0.22302158273381295
0 0.1223021582733813
8 0.10071942446043167
7 0.10071942446043167
5 0.08633093525179857
2 0.08633093525179857
3 0.07913669064748202
9 0.07194244604316546
6 0.07194244604316546
1 0.05755395683453238
doc : 9
9 0.90715667311412
8 0.014506769825918761
4 0.012572533849129593
3 0.012572533849129593
0 0.012572533849129593
5 0.01160541586073501
1 0.009671179883945842
6 0.008704061895551257
7 0.005802707930367505
2 0.004835589941972921
doc : 10
2 0.8293413173652695
7 0.023952095808383235
6 0.023952095808383235
8 0.02095808383233533
5 0.017964071856287428
4 0.017964071856287428
3 0.017964071856287428
1 0.017964071856287428
9 0.014970059880239521
0 0.014970059880239521
doc : 11
2 0.8313253012048193
5 0.030120481927710843
9 0.01807228915662651
8 0.01807228915662651
7 0.01807228915662651
6 0.01807228915662651
3 0.01807228915662651
1 0.01807228915662651
4 0.015060240963855422
0 0.015060240963855422
doc : 12
2 0.8227848101265822
7 0.02531645569620253
1 0.02531645569620253
6 0.022151898734177215
8 0.0189873417721519
5 0.0189873417721519
4 0.0189873417721519
9 0.015822784810126583
3 0.015822784810126583
0 0.015822784810126583
doc : 13
2 0.8532934131736527
9 0.017964071856287428
8 0.017964071856287428
7 0.017964071856287428
6 0.017964071856287428
5 0.014970059880239521
4 0.014970059880239521
3 0.014970059880239521
1 0.014970059880239521
0 0.014970059880239521
doc : 14
2 0.8323353293413174
6 0.038922155688622756
9 0.017964071856287428
8 0.017964071856287428
5 0.017964071856287428
7 0.014970059880239521
4 0.014970059880239521
3 0.014970059880239521
1 0.014970059880239521
0 0.014970059880239521
doc : 15
2 0.822289156626506
6 0.02710843373493976
7 0.024096385542168676
5 0.024096385542168676
8 0.01807228915662651
4 0.01807228915662651
3 0.01807228915662651
1 0.01807228915662651
9 0.015060240963855422
0 0.015060240963855422
doc : 16
0 0.75
6 0.0752212389380531
2 0.035398230088495575
4 0.028761061946902654
5 0.02654867256637168
3 0.022123893805309734
9 0.017699115044247787
7 0.017699115044247787
8 0.015486725663716814
1 0.011061946902654867
doc : 17
7 0.3312101910828026
6 0.1910828025477707
1 0.1337579617834395
8 0.07006369426751592
5 0.07006369426751592
2 0.050955414012738856
4 0.0445859872611465
9 0.038216560509554146
3 0.038216560509554146
0 0.03184713375796178
doc : 18
4 0.24651162790697673
6 0.19534883720930232
1 0.16279069767441862
2 0.15348837209302324
0 0.06976744186046512
9 0.04186046511627907
8 0.037209302325581395
7 0.037209302325581395
3 0.03255813953488372
5 0.023255813953488372
doc : 19
1 0.7750759878419453
2 0.03951367781155015
6 0.0364741641337386
7 0.030395136778115502
3 0.02735562310030395
5 0.022796352583586626
9 0.0182370820668693
8 0.0182370820668693
4 0.0182370820668693
0 0.013677811550151976
doc : 20
4 0.6587677725118484
1 0.09162717219589257
6 0.05845181674565561
2 0.045813586097946286
5 0.03949447077409163
0 0.03949447077409163
3 0.026856240126382307
8 0.01579778830963665
9 0.014218009478672985
7 0.009478672985781991
doc : 21
2 0.822289156626506
6 0.02710843373493976
7 0.024096385542168676
1 0.024096385542168676
8 0.01807228915662651
5 0.01807228915662651
4 0.01807228915662651
0 0.01807228915662651
9 0.015060240963855422
3 0.015060240963855422
doc : 22
2 0.8413173652694611
7 0.023952095808383235
1 0.02095808383233533
8 0.017964071856287428
6 0.017964071856287428
5 0.017964071856287428
9 0.014970059880239521
4 0.014970059880239521
3 0.014970059880239521
0 0.014970059880239521
doc : 23
2 0.8072289156626506
6 0.05120481927710844
1 0.024096385542168676
5 0.021084337349397592
8 0.01807228915662651
4 0.01807228915662651
9 0.015060240963855422
7 0.015060240963855422
3 0.015060240963855422
0 0.015060240963855422
doc : 24
2 0.811377245508982
6 0.02694610778443114
5 0.02694610778443114
4 0.023952095808383235
0 0.023952095808383235
8 0.02095808383233533
9 0.017964071856287428
1 0.017964071856287428
7 0.014970059880239521
3 0.014970059880239521
doc : 25
6 0.8376470588235293
3 0.028235294117647056
8 0.021176470588235293
5 0.021176470588235293
9 0.018823529411764704
2 0.016470588235294115
1 0.016470588235294115
4 0.014117647058823528
0 0.014117647058823528
7 0.011764705882352941
doc : 26
3 0.5760869565217391
6 0.09782608695652174
2 0.09057971014492754
0 0.04710144927536232
5 0.03985507246376812
1 0.03985507246376812
4 0.036231884057971016
9 0.025362318840579712
8 0.025362318840579712
7 0.021739130434782608
doc : 27
6 0.6064516129032258
9 0.06451612903225806
2 0.05806451612903226
0 0.05161290322580645
8 0.03870967741935484
7 0.03870967741935484
5 0.03870967741935484
4 0.03870967741935484
3 0.03225806451612903
1 0.03225806451612903
doc : 28
6 0.475609756097561
4 0.0975609756097561
2 0.09146341463414634
7 0.07317073170731708
9 0.054878048780487805
0 0.04878048780487805
5 0.042682926829268296
1 0.042682926829268296
8 0.03658536585365854
3 0.03658536585365854
doc : 29
4 0.6061946902654867
7 0.07964601769911504
5 0.05752212389380531
2 0.048672566371681415
6 0.04424778761061947
3 0.04424778761061947
0 0.035398230088495575
8 0.030973451327433628
9 0.02654867256637168
1 0.02654867256637168
doc : 30
4 0.26436781609195403
2 0.24137931034482757
1 0.10727969348659003
0 0.10727969348659003
6 0.07662835249042145
9 0.05747126436781609
7 0.05747126436781609
5 0.038314176245210725
3 0.026819923371647507
8 0.022988505747126436
doc : 31
7 0.7067510548523206
1 0.06118143459915611
5 0.05274261603375527
4 0.04641350210970464
6 0.040084388185654005
0 0.03164556962025316
3 0.02109704641350211
8 0.014767932489451475
2 0.014767932489451475
9 0.010548523206751054
doc : 32
6 0.6193548387096774
4 0.05161290322580645
7 0.04516129032258064
2 0.04516129032258064
1 0.04516129032258064
0 0.04516129032258064
9 0.03870967741935484
8 0.03870967741935484
5 0.03870967741935484
3 0.03225806451612903
doc : 33
6 0.6258064516129033
2 0.06451612903225806
4 0.05161290322580645
5 0.04516129032258064
8 0.03870967741935484
1 0.03870967741935484
0 0.03870967741935484
9 0.03225806451612903
7 0.03225806451612903
3 0.03225806451612903
doc : 34
6 0.6258064516129033
2 0.05161290322580645
4 0.04516129032258064
3 0.04516129032258064
0 0.04516129032258064
9 0.03870967741935484
8 0.03870967741935484
7 0.03870967741935484
1 0.03870967741935484
5 0.03225806451612903
doc : 35
3 0.7073608617594255
5 0.12028725314183124
7 0.06283662477558348
4 0.02872531418312388
2 0.017953321364452424
1 0.01615798922800718
9 0.012567324955116697
0 0.012567324955116697
8 0.010771992818671455
6 0.010771992818671455
doc : 36
1 0.9245901639344263
6 0.018579234972677595
2 0.008743169398907104
0 0.008743169398907104
7 0.007650273224043716
5 0.007650273224043716
3 0.007650273224043716
9 0.00546448087431694
8 0.00546448087431694
4 0.00546448087431694
doc : 37
1 0.9234856535600424
6 0.012752391073326248
2 0.012752391073326248
5 0.009564293304994686
0 0.009564293304994686
8 0.008501594048884165
3 0.007438894792773645
9 0.005313496280552603
7 0.005313496280552603
4 0.005313496280552603
doc : 38
5 0.8518518518518519
6 0.03009259259259259
7 0.018518518518518517
4 0.016203703703703703
2 0.016203703703703703
9 0.013888888888888888
8 0.013888888888888888
1 0.013888888888888888
0 0.013888888888888888
3 0.011574074074074073
doc : 39
3 0.7376586741889986
8 0.10437235543018336
6 0.03244005641748942
5 0.029619181946403384
9 0.02538787023977433
0 0.021156558533145273
7 0.014104372355430182
1 0.014104372355430182
2 0.012693935119887164
4 0.00846262341325811
doc : 40
4 0.5469255663430421
5 0.07766990291262137
6 0.0744336569579288
3 0.0744336569579288
7 0.06472491909385114
2 0.042071197411003236
0 0.042071197411003236
8 0.02912621359223301
1 0.02912621359223301
9 0.01941747572815534
doc : 41
6 0.8504901960784313
0 0.024509803921568627
8 0.01715686274509804
4 0.01715686274509804
3 0.01715686274509804
1 0.01715686274509804
9 0.014705882352941176
7 0.014705882352941176
2 0.014705882352941176
5 0.012254901960784314
doc : 42
6 0.7692307692307692
2 0.04142011834319526
0 0.03254437869822485
4 0.026627218934911243
1 0.026627218934911243
5 0.023668639053254437
3 0.023668639053254437
8 0.02071005917159763
7 0.02071005917159763
9 0.014792899408284023
doc : 43
6 0.7723970944309928
9 0.036319612590799036
1 0.03389830508474576
2 0.031476997578692496
7 0.02421307506053269
5 0.02179176755447942
4 0.02179176755447942
3 0.02179176755447942
0 0.01937046004842615
8 0.01694915254237288
doc : 44
8 0.7711202084108671
9 0.19836248604391515
3 0.009676218831410496
7 0.004093784890212133
0 0.003349460364719018
2 0.00297729810197246
1 0.00297729810197246
6 0.0026051358392259025
4 0.0026051358392259025
5 0.0022329735764793452
doc : 45
5 0.8585858585858586
2 0.026262626262626262
7 0.0202020202020202
6 0.01818181818181818
3 0.01616161616161616
9 0.014141414141414142
1 0.014141414141414142
0 0.012121212121212121
8 0.0101010101010101
4 0.0101010101010101
doc : 46
9 0.8998054474708171
0 0.016536964980544747
4 0.013618677042801557
1 0.013618677042801557
6 0.01264591439688716
8 0.011673151750972763
7 0.011673151750972763
3 0.008754863813229572
2 0.006809338521400778
5 0.0048638132295719845
doc : 47
0 0.8434065934065935
9 0.05700549450549451
1 0.020604395604395608
4 0.018543956043956044
2 0.017170329670329672
6 0.013736263736263738
5 0.010302197802197804
8 0.008241758241758242
7 0.006868131868131869
3 0.004120879120879121
doc : 48
7 0.7943327239488117
4 0.0603290676416819
5 0.031992687385740404
6 0.029250457038391225
2 0.026508226691042046
8 0.01736745886654479
0 0.016453382084095063
1 0.011882998171846435
9 0.006398537477148081
3 0.005484460694698354
doc : 49
6 0.824390243902439
5 0.029268292682926828
1 0.029268292682926828
0 0.02195121951219512
3 0.01951219512195122
8 0.01707317073170732
7 0.01707317073170732
2 0.01707317073170732
9 0.012195121951219513
4 0.012195121951219513
