doc : 0
8 0.8264299802761341
2 0.07297830374753451
0 0.03451676528599606
1 0.020216962524654835
7 0.01725838264299803
4 0.015779092702169626
6 0.003451676528599606
5 0.003451676528599606
9 0.002958579881656805
3 0.002958579881656805
doc : 1
7 0.2
8 0.15
9 0.13
0 0.13
2 0.09
4 0.08
1 0.07
6 0.05
5 0.05
3 0.05
doc : 2
4 0.879066478076379
7 0.033946251768033946
2 0.016973125884016973
1 0.016973125884016973
0 0.013437057991513438
6 0.011315417256011316
9 0.009193776520509194
8 0.008486562942008486
3 0.005657708628005658
5 0.0049504950495049506
doc : 3
7 0.786036036036036
4 0.0472972972972973
1 0.02927927927927928
2 0.02702702702702703
0 0.02702702702702703
6 0.02027027027027027
9 0.018018018018018018
3 0.018018018018018018
8 0.015765765765765764
5 0.01126126126126126
doc : 4
8 0.782991202346041
9 0.03519061583577712
7 0.03519061583577712
3 0.03225806451612903
4 0.02785923753665689
2 0.02346041055718475
6 0.021994134897360705
0 0.01759530791788856
1 0.013196480938416423
5 0.010263929618768328
doc : 5
8 0.6666666666666667
4 0.162534435261708
2 0.030303030303030304
6 0.027548209366391185
7 0.024793388429752067
9 0.02203856749311295
3 0.01928374655647383
0 0.01928374655647383
5 0.013774104683195593
1 0.013774104683195593
doc : 6
2 0.7784313725490196
7 0.043137254901960784
4 0.03333333333333333
0 0.03137254901960784
9 0.029411764705882353
8 0.025490196078431372
3 0.0196078431372549
1 0.01568627450980392
6 0.013725490196078431
5 0.00980392156862745
doc : 7
7 0.656934306569343
4 0.072992700729927
8 0.05474452554744525
1 0.040145985401459854
2 0.0364963503649635
3 0.032846715328467155
9 0.029197080291970802
6 0.025547445255474453
5 0.025547445255474453
0 0.025547445255474453
doc : 8
6 0.9081133919843597
9 0.01759530791788856
7 0.016617790811339198
1 0.010752688172043012
4 0.009775171065493646
5 0.00879765395894428
2 0.007820136852394917
0 0.007820136852394917
8 0.006842619745845552
3 0.005865102639296188
doc : 9
8 0.6537530266343826
3 0.18401937046004843
6 0.026634382566585957
5 0.026634382566585957
4 0.02421307506053269
2 0.02421307506053269
9 0.01694915254237288
0 0.01694915254237288
7 0.014527845036319613
1 0.012106537530266345
doc : 10
0 0.8314049586776859
7 0.049586776859504134
9 0.021487603305785124
8 0.01983471074380165
4 0.01652892561983471
2 0.01652892561983471
3 0.013223140495867768
6 0.011570247933884297
5 0.011570247933884297
1 0.008264462809917356
doc : 11
9 0.6065573770491803
7 0.04918032786885246
5 0.04918032786885246
1 0.04918032786885246
8 0.04098360655737705
6 0.04098360655737705
4 0.04098360655737705
3 0.04098360655737705
2 0.04098360655737705
0 0.04098360655737705
doc : 12
9 0.6147540983606558
6 0.05737704918032787
8 0.04098360655737705
7 0.04098360655737705
5 0.04098360655737705
4 0.04098360655737705
3 0.04098360655737705
2 0.04098360655737705
1 0.04098360655737705
0 0.04098360655737705
doc : 13
9 0.6218487394957983
8 0.04201680672268907
7 0.04201680672268907
6 0.04201680672268907
5 0.04201680672268907
4 0.04201680672268907
3 0.04201680672268907
2 0.04201680672268907
1 0.04201680672268907
0 0.04201680672268907
doc : 14
9 0.6134453781512604
2 0.05042016806722689
8 0.04201680672268907
7 0.04201680672268907
6 0.04201680672268907
5 0.04201680672268907
4 0.04201680672268907
3 0.04201680672268907
1 0.04201680672268907
0 0.04201680672268907
doc : 15
9 0.6101694915254238
2 0.05084745762711865
8 0.0423728813559322
7 0.0423728813559322
6 0.0423728813559322
5 0.0423728813559322
4 0.0423728813559322
3 0.0423728813559322
1 0.0423728813559322
0 0.0423728813559322
doc : 16
9 0.6050420168067226
6 0.05042016806722689
4 0.05042016806722689
8 0.04201680672268907
7 0.04201680672268907
5 0.04201680672268907
3 0.04201680672268907
2 0.04201680672268907
1 0.04201680672268907
0 0.04201680672268907
doc : 17
2 0.7194719471947195
0 0.04620462046204621
7 0.039603960396039604
6 0.039603960396039604
1 0.036303630363036306
9 0.0297029702970297
8 0.023102310231023104
5 0.023102310231023104
4 0.023102310231023104
3 0.019801980198019802
doc : 18
2 0.5537190082644629
0 0.12396694214876033
4 0.06198347107438017
1 0.05785123966942149
7 0.045454545454545456
5 0.0371900826446281
8 0.03305785123966942
6 0.03305785123966942
3 0.028925619834710745
9 0.024793388429752067
doc : 19
9 0.5966386554621849
6 0.058823529411764705
1 0.05042016806722689
8 0.04201680672268907
7 0.04201680672268907
5 0.04201680672268907
4 0.04201680672268907
3 0.04201680672268907
2 0.04201680672268907
0 0.04201680672268907
doc : 20
6 0.9097978227060654
9 0.02177293934681182
0 0.01088646967340591
8 0.00933125972006221
7 0.00933125972006221
5 0.0077760497667185065
4 0.0077760497667185065
3 0.0077760497667185065
2 0.0077760497667185065
1 0.0077760497667185065
doc : 21
6 0.9090909090909092
9 0.01785714285714286
7 0.00974025974025974
4 0.00974025974025974
3 0.00974025974025974
2 0.00974025974025974
1 0.00974025974025974
8 0.008116883116883118
5 0.008116883116883118
0 0.008116883116883118
doc : 22
6 0.8848368522072937
9 0.02879078694817658
3 0.013435700575815739
7 0.011516314779270634
4 0.011516314779270634
2 0.011516314779270634
8 0.009596928982725527
5 0.009596928982725527
1 0.009596928982725527
0 0.009596928982725527
doc : 23
6 0.8475336322869955
9 0.051569506726457395
0 0.01569506726457399
5 0.013452914798206279
3 0.013452914798206279
1 0.013452914798206279
8 0.011210762331838564
7 0.011210762331838564
4 0.011210762331838564
2 0.011210762331838564
doc : 24
6 0.9268292682926829
0 0.01668806161745828
9 0.008985879332477534
4 0.007702182284980744
3 0.007702182284980744
8 0.006418485237483953
7 0.006418485237483953
5 0.006418485237483953
2 0.006418485237483953
1 0.006418485237483953
doc : 25
9 0.6218487394957983
8 0.04201680672268907
7 0.04201680672268907
6 0.04201680672268907
5 0.04201680672268907
4 0.04201680672268907
3 0.04201680672268907
2 0.04201680672268907
1 0.04201680672268907
0 0.04201680672268907
doc : 26
9 0.6423841059602649
0 0.052980132450331126
7 0.046357615894039736
6 0.046357615894039736
3 0.039735099337748346
2 0.039735099337748346
8 0.033112582781456956
5 0.033112582781456956
4 0.033112582781456956
1 0.033112582781456956
doc : 27
9 0.6
4 0.05
3 0.05
1 0.05
8 0.041666666666666664
7 0.041666666666666664
6 0.041666666666666664
5 0.041666666666666664
2 0.041666666666666664
0 0.041666666666666664
doc : 28
9 0.6218487394957983
8 0.04201680672268907
7 0.04201680672268907
6 0.04201680672268907
5 0.04201680672268907
4 0.04201680672268907
3 0.04201680672268907
2 0.04201680672268907
1 0.04201680672268907
0 0.04201680672268907
doc : 29
7 0.7942238267148015
4 0.052346570397111915
9 0.039711191335740074
2 0.02707581227436823
8 0.019855595667870037
0 0.018050541516245487
6 0.01444043321299639
3 0.01444043321299639
1 0.010830324909747294
5 0.009025270758122744
doc : 30
9 0.5798319327731092
6 0.07563025210084033
1 0.05042016806722689
8 0.04201680672268907
7 0.04201680672268907
5 0.04201680672268907
4 0.04201680672268907
3 0.04201680672268907
2 0.04201680672268907
0 0.04201680672268907
doc : 31
9 0.6218487394957983
8 0.04201680672268907
7 0.04201680672268907
6 0.04201680672268907
5 0.04201680672268907
4 0.04201680672268907
3 0.04201680672268907
2 0.04201680672268907
1 0.04201680672268907
0 0.04201680672268907
doc : 32
9 0.6134453781512604
6 0.05042016806722689
8 0.04201680672268907
7 0.04201680672268907
5 0.04201680672268907
4 0.04201680672268907
3 0.04201680672268907
2 0.04201680672268907
1 0.04201680672268907
0 0.04201680672268907
doc : 33
9 0.6133333333333334
4 0.060000000000000005
6 0.05333333333333334
2 0.04666666666666667
0 0.04666666666666667
7 0.04
3 0.04
8 0.03333333333333333
5 0.03333333333333333
1 0.03333333333333333
doc : 34
9 0.6
6 0.05
5 0.05
2 0.05
8 0.041666666666666664
7 0.041666666666666664
4 0.041666666666666664
3 0.041666666666666664
1 0.041666666666666664
0 0.041666666666666664
doc : 35
9 0.6134453781512604
1 0.05042016806722689
8 0.04201680672268907
7 0.04201680672268907
6 0.04201680672268907
5 0.04201680672268907
4 0.04201680672268907
3 0.04201680672268907
2 0.04201680672268907
0 0.04201680672268907
doc : 36
6 0.8917779339423753
0 0.019676739283204497
2 0.016865776528460996
1 0.016865776528460996
9 0.016163035839775124
4 0.014054813773717499
7 0.007730147575544624
3 0.0070274068868587496
8 0.006324666198172874
5 0.0035137034434293748
doc : 37
9 0.6050420168067226
8 0.05042016806722689
6 0.05042016806722689
7 0.04201680672268907
5 0.04201680672268907
4 0.04201680672268907
3 0.04201680672268907
2 0.04201680672268907
1 0.04201680672268907
0 0.04201680672268907
doc : 38
9 0.6050420168067226
6 0.05042016806722689
2 0.05042016806722689
8 0.04201680672268907
7 0.04201680672268907
5 0.04201680672268907
4 0.04201680672268907
3 0.04201680672268907
1 0.04201680672268907
0 0.04201680672268907
doc : 39
9 0.625
8 0.041666666666666664
7 0.041666666666666664
6 0.041666666666666664
5 0.041666666666666664
4 0.041666666666666664
3 0.041666666666666664
2 0.041666666666666664
1 0.041666666666666664
0 0.041666666666666664
doc : 40
9 0.6218487394957983
8 0.04201680672268907
7 0.04201680672268907
6 0.04201680672268907
5 0.04201680672268907
4 0.04201680672268907
3 0.04201680672268907
2 0.04201680672268907
1 0.04201680672268907
0 0.04201680672268907
doc : 41
9 0.5882352941176471
7 0.058823529411764705
3 0.05042016806722689
0 0.05042016806722689
8 0.04201680672268907
6 0.04201680672268907
5 0.04201680672268907
4 0.04201680672268907
2 0.04201680672268907
1 0.04201680672268907
doc : 42
9 0.6050420168067226
6 0.058823529411764705
8 0.04201680672268907
7 0.04201680672268907
5 0.04201680672268907
4 0.04201680672268907
3 0.04201680672268907
2 0.04201680672268907
1 0.04201680672268907
0 0.04201680672268907
doc : 43
9 0.6218487394957983
8 0.04201680672268907
7 0.04201680672268907
6 0.04201680672268907
5 0.04201680672268907
4 0.04201680672268907
3 0.04201680672268907
2 0.04201680672268907
1 0.04201680672268907
0 0.04201680672268907
doc : 44
3 0.8719268153230417
1 0.04516866781017724
5 0.032590051457975985
9 0.010291595197255574
4 0.010291595197255574
8 0.008004574042309892
0 0.00686106346483705
7 0.006289308176100629
6 0.004574042309891366
2 0.004002287021154946
doc : 45
0 0.5068493150684932
2 0.23835616438356164
7 0.06301369863013699
4 0.057534246575342465
8 0.03561643835616438
9 0.021917808219178082
3 0.021917808219178082
6 0.019178082191780823
1 0.019178082191780823
5 0.016438356164383564
doc : 46
5 0.8295121530770557
1 0.13963109808653681
3 0.016376486812618517
2 0.0037924495776590246
0 0.0025857610756766076
9 0.0020686088605412862
7 0.0018962247888295123
4 0.0017238407171177384
8 0.0015514566454059647
6 8.619203585588692E-4
doc : 47
9 0.6166666666666667
4 0.05
8 0.041666666666666664
7 0.041666666666666664
6 0.041666666666666664
5 0.041666666666666664
3 0.041666666666666664
2 0.041666666666666664
1 0.041666666666666664
0 0.041666666666666664
doc : 48
9 0.6134453781512604
6 0.05042016806722689
8 0.04201680672268907
7 0.04201680672268907
5 0.04201680672268907
4 0.04201680672268907
3 0.04201680672268907
2 0.04201680672268907
1 0.04201680672268907
0 0.04201680672268907
doc : 49
4 0.936087295401403
7 0.021044427123928292
6 0.007014809041309431
8 0.006235385814497272
0 0.006235385814497272
2 0.005455962587685113
9 0.004676539360872954
3 0.004676539360872954
1 0.004676539360872954
5 0.003897116134060795
