doc : 0
5 0.6413793103448275
6 0.10758620689655171
3 0.08137931034482758
0 0.06344827586206896
4 0.03310344827586206
7 0.023448275862068962
2 0.01793103448275862
1 0.012413793103448275
8 0.011034482758620689
9 0.008275862068965516
doc : 1
4 0.7995110024449877
5 0.0488997555012225
2 0.03667481662591687
9 0.02567237163814181
6 0.023227383863080684
0 0.01589242053789731
8 0.014669926650366748
7 0.013447432762836185
3 0.013447432762836185
1 0.008557457212713936
doc : 2
7 0.7793103448275862
5 0.034482758620689655
6 0.027586206896551724
4 0.027586206896551724
0 0.027586206896551724
3 0.02413793103448276
9 0.020689655172413793
2 0.020689655172413793
1 0.020689655172413793
8 0.017241379310344827
doc : 3
5 0.7504051863857374
9 0.15559157212317665
2 0.01944894651539708
3 0.012965964343598054
7 0.011345218800648298
6 0.011345218800648298
4 0.011345218800648298
8 0.00972447325769854
0 0.00972447325769854
1 0.008103727714748784
doc : 4
5 0.7145522388059702
9 0.166044776119403
2 0.024253731343283583
6 0.020522388059701493
3 0.020522388059701493
4 0.013059701492537313
7 0.011194029850746268
0 0.011194029850746268
8 0.009328358208955223
1 0.009328358208955223
doc : 5
5 0.29069767441860467
7 0.13953488372093023
9 0.09302325581395349
4 0.08139534883720931
3 0.08139534883720931
1 0.06976744186046512
0 0.06976744186046512
8 0.05813953488372093
6 0.05813953488372093
2 0.05813953488372093
doc : 6
5 0.32558139534883723
7 0.11627906976744186
9 0.10465116279069767
8 0.06976744186046512
4 0.06976744186046512
3 0.06976744186046512
0 0.06976744186046512
6 0.05813953488372093
2 0.05813953488372093
1 0.05813953488372093
doc : 7
2 0.822429906542056
9 0.08878504672897196
7 0.017133956386292833
5 0.014018691588785047
4 0.012461059190031152
3 0.012461059190031152
0 0.009345794392523364
8 0.00778816199376947
6 0.00778816199376947
1 0.00778816199376947
doc : 8
2 0.8112903225806452
9 0.08870967741935484
5 0.02258064516129032
7 0.020967741935483872
3 0.012903225806451613
6 0.01129032258064516
8 0.008064516129032258
4 0.008064516129032258
1 0.008064516129032258
0 0.008064516129032258
doc : 9
5 0.48
7 0.2
9 0.07384615384615384
4 0.04923076923076923
3 0.04923076923076923
6 0.043076923076923075
0 0.04
2 0.03076923076923077
1 0.01846153846153846
8 0.015384615384615385
doc : 10
5 0.6502347417840376
3 0.07746478873239437
6 0.07511737089201878
0 0.0539906103286385
7 0.03990610328638498
4 0.03286384976525822
9 0.03051643192488263
2 0.01643192488262911
8 0.011737089201877934
1 0.011737089201877934
doc : 11
5 0.6825842696629213
4 0.05337078651685393
7 0.047752808988764044
9 0.0449438202247191
6 0.03651685393258427
2 0.03651685393258427
0 0.03089887640449438
8 0.025280898876404494
1 0.02247191011235955
3 0.019662921348314606
doc : 12
9 0.9389952153110047
6 0.008373205741626795
5 0.008373205741626795
4 0.007177033492822966
2 0.007177033492822966
8 0.005980861244019139
7 0.005980861244019139
3 0.005980861244019139
1 0.005980861244019139
0 0.005980861244019139
doc : 13
9 0.9314606741573035
5 0.012359550561797755
3 0.008988764044943821
2 0.008988764044943821
0 0.008988764044943821
6 0.006741573033707865
8 0.005617977528089888
7 0.005617977528089888
4 0.005617977528089888
1 0.005617977528089888
doc : 14
9 0.9358974358974359
3 0.01048951048951049
5 0.008158508158508158
7 0.006993006993006993
6 0.006993006993006993
4 0.006993006993006993
2 0.006993006993006993
8 0.005827505827505828
1 0.005827505827505828
0 0.005827505827505828
doc : 15
9 0.9430232558139535
5 0.00813953488372093
6 0.0069767441860465115
4 0.0069767441860465115
8 0.005813953488372093
7 0.005813953488372093
3 0.005813953488372093
2 0.005813953488372093
1 0.005813953488372093
0 0.005813953488372093
doc : 16
3 0.8032128514056224
0 0.05120481927710843
6 0.04116465863453815
5 0.028112449799196783
2 0.019076305220883532
7 0.01606425702811245
4 0.01606425702811245
1 0.010040160642570281
8 0.009036144578313253
9 0.006024096385542168
doc : 17
2 0.8785578747628083
7 0.018975332068311195
1 0.017077798861480076
6 0.015180265654648957
9 0.013282732447817837
8 0.013282732447817837
4 0.013282732447817837
0 0.011385199240986717
5 0.009487666034155597
3 0.009487666034155597
doc : 18
7 0.8063380281690141
5 0.028169014084507043
2 0.028169014084507043
0 0.028169014084507043
9 0.02112676056338028
8 0.017605633802816902
6 0.017605633802816902
4 0.017605633802816902
3 0.017605633802816902
1 0.017605633802816902
doc : 19
7 0.6992084432717678
4 0.10817941952506596
2 0.04221635883905013
0 0.0316622691292876
5 0.023746701846965697
8 0.021108179419525065
3 0.021108179419525065
1 0.021108179419525065
9 0.0158311345646438
6 0.0158311345646438
doc : 20
7 0.7857142857142857
5 0.03273809523809523
3 0.03273809523809523
0 0.03273809523809523
4 0.023809523809523808
2 0.023809523809523808
6 0.020833333333333332
8 0.017857142857142856
9 0.01488095238095238
1 0.01488095238095238
doc : 21
9 0.919674039580908
5 0.015133876600698487
4 0.010477299185098952
2 0.009313154831199068
0 0.009313154831199068
8 0.008149010477299184
3 0.008149010477299184
7 0.006984866123399301
6 0.006984866123399301
1 0.005820721769499418
doc : 22
9 0.9365269461077844
5 0.008383233532934131
8 0.00718562874251497
7 0.00718562874251497
6 0.00718562874251497
4 0.00718562874251497
3 0.00718562874251497
0 0.00718562874251497
2 0.005988023952095809
1 0.005988023952095809
doc : 23
9 0.9296998420221169
4 0.013428120063191154
7 0.011058451816745656
6 0.008688783570300158
2 0.007898894154818325
5 0.00631911532385466
3 0.00631911532385466
8 0.005529225908372828
1 0.005529225908372828
0 0.005529225908372828
doc : 24
2 0.4682080924855491
3 0.25626204238921
0 0.12138728323699421
6 0.030828516377649325
5 0.02697495183044316
7 0.023121387283236993
9 0.019267822736030827
8 0.019267822736030827
4 0.019267822736030827
1 0.015414258188824663
doc : 25
0 0.9173745173745174
6 0.01698841698841699
2 0.014671814671814672
7 0.010038610038610039
4 0.010038610038610039
3 0.009266409266409266
5 0.0069498069498069494
8 0.005405405405405406
9 0.004633204633204633
1 0.004633204633204633
doc : 26
6 0.675392670157068
0 0.11780104712041886
5 0.05235602094240838
4 0.034031413612565446
2 0.03141361256544503
3 0.02356020942408377
8 0.020942408376963352
7 0.015706806282722516
1 0.015706806282722516
9 0.013089005235602094
doc : 27
7 0.7974683544303798
9 0.03164556962025317
5 0.03164556962025317
0 0.03164556962025317
2 0.02531645569620253
1 0.0189873417721519
8 0.015822784810126583
6 0.015822784810126583
4 0.015822784810126583
3 0.015822784810126583
doc : 28
7 0.7689655172413793
5 0.034482758620689655
4 0.03103448275862069
0 0.03103448275862069
3 0.027586206896551724
6 0.02413793103448276
1 0.02413793103448276
8 0.020689655172413793
2 0.020689655172413793
9 0.017241379310344827
doc : 29
7 0.823321554770318
3 0.024734982332155476
6 0.021201413427561835
2 0.021201413427561835
0 0.021201413427561835
9 0.0176678445229682
8 0.0176678445229682
5 0.0176678445229682
4 0.0176678445229682
1 0.0176678445229682
doc : 30
7 0.822742474916388
4 0.023411371237458192
3 0.023411371237458192
5 0.020066889632107024
2 0.020066889632107024
1 0.020066889632107024
0 0.020066889632107024
9 0.016722408026755852
8 0.016722408026755852
6 0.016722408026755852
doc : 31
6 0.8439790575916232
0 0.03036649214659686
2 0.02722513089005236
8 0.01780104712041885
9 0.016753926701570682
3 0.016753926701570682
7 0.015706806282722516
5 0.015706806282722516
4 0.00942408376963351
1 0.006282722513089006
doc : 32
4 0.6768707482993197
3 0.06462585034013606
0 0.05102040816326531
1 0.03741496598639456
2 0.03401360544217687
6 0.030612244897959183
5 0.030612244897959183
7 0.027210884353741496
9 0.023809523809523808
8 0.023809523809523808
doc : 33
4 0.7417840375586855
2 0.04929577464788733
0 0.04225352112676056
7 0.035211267605633804
3 0.03286384976525822
1 0.028169014084507043
9 0.023474178403755867
6 0.01643192488262911
5 0.01643192488262911
8 0.014084507042253521
doc : 34
4 0.7896039603960396
3 0.04702970297029703
5 0.027227722772277228
9 0.024752475247524754
2 0.024752475247524754
7 0.022277227722772276
6 0.019801980198019802
8 0.017326732673267328
1 0.01485148514851485
0 0.012376237623762377
doc : 35
0 0.7803692905733721
4 0.07482993197278912
6 0.03304178814382896
8 0.025267249757045675
5 0.024295432458697763
2 0.024295432458697763
7 0.012633624878522837
9 0.010689990281827016
3 0.009718172983479106
1 0.004859086491739553
doc : 36
2 0.8817365269461078
7 0.014970059880239521
6 0.014970059880239521
5 0.014970059880239521
3 0.014970059880239521
9 0.01347305389221557
8 0.01347305389221557
4 0.01347305389221557
0 0.010479041916167666
1 0.0074850299401197605
doc : 37
6 0.7105882352941176
3 0.06235294117647058
2 0.05058823529411764
7 0.039999999999999994
4 0.03411764705882352
0 0.03411764705882352
9 0.030588235294117645
5 0.019999999999999997
8 0.010588235294117647
1 0.007058823529411764
doc : 38
7 0.8373493975903615
5 0.024096385542168676
6 0.021084337349397592
4 0.021084337349397592
3 0.01807228915662651
1 0.01807228915662651
9 0.015060240963855422
8 0.015060240963855422
2 0.015060240963855422
0 0.015060240963855422
doc : 39
7 0.7741935483870968
5 0.03870967741935484
0 0.035483870967741936
9 0.02903225806451613
3 0.02903225806451613
8 0.02258064516129032
6 0.01935483870967742
2 0.01935483870967742
4 0.016129032258064516
1 0.016129032258064516
doc : 40
4 0.8743718592964825
2 0.02412060301507538
6 0.018090452261306535
7 0.015075376884422112
5 0.015075376884422112
9 0.013065326633165831
3 0.01206030150753769
0 0.01206030150753769
8 0.011055276381909548
1 0.0050251256281407045
doc : 41
8 0.9622360248447205
6 0.006956521739130435
2 0.005962732919254659
0 0.00546583850931677
5 0.004472049689440994
9 0.003975155279503106
4 0.0034782608695652175
3 0.0032298136645962736
7 0.002236024844720497
1 0.001987577639751553
doc : 42
1 0.9625489100055897
4 0.008570896217626234
0 0.006521334078628657
5 0.004471771939631079
8 0.003912800447177194
3 0.003726476616359232
6 0.003353828954723309
7 0.0026085336314514624
2 0.0026085336314514624
9 0.0016769144773616546
doc : 43
2 0.8847305389221557
9 0.017964071856287428
8 0.014970059880239521
5 0.014970059880239521
6 0.01347305389221557
0 0.01347305389221557
4 0.011976047904191617
3 0.011976047904191617
7 0.008982035928143714
1 0.0074850299401197605
doc : 44
3 0.8798586572438162
4 0.05300353356890459
5 0.011189634864546525
2 0.011189634864546525
6 0.010600706713780918
7 0.008244994110718492
9 0.0076560659599528855
8 0.007067137809187279
0 0.005889281507656065
1 0.005300353356890459
doc : 45
7 0.734982332155477
4 0.0706713780918728
5 0.0353356890459364
3 0.03180212014134275
6 0.028268551236749116
9 0.024734982332155476
2 0.021201413427561835
8 0.0176678445229682
1 0.0176678445229682
0 0.0176678445229682
doc : 46
4 0.7166947723440135
6 0.06408094435075885
5 0.042158516020236084
0 0.04047217537942664
2 0.03372681281618887
8 0.03035413153456998
3 0.025295109612141653
9 0.02023608768971332
7 0.01517706576728499
1 0.011804384485666104
doc : 47
6 0.6548672566371682
5 0.09911504424778761
8 0.0831858407079646
2 0.049557522123893805
0 0.03185840707964602
7 0.017699115044247787
9 0.01592920353982301
4 0.01592920353982301
3 0.01592920353982301
1 0.01592920353982301
doc : 48
5 0.6829268292682927
9 0.12195121951219512
2 0.0600375234521576
6 0.0450281425891182
3 0.016885553470919325
1 0.016885553470919325
8 0.0150093808630394
0 0.0150093808630394
7 0.013133208255159474
4 0.013133208255159474
doc : 49
3 0.847568988173456
6 0.06110381077529566
5 0.021681997371879105
8 0.020367936925098556
0 0.011169513797634692
7 0.010512483574244415
4 0.00985545335085414
1 0.00657030223390276
9 0.005913272010512484
2 0.005256241787122208
