doc : 0
5 0.1875
4 0.125
9 0.09375
7 0.09375
3 0.09375
2 0.09375
8 0.078125
6 0.078125
1 0.078125
0 0.078125
doc : 1
3 0.8743961352657005
4 0.016908212560386472
2 0.016908212560386472
9 0.014492753623188404
5 0.014492753623188404
1 0.014492753623188404
8 0.012077294685990338
7 0.012077294685990338
6 0.012077294685990338
0 0.012077294685990338
doc : 2
4 0.9001782531194296
1 0.017825311942959
2 0.012477718360071301
7 0.0106951871657754
5 0.0106951871657754
3 0.0106951871657754
0 0.0106951871657754
9 0.0089126559714795
8 0.0089126559714795
6 0.0089126559714795
doc : 3
2 0.348314606741573
4 0.10112359550561797
8 0.0898876404494382
7 0.07865168539325842
0 0.07865168539325842
6 0.06741573033707865
1 0.06741573033707865
9 0.056179775280898875
5 0.056179775280898875
3 0.056179775280898875
doc : 4
2 0.36363636363636365
8 0.1652892561983471
6 0.06611570247933884
5 0.06611570247933884
9 0.05785123966942149
4 0.05785123966942149
3 0.05785123966942149
1 0.05785123966942149
0 0.05785123966942149
7 0.049586776859504134
doc : 5
2 0.4660194174757281
6 0.07766990291262135
5 0.06796116504854369
4 0.06796116504854369
0 0.06796116504854369
1 0.058252427184466014
9 0.04854368932038834
8 0.04854368932038834
7 0.04854368932038834
3 0.04854368932038834
doc : 6
2 0.45054945054945056
9 0.06593406593406594
8 0.06593406593406594
6 0.06593406593406594
4 0.06593406593406594
3 0.06593406593406594
7 0.05494505494505495
5 0.05494505494505495
1 0.05494505494505495
0 0.05494505494505495
doc : 7
2 0.4726027397260274
7 0.0958904109589041
6 0.0958904109589041
4 0.0684931506849315
8 0.04794520547945205
3 0.04794520547945205
1 0.04794520547945205
0 0.04794520547945205
5 0.0410958904109589
9 0.03424657534246575
doc : 8
2 0.4382022471910112
4 0.07865168539325842
8 0.06741573033707865
5 0.06741573033707865
3 0.06741573033707865
9 0.056179775280898875
7 0.056179775280898875
6 0.056179775280898875
1 0.056179775280898875
0 0.056179775280898875
doc : 9
2 0.358695652173913
1 0.13043478260869565
7 0.08695652173913043
9 0.06521739130434782
8 0.06521739130434782
6 0.06521739130434782
3 0.06521739130434782
5 0.05434782608695652
4 0.05434782608695652
0 0.05434782608695652
doc : 10
2 0.24836601307189543
4 0.2450980392156863
1 0.18627450980392157
7 0.10784313725490197
5 0.058823529411764705
9 0.0392156862745098
8 0.03594771241830066
6 0.03594771241830066
3 0.022875816993464054
0 0.0196078431372549
doc : 11
4 0.14285714285714285
1 0.14285714285714285
7 0.13392857142857142
6 0.13392857142857142
3 0.13392857142857142
5 0.07142857142857142
0 0.07142857142857142
2 0.0625
9 0.05357142857142857
8 0.05357142857142857
doc : 12
6 0.8151549942594719
8 0.05970149253731343
7 0.021814006888633754
4 0.018369690011481057
1 0.017221584385763492
2 0.016073478760045924
0 0.016073478760045924
3 0.014925373134328358
9 0.010332950631458095
5 0.010332950631458095
doc : 13
4 0.9108734402852049
1 0.0160427807486631
6 0.0106951871657754
9 0.0089126559714795
8 0.0089126559714795
7 0.0089126559714795
5 0.0089126559714795
3 0.0089126559714795
2 0.0089126559714795
0 0.0089126559714795
doc : 14
2 0.140625
5 0.125
7 0.109375
4 0.109375
9 0.09375
3 0.09375
1 0.09375
8 0.078125
6 0.078125
0 0.078125
doc : 15
3 0.8623188405797101
1 0.021739130434782608
2 0.01932367149758454
6 0.016908212560386472
4 0.016908212560386472
0 0.014492753623188404
9 0.012077294685990338
8 0.012077294685990338
7 0.012077294685990338
5 0.012077294685990338
doc : 16
1 0.864963503649635
3 0.029197080291970802
4 0.01824817518248175
9 0.014598540145985401
5 0.014598540145985401
8 0.012773722627737226
6 0.012773722627737226
7 0.010948905109489052
2 0.010948905109489052
0 0.010948905109489052
doc : 17
4 0.9162210338680926
8 0.0106951871657754
1 0.0106951871657754
9 0.0089126559714795
7 0.0089126559714795
6 0.0089126559714795
5 0.0089126559714795
3 0.0089126559714795
2 0.0089126559714795
0 0.0089126559714795
doc : 18
0 0.9148148148148149
8 0.015740740740740743
6 0.012962962962962964
4 0.010185185185185186
9 0.009259259259259259
7 0.009259259259259259
5 0.008333333333333333
2 0.007407407407407408
3 0.006481481481481482
1 0.005555555555555556
doc : 19
0 0.8735521235521235
6 0.027992277992277992
8 0.021235521235521235
5 0.015444015444015444
7 0.01447876447876448
4 0.011583011583011584
2 0.010617760617760617
3 0.009652509652509652
1 0.009652509652509652
9 0.005791505791505792
doc : 20
0 0.9497784342688331
8 0.007385524372230429
9 0.0066469719350073855
6 0.0066469719350073855
4 0.0066469719350073855
3 0.005908419497784343
1 0.005169867060561301
7 0.004431314623338257
5 0.0036927621861152144
2 0.0036927621861152144
doc : 21
9 0.8834586466165413
7 0.016917293233082706
2 0.016917293233082706
3 0.015037593984962405
6 0.013157894736842105
5 0.013157894736842105
4 0.011278195488721804
1 0.011278195488721804
8 0.009398496240601503
0 0.009398496240601503
doc : 22
8 0.8441330998248686
6 0.03327495621716287
0 0.0297723292469352
3 0.02276707530647986
5 0.017513134851138354
9 0.010507880910683012
7 0.010507880910683012
4 0.010507880910683012
2 0.010507880910683012
1 0.010507880910683012
doc : 23
8 0.8521341463414634
0 0.06097560975609756
2 0.01524390243902439
6 0.012195121951219513
5 0.012195121951219513
7 0.010670731707317074
1 0.010670731707317074
4 0.009146341463414635
3 0.009146341463414635
9 0.007621951219512195
doc : 24
8 0.7581521739130435
0 0.11005434782608696
6 0.02309782608695652
1 0.020380434782608696
9 0.019021739130434784
5 0.019021739130434784
7 0.017663043478260868
2 0.012228260869565216
3 0.010869565217391304
4 0.009510869565217392
doc : 25
2 0.5
6 0.07142857142857142
8 0.0625
3 0.0625
9 0.05357142857142857
5 0.05357142857142857
4 0.05357142857142857
1 0.05357142857142857
7 0.04464285714285714
0 0.04464285714285714
doc : 26
8 0.5436507936507936
6 0.1111111111111111
1 0.07142857142857142
0 0.051587301587301584
7 0.047619047619047616
2 0.047619047619047616
9 0.03571428571428571
4 0.03571428571428571
3 0.031746031746031744
5 0.023809523809523808
doc : 27
5 0.7221438645980254
9 0.14809590973201692
6 0.02679830747531735
1 0.019746121297602257
8 0.018335684062059238
7 0.015514809590973202
4 0.012693935119887164
3 0.012693935119887164
0 0.012693935119887164
2 0.011283497884344146
doc : 28
1 0.8576642335766423
3 0.023722627737226276
4 0.020072992700729927
6 0.016423357664233577
9 0.014598540145985401
8 0.014598540145985401
5 0.014598540145985401
2 0.014598540145985401
7 0.012773722627737226
0 0.010948905109489052
doc : 29
4 0.9001782531194296
9 0.012477718360071301
8 0.012477718360071301
6 0.012477718360071301
1 0.012477718360071301
0 0.012477718360071301
2 0.0106951871657754
7 0.0089126559714795
5 0.0089126559714795
3 0.0089126559714795
doc : 30
1 0.33453237410071945
7 0.2446043165467626
4 0.1474820143884892
6 0.05035971223021583
3 0.05035971223021583
2 0.046762589928057555
8 0.03956834532374101
5 0.03597122302158273
0 0.02877697841726619
9 0.02158273381294964
doc : 31
7 0.3686635944700461
1 0.18433179723502305
4 0.10599078341013825
5 0.06451612903225806
2 0.06451612903225806
8 0.05529953917050691
6 0.05069124423963134
3 0.04608294930875576
0 0.03686635944700461
9 0.02304147465437788
doc : 32
2 0.7385786802030456
3 0.04568527918781726
8 0.035532994923857864
4 0.032994923857868015
0 0.03045685279187817
7 0.027918781725888322
1 0.027918781725888322
9 0.02284263959390863
6 0.02030456852791878
5 0.017766497461928932
doc : 33
7 0.7222222222222222
6 0.058823529411764705
2 0.04575163398692811
0 0.032679738562091505
5 0.029411764705882353
9 0.026143790849673203
8 0.026143790849673203
4 0.0196078431372549
3 0.0196078431372549
1 0.0196078431372549
doc : 34
4 0.9055258467023173
6 0.0142602495543672
1 0.0142602495543672
2 0.012477718360071301
9 0.0089126559714795
8 0.0089126559714795
7 0.0089126559714795
5 0.0089126559714795
3 0.0089126559714795
0 0.0089126559714795
doc : 35
5 0.1875
4 0.109375
9 0.09375
7 0.09375
6 0.09375
3 0.09375
2 0.09375
8 0.078125
1 0.078125
0 0.078125
doc : 36
3 0.8671497584541062
4 0.01932367149758454
1 0.01932367149758454
8 0.014492753623188404
7 0.014492753623188404
6 0.014492753623188404
0 0.014492753623188404
9 0.012077294685990338
5 0.012077294685990338
2 0.012077294685990338
doc : 37
9 0.8561643835616438
5 0.0228310502283105
6 0.02054794520547945
7 0.0182648401826484
1 0.0182648401826484
3 0.01598173515981735
8 0.0136986301369863
4 0.01141552511415525
2 0.01141552511415525
0 0.01141552511415525
doc : 38
9 0.8616600790513833
8 0.021739130434782608
5 0.021739130434782608
7 0.015810276679841896
4 0.015810276679841896
6 0.01383399209486166
3 0.01383399209486166
2 0.01383399209486166
1 0.011857707509881422
0 0.009881422924901184
doc : 39
9 0.8442105263157894
2 0.02526315789473684
6 0.021052631578947368
5 0.021052631578947368
8 0.014736842105263158
7 0.014736842105263158
4 0.014736842105263158
3 0.014736842105263158
1 0.014736842105263158
0 0.014736842105263158
doc : 40
9 0.8636363636363636
4 0.020833333333333336
6 0.01893939393939394
8 0.017045454545454544
5 0.017045454545454544
0 0.015151515151515152
3 0.013257575757575758
2 0.013257575757575758
7 0.011363636363636364
1 0.00946969696969697
doc : 41
9 0.32
5 0.13333333333333333
7 0.12000000000000001
6 0.09333333333333334
2 0.09333333333333334
8 0.060000000000000005
1 0.05333333333333334
4 0.04666666666666667
3 0.04
0 0.04
doc : 42
2 0.4489795918367347
7 0.10204081632653061
1 0.10204081632653061
3 0.07482993197278912
8 0.061224489795918366
6 0.05442176870748299
4 0.047619047619047616
5 0.04081632653061224
9 0.03401360544217687
0 0.03401360544217687
doc : 43
7 0.25619834710743805
6 0.12396694214876033
3 0.12396694214876033
5 0.09917355371900827
9 0.09090909090909091
8 0.0743801652892562
1 0.06611570247933884
2 0.05785123966942149
0 0.05785123966942149
4 0.049586776859504134
doc : 44
8 0.8244111349036403
0 0.04068522483940043
6 0.034261241970021415
9 0.014989293361884369
4 0.014989293361884369
3 0.014989293361884369
2 0.014989293361884369
1 0.014989293361884369
7 0.01284796573875803
5 0.01284796573875803
doc : 45
6 0.43495934959349597
8 0.24593495934959353
0 0.07926829268292684
2 0.0467479674796748
7 0.042682926829268296
5 0.03861788617886179
1 0.03861788617886179
3 0.02845528455284553
4 0.024390243902439025
9 0.020325203252032523
doc : 46
0 0.905189620758483
8 0.01497005988023952
6 0.01397205588822355
1 0.012974051896207584
4 0.011976047904191616
5 0.00998003992015968
3 0.008982035928143712
9 0.007984031936127744
7 0.007984031936127744
2 0.005988023952095808
doc : 47
4 0.8983957219251336
0 0.0142602495543672
9 0.012477718360071301
2 0.012477718360071301
1 0.012477718360071301
7 0.0106951871657754
5 0.0106951871657754
3 0.0106951871657754
8 0.0089126559714795
6 0.0089126559714795
doc : 48
1 0.140625
5 0.125
3 0.125
9 0.09375
7 0.09375
4 0.09375
2 0.09375
8 0.078125
6 0.078125
0 0.078125
doc : 49
5 0.15625
7 0.125
3 0.109375
9 0.09375
6 0.09375
4 0.09375
1 0.09375
8 0.078125
2 0.078125
0 0.078125
