doc : 0
4 0.46478873239436624
0 0.18591549295774648
7 0.10140845070422536
6 0.05915492957746479
9 0.056338028169014086
3 0.033802816901408454
1 0.033802816901408454
5 0.028169014084507043
2 0.01971830985915493
8 0.016901408450704227
doc : 1
9 0.4362934362934363
7 0.1003861003861004
0 0.09266409266409267
6 0.06563706563706564
4 0.06563706563706564
3 0.06563706563706564
1 0.05791505791505792
8 0.05405405405405406
5 0.03474903474903475
2 0.02702702702702703
doc : 2
1 0.9320512820512821
9 0.02564102564102564
5 0.008547008547008548
8 0.007692307692307693
7 0.006837606837606838
2 0.005555555555555556
4 0.004273504273504274
0 0.0038461538461538464
6 0.0029914529914529912
3 0.002564102564102564
doc : 3
7 0.7452471482889734
6 0.03802281368821293
2 0.034220532319391636
5 0.030418250950570342
9 0.026615969581749048
8 0.026615969581749048
4 0.026615969581749048
0 0.026615969581749048
3 0.022813688212927757
1 0.022813688212927757
doc : 4
4 0.8780737704918034
3 0.02766393442622951
2 0.018442622950819672
9 0.015368852459016395
6 0.013319672131147542
7 0.012295081967213115
8 0.010245901639344263
0 0.010245901639344263
1 0.00819672131147541
5 0.006147540983606557
doc : 5
3 0.967774936061381
9 0.005115089514066496
7 0.005115089514066496
0 0.004092071611253197
6 0.003580562659846547
4 0.003580562659846547
5 0.0030690537084398974
8 0.002557544757033248
2 0.002557544757033248
1 0.002557544757033248
doc : 6
0 0.31843575418994413
9 0.19553072625698326
4 0.1229050279329609
1 0.09497206703910614
6 0.0670391061452514
7 0.05027932960893855
2 0.05027932960893855
3 0.03910614525139665
5 0.0335195530726257
8 0.02793296089385475
doc : 7
9 0.3524590163934426
7 0.20218579234972678
6 0.17759562841530055
5 0.05191256830601093
4 0.05191256830601093
3 0.05191256830601093
2 0.03825136612021858
0 0.03278688524590164
8 0.02459016393442623
1 0.01639344262295082
doc : 8
6 0.9375
9 0.010416666666666666
8 0.008101851851851851
5 0.008101851851851851
1 0.006944444444444444
7 0.005787037037037037
4 0.005787037037037037
3 0.005787037037037037
2 0.005787037037037037
0 0.005787037037037037
doc : 9
6 0.18604651162790697
3 0.1511627906976744
7 0.11627906976744186
0 0.11627906976744186
9 0.09302325581395349
8 0.08139534883720931
4 0.06976744186046512
1 0.06976744186046512
5 0.05813953488372093
2 0.05813953488372093
doc : 10
8 0.8800383877159309
3 0.031030070377479204
9 0.022392834293026232
4 0.01855406269993602
5 0.014715291106845808
6 0.011516314779270634
2 0.007677543186180422
7 0.006078055022392834
0 0.004158669225847729
1 0.003838771593090211
doc : 11
6 0.905982905982906
7 0.013675213675213675
2 0.011965811965811965
0 0.011965811965811965
8 0.010256410256410256
4 0.010256410256410256
1 0.010256410256410256
9 0.008547008547008548
5 0.008547008547008548
3 0.008547008547008548
doc : 12
6 0.9020270270270271
8 0.015202702702702704
7 0.013513513513513514
9 0.010135135135135136
5 0.010135135135135136
4 0.010135135135135136
3 0.010135135135135136
2 0.010135135135135136
0 0.010135135135135136
1 0.008445945945945946
doc : 13
7 0.5591397849462365
9 0.07885304659498207
5 0.06451612903225806
0 0.05734767025089606
8 0.053763440860215055
6 0.053763440860215055
4 0.03942652329749104
1 0.035842293906810034
3 0.02867383512544803
2 0.02867383512544803
doc : 14
7 0.38414634146341464
0 0.11585365853658537
6 0.09146341463414634
9 0.07926829268292683
4 0.07926829268292683
2 0.054878048780487805
1 0.054878048780487805
8 0.04878048780487805
3 0.04878048780487805
5 0.042682926829268296
doc : 15
6 0.18604651162790697
0 0.13953488372093023
8 0.10465116279069767
9 0.09302325581395349
4 0.09302325581395349
3 0.09302325581395349
7 0.08139534883720931
2 0.08139534883720931
5 0.06976744186046512
1 0.05813953488372093
doc : 16
3 0.16279069767441862
6 0.1511627906976744
0 0.12790697674418605
9 0.11627906976744186
7 0.11627906976744186
1 0.08139534883720931
4 0.06976744186046512
8 0.05813953488372093
5 0.05813953488372093
2 0.05813953488372093
doc : 17
7 0.8926487747957992
9 0.03267211201866978
0 0.014002333722287047
6 0.010501750291715285
5 0.010501750291715285
3 0.010501750291715285
4 0.009334889148191364
1 0.008168028004667444
8 0.005834305717619602
2 0.005834305717619602
doc : 18
7 0.7155963302752294
6 0.05504587155963303
5 0.03211009174311927
2 0.03211009174311927
1 0.03211009174311927
0 0.03211009174311927
9 0.027522935779816515
8 0.027522935779816515
4 0.022935779816513763
3 0.022935779816513763
doc : 19
0 0.6805555555555555
6 0.06481481481481481
7 0.05092592592592592
9 0.037037037037037035
3 0.032407407407407406
1 0.032407407407407406
5 0.027777777777777776
4 0.027777777777777776
8 0.023148148148148147
2 0.023148148148148147
doc : 20
0 0.6009852216748769
6 0.07881773399014778
2 0.04926108374384237
9 0.04433497536945813
1 0.04433497536945813
8 0.03940886699507389
5 0.03940886699507389
3 0.03940886699507389
7 0.034482758620689655
4 0.029556650246305417
doc : 21
2 0.7971014492753623
4 0.04216073781291173
3 0.03162055335968379
9 0.02635046113306983
7 0.02503293807641634
8 0.022397891963109356
0 0.019762845849802372
6 0.014492753623188406
5 0.014492753623188406
1 0.006587615283267458
doc : 22
9 0.648590021691974
3 0.13557483731019523
7 0.06399132321041215
4 0.04338394793926247
6 0.03579175704989154
5 0.024945770065075923
8 0.019522776572668113
0 0.01193058568329718
2 0.008676789587852495
1 0.007592190889370933
doc : 23
1 0.9573229873908826
7 0.00921435499515034
9 0.006304558680892337
6 0.00533462657613967
0 0.00533462657613967
5 0.0038797284190106693
8 0.0033947623666343357
3 0.0033947623666343357
4 0.002909796314258002
2 0.002909796314258002
doc : 24
5 0.3739130434782609
6 0.13043478260869565
9 0.08695652173913043
4 0.0782608695652174
7 0.06086956521739131
3 0.06086956521739131
0 0.06086956521739131
8 0.052173913043478265
2 0.052173913043478265
1 0.043478260869565216
doc : 25
0 0.7570754716981132
7 0.07547169811320754
3 0.0330188679245283
4 0.025943396226415092
8 0.02122641509433962
6 0.02122641509433962
2 0.02122641509433962
1 0.01650943396226415
9 0.014150943396226415
5 0.014150943396226415
doc : 26
7 0.7131147540983607
5 0.06967213114754099
6 0.04098360655737705
1 0.036885245901639344
0 0.028688524590163935
9 0.02459016393442623
8 0.02459016393442623
4 0.020491803278688527
3 0.020491803278688527
2 0.020491803278688527
doc : 27
0 0.510752688172043
7 0.08602150537634409
9 0.08064516129032259
4 0.06989247311827958
6 0.05376344086021506
5 0.048387096774193554
8 0.043010752688172046
1 0.043010752688172046
3 0.03225806451612903
2 0.03225806451612903
doc : 28
4 0.3546099290780142
0 0.15602836879432624
3 0.1347517730496454
9 0.0851063829787234
7 0.05673758865248227
1 0.05673758865248227
6 0.04964539007092199
8 0.035460992907801414
5 0.035460992907801414
2 0.035460992907801414
doc : 29
7 0.6116071428571428
6 0.10714285714285714
5 0.05357142857142857
0 0.049107142857142856
3 0.03571428571428571
9 0.03125
4 0.03125
8 0.026785714285714284
2 0.026785714285714284
1 0.026785714285714284
doc : 30
5 0.38016528925619836
6 0.11570247933884298
0 0.11570247933884298
9 0.0743801652892562
2 0.06611570247933884
7 0.05785123966942149
3 0.05785123966942149
4 0.049586776859504134
8 0.04132231404958678
1 0.04132231404958678
doc : 31
5 0.7811501597444089
4 0.08146964856230032
3 0.027156549520766772
8 0.023961661341853034
7 0.019169329073482427
6 0.01597444089456869
0 0.01597444089456869
9 0.012779552715654952
2 0.011182108626198083
1 0.011182108626198083
doc : 32
9 0.5102505694760819
5 0.18223234624145784
8 0.06605922551252848
7 0.0592255125284738
6 0.04555808656036446
1 0.04100227790432802
0 0.03644646924829157
4 0.025056947608200455
3 0.02050113895216401
2 0.01366742596810934
doc : 33
5 0.7959866220735786
8 0.08946488294314381
7 0.0225752508361204
6 0.020066889632107024
4 0.020066889632107024
2 0.018394648829431436
3 0.01254180602006689
9 0.008361204013377926
0 0.007525083612040134
1 0.005016722408026756
doc : 34
9 0.6847977684797768
4 0.08647140864714087
3 0.06834030683403068
8 0.03347280334728033
5 0.03207810320781032
1 0.03207810320781032
2 0.02092050209205021
0 0.019525801952580194
7 0.01394700139470014
6 0.008368200836820083
doc : 35
9 0.6904315196998124
8 0.13883677298311445
7 0.0450281425891182
6 0.0300187617260788
2 0.0225140712945591
1 0.01876172607879925
5 0.016885553470919325
0 0.0150093808630394
3 0.013133208255159474
4 0.009380863039399626
doc : 36
0 0.7993421052631579
7 0.03289473684210526
3 0.03289473684210526
1 0.02631578947368421
4 0.023026315789473683
5 0.019736842105263157
9 0.01644736842105263
8 0.01644736842105263
6 0.01644736842105263
2 0.01644736842105263
doc : 37
9 0.3577981651376147
7 0.10091743119266056
5 0.09174311926605505
4 0.08256880733944955
1 0.07339449541284404
6 0.06422018348623854
3 0.06422018348623854
2 0.06422018348623854
0 0.05504587155963303
8 0.045871559633027525
doc : 38
9 0.4317343173431734
8 0.27490774907749077
0 0.055350553505535055
4 0.05166051660516605
6 0.047970479704797044
3 0.042435424354243544
5 0.033210332103321034
7 0.025830258302583026
2 0.02029520295202952
1 0.016605166051660517
doc : 39
8 0.8253477588871715
2 0.0401854714064915
9 0.02472952086553323
3 0.02472952086553323
6 0.017001545595054096
5 0.017001545595054096
7 0.013910355486862442
4 0.013910355486862442
0 0.012364760432766615
1 0.010819165378670788
doc : 40
4 0.9073705179282868
3 0.01693227091633466
2 0.01294820717131474
8 0.01195219123505976
5 0.0099601593625498
0 0.0099601593625498
6 0.00896414342629482
7 0.00796812749003984
9 0.0069721115537848604
1 0.0069721115537848604
doc : 41
4 0.8713968957871396
6 0.026607538802660754
0 0.017738359201773836
9 0.013303769401330377
7 0.013303769401330377
3 0.013303769401330377
8 0.011086474501108647
5 0.011086474501108647
2 0.011086474501108647
1 0.011086474501108647
doc : 42
2 0.9775043936731108
4 0.005096660808435852
8 0.00351493848857645
5 0.0029876977152899827
6 0.00210896309314587
9 0.0019332161687170475
1 0.0019332161687170475
7 0.001757469244288225
0 0.001757469244288225
3 0.00140597539543058
doc : 43
5 0.6241299303944315
7 0.0765661252900232
9 0.06728538283062645
6 0.05104408352668213
4 0.04408352668213457
8 0.03944315545243619
3 0.030162412993039442
1 0.025522041763341066
0 0.02320185614849188
2 0.018561484918793503
doc : 44
0 0.635483870967742
9 0.08064516129032258
1 0.06774193548387097
7 0.041935483870967745
6 0.041935483870967745
3 0.03870967741935484
4 0.035483870967741936
5 0.02258064516129032
8 0.01935483870967742
2 0.016129032258064516
doc : 45
5 0.8974895397489538
3 0.032949790794979075
8 0.018828451882845185
4 0.012552301255230124
9 0.008891213389121338
7 0.0067991631799163175
6 0.006276150627615062
2 0.006276150627615062
0 0.005230125523012552
1 0.004707112970711296
doc : 46
9 0.631868131868132
8 0.1620879120879121
6 0.041208791208791215
5 0.03296703296703297
7 0.027472527472527476
1 0.024725274725274728
0 0.024725274725274728
3 0.02197802197802198
2 0.019230769230769232
4 0.013736263736263738
doc : 47
8 0.7430278884462151
9 0.049800796812749
5 0.0398406374501992
3 0.0398406374501992
1 0.02589641434262948
6 0.02390438247011952
7 0.021912350597609563
4 0.021912350597609563
0 0.021912350597609563
2 0.01195219123505976
doc : 48
0 0.8064516129032258
7 0.04218362282878412
4 0.03225806451612903
3 0.022332506203473945
9 0.019851116625310174
5 0.019851116625310174
6 0.017369727047146403
1 0.01488833746898263
8 0.012406947890818858
2 0.012406947890818858
doc : 49
0 0.8571428571428572
4 0.0481203007518797
7 0.015037593984962407
1 0.015037593984962407
5 0.013533834586466165
8 0.012030075187969926
3 0.012030075187969926
9 0.010526315789473686
6 0.009022556390977444
2 0.0075187969924812035
