doc : 0
6 0.9591836734693877
5 0.0063335679099225895
4 0.0049261083743842365
3 0.0049261083743842365
1 0.0049261083743842365
0 0.0049261083743842365
2 0.00422237860661506
9 0.003518648838845883
8 0.003518648838845883
7 0.003518648838845883
doc : 1
0 0.676
5 0.06
8 0.048
7 0.04
4 0.04
2 0.032
1 0.032
3 0.028
6 0.024
9 0.02
doc : 2
0 0.783132530120482
4 0.03313253012048193
5 0.030120481927710843
2 0.030120481927710843
8 0.02710843373493976
7 0.024096385542168676
3 0.024096385542168676
1 0.01807228915662651
9 0.015060240963855422
6 0.015060240963855422
doc : 3
0 0.7981927710843374
5 0.04819277108433735
9 0.024096385542168676
4 0.024096385542168676
8 0.021084337349397592
3 0.021084337349397592
7 0.01807228915662651
6 0.015060240963855422
2 0.015060240963855422
1 0.015060240963855422
doc : 4
0 0.8102409638554218
5 0.03614457831325302
8 0.021084337349397592
4 0.021084337349397592
3 0.021084337349397592
2 0.021084337349397592
1 0.021084337349397592
7 0.01807228915662651
9 0.015060240963855422
6 0.015060240963855422
doc : 5
0 0.7590361445783133
5 0.04819277108433735
4 0.045180722891566265
3 0.03313253012048193
7 0.02710843373493976
2 0.024096385542168676
8 0.01807228915662651
9 0.015060240963855422
6 0.015060240963855422
1 0.015060240963855422
doc : 6
9 0.20930232558139533
0 0.16279069767441862
4 0.12403100775193798
2 0.10077519379844961
5 0.09302325581395349
7 0.08527131782945736
3 0.07751937984496124
6 0.06201550387596899
1 0.046511627906976744
8 0.03875968992248062
doc : 7
7 0.23243243243243245
4 0.1783783783783784
0 0.12972972972972974
9 0.0972972972972973
5 0.08108108108108109
1 0.08108108108108109
8 0.07027027027027027
3 0.04864864864864865
2 0.04864864864864865
6 0.032432432432432434
doc : 8
7 0.22875816993464054
0 0.1568627450980392
1 0.11111111111111112
9 0.09803921568627451
2 0.09803921568627451
8 0.09150326797385622
5 0.06535947712418301
4 0.058823529411764705
3 0.058823529411764705
6 0.032679738562091505
doc : 9
7 0.4418604651162791
3 0.11162790697674418
8 0.10697674418604651
0 0.08372093023255814
5 0.07906976744186046
4 0.05581395348837209
1 0.037209302325581395
9 0.03255813953488372
6 0.027906976744186046
2 0.023255813953488372
doc : 10
9 0.5809128630705395
7 0.11618257261410789
0 0.058091286307053944
1 0.049792531120331954
2 0.04564315352697095
5 0.03734439834024896
4 0.03734439834024896
3 0.03319502074688797
8 0.02074688796680498
6 0.02074688796680498
doc : 11
6 0.9591836734693877
5 0.005629838142153413
4 0.005629838142153413
1 0.005629838142153413
9 0.00422237860661506
3 0.00422237860661506
2 0.00422237860661506
0 0.00422237860661506
8 0.003518648838845883
7 0.003518648838845883
doc : 12
5 0.7251908396946565
0 0.07633587786259542
7 0.030534351145038167
4 0.030534351145038167
6 0.026717557251908396
8 0.022900763358778626
3 0.022900763358778626
2 0.022900763358778626
1 0.022900763358778626
9 0.019083969465648856
doc : 13
5 0.7099236641221374
0 0.0648854961832061
8 0.04198473282442748
6 0.030534351145038167
9 0.026717557251908396
7 0.026717557251908396
4 0.026717557251908396
2 0.026717557251908396
3 0.022900763358778626
1 0.022900763358778626
doc : 14
8 0.6610738255033557
7 0.12751677852348994
0 0.04865771812080537
3 0.03691275167785235
5 0.025167785234899327
9 0.02348993288590604
1 0.02348993288590604
4 0.02181208053691275
2 0.018456375838926176
6 0.013422818791946308
doc : 15
9 0.31851851851851853
7 0.15555555555555556
4 0.11851851851851852
0 0.10370370370370371
5 0.0962962962962963
3 0.044444444444444446
2 0.044444444444444446
1 0.044444444444444446
8 0.037037037037037035
6 0.037037037037037035
doc : 16
2 0.8063583815028902
7 0.046242774566473986
0 0.030346820809248554
4 0.028901734104046242
1 0.024566473988439304
5 0.018786127167630055
3 0.014450867052023121
9 0.011560693641618497
8 0.011560693641618497
6 0.0072254335260115606
doc : 17
2 0.22758620689655173
4 0.2206896551724138
0 0.16551724137931034
7 0.13103448275862067
8 0.05517241379310345
9 0.04827586206896552
6 0.041379310344827586
5 0.041379310344827586
3 0.034482758620689655
1 0.034482758620689655
doc : 18
2 0.2827586206896552
4 0.27586206896551724
0 0.09655172413793103
7 0.07586206896551724
9 0.05517241379310345
5 0.04827586206896552
3 0.04827586206896552
8 0.041379310344827586
1 0.041379310344827586
6 0.034482758620689655
doc : 19
4 0.7515923566878981
0 0.06369426751592357
7 0.03184713375796178
8 0.028662420382165606
5 0.025477707006369428
2 0.025477707006369428
9 0.019108280254777073
3 0.019108280254777073
1 0.019108280254777073
6 0.01592356687898089
doc : 20
1 0.6726998491704375
2 0.09351432880844646
5 0.05429864253393665
6 0.05128205128205129
4 0.033182503770739065
0 0.027149321266968326
7 0.025641025641025644
9 0.0196078431372549
8 0.012066365007541479
3 0.010558069381598794
doc : 21
6 0.960591133004926
5 0.005629838142153413
9 0.0049261083743842365
3 0.0049261083743842365
2 0.0049261083743842365
1 0.00422237860661506
0 0.00422237860661506
8 0.003518648838845883
7 0.003518648838845883
4 0.003518648838845883
doc : 22
4 0.6945054945054945
1 0.1076923076923077
2 0.04835164835164835
0 0.03956043956043956
7 0.026373626373626374
5 0.021978021978021976
8 0.01978021978021978
9 0.017582417582417582
3 0.013186813186813187
6 0.010989010989010988
doc : 23
4 0.6945054945054945
1 0.11648351648351649
5 0.03956043956043956
2 0.03736263736263736
7 0.03076923076923077
0 0.026373626373626374
3 0.017582417582417582
8 0.015384615384615385
9 0.010989010989010988
6 0.010989010989010988
doc : 24
4 0.8511029411764706
5 0.03125
0 0.029411764705882353
7 0.016544117647058824
2 0.016544117647058824
9 0.012867647058823529
8 0.011029411764705881
6 0.011029411764705881
1 0.011029411764705881
3 0.009191176470588236
doc : 25
5 0.7290076335877862
0 0.06870229007633588
4 0.030534351145038167
2 0.030534351145038167
6 0.026717557251908396
3 0.026717557251908396
8 0.022900763358778626
7 0.022900763358778626
1 0.022900763358778626
9 0.019083969465648856
doc : 26
7 0.4094488188976378
4 0.10236220472440945
0 0.09448818897637795
5 0.07874015748031496
2 0.07086614173228346
6 0.06299212598425197
8 0.05511811023622047
3 0.047244094488188976
9 0.03937007874015748
1 0.03937007874015748
doc : 27
7 0.5932203389830508
3 0.1089588377723971
8 0.08474576271186442
1 0.04842615012106538
5 0.04358353510895884
6 0.03389830508474576
9 0.029055690072639227
0 0.02179176755447942
2 0.01937046004842615
4 0.01694915254237288
doc : 28
9 0.6749482401656315
3 0.07039337474120083
0 0.05797101449275363
4 0.039337474120082816
7 0.035196687370600416
5 0.035196687370600416
2 0.035196687370600416
1 0.020703933747412008
6 0.016563146997929608
8 0.014492753623188408
doc : 29
0 0.6497890295358649
7 0.06329113924050632
2 0.06329113924050632
3 0.04641350210970464
5 0.04219409282700422
9 0.03375527426160337
4 0.02953586497890295
6 0.025316455696202528
1 0.025316455696202528
8 0.02109704641350211
doc : 30
8 0.6428571428571428
3 0.22108843537414966
4 0.030612244897959183
5 0.022108843537414966
0 0.02040816326530612
9 0.015306122448979591
2 0.015306122448979591
1 0.013605442176870748
6 0.01020408163265306
7 0.008503401360544217
doc : 31
6 0.956368754398311
1 0.007037297677691766
5 0.005629838142153413
9 0.0049261083743842365
8 0.0049261083743842365
2 0.0049261083743842365
0 0.0049261083743842365
4 0.00422237860661506
7 0.003518648838845883
3 0.003518648838845883
doc : 32
8 0.6210873146622735
3 0.2487644151565074
1 0.0214168039538715
9 0.019769357495881386
0 0.018121911037891267
5 0.016474464579901153
4 0.016474464579901153
7 0.013179571663920923
2 0.013179571663920923
6 0.011532125205930808
doc : 33
8 0.6649659863945578
3 0.23809523809523808
0 0.01870748299319728
4 0.013605442176870748
2 0.013605442176870748
9 0.01020408163265306
7 0.01020408163265306
6 0.01020408163265306
5 0.01020408163265306
1 0.01020408163265306
doc : 34
8 0.6475548060708263
3 0.24789207419898818
0 0.028667790893760536
9 0.01517706576728499
1 0.013490725126475547
2 0.011804384485666104
4 0.01011804384485666
7 0.008431703204047217
6 0.008431703204047217
5 0.008431703204047217
doc : 35
8 0.6392092257001648
3 0.23887973640856672
5 0.02471169686985173
0 0.0214168039538715
7 0.016474464579901153
2 0.016474464579901153
9 0.013179571663920923
1 0.011532125205930808
4 0.009884678747940693
6 0.008237232289950576
doc : 36
8 0.6003236245954693
3 0.25889967637540456
0 0.03398058252427184
7 0.024271844660194174
4 0.016181229773462785
1 0.016181229773462785
5 0.014563106796116505
9 0.012944983818770227
6 0.012944983818770227
2 0.00970873786407767
doc : 37
8 0.6237785016286646
3 0.26547231270358307
0 0.026058631921824105
7 0.01465798045602606
5 0.013029315960912053
4 0.013029315960912053
2 0.013029315960912053
9 0.011400651465798045
6 0.00977198697068404
1 0.00977198697068404
doc : 38
8 0.6451077943615258
3 0.20398009950248758
5 0.03648424543946932
4 0.023217247097844115
7 0.02155887230514096
0 0.02155887230514096
2 0.01658374792703151
6 0.011608623548922057
9 0.009950248756218905
1 0.009950248756218905
doc : 39
8 0.6188870151770657
3 0.2613827993254637
0 0.023608768971332208
4 0.01854974704890388
7 0.01517706576728499
5 0.01517706576728499
1 0.013490725126475547
6 0.011804384485666104
2 0.011804384485666104
9 0.01011804384485666
doc : 40
8 0.6733001658374793
3 0.21393034825870647
0 0.03316749585406302
7 0.013266998341625208
2 0.013266998341625208
1 0.013266998341625208
9 0.011608623548922057
4 0.011608623548922057
6 0.008291873963515755
5 0.008291873963515755
doc : 41
8 0.6176470588235294
3 0.2696078431372549
4 0.0196078431372549
0 0.016339869281045753
1 0.014705882352941176
9 0.013071895424836602
7 0.013071895424836602
5 0.013071895424836602
2 0.013071895424836602
6 0.00980392156862745
doc : 42
6 0.9577762139338494
1 0.007741027445460943
8 0.005629838142153413
5 0.005629838142153413
3 0.00422237860661506
2 0.00422237860661506
0 0.00422237860661506
9 0.003518648838845883
7 0.003518648838845883
4 0.003518648838845883
doc : 43
4 0.8723809523809524
0 0.030476190476190476
7 0.015238095238095238
6 0.015238095238095238
8 0.013333333333333332
5 0.011428571428571429
3 0.011428571428571429
1 0.011428571428571429
9 0.009523809523809525
2 0.009523809523809525
doc : 44
4 0.8533333333333333
5 0.024761904761904763
0 0.024761904761904763
8 0.01904761904761905
3 0.017142857142857144
7 0.015238095238095238
2 0.013333333333333332
1 0.013333333333333332
9 0.009523809523809525
6 0.009523809523809525
doc : 45
4 0.8533333333333333
2 0.022857142857142857
7 0.02095238095238095
5 0.02095238095238095
0 0.01904761904761905
9 0.015238095238095238
3 0.015238095238095238
8 0.011428571428571429
6 0.011428571428571429
1 0.009523809523809525
doc : 46
8 0.6073211314475874
3 0.21630615640599002
1 0.04492512479201331
4 0.026622296173044926
0 0.02329450915141431
5 0.021630615640599003
7 0.016638935108153077
6 0.016638935108153077
2 0.014975041597337771
9 0.011647254575707155
doc : 47
8 0.8066037735849056
3 0.04245283018867924
4 0.03537735849056604
5 0.023584905660377357
9 0.018867924528301886
1 0.018867924528301886
7 0.01650943396226415
0 0.014150943396226415
6 0.011792452830188678
2 0.011792452830188678
doc : 48
8 0.635593220338983
3 0.25254237288135595
4 0.01864406779661017
5 0.01694915254237288
0 0.01694915254237288
9 0.013559322033898305
2 0.013559322033898305
7 0.011864406779661017
6 0.010169491525423728
1 0.010169491525423728
doc : 49
8 0.6382252559726963
3 0.2508532423208191
9 0.015358361774744027
7 0.015358361774744027
5 0.015358361774744027
6 0.013651877133105802
2 0.013651877133105802
1 0.013651877133105802
4 0.011945392491467578
0 0.011945392491467578
