doc : 0
4 0.31818181818181823
0 0.2777777777777778
5 0.07070707070707072
9 0.06565656565656566
3 0.06565656565656566
2 0.06060606060606061
8 0.045454545454545456
1 0.04040404040404041
6 0.030303030303030304
7 0.025252525252525256
doc : 1
0 0.6946564885496184
5 0.08505997818974918
4 0.06652126499454744
8 0.04471101417666303
9 0.025081788440567066
7 0.020719738276990186
2 0.020719738276990186
1 0.020719738276990186
3 0.013086150490730645
6 0.008724100327153763
doc : 2
5 0.8802250803858521
2 0.02572347266881029
8 0.02090032154340836
0 0.01929260450160772
4 0.013665594855305467
1 0.00964630225080386
6 0.008842443729903537
3 0.008038585209003215
9 0.007234726688102894
7 0.006430868167202572
doc : 3
3 0.3563218390804598
8 0.13218390804597702
1 0.11494252873563218
2 0.09195402298850575
7 0.07471264367816091
4 0.05747126436781609
6 0.05172413793103448
0 0.05172413793103448
9 0.034482758620689655
5 0.034482758620689655
doc : 4
3 0.3333333333333333
8 0.1695906432748538
7 0.14035087719298245
1 0.08771929824561403
5 0.05263157894736842
4 0.05263157894736842
0 0.05263157894736842
9 0.04093567251461988
6 0.03508771929824561
2 0.03508771929824561
doc : 5
7 0.7704918032786885
5 0.04262295081967213
2 0.029508196721311476
6 0.02622950819672131
4 0.02622950819672131
3 0.02622950819672131
9 0.022950819672131147
8 0.019672131147540982
1 0.019672131147540982
0 0.01639344262295082
doc : 6
7 0.7850162866449512
5 0.04560260586319218
3 0.035830618892508145
2 0.026058631921824105
9 0.01954397394136808
6 0.01954397394136808
4 0.01954397394136808
8 0.016286644951140065
1 0.016286644951140065
0 0.016286644951140065
doc : 7
7 0.20800000000000002
3 0.184
6 0.128
9 0.10400000000000001
1 0.08
2 0.07200000000000001
5 0.064
8 0.056
0 0.056
4 0.048
doc : 8
7 0.216
3 0.16
2 0.12
6 0.10400000000000001
1 0.10400000000000001
8 0.064
5 0.064
0 0.064
9 0.056
4 0.048
doc : 9
1 0.4329896907216495
9 0.10309278350515463
4 0.07216494845360824
8 0.061855670103092786
7 0.061855670103092786
0 0.061855670103092786
6 0.05154639175257732
5 0.05154639175257732
3 0.05154639175257732
2 0.05154639175257732
doc : 10
1 0.4845360824742268
4 0.07216494845360824
0 0.07216494845360824
8 0.061855670103092786
9 0.05154639175257732
7 0.05154639175257732
6 0.05154639175257732
5 0.05154639175257732
3 0.05154639175257732
2 0.05154639175257732
doc : 11
9 0.8493723849372384
7 0.025104602510460247
3 0.023012552301255228
0 0.018828451882845185
4 0.016736401673640166
6 0.014644351464435145
2 0.014644351464435145
8 0.012552301255230124
5 0.012552301255230124
1 0.012552301255230124
doc : 12
3 0.7156398104265402
7 0.05055292259083728
9 0.03949447077409163
5 0.03949447077409163
8 0.037914691943127965
0 0.0315955766192733
4 0.030015797788309637
2 0.02527646129541864
1 0.018957345971563982
6 0.011058451816745656
doc : 13
4 0.9694482444140446
8 0.004559963520291838
6 0.004103967168262654
7 0.00364797081623347
2 0.00364797081623347
0 0.00364797081623347
9 0.0031919744642042863
3 0.0031919744642042863
5 0.002279981760145919
1 0.002279981760145919
doc : 14
7 0.8454545454545455
6 0.024242424242424242
3 0.021212121212121213
4 0.01818181818181818
9 0.015151515151515152
8 0.015151515151515152
5 0.015151515151515152
2 0.015151515151515152
1 0.015151515151515152
0 0.015151515151515152
doc : 15
7 0.8363636363636363
4 0.021212121212121213
2 0.021212121212121213
1 0.021212121212121213
6 0.01818181818181818
5 0.01818181818181818
3 0.01818181818181818
9 0.015151515151515152
8 0.015151515151515152
0 0.015151515151515152
doc : 16
7 0.8515151515151516
9 0.021212121212121213
3 0.01818181818181818
0 0.01818181818181818
8 0.015151515151515152
6 0.015151515151515152
5 0.015151515151515152
4 0.015151515151515152
2 0.015151515151515152
1 0.015151515151515152
doc : 17
7 0.8333333333333334
3 0.03636363636363636
2 0.021212121212121213
4 0.01818181818181818
9 0.015151515151515152
8 0.015151515151515152
6 0.015151515151515152
5 0.015151515151515152
1 0.015151515151515152
0 0.015151515151515152
doc : 18
7 0.8393939393939394
8 0.024242424242424242
2 0.024242424242424242
6 0.01818181818181818
1 0.01818181818181818
9 0.015151515151515152
5 0.015151515151515152
4 0.015151515151515152
3 0.015151515151515152
0 0.015151515151515152
doc : 19
7 0.8454545454545455
3 0.024242424242424242
8 0.01818181818181818
6 0.01818181818181818
4 0.01818181818181818
9 0.015151515151515152
5 0.015151515151515152
2 0.015151515151515152
1 0.015151515151515152
0 0.015151515151515152
doc : 20
7 0.8484848484848485
3 0.024242424242424242
5 0.01818181818181818
2 0.01818181818181818
9 0.015151515151515152
8 0.015151515151515152
6 0.015151515151515152
4 0.015151515151515152
1 0.015151515151515152
0 0.015151515151515152
doc : 21
7 0.8475609756097561
2 0.021341463414634148
9 0.01829268292682927
1 0.01829268292682927
0 0.01829268292682927
8 0.01524390243902439
6 0.01524390243902439
5 0.01524390243902439
4 0.01524390243902439
3 0.01524390243902439
doc : 22
9 0.851380042462845
7 0.027600849256900213
3 0.027600849256900213
1 0.01910828025477707
4 0.014861995753715499
6 0.012738853503184714
5 0.012738853503184714
2 0.012738853503184714
8 0.010615711252653927
0 0.010615711252653927
doc : 23
1 0.7136563876651983
7 0.061674008810572695
3 0.039647577092511016
5 0.03524229074889868
8 0.030837004405286347
2 0.026431718061674013
0 0.026431718061674013
9 0.022026431718061675
6 0.022026431718061675
4 0.022026431718061675
doc : 24
4 0.9721842225262198
7 0.004103967168262654
2 0.00364797081623347
8 0.0031919744642042863
6 0.0031919744642042863
0 0.0031919744642042863
9 0.0027359781121751026
3 0.0027359781121751026
1 0.0027359781121751026
5 0.002279981760145919
doc : 25
7 0.8181818181818182
3 0.03939393939393939
8 0.021212121212121213
1 0.021212121212121213
5 0.01818181818181818
4 0.01818181818181818
2 0.01818181818181818
9 0.015151515151515152
6 0.015151515151515152
0 0.015151515151515152
doc : 26
7 0.8454545454545455
9 0.021212121212121213
3 0.021212121212121213
6 0.01818181818181818
4 0.01818181818181818
8 0.015151515151515152
5 0.015151515151515152
2 0.015151515151515152
1 0.015151515151515152
0 0.015151515151515152
doc : 27
7 0.8424242424242424
3 0.021212121212121213
9 0.01818181818181818
8 0.01818181818181818
5 0.01818181818181818
2 0.01818181818181818
1 0.01818181818181818
6 0.015151515151515152
4 0.015151515151515152
0 0.015151515151515152
doc : 28
7 0.8363636363636363
3 0.02727272727272727
6 0.021212121212121213
2 0.021212121212121213
9 0.01818181818181818
8 0.015151515151515152
5 0.015151515151515152
4 0.015151515151515152
1 0.015151515151515152
0 0.015151515151515152
doc : 29
7 0.8303030303030303
3 0.02727272727272727
4 0.021212121212121213
1 0.021212121212121213
9 0.01818181818181818
8 0.01818181818181818
5 0.01818181818181818
6 0.015151515151515152
2 0.015151515151515152
0 0.015151515151515152
doc : 30
8 0.6735294117647058
7 0.11029411764705882
3 0.07205882352941176
0 0.03823529411764706
2 0.027941176470588233
9 0.01911764705882353
5 0.01911764705882353
1 0.016176470588235292
4 0.014705882352941176
6 0.008823529411764706
doc : 31
9 0.854318418314256
4 0.035379812695109265
2 0.02393340270551509
8 0.01664932362122789
1 0.01664932362122789
6 0.012486992715920917
7 0.011446409989594173
0 0.011446409989594173
3 0.009365244536940688
5 0.008324661810613945
doc : 32
1 0.6995884773662552
3 0.05761316872427984
5 0.03703703703703704
9 0.03292181069958848
8 0.03292181069958848
2 0.03292181069958848
7 0.02880658436213992
4 0.02880658436213992
0 0.02880658436213992
6 0.020576131687242802
doc : 33
2 0.7095588235294118
7 0.044117647058823525
9 0.04044117647058824
6 0.03308823529411765
4 0.03308823529411765
0 0.03308823529411765
5 0.029411764705882353
8 0.025735294117647058
3 0.025735294117647058
1 0.025735294117647058
doc : 34
0 0.49019607843137253
3 0.22352941176470587
8 0.06470588235294117
2 0.056862745098039215
7 0.041176470588235294
1 0.0392156862745098
5 0.03137254901960784
4 0.021568627450980392
9 0.01568627450980392
6 0.01568627450980392
doc : 35
4 0.9740082079343365
8 0.00364797081623347
5 0.00364797081623347
3 0.0031919744642042863
0 0.0031919744642042863
7 0.0027359781121751026
6 0.0027359781121751026
9 0.002279981760145919
2 0.002279981760145919
1 0.002279981760145919
doc : 36
3 0.7201767304860088
7 0.07511045655375552
2 0.050073637702503684
6 0.036818851251840944
0 0.026509572901325478
5 0.023564064801178203
4 0.01914580265095729
1 0.01914580265095729
9 0.017673048600883652
8 0.011782032400589101
doc : 37
7 0.7402597402597403
3 0.07792207792207792
5 0.03636363636363636
0 0.025974025974025976
8 0.023376623376623377
2 0.023376623376623377
6 0.02077922077922078
4 0.02077922077922078
9 0.01818181818181818
1 0.012987012987012988
doc : 38
1 0.509641873278237
9 0.3581267217630854
7 0.023875114784205693
2 0.02203856749311295
8 0.01744719926538108
6 0.01744719926538108
0 0.01744719926538108
5 0.012855831037649219
4 0.011019283746556474
3 0.0101010101010101
doc : 39
2 0.6600985221674877
8 0.054187192118226604
9 0.04926108374384237
7 0.04926108374384237
0 0.04433497536945813
3 0.03940886699507389
6 0.029556650246305417
5 0.024630541871921183
4 0.024630541871921183
1 0.024630541871921183
doc : 40
2 0.7084870848708487
7 0.07011070110701106
3 0.04428044280442804
9 0.033210332103321034
4 0.02952029520295203
8 0.025830258302583026
6 0.025830258302583026
5 0.02214022140221402
0 0.02214022140221402
1 0.01845018450184502
doc : 41
9 0.822992700729927
3 0.04288321167883211
4 0.02645985401459854
5 0.025547445255474453
8 0.021897810218978103
7 0.020985401459854013
2 0.013686131386861313
1 0.010036496350364963
0 0.009124087591240875
6 0.006386861313868613
doc : 42
2 0.67302192564347
5 0.12488083889418493
8 0.04957102001906578
3 0.03908484270734032
0 0.030505243088655862
7 0.026692087702573877
4 0.020972354623450904
9 0.014299332697807435
1 0.011439466158245948
6 0.009532888465204958
doc : 43
8 0.791476407914764
2 0.0410958904109589
9 0.0380517503805175
4 0.0350076103500761
5 0.0228310502283105
0 0.0213089802130898
7 0.0182648401826484
6 0.0121765601217656
1 0.0106544901065449
3 0.0091324200913242
doc : 44
4 0.9708162334701322
7 0.004103967168262654
2 0.00364797081623347
0 0.00364797081623347
9 0.0031919744642042863
8 0.0031919744642042863
6 0.0031919744642042863
5 0.0031919744642042863
1 0.0027359781121751026
3 0.002279981760145919
doc : 45
2 0.6086956521739131
3 0.10144927536231885
7 0.06159420289855073
8 0.050724637681159424
9 0.03985507246376812
6 0.03985507246376812
5 0.028985507246376812
0 0.028985507246376812
4 0.021739130434782608
1 0.018115942028985508
doc : 46
6 0.9255675474506886
1 0.03126163007071083
8 0.01042054335690361
5 0.007815407517677708
2 0.007815407517677708
0 0.006326758466691478
7 0.003349460364719018
4 0.0026051358392259025
3 0.0026051358392259025
9 0.0022329735764793452
doc : 47
3 0.727069351230425
7 0.06487695749440715
5 0.04697986577181208
2 0.04250559284116331
8 0.024608501118568233
0 0.024608501118568233
9 0.022371364653243846
4 0.020134228187919462
1 0.015659955257270694
6 0.011185682326621923
doc : 48
3 0.7188498402555911
7 0.08306709265175719
8 0.03514376996805112
4 0.03514376996805112
2 0.03194888178913738
6 0.022364217252396165
9 0.019169329073482427
5 0.019169329073482427
1 0.019169329073482427
0 0.01597444089456869
doc : 49
3 0.7079646017699115
7 0.09734513274336283
2 0.038348082595870206
4 0.029498525073746312
9 0.02654867256637168
8 0.02654867256637168
6 0.02064896755162242
0 0.02064896755162242
5 0.017699115044247787
1 0.014749262536873156
