doc : 0
5 0.6064908722109533
4 0.30628803245436104
2 0.019269776876267748
7 0.013184584178498986
1 0.013184584178498986
6 0.011156186612576065
3 0.011156186612576065
9 0.008113590263691683
0 0.006085192697768763
8 0.005070993914807302
doc : 1
4 0.584070796460177
2 0.10914454277286136
5 0.08259587020648967
8 0.04424778761061947
7 0.038348082595870206
3 0.038348082595870206
9 0.035398230088495575
6 0.029498525073746312
0 0.02359882005899705
1 0.014749262536873156
doc : 2
8 0.6970633693972179
0 0.1267387944358578
9 0.03863987635239567
7 0.03400309119010819
5 0.03400309119010819
4 0.017001545595054096
1 0.015455950540958269
6 0.013910355486862442
3 0.013910355486862442
2 0.00927357032457496
doc : 3
7 0.5929411764705882
4 0.1364705882352941
5 0.07294117647058823
1 0.04941176470588235
0 0.042352941176470586
2 0.039999999999999994
8 0.018823529411764704
9 0.016470588235294115
6 0.016470588235294115
3 0.014117647058823528
doc : 4
7 0.6261595547309833
2 0.08534322820037106
6 0.07792207792207792
0 0.0640074211502783
3 0.06307977736549165
1 0.03803339517625232
8 0.01948051948051948
4 0.011131725417439703
9 0.0074211502782931356
5 0.0074211502782931356
doc : 5
6 0.8328865058087578
2 0.05004468275245755
5 0.024128686327077747
7 0.01876675603217158
8 0.017873100983020553
4 0.0160857908847185
1 0.013404825737265416
0 0.013404825737265416
9 0.0071492403932082215
3 0.0062555853440571935
doc : 6
1 0.5466666666666667
9 0.08
7 0.05333333333333334
4 0.05333333333333334
2 0.05333333333333334
8 0.04666666666666667
5 0.04666666666666667
3 0.04666666666666667
6 0.04
0 0.03333333333333333
doc : 7
0 0.6370967741935484
8 0.09274193548387097
9 0.05241935483870967
1 0.05241935483870967
6 0.03629032258064516
7 0.03225806451612903
5 0.03225806451612903
3 0.024193548387096774
4 0.020161290322580645
2 0.020161290322580645
doc : 8
0 0.6017699115044248
8 0.07964601769911504
9 0.05752212389380531
1 0.05752212389380531
7 0.048672566371681415
4 0.03982300884955752
5 0.035398230088495575
6 0.02654867256637168
3 0.02654867256637168
2 0.02654867256637168
doc : 9
1 0.905717151454363
5 0.015045135406218655
9 0.013039117352056168
4 0.012036108324974926
0 0.012036108324974926
8 0.009027081243731194
7 0.009027081243731194
3 0.009027081243731194
2 0.009027081243731194
6 0.006018054162487463
doc : 10
4 0.6888361045130642
5 0.0997624703087886
7 0.052256532066508314
0 0.035629453681710214
6 0.030878859857482188
9 0.023752969121140145
8 0.019002375296912115
2 0.019002375296912115
1 0.0166270783847981
3 0.014251781472684086
doc : 11
4 0.472952086553323
5 0.37712519319938176
2 0.03554868624420402
7 0.027820710973724884
9 0.01854714064914992
6 0.01854714064914992
1 0.015455950540958269
0 0.013910355486862442
3 0.012364760432766615
8 0.0077279752704791345
doc : 12
4 0.42783505154639173
2 0.24097938144329897
5 0.20876288659793815
7 0.03865979381443299
6 0.020618556701030927
0 0.020618556701030927
9 0.011597938144329897
1 0.011597938144329897
3 0.010309278350515464
8 0.00902061855670103
doc : 13
8 0.926497277676951
6 0.014519056261343012
1 0.012704174228675136
0 0.008620689655172414
2 0.007713248638838475
9 0.007259528130671506
7 0.007259528130671506
5 0.006352087114337568
3 0.0058983666061705985
4 0.003176043557168784
doc : 14
0 0.6887029288702928
7 0.08870292887029288
2 0.05355648535564853
9 0.0502092050209205
1 0.02928870292887029
5 0.027615062761506274
6 0.022594142259414224
4 0.017573221757322174
8 0.011715481171548116
3 0.0100418410041841
doc : 15
2 0.8294871794871795
7 0.03205128205128205
1 0.029487179487179487
6 0.021794871794871794
5 0.017948717948717947
4 0.017948717948717947
3 0.016666666666666666
8 0.01282051282051282
0 0.011538461538461539
9 0.010256410256410256
doc : 16
9 0.8445807770961146
5 0.026584867075664625
7 0.022494887525562373
6 0.018404907975460124
4 0.018404907975460124
2 0.018404907975460124
0 0.016359918200409
8 0.01226993865030675
1 0.01226993865030675
3 0.010224948875255624
doc : 17
9 0.8514412416851441
0 0.04212860310421286
7 0.017738359201773836
3 0.017738359201773836
5 0.013303769401330377
4 0.013303769401330377
8 0.011086474501108647
6 0.011086474501108647
2 0.011086474501108647
1 0.011086474501108647
doc : 18
9 0.7119341563786009
0 0.15843621399176955
7 0.03292181069958848
6 0.02263374485596708
8 0.01234567901234568
5 0.01234567901234568
4 0.01234567901234568
3 0.01234567901234568
2 0.01234567901234568
1 0.01234567901234568
doc : 19
0 0.3184634448574969
3 0.218091697645601
6 0.1809169764560099
7 0.12639405204460966
5 0.05947955390334572
4 0.04460966542750929
8 0.013630731102850062
1 0.013630731102850062
9 0.012391573729863693
2 0.012391573729863693
doc : 20
2 0.46478873239436624
7 0.17183098591549298
1 0.07042253521126761
0 0.06760563380281691
4 0.053521126760563385
3 0.04788732394366198
5 0.04225352112676056
8 0.03943661971830986
6 0.022535211267605635
9 0.01971830985915493
doc : 21
1 0.49166666666666664
4 0.1
0 0.075
9 0.058333333333333334
7 0.05
6 0.05
2 0.05
8 0.041666666666666664
5 0.041666666666666664
3 0.041666666666666664
doc : 22
4 0.6205250596658711
5 0.25059665871121717
9 0.016706443914081145
8 0.016706443914081145
7 0.016706443914081145
6 0.016706443914081145
2 0.016706443914081145
1 0.016706443914081145
0 0.016706443914081145
3 0.011933174224343677
doc : 23
4 0.6813725490196079
2 0.10294117647058823
6 0.04656862745098039
9 0.031862745098039214
7 0.031862745098039214
1 0.031862745098039214
5 0.0196078431372549
3 0.0196078431372549
0 0.0196078431372549
8 0.014705882352941176
doc : 24
0 0.6370967741935484
7 0.08870967741935484
9 0.06451612903225806
5 0.04435483870967742
1 0.04435483870967742
8 0.028225806451612902
2 0.028225806451612902
6 0.024193548387096774
4 0.020161290322580645
3 0.020161290322580645
doc : 25
4 0.7236180904522613
5 0.10552763819095477
0 0.035175879396984924
9 0.022613065326633167
7 0.022613065326633167
6 0.022613065326633167
2 0.022613065326633167
1 0.020100502512562814
8 0.01256281407035176
3 0.01256281407035176
doc : 26
5 0.5101088646967341
4 0.4059097978227061
6 0.015552099533437013
7 0.012441679626749611
1 0.01088646967340591
9 0.00933125972006221
8 0.00933125972006221
2 0.00933125972006221
0 0.00933125972006221
3 0.0077760497667185065
doc : 27
4 0.6643518518518519
5 0.21064814814814814
8 0.018518518518518517
7 0.018518518518518517
9 0.016203703703703703
3 0.016203703703703703
2 0.016203703703703703
6 0.013888888888888888
1 0.013888888888888888
0 0.011574074074074073
doc : 28
4 0.6363636363636364
5 0.24242424242424243
7 0.02813852813852814
9 0.017316017316017316
2 0.015151515151515152
8 0.012987012987012988
6 0.012987012987012988
1 0.012987012987012988
3 0.010822510822510822
0 0.010822510822510822
doc : 29
4 0.5153970826580226
5 0.3225283630470016
2 0.0713128038897893
3 0.01944894651539708
7 0.01458670988654781
6 0.012965964343598054
0 0.012965964343598054
8 0.011345218800648298
9 0.00972447325769854
1 0.00972447325769854
doc : 30
4 0.6334405144694534
5 0.2266881028938907
2 0.03054662379421222
6 0.024115755627009645
7 0.02090032154340836
1 0.01607717041800643
0 0.01607717041800643
3 0.012861736334405145
9 0.011254019292604502
8 0.008038585209003215
doc : 31
5 0.401673640167364
4 0.400278940027894
2 0.044630404463040445
7 0.03905160390516039
0 0.03207810320781032
6 0.030683403068340307
9 0.01394700139470014
1 0.01394700139470014
8 0.012552301255230125
3 0.011157601115760111
doc : 32
4 0.5456081081081081
5 0.30912162162162166
7 0.02702702702702703
9 0.02364864864864865
6 0.02195945945945946
2 0.02027027027027027
0 0.016891891891891893
3 0.013513513513513514
1 0.013513513513513514
8 0.008445945945945946
doc : 33
4 0.45093167701863357
5 0.3304347826086957
2 0.10807453416149068
6 0.02236024844720497
7 0.01987577639751553
3 0.017391304347826087
0 0.014906832298136646
8 0.013664596273291927
9 0.012422360248447206
1 0.009937888198757764
doc : 34
4 0.5364741641337386
5 0.2917933130699088
7 0.04559270516717325
2 0.028875379939209727
6 0.022796352583586626
3 0.0182370820668693
8 0.016717325227963525
9 0.013677811550151976
0 0.013677811550151976
1 0.0121580547112462
doc : 35
4 0.575984990619137
5 0.21951219512195122
2 0.06941838649155722
0 0.0300187617260788
7 0.0225140712945591
6 0.0225140712945591
3 0.020637898686679174
1 0.01876172607879925
9 0.01125703564727955
8 0.009380863039399626
doc : 36
3 0.7330316742081449
1 0.08823529411764706
7 0.03619909502262444
0 0.029411764705882356
8 0.022624434389140274
9 0.020361990950226245
6 0.01809954751131222
4 0.01809954751131222
2 0.01809954751131222
5 0.015837104072398193
doc : 37
0 0.6807980049875312
4 0.059850374064837904
8 0.05236907730673317
1 0.04987531172069826
9 0.04738154613466334
5 0.032418952618453865
6 0.022443890274314215
3 0.0199501246882793
2 0.0199501246882793
7 0.014962593516209476
doc : 38
6 0.9125964010282775
7 0.011568123393316195
3 0.011568123393316195
0 0.011568123393316195
9 0.010282776349614395
5 0.010282776349614395
1 0.010282776349614395
8 0.007712082262210797
4 0.007712082262210797
2 0.006426735218508997
doc : 39
0 0.6776859504132231
7 0.07024793388429752
9 0.049586776859504134
5 0.0371900826446281
6 0.03305785123966942
1 0.03305785123966942
8 0.028925619834710745
2 0.028925619834710745
4 0.02066115702479339
3 0.02066115702479339
doc : 40
9 0.8600917431192661
7 0.020642201834862386
0 0.020642201834862386
1 0.01834862385321101
8 0.016055045871559634
5 0.013761467889908258
4 0.013761467889908258
3 0.013761467889908258
6 0.011467889908256881
2 0.011467889908256881
doc : 41
0 0.5303867403314917
4 0.09944751381215469
1 0.0718232044198895
2 0.055248618784530384
7 0.04419889502762431
6 0.04419889502762431
5 0.04419889502762431
9 0.03867403314917127
3 0.03867403314917127
8 0.03314917127071823
doc : 42
9 0.8036437246963563
1 0.03643724696356275
5 0.03441295546558704
0 0.032388663967611336
4 0.022267206477732795
7 0.016194331983805668
6 0.016194331983805668
2 0.016194331983805668
8 0.012145748987854251
3 0.010121457489878543
doc : 43
9 0.8016194331983806
1 0.03441295546558704
5 0.02631578947368421
0 0.02631578947368421
7 0.024291497975708502
8 0.020242914979757085
4 0.018218623481781375
2 0.018218623481781375
6 0.016194331983805668
3 0.01417004048582996
doc : 44
9 0.8329718004338396
0 0.030368763557483733
8 0.02819956616052061
4 0.019522776572668113
3 0.01735357917570499
7 0.015184381778741866
6 0.015184381778741866
1 0.015184381778741866
5 0.013015184381778743
2 0.013015184381778743
doc : 45
4 0.5673249551166966
5 0.22262118491921007
2 0.06822262118491922
7 0.05565529622980252
0 0.02333931777378815
3 0.01615798922800718
6 0.01436265709156194
9 0.012567324955116697
1 0.010771992818671455
8 0.008976660682226212
doc : 46
4 0.5938104448742747
5 0.28433268858800775
0 0.025145067698259187
2 0.02127659574468085
3 0.017408123791102514
9 0.013539651837524178
8 0.013539651837524178
1 0.01160541586073501
7 0.009671179883945842
6 0.009671179883945842
doc : 47
1 0.5043478260869565
4 0.08695652173913043
9 0.0782608695652174
7 0.06086956521739131
3 0.052173913043478265
8 0.043478260869565216
6 0.043478260869565216
5 0.043478260869565216
2 0.043478260869565216
0 0.043478260869565216
doc : 48
0 0.7985257985257985
1 0.03931203931203931
9 0.0343980343980344
7 0.027027027027027025
5 0.022113022113022112
6 0.019656019656019656
3 0.019656019656019656
8 0.014742014742014743
4 0.012285012285012284
2 0.012285012285012284
doc : 49
0 0.5613382899628252
1 0.08921933085501858
7 0.08550185873605948
6 0.06319702602230483
4 0.0483271375464684
9 0.040892193308550186
5 0.03717472118959107
2 0.02973977695167286
8 0.022304832713754646
3 0.022304832713754646
doc : 50
4 0.421731123388582
7 0.15469613259668508
1 0.13075506445672191
0 0.08103130755064457
9 0.05156537753222836
5 0.04788213627992634
6 0.03130755064456722
3 0.029465930018416207
2 0.029465930018416207
8 0.022099447513812154
doc : 51
4 0.6206896551724138
5 0.23529411764705882
6 0.030425963488843813
1 0.02231237322515213
2 0.02028397565922921
8 0.016227180527383367
7 0.016227180527383367
0 0.014198782961460446
9 0.012170385395537525
3 0.012170385395537525
doc : 52
4 0.45298013245033114
5 0.3629139072847682
2 0.06357615894039735
7 0.03708609271523179
8 0.022516556291390728
1 0.019867549668874173
9 0.010596026490066225
3 0.010596026490066225
0 0.010596026490066225
6 0.009271523178807948
doc : 53
4 0.6113013698630136
5 0.23972602739726026
2 0.04452054794520548
0 0.02054794520547945
7 0.018835616438356163
3 0.018835616438356163
6 0.0136986301369863
8 0.011986301369863013
1 0.011986301369863013
9 0.008561643835616438
doc : 54
4 0.6132478632478633
5 0.24145299145299148
0 0.02991452991452992
7 0.023504273504273508
6 0.023504273504273508
1 0.019230769230769232
2 0.01495726495726496
3 0.012820512820512822
9 0.010683760683760684
8 0.010683760683760684
doc : 55
4 0.5042301184433164
5 0.20135363790186125
2 0.1844331641285956
7 0.021996615905245345
3 0.018612521150592216
6 0.015228426395939085
1 0.015228426395939085
9 0.01353637901861252
8 0.01353637901861252
0 0.011844331641285956
doc : 56
1 0.23236514522821577
6 0.13278008298755187
7 0.12448132780082988
0 0.12448132780082988
8 0.0954356846473029
3 0.0912863070539419
2 0.06224066390041494
9 0.058091286307053944
4 0.049792531120331954
5 0.029045643153526972
doc : 57
9 0.7710583153347733
0 0.07775377969762419
6 0.028077753779697626
7 0.02591792656587473
1 0.021598272138228944
4 0.019438444924406047
8 0.017278617710583154
5 0.017278617710583154
3 0.010799136069114472
2 0.010799136069114472
doc : 58
8 0.723404255319149
7 0.04559270516717325
0 0.03951367781155015
6 0.0364741641337386
5 0.03343465045592705
4 0.030395136778115502
1 0.030395136778115502
9 0.0243161094224924
2 0.02127659574468085
3 0.015197568389057751
doc : 59
9 0.8417582417582418
2 0.024175824175824177
0 0.024175824175824177
4 0.021978021978021976
1 0.017582417582417582
7 0.015384615384615385
6 0.015384615384615385
3 0.015384615384615385
5 0.013186813186813187
8 0.010989010989010988
doc : 60
0 0.5656836461126006
1 0.10053619302949061
3 0.09785522788203753
2 0.08042895442359249
7 0.045576407506702415
6 0.03753351206434316
5 0.02412868632707775
4 0.022788203753351208
9 0.0160857908847185
8 0.00938337801608579
doc : 61
4 0.6137667304015296
5 0.260038240917782
7 0.03250478011472275
2 0.021032504780114723
1 0.015296367112810707
0 0.015296367112810707
6 0.013384321223709368
9 0.009560229445506692
8 0.009560229445506692
3 0.009560229445506692
doc : 62
4 0.5038880248833593
2 0.2488335925349922
5 0.14930015552099535
1 0.02021772939346812
7 0.017107309486780714
9 0.013996889580093312
8 0.012441679626749611
6 0.012441679626749611
3 0.01088646967340591
0 0.01088646967340591
doc : 63
2 0.46082474226804127
4 0.2958762886597938
5 0.16701030927835053
0 0.013402061855670104
7 0.012371134020618558
3 0.012371134020618558
6 0.01134020618556701
9 0.009278350515463918
8 0.009278350515463918
1 0.008247422680412371
doc : 64
4 0.4339908952959029
2 0.29742033383915023
5 0.17905918057663125
1 0.024279210925644917
7 0.015174506828528073
0 0.013657056145675266
3 0.012139605462822459
6 0.009104704097116844
9 0.007587253414264037
8 0.007587253414264037
doc : 65
3 0.8439509059029806
6 0.046171829339567504
7 0.03565166569257744
0 0.017533606078316773
2 0.01694915254237288
1 0.012273524254821741
9 0.008182349503214495
5 0.007013442431326709
8 0.0064289888953828166
4 0.0058445353594389245
doc : 66
6 0.8757687576875769
3 0.03444034440344403
7 0.020910209102091022
0 0.017220172201722016
2 0.012300123001230012
8 0.00984009840098401
9 0.008610086100861008
5 0.007380073800738008
1 0.007380073800738008
4 0.006150061500615006
doc : 67
3 0.7775330396475771
1 0.061674008810572695
0 0.04185022026431719
8 0.022026431718061675
2 0.022026431718061675
9 0.01762114537444934
7 0.015418502202643174
5 0.015418502202643174
6 0.013215859030837006
4 0.013215859030837006
doc : 68
6 0.9203329369797859
2 0.011890606420927466
8 0.010701545778834719
5 0.009512485136741973
9 0.008323424494649227
7 0.008323424494649227
3 0.008323424494649227
1 0.008323424494649227
0 0.008323424494649227
4 0.005945303210463733
doc : 69
4 0.5098039215686275
5 0.3257918552036199
2 0.07692307692307693
7 0.024132730015082957
3 0.013574660633484163
9 0.010558069381598794
8 0.010558069381598794
6 0.010558069381598794
1 0.010558069381598794
0 0.007541478129713424
doc : 70
4 0.4707846410684474
2 0.2587646076794658
5 0.17195325542570952
7 0.02003338898163606
3 0.015025041736227046
9 0.01335559265442404
1 0.01335559265442404
0 0.01335559265442404
8 0.011686143572621035
6 0.011686143572621035
doc : 71
4 0.6369047619047619
5 0.2242063492063492
7 0.03571428571428571
1 0.01984126984126984
0 0.01984126984126984
6 0.015873015873015872
9 0.013888888888888888
8 0.011904761904761904
2 0.011904761904761904
3 0.00992063492063492
doc : 72
4 0.6568848758465011
5 0.22799097065462753
7 0.01805869074492099
6 0.01805869074492099
3 0.015801354401805866
9 0.013544018058690745
8 0.013544018058690745
0 0.013544018058690745
2 0.01128668171557562
1 0.01128668171557562
doc : 73
1 0.33333333333333337
5 0.14074074074074075
6 0.11111111111111112
2 0.11111111111111112
7 0.08148148148148149
0 0.05185185185185186
9 0.044444444444444446
8 0.044444444444444446
3 0.044444444444444446
4 0.037037037037037035
doc : 74
7 0.7954971857410882
4 0.06191369606003752
5 0.03564727954971857
0 0.020637898686679174
9 0.016885553470919325
6 0.016885553470919325
2 0.016885553470919325
1 0.0150093808630394
3 0.01125703564727955
8 0.009380863039399626
doc : 75
3 0.5226277372262773
6 0.3255474452554744
0 0.03795620437956204
7 0.02335766423357664
5 0.020437956204379562
2 0.01751824817518248
4 0.016058394160583942
1 0.014598540145985401
9 0.01313868613138686
8 0.00875912408759124
doc : 76
6 0.905163329820864
0 0.014752370916754477
4 0.012644889357218123
1 0.012644889357218123
5 0.011591148577449946
3 0.011591148577449946
7 0.01053740779768177
8 0.008429926238145416
2 0.0073761854583772385
9 0.005268703898840885
doc : 77
7 0.8383838383838383
5 0.03198653198653199
4 0.03198653198653199
0 0.021885521885521883
2 0.016835016835016835
8 0.013468013468013467
1 0.013468013468013467
6 0.011784511784511785
9 0.0101010101010101
3 0.0101010101010101
doc : 78
4 0.6263048016701461
5 0.25052192066805845
7 0.033402922755741124
8 0.016701461377870562
9 0.014613778705636741
3 0.012526096033402922
1 0.012526096033402922
0 0.012526096033402922
6 0.010438413361169102
2 0.010438413361169102
doc : 79
4 0.5231023102310232
5 0.3333333333333333
2 0.041254125412541254
7 0.019801980198019802
8 0.018151815181518153
3 0.0165016501650165
0 0.01485148514851485
9 0.013201320132013201
6 0.009900990099009901
1 0.009900990099009901
doc : 80
4 0.545144804088586
5 0.28960817717206133
2 0.03747870528109029
3 0.028960817717206135
7 0.020442930153321978
6 0.018739352640545145
0 0.018739352640545145
8 0.017035775127768313
9 0.015332197614991482
1 0.008517887563884156
doc : 81
4 0.49326599326599324
5 0.3737373737373737
9 0.02356902356902357
2 0.0202020202020202
1 0.0202020202020202
8 0.016835016835016835
6 0.01515151515151515
3 0.01515151515151515
7 0.011784511784511785
0 0.0101010101010101
doc : 82
3 0.6089644513137558
6 0.24884080370942813
0 0.030911901081916538
1 0.021638330757341576
5 0.02009273570324575
4 0.017001545595054096
8 0.015455950540958269
7 0.015455950540958269
2 0.013910355486862442
9 0.0077279752704791345
doc : 83
8 0.5170940170940171
0 0.14743589743589744
7 0.10470085470085472
1 0.04914529914529915
9 0.0405982905982906
5 0.038461538461538464
6 0.032051282051282055
4 0.02991452991452992
3 0.021367521367521368
2 0.019230769230769232
doc : 84
6 0.9114503816793893
0 0.013740458015267175
4 0.010687022900763359
3 0.010687022900763359
9 0.00916030534351145
8 0.00916030534351145
7 0.00916030534351145
5 0.00916030534351145
2 0.00916030534351145
1 0.007633587786259542
doc : 85
4 0.6399082568807339
5 0.21788990825688076
2 0.02522935779816514
7 0.020642201834862386
6 0.020642201834862386
9 0.01834862385321101
3 0.016055045871559634
0 0.016055045871559634
1 0.013761467889908258
8 0.011467889908256881
doc : 86
4 0.6446601941747573
5 0.2233009708737864
7 0.02330097087378641
0 0.019417475728155338
9 0.017475728155339806
8 0.017475728155339806
1 0.017475728155339806
3 0.013592233009708738
2 0.013592233009708738
6 0.009708737864077669
doc : 87
4 0.5101721439749609
5 0.3223787167449139
6 0.04538341158059468
7 0.03286384976525822
0 0.018779342723004695
2 0.017214397496087636
3 0.01564945226917058
8 0.014084507042253521
1 0.012519561815336464
9 0.010954616588419406
doc : 88
4 0.5692599620493358
5 0.269449715370019
2 0.05313092979127135
8 0.018975332068311195
1 0.018975332068311195
6 0.017077798861480076
7 0.015180265654648957
0 0.015180265654648957
9 0.013282732447817837
3 0.009487666034155597
doc : 89
4 0.6050420168067226
5 0.2710084033613445
7 0.02310924369747899
6 0.02310924369747899
0 0.01680672268907563
9 0.014705882352941176
1 0.014705882352941176
8 0.010504201680672268
3 0.010504201680672268
2 0.010504201680672268
doc : 90
4 0.5792563600782779
5 0.16829745596868884
2 0.13111545988258316
9 0.021526418786692758
7 0.019569471624266144
3 0.019569471624266144
1 0.019569471624266144
0 0.019569471624266144
8 0.011741682974559686
6 0.009784735812133072
doc : 91
0 0.8198019801980199
4 0.039603960396039604
8 0.033663366336633666
3 0.019801980198019802
2 0.019801980198019802
1 0.017821782178217824
6 0.015841584158415842
5 0.013861386138613862
9 0.009900990099009901
7 0.009900990099009901
doc : 92
9 0.8223684210526315
0 0.03728070175438596
1 0.02631578947368421
7 0.019736842105263157
6 0.019736842105263157
8 0.017543859649122806
3 0.017543859649122806
4 0.015350877192982455
5 0.013157894736842105
2 0.010964912280701754
doc : 93
4 0.6584821428571428
5 0.21651785714285712
2 0.020089285714285712
0 0.020089285714285712
7 0.015625
6 0.015625
9 0.013392857142857142
8 0.013392857142857142
3 0.013392857142857142
1 0.013392857142857142
doc : 94
4 0.5408921933085502
5 0.23420074349442377
2 0.04275092936802974
6 0.040892193308550186
8 0.03345724907063197
1 0.031598513011152414
7 0.020446096654275093
3 0.020446096654275093
0 0.018587360594795536
9 0.016728624535315983
doc : 95
4 0.5984095427435387
5 0.26242544731610334
8 0.025844930417495027
1 0.021868787276341946
9 0.019880715705765405
0 0.019880715705765405
2 0.015904572564612324
6 0.013916500994035784
7 0.011928429423459244
3 0.009940357852882702
doc : 96
4 0.40633608815426997
5 0.26859504132231404
2 0.2190082644628099
7 0.023415977961432508
3 0.01790633608815427
6 0.01652892561983471
1 0.013774104683195593
8 0.012396694214876033
9 0.011019283746556474
0 0.011019283746556474
doc : 97
4 0.45319465081723626
2 0.28083209509658247
5 0.1277860326894502
1 0.03714710252600297
0 0.02228826151560178
6 0.019316493313521546
3 0.017830609212481426
7 0.014858841010401188
9 0.01337295690936107
8 0.01337295690936107
doc : 98
4 0.625754527162978
5 0.21327967806841047
6 0.04024144869215292
7 0.03219315895372234
9 0.018108651911468814
8 0.018108651911468814
3 0.01609657947686117
2 0.01609657947686117
1 0.01006036217303823
0 0.01006036217303823
doc : 99
4 0.5988593155893536
5 0.2262357414448669
2 0.04752851711026616
9 0.022813688212927757
7 0.022813688212927757
3 0.02091254752851711
0 0.02091254752851711
8 0.013307984790874524
6 0.013307984790874524
1 0.013307984790874524
