doc : 0
7 0.3972602739726027
8 0.0958904109589041
5 0.0958904109589041
0 0.0821917808219178
9 0.0684931506849315
3 0.06164383561643835
2 0.0547945205479452
1 0.0547945205479452
6 0.04794520547945205
4 0.0410958904109589
doc : 1
8 0.4155844155844156
5 0.1590909090909091
0 0.10714285714285715
6 0.06493506493506494
4 0.061688311688311695
9 0.045454545454545456
2 0.045454545454545456
3 0.04220779220779221
1 0.03571428571428572
7 0.022727272727272728
doc : 2
9 0.13043478260869565
4 0.13043478260869565
6 0.11594202898550725
1 0.11594202898550725
8 0.10144927536231885
0 0.10144927536231885
5 0.08695652173913043
7 0.07246376811594203
3 0.07246376811594203
2 0.07246376811594203
doc : 3
9 0.743142144638404
3 0.04239401496259351
8 0.03740648379052369
7 0.034912718204488775
1 0.034912718204488775
5 0.02493765586034913
2 0.02493765586034913
6 0.022443890274314215
4 0.017456359102244388
0 0.017456359102244388
doc : 4
3 0.5724137931034483
6 0.06206896551724138
4 0.06206896551724138
1 0.06206896551724138
9 0.04827586206896552
8 0.041379310344827586
2 0.041379310344827586
0 0.041379310344827586
7 0.034482758620689655
5 0.034482758620689655
doc : 5
0 0.41935483870967744
5 0.23870967741935484
6 0.06451612903225806
9 0.04516129032258064
8 0.04516129032258064
4 0.04516129032258064
7 0.03870967741935484
2 0.03870967741935484
3 0.03225806451612903
1 0.03225806451612903
doc : 6
1 0.9079563182527302
6 0.0171606864274571
3 0.014040561622464899
9 0.0093603744149766
8 0.0093603744149766
7 0.0093603744149766
5 0.0093603744149766
4 0.0078003120124804995
2 0.0078003120124804995
0 0.0078003120124804995
doc : 7
6 0.7764705882352941
9 0.0392156862745098
1 0.0392156862745098
8 0.03137254901960784
3 0.027450980392156862
7 0.021568627450980392
2 0.021568627450980392
5 0.01568627450980392
0 0.01568627450980392
4 0.011764705882352941
doc : 8
8 0.648068669527897
0 0.055793991416309016
3 0.05150214592274678
9 0.04291845493562232
1 0.04291845493562232
6 0.03862660944206009
5 0.034334763948497854
2 0.034334763948497854
7 0.02575107296137339
4 0.02575107296137339
doc : 9
8 0.615819209039548
9 0.06214689265536723
1 0.05649717514124294
6 0.05084745762711865
2 0.04519774011299435
0 0.04519774011299435
5 0.03389830508474576
4 0.03389830508474576
7 0.02824858757062147
3 0.02824858757062147
doc : 10
4 0.6973684210526315
1 0.05921052631578947
9 0.05263157894736842
2 0.039473684210526314
8 0.029605263157894735
5 0.029605263157894735
7 0.023026315789473683
6 0.023026315789473683
3 0.023026315789473683
0 0.023026315789473683
doc : 11
8 0.6331877729257641
1 0.0611353711790393
0 0.0611353711790393
9 0.05676855895196506
3 0.043668122270742356
2 0.03930131004366812
6 0.03056768558951965
5 0.026200873362445413
4 0.026200873362445413
7 0.021834061135371178
doc : 12
8 0.6536796536796536
1 0.08225108225108226
3 0.047619047619047616
5 0.04329004329004329
9 0.03463203463203463
7 0.030303030303030304
6 0.030303030303030304
0 0.030303030303030304
4 0.025974025974025976
2 0.021645021645021644
doc : 13
8 0.6091954022988506
2 0.06321839080459771
9 0.05747126436781609
6 0.04597701149425287
0 0.04597701149425287
3 0.040229885057471264
1 0.040229885057471264
7 0.034482758620689655
5 0.034482758620689655
4 0.028735632183908046
doc : 14
7 0.9158016147635525
2 0.014994232987312572
0 0.01384083044982699
8 0.00922722029988466
5 0.00922722029988466
1 0.00922722029988466
3 0.008073817762399078
6 0.006920415224913495
4 0.006920415224913495
9 0.0057670126874279125
doc : 15
3 0.7232704402515724
1 0.05660377358490566
7 0.039832285115303984
8 0.03773584905660378
0 0.03563941299790357
4 0.029350104821802937
2 0.023060796645702306
6 0.01886792452830189
5 0.01886792452830189
9 0.016771488469601678
doc : 16
1 0.9079563182527302
6 0.014040561622464899
3 0.014040561622464899
9 0.0109204368174727
5 0.0109204368174727
7 0.0093603744149766
0 0.0093603744149766
8 0.0078003120124804995
4 0.0078003120124804995
2 0.0078003120124804995
doc : 17
3 0.7954022988505747
9 0.04597701149425287
8 0.027586206896551724
2 0.027586206896551724
6 0.022988505747126436
0 0.020689655172413793
7 0.016091954022988506
1 0.016091954022988506
5 0.013793103448275862
4 0.013793103448275862
doc : 18
3 0.8205128205128205
9 0.030303030303030304
1 0.030303030303030304
5 0.023310023310023312
6 0.018648018648018648
0 0.018648018648018648
8 0.016317016317016316
4 0.016317016317016316
2 0.013986013986013986
7 0.011655011655011656
doc : 19
9 0.7801932367149758
8 0.03864734299516908
1 0.03864734299516908
6 0.036231884057971016
0 0.026570048309178744
3 0.01932367149758454
5 0.016908212560386472
2 0.016908212560386472
7 0.014492753623188404
4 0.012077294685990338
doc : 20
9 0.7958715596330276
3 0.034403669724770644
1 0.02981651376146789
5 0.027522935779816515
2 0.027522935779816515
0 0.027522935779816515
6 0.020642201834862386
7 0.013761467889908258
8 0.011467889908256881
4 0.011467889908256881
doc : 21
0 0.6974789915966386
9 0.05042016806722689
3 0.05042016806722689
6 0.04201680672268907
7 0.037815126050420166
2 0.029411764705882353
1 0.029411764705882353
8 0.021008403361344536
5 0.021008403361344536
4 0.021008403361344536
doc : 22
6 0.7524177949709865
9 0.05609284332688588
3 0.05415860735009671
2 0.030947775628626693
8 0.027079303675048357
0 0.02127659574468085
1 0.019342359767891684
7 0.015473887814313346
5 0.01160541586073501
4 0.01160541586073501
doc : 23
3 0.5319148936170213
9 0.07092198581560283
2 0.07092198581560283
0 0.06382978723404255
1 0.05673758865248227
8 0.04964539007092199
7 0.0425531914893617
6 0.0425531914893617
5 0.035460992907801414
4 0.035460992907801414
doc : 24
3 0.5
1 0.10714285714285714
9 0.07142857142857142
8 0.049999999999999996
7 0.049999999999999996
6 0.049999999999999996
0 0.049999999999999996
5 0.04285714285714286
2 0.04285714285714286
4 0.03571428571428571
doc : 25
0 0.4140127388535032
7 0.1464968152866242
5 0.089171974522293
4 0.07006369426751592
9 0.050955414012738856
3 0.050955414012738856
2 0.050955414012738856
1 0.050955414012738856
6 0.0445859872611465
8 0.03184713375796178
doc : 26
9 0.31313131313131315
1 0.16666666666666669
8 0.11111111111111112
6 0.10606060606060606
0 0.06060606060606061
4 0.05555555555555556
5 0.05050505050505051
3 0.05050505050505051
2 0.05050505050505051
7 0.03535353535353536
doc : 27
4 0.8872817955112219
9 0.020947630922693264
8 0.018453865336658354
1 0.013466334164588529
6 0.012967581047381545
2 0.012967581047381545
0 0.010473815461346632
3 0.009476309226932668
7 0.006982543640897755
5 0.006982543640897755
doc : 28
1 0.9090909090909092
3 0.012987012987012988
2 0.011363636363636364
0 0.011363636363636364
9 0.00974025974025974
8 0.00974025974025974
6 0.00974025974025974
5 0.00974025974025974
7 0.008116883116883118
4 0.008116883116883118
doc : 29
6 0.6962616822429906
3 0.04672897196261682
0 0.04672897196261682
9 0.037383177570093455
4 0.037383177570093455
5 0.03271028037383177
7 0.02803738317757009
2 0.02803738317757009
8 0.02336448598130841
1 0.02336448598130841
doc : 30
9 0.4818840579710145
3 0.1847826086956522
1 0.09057971014492754
8 0.050724637681159424
5 0.03985507246376812
7 0.036231884057971016
0 0.036231884057971016
6 0.028985507246376812
4 0.025362318840579712
2 0.025362318840579712
doc : 31
2 0.8807069219440353
4 0.01914580265095729
3 0.016200294550810013
7 0.014727540500736377
0 0.014727540500736377
9 0.013254786450662739
8 0.013254786450662739
5 0.010309278350515464
1 0.010309278350515464
6 0.007363770250368188
doc : 32
2 0.8932496075353219
7 0.0141287284144427
0 0.0141287284144427
6 0.012558869701726845
4 0.012558869701726845
3 0.012558869701726845
1 0.012558869701726845
8 0.01098901098901099
9 0.009419152276295134
5 0.007849293563579279
doc : 33
1 0.895741556534508
6 0.020558002936857563
9 0.014684287812041116
3 0.013215859030837003
8 0.011747430249632892
5 0.010279001468428781
4 0.010279001468428781
7 0.008810572687224669
2 0.007342143906020558
0 0.007342143906020558
doc : 34
6 0.743801652892562
3 0.0371900826446281
1 0.0371900826446281
8 0.03305785123966942
9 0.028925619834710745
0 0.028925619834710745
7 0.024793388429752067
4 0.024793388429752067
5 0.02066115702479339
2 0.02066115702479339
doc : 35
6 0.6392405063291139
1 0.056962025316455694
8 0.04430379746835443
7 0.04430379746835443
0 0.04430379746835443
9 0.0379746835443038
3 0.0379746835443038
5 0.03164556962025317
4 0.03164556962025317
2 0.03164556962025317
doc : 36
6 0.6431924882629109
3 0.06572769953051644
8 0.06103286384976526
0 0.046948356807511735
9 0.04225352112676056
2 0.03286384976525822
1 0.03286384976525822
4 0.028169014084507043
7 0.023474178403755867
5 0.023474178403755867
doc : 37
0 0.7296137339055794
1 0.047210300429184546
9 0.03862660944206009
6 0.03862660944206009
2 0.030042918454935622
5 0.02575107296137339
4 0.02575107296137339
8 0.02145922746781116
7 0.02145922746781116
3 0.02145922746781116
doc : 38
3 0.7665903890160183
0 0.04576659038901602
6 0.034324942791762014
1 0.032036613272311214
8 0.029748283752860413
7 0.027459954233409613
9 0.020594965675057208
5 0.018306636155606407
4 0.013729977116704806
2 0.011441647597254004
doc : 39
0 0.788546255506608
8 0.04405286343612335
6 0.03524229074889868
3 0.02863436123348018
9 0.026431718061674013
7 0.019823788546255508
5 0.015418502202643174
2 0.015418502202643174
4 0.013215859030837006
1 0.013215859030837006
doc : 40
7 0.9070904645476773
6 0.012224938875305624
2 0.012224938875305624
0 0.012224938875305624
3 0.011002444987775062
5 0.009779951100244499
1 0.009779951100244499
9 0.008557457212713936
8 0.008557457212713936
4 0.008557457212713936
doc : 41
5 0.9204134366925064
0 0.017054263565891473
9 0.01602067183462532
6 0.008785529715762273
2 0.008785529715762273
8 0.007235142118863049
3 0.0067183462532299735
4 0.005684754521963824
7 0.005167958656330749
1 0.004134366925064599
doc : 42
0 0.4928571428571428
7 0.08571428571428572
2 0.08571428571428572
4 0.07142857142857142
8 0.049999999999999996
5 0.049999999999999996
3 0.049999999999999996
9 0.04285714285714286
6 0.03571428571428571
1 0.03571428571428571
doc : 43
0 0.38823529411764707
5 0.22941176470588234
9 0.07058823529411765
7 0.058823529411764705
3 0.058823529411764705
8 0.047058823529411764
2 0.041176470588235294
1 0.041176470588235294
6 0.03529411764705882
4 0.029411764705882353
doc : 44
0 0.4357142857142857
9 0.11785714285714285
1 0.10357142857142856
8 0.08928571428571429
3 0.075
2 0.06428571428571428
6 0.05714285714285714
4 0.02142857142857143
7 0.017857142857142856
5 0.017857142857142856
doc : 45
2 0.8381877022653722
1 0.022653721682847898
6 0.021035598705501618
5 0.021035598705501618
3 0.01941747572815534
8 0.01779935275080906
9 0.016181229773462785
4 0.016181229773462785
7 0.014563106796116505
0 0.012944983818770227
doc : 46
0 0.6753246753246753
3 0.06493506493506493
1 0.06060606060606061
6 0.04329004329004329
8 0.030303030303030304
5 0.030303030303030304
2 0.030303030303030304
9 0.021645021645021644
7 0.021645021645021644
4 0.021645021645021644
doc : 47
8 0.8251121076233183
2 0.03587443946188341
5 0.03139013452914798
7 0.017937219730941704
0 0.017937219730941704
9 0.01569506726457399
6 0.01569506726457399
3 0.01569506726457399
1 0.013452914798206279
4 0.011210762331838564
doc : 48
9 0.7724550898203594
3 0.038922155688622756
6 0.035928143712574856
1 0.03293413173652695
4 0.023952095808383235
8 0.02095808383233533
7 0.02095808383233533
5 0.02095808383233533
2 0.017964071856287428
0 0.014970059880239521
doc : 49
6 0.6129032258064516
0 0.06451612903225806
8 0.05806451612903226
9 0.04516129032258064
2 0.04516129032258064
3 0.03870967741935484
1 0.03870967741935484
7 0.03225806451612903
5 0.03225806451612903
4 0.03225806451612903
