doc : 0
0 0.7816432272390821
3 0.1680236861584012
1 0.011843079200592153
8 0.007401924500370096
6 0.006661732050333087
7 0.005921539600296077
5 0.005181347150259067
4 0.005181347150259067
2 0.0044411547002220575
9 0.003700962250185048
doc : 1
3 0.8321678321678322
0 0.04895104895104895
6 0.024475524475524476
4 0.02097902097902098
5 0.019230769230769232
8 0.013986013986013986
9 0.01048951048951049
7 0.01048951048951049
1 0.01048951048951049
2 0.008741258741258742
doc : 2
3 0.8619528619528619
0 0.03367003367003367
4 0.0202020202020202
6 0.018518518518518517
1 0.01515151515151515
8 0.013468013468013467
9 0.0101010101010101
5 0.0101010101010101
7 0.008417508417508417
2 0.008417508417508417
doc : 3
3 0.786046511627907
0 0.06744186046511627
5 0.02558139534883721
6 0.023255813953488372
1 0.023255813953488372
8 0.018604651162790697
4 0.018604651162790697
7 0.013953488372093023
9 0.011627906976744186
2 0.011627906976744186
doc : 4
4 0.9231722428748451
8 0.0161090458488228
1 0.009913258983890954
6 0.008674101610904586
3 0.008674101610904586
2 0.007434944237918215
0 0.007434944237918215
9 0.006195786864931847
7 0.006195786864931847
5 0.006195786864931847
doc : 5
4 0.9314516129032259
8 0.012096774193548388
6 0.008064516129032258
3 0.008064516129032258
9 0.006720430107526883
7 0.006720430107526883
5 0.006720430107526883
2 0.006720430107526883
1 0.006720430107526883
0 0.006720430107526883
doc : 6
6 0.43827160493827155
3 0.1419753086419753
4 0.09259259259259259
1 0.08024691358024691
8 0.06790123456790123
2 0.043209876543209874
5 0.037037037037037035
0 0.037037037037037035
9 0.030864197530864196
7 0.030864197530864196
doc : 7
5 0.8699300699300699
8 0.026573426573426574
1 0.019580419580419582
6 0.01818181818181818
0 0.01818181818181818
3 0.015384615384615385
4 0.009790209790209791
2 0.008391608391608392
9 0.006993006993006993
7 0.006993006993006993
doc : 8
5 0.9512
3 0.008
8 0.0064
0 0.0064
6 0.0056
4 0.0056
1 0.0048000000000000004
9 0.004
7 0.004
2 0.004
doc : 9
8 0.31981981981981983
3 0.13063063063063063
2 0.1036036036036036
6 0.0945945945945946
5 0.08558558558558559
1 0.08108108108108109
9 0.06306306306306306
4 0.04954954954954955
0 0.04054054054054054
7 0.03153153153153153
doc : 10
5 0.9512
1 0.0088
9 0.0056
8 0.0056
4 0.0056
7 0.0048000000000000004
6 0.0048000000000000004
3 0.0048000000000000004
0 0.0048000000000000004
2 0.004
doc : 11
6 0.8527131782945737
8 0.027131782945736434
3 0.023255813953488372
1 0.023255813953488372
4 0.016795865633074936
5 0.015503875968992248
2 0.012919896640826874
9 0.011627906976744186
0 0.0103359173126615
7 0.006459948320413437
doc : 12
8 0.8517324738114423
3 0.0491539081385979
0 0.0290088638195004
1 0.020145044319097503
4 0.012087026591458501
5 0.011281224818694601
6 0.0088638195004029
7 0.008058017727639
9 0.0056406124093473006
2 0.0040290088638195
doc : 13
4 0.9109826589595377
6 0.025433526011560695
8 0.018497109826589597
9 0.006936416184971098
7 0.006936416184971098
3 0.006936416184971098
0 0.006936416184971098
5 0.005780346820809249
2 0.005780346820809249
1 0.005780346820809249
doc : 14
2 0.7980769230769231
9 0.04230769230769231
7 0.04230769230769231
8 0.021153846153846155
0 0.021153846153846155
6 0.015384615384615385
5 0.015384615384615385
3 0.015384615384615385
1 0.015384615384615385
4 0.013461538461538462
doc : 15
8 0.7534102833158447
0 0.06715634837355719
3 0.053515215110178385
1 0.04407135362014691
4 0.02833158447009444
6 0.017838405036726127
9 0.00944386149003148
7 0.00944386149003148
2 0.00944386149003148
5 0.007345225603357817
doc : 16
3 0.5691056910569107
8 0.05691056910569106
5 0.05691056910569106
9 0.04878048780487805
7 0.04878048780487805
4 0.04878048780487805
2 0.04878048780487805
6 0.04065040650406505
1 0.04065040650406505
0 0.04065040650406505
doc : 17
4 0.9279711884753901
6 0.013205282112845136
8 0.010804321728691476
1 0.009603841536614645
5 0.007202881152460984
3 0.007202881152460984
9 0.006002400960384153
7 0.006002400960384153
2 0.006002400960384153
0 0.006002400960384153
doc : 18
4 0.9139908256880734
8 0.026376146788990827
6 0.008027522935779817
5 0.008027522935779817
3 0.008027522935779817
1 0.008027522935779817
0 0.008027522935779817
9 0.006880733944954129
7 0.006880733944954129
2 0.005733944954128441
doc : 19
4 0.6279683377308707
6 0.21635883905013192
0 0.05013192612137203
8 0.021108179419525065
3 0.019788918205804747
5 0.018469656992084433
1 0.0158311345646438
7 0.013192612137203165
9 0.010554089709762533
2 0.0065963060686015824
doc : 20
6 0.8110749185667753
1 0.042345276872964174
4 0.035830618892508145
3 0.027687296416938113
0 0.024429967426710098
8 0.016286644951140065
9 0.013029315960912053
5 0.013029315960912053
7 0.008143322475570033
2 0.008143322475570033
doc : 21
3 0.7923809523809524
6 0.047619047619047616
1 0.0380952380952381
5 0.026666666666666665
0 0.022857142857142857
7 0.02095238095238095
9 0.017142857142857144
8 0.015238095238095238
4 0.009523809523809525
2 0.009523809523809525
doc : 22
0 0.6910112359550562
8 0.10393258426966293
6 0.06320224719101124
5 0.03792134831460674
3 0.028089887640449437
4 0.025280898876404494
1 0.02247191011235955
7 0.009831460674157303
2 0.009831460674157303
9 0.008426966292134831
doc : 23
3 0.46017699115044247
4 0.09734513274336283
6 0.08849557522123894
0 0.061946902654867256
8 0.05309734513274336
2 0.05309734513274336
1 0.05309734513274336
9 0.04424778761061947
7 0.04424778761061947
5 0.04424778761061947
doc : 24
3 0.43103448275862066
6 0.12068965517241378
9 0.06896551724137931
8 0.06896551724137931
4 0.06896551724137931
5 0.06034482758620689
2 0.05172413793103448
7 0.04310344827586207
1 0.04310344827586207
0 0.04310344827586207
doc : 25
1 0.9660163624921335
6 0.005663939584644431
8 0.004405286343612335
5 0.004405286343612335
4 0.0037759597230962874
9 0.0031466331025802393
7 0.0031466331025802393
3 0.0031466331025802393
2 0.0031466331025802393
0 0.0031466331025802393
doc : 26
1 0.9641509433962263
6 0.005031446540880503
5 0.005031446540880503
4 0.005031446540880503
8 0.0037735849056603774
3 0.0037735849056603774
0 0.0037735849056603774
9 0.003144654088050314
7 0.003144654088050314
2 0.003144654088050314
doc : 27
1 0.9622404027690372
3 0.005034612964128383
0 0.005034612964128383
6 0.004405286343612335
5 0.004405286343612335
4 0.004405286343612335
8 0.0037759597230962874
7 0.0037759597230962874
2 0.0037759597230962874
9 0.0031466331025802393
doc : 28
1 0.9647798742138364
3 0.005660377358490566
5 0.005031446540880503
8 0.0037735849056603774
6 0.0037735849056603774
2 0.0037735849056603774
0 0.0037735849056603774
9 0.003144654088050314
7 0.003144654088050314
4 0.003144654088050314
doc : 29
6 0.4563758389261745
3 0.1476510067114094
1 0.08053691275167785
4 0.06711409395973154
5 0.053691275167785234
8 0.04697986577181208
0 0.04697986577181208
9 0.03355704697986577
7 0.03355704697986577
2 0.03355704697986577
doc : 30
6 0.22641509433962265
3 0.1792452830188679
1 0.11320754716981132
8 0.10377358490566037
4 0.10377358490566037
5 0.0660377358490566
7 0.05660377358490566
0 0.05660377358490566
9 0.04716981132075471
2 0.04716981132075471
doc : 31
0 0.4666666666666667
1 0.09444444444444444
6 0.08888888888888889
4 0.06666666666666667
5 0.061111111111111116
3 0.05555555555555556
9 0.05
8 0.05
7 0.03333333333333333
2 0.03333333333333333
doc : 32
6 0.5938375350140056
1 0.20448179271708683
8 0.04201680672268908
4 0.036414565826330535
5 0.03361344537815126
0 0.022408963585434174
7 0.0196078431372549
3 0.01680672268907563
2 0.01680672268907563
9 0.014005602240896359
doc : 33
6 0.7773722627737226
0 0.04744525547445255
4 0.041970802919708027
3 0.03102189781021898
1 0.025547445255474453
7 0.01824817518248175
5 0.01824817518248175
2 0.016423357664233577
8 0.014598540145985401
9 0.009124087591240875
doc : 34
9 0.9468367889420521
4 0.013822434875066455
7 0.01063264221158958
2 0.00531632110579479
0 0.00531632110579479
8 0.004784688995215312
1 0.0037214247740563534
6 0.0031897926634768745
5 0.0031897926634768745
3 0.0031897926634768745
doc : 35
2 0.610738255033557
8 0.053691275167785234
6 0.053691275167785234
0 0.053691275167785234
3 0.04697986577181208
5 0.040268456375838924
4 0.040268456375838924
9 0.03355704697986577
7 0.03355704697986577
1 0.03355704697986577
doc : 36
2 0.8221925133689839
7 0.057486631016042775
9 0.03609625668449198
0 0.017379679144385027
5 0.014705882352941176
8 0.012032085561497326
6 0.012032085561497326
4 0.0106951871657754
3 0.0106951871657754
1 0.0066844919786096255
doc : 37
2 0.8396226415094339
7 0.05306603773584905
4 0.04363207547169811
9 0.012971698113207546
0 0.012971698113207546
3 0.009433962264150943
8 0.008254716981132075
5 0.007075471698113208
1 0.007075471698113208
6 0.005896226415094339
doc : 38
2 0.7912457912457912
9 0.0404040404040404
7 0.0303030303030303
6 0.026936026936026935
0 0.02356902356902357
1 0.0202020202020202
8 0.016835016835016835
5 0.016835016835016835
4 0.016835016835016835
3 0.016835016835016835
doc : 39
0 0.4545454545454546
3 0.09848484848484848
1 0.09848484848484848
8 0.06818181818181818
5 0.06060606060606061
7 0.05303030303030303
6 0.05303030303030303
9 0.03787878787878788
4 0.03787878787878788
2 0.03787878787878788
doc : 40
3 0.9156928213689483
6 0.018363939899833055
1 0.015025041736227046
0 0.011686143572621035
8 0.008347245409015025
7 0.007512520868113523
9 0.00667779632721202
5 0.005843071786310518
4 0.005843071786310518
2 0.005008347245409015
doc : 41
6 0.16279069767441862
3 0.1511627906976744
0 0.11627906976744186
5 0.10465116279069767
8 0.09302325581395349
1 0.09302325581395349
2 0.08139534883720931
9 0.06976744186046512
7 0.06976744186046512
4 0.05813953488372093
doc : 42
2 0.888
9 0.0176
5 0.016
7 0.014400000000000001
8 0.0128
6 0.0112
4 0.0112
1 0.0112
0 0.009600000000000001
3 0.008
doc : 43
8 0.7695700110253584
4 0.15104740904079383
6 0.016538037486218304
0 0.013230429988974642
5 0.011025358324145536
3 0.011025358324145536
1 0.007717750826901874
9 0.006615214994487321
7 0.006615214994487321
2 0.006615214994487321
doc : 44
9 0.8392116182572614
2 0.0954356846473029
7 0.013485477178423237
4 0.011410788381742738
0 0.011410788381742738
8 0.006224066390041494
6 0.006224066390041494
5 0.006224066390041494
3 0.005186721991701245
1 0.005186721991701245
doc : 45
6 0.3727272727272727
8 0.09090909090909091
4 0.09090909090909091
3 0.09090909090909091
1 0.09090909090909091
0 0.07272727272727272
9 0.05454545454545454
7 0.045454545454545456
5 0.045454545454545456
2 0.045454545454545456
doc : 46
2 0.9031311154598826
9 0.015655577299412915
7 0.015655577299412915
0 0.012720156555772993
4 0.011741682974559686
5 0.010763209393346379
6 0.008806262230919765
8 0.007827788649706457
3 0.00684931506849315
1 0.00684931506849315
doc : 47
1 0.9576453697056713
4 0.006460875807609476
3 0.006460875807609476
8 0.005025125628140704
6 0.005025125628140704
5 0.004307250538406317
0 0.004307250538406317
9 0.0035893754486719313
7 0.0035893754486719313
2 0.0035893754486719313
doc : 48
7 0.9782192436572523
2 0.006701771182383916
9 0.0031115366203925323
0 0.0028721876495931067
6 0.00215414073719483
8 0.0014360938247965534
4 0.0014360938247965534
3 0.0014360938247965534
1 0.0014360938247965534
5 0.0011967448539971278
doc : 49
3 0.9248798076923077
8 0.018629807692307692
5 0.010817307692307692
1 0.010216346153846154
6 0.00841346153846154
4 0.0078125
0 0.007211538461538462
9 0.005408653846153846
7 0.003605769230769231
2 0.0030048076923076925
