doc : 0
9 0.39664804469273746
8 0.09497206703910614
7 0.07262569832402235
1 0.07262569832402235
4 0.0670391061452514
0 0.0670391061452514
6 0.06145251396648045
2 0.06145251396648045
3 0.0558659217877095
5 0.05027932960893855
doc : 1
9 0.3671875
3 0.09375
8 0.078125
4 0.078125
2 0.078125
0 0.078125
5 0.0703125
1 0.0625
6 0.0546875
7 0.0390625
doc : 2
3 0.3711340206185567
7 0.09278350515463918
4 0.09278350515463918
6 0.07216494845360824
1 0.07216494845360824
8 0.061855670103092786
5 0.061855670103092786
2 0.061855670103092786
0 0.061855670103092786
9 0.05154639175257732
doc : 3
7 0.4511627906976744
2 0.13953488372093023
9 0.13023255813953488
8 0.08837209302325581
0 0.05116279069767442
1 0.037209302325581395
5 0.03255813953488372
6 0.023255813953488372
4 0.023255813953488372
3 0.023255813953488372
doc : 4
7 0.6998420221169036
9 0.0631911532385466
8 0.053712480252764615
1 0.052132701421800945
3 0.03475513428120063
5 0.026856240126382307
6 0.023696682464454975
0 0.017377567140600316
2 0.01579778830963665
4 0.01263823064770932
doc : 5
8 0.7981651376146789
9 0.05198776758409786
2 0.024464831804281346
5 0.021406727828746176
4 0.021406727828746176
7 0.01834862385321101
0 0.01834862385321101
6 0.01529051987767584
3 0.01529051987767584
1 0.01529051987767584
doc : 6
8 0.7841945288753799
2 0.0425531914893617
9 0.03951367781155015
4 0.0243161094224924
1 0.0243161094224924
7 0.0182370820668693
6 0.0182370820668693
5 0.0182370820668693
3 0.015197568389057751
0 0.015197568389057751
doc : 7
8 0.817629179331307
9 0.0425531914893617
4 0.02127659574468085
3 0.0182370820668693
2 0.0182370820668693
1 0.0182370820668693
0 0.0182370820668693
7 0.015197568389057751
6 0.015197568389057751
5 0.015197568389057751
doc : 8
8 0.7993920972644377
9 0.04559270516717325
2 0.03343465045592705
4 0.02127659574468085
7 0.0182370820668693
6 0.0182370820668693
0 0.0182370820668693
5 0.015197568389057751
3 0.015197568389057751
1 0.015197568389057751
doc : 9
0 0.5666666666666667
4 0.09583333333333333
3 0.0875
1 0.05416666666666667
5 0.05
6 0.0375
7 0.03333333333333333
9 0.029166666666666667
2 0.025
8 0.020833333333333332
doc : 10
8 0.8237082066869301
4 0.0364741641337386
2 0.02735562310030395
9 0.0182370820668693
0 0.0182370820668693
7 0.015197568389057751
6 0.015197568389057751
5 0.015197568389057751
3 0.015197568389057751
1 0.015197568389057751
doc : 11
8 0.7993920972644377
9 0.03951367781155015
2 0.03951367781155015
7 0.02127659574468085
4 0.02127659574468085
0 0.0182370820668693
6 0.015197568389057751
5 0.015197568389057751
3 0.015197568389057751
1 0.015197568389057751
doc : 12
8 0.790273556231003
9 0.0364741641337386
2 0.0364741641337386
4 0.02735562310030395
1 0.0243161094224924
3 0.02127659574468085
7 0.0182370820668693
6 0.015197568389057751
5 0.015197568389057751
0 0.015197568389057751
doc : 13
8 0.8054711246200608
9 0.0364741641337386
2 0.0243161094224924
1 0.0243161094224924
4 0.02127659574468085
7 0.0182370820668693
6 0.0182370820668693
5 0.0182370820668693
3 0.0182370820668693
0 0.015197568389057751
doc : 14
8 0.7811550151975684
9 0.05167173252279635
2 0.0425531914893617
4 0.02127659574468085
7 0.0182370820668693
5 0.0182370820668693
1 0.0182370820668693
0 0.0182370820668693
6 0.015197568389057751
3 0.015197568389057751
doc : 15
8 0.8237082066869301
2 0.0243161094224924
1 0.0243161094224924
9 0.02127659574468085
4 0.02127659574468085
7 0.0182370820668693
5 0.0182370820668693
0 0.0182370820668693
6 0.015197568389057751
3 0.015197568389057751
doc : 16
8 0.7872340425531915
2 0.05167173252279635
9 0.04559270516717325
0 0.02127659574468085
4 0.0182370820668693
7 0.015197568389057751
6 0.015197568389057751
5 0.015197568389057751
3 0.015197568389057751
1 0.015197568389057751
doc : 17
8 0.8024316109422492
2 0.0364741641337386
9 0.03343465045592705
7 0.0243161094224924
4 0.02127659574468085
5 0.0182370820668693
0 0.0182370820668693
6 0.015197568389057751
3 0.015197568389057751
1 0.015197568389057751
doc : 18
6 0.49748743718592964
2 0.23366834170854273
9 0.06030150753768844
5 0.04271356783919598
1 0.035175879396984924
3 0.032663316582914576
4 0.03015075376884422
0 0.02763819095477387
7 0.022613065326633167
8 0.017587939698492462
doc : 19
3 0.7258064516129032
5 0.04516129032258064
1 0.041935483870967745
6 0.03870967741935484
9 0.035483870967741936
4 0.02903225806451613
2 0.025806451612903226
7 0.02258064516129032
8 0.01935483870967742
0 0.016129032258064516
doc : 20
8 0.8267477203647416
9 0.0243161094224924
4 0.0243161094224924
0 0.02127659574468085
7 0.0182370820668693
3 0.0182370820668693
2 0.0182370820668693
1 0.0182370820668693
6 0.015197568389057751
5 0.015197568389057751
doc : 21
8 0.8328267477203647
9 0.02735562310030395
4 0.02127659574468085
7 0.0182370820668693
6 0.0182370820668693
3 0.0182370820668693
0 0.0182370820668693
5 0.015197568389057751
2 0.015197568389057751
1 0.015197568389057751
doc : 22
8 0.7963525835866261
9 0.03343465045592705
2 0.030395136778115502
4 0.0243161094224924
3 0.02127659574468085
1 0.02127659574468085
7 0.0182370820668693
6 0.0182370820668693
5 0.0182370820668693
0 0.0182370820668693
doc : 23
5 0.7230443974630022
1 0.0824524312896406
3 0.048625792811839326
6 0.03171247357293869
7 0.023255813953488372
9 0.021141649048625793
0 0.021141649048625793
4 0.019027484143763214
8 0.014799154334038056
2 0.014799154334038056
doc : 24
1 0.7494199535962877
3 0.048723897911832945
5 0.03944315545243619
9 0.027842227378190254
8 0.027842227378190254
4 0.025522041763341066
2 0.025522041763341066
7 0.02088167053364269
6 0.018561484918793503
0 0.016241299303944315
doc : 25
0 0.5668604651162791
9 0.13662790697674418
4 0.07848837209302326
8 0.0377906976744186
2 0.0377906976744186
7 0.03488372093023256
3 0.03488372093023256
1 0.029069767441860465
5 0.026162790697674417
6 0.01744186046511628
doc : 26
2 0.6423841059602649
9 0.059602649006622516
8 0.046357615894039736
4 0.046357615894039736
7 0.039735099337748346
6 0.033112582781456956
5 0.033112582781456956
3 0.033112582781456956
1 0.033112582781456956
0 0.033112582781456956
doc : 27
2 0.6623376623376623
9 0.05194805194805195
8 0.045454545454545456
7 0.03896103896103896
4 0.03896103896103896
6 0.03246753246753247
5 0.03246753246753247
3 0.03246753246753247
1 0.03246753246753247
0 0.03246753246753247
doc : 28
1 0.42500000000000004
9 0.1875
8 0.0625
7 0.05
6 0.05
4 0.05
0 0.05
3 0.043750000000000004
2 0.043750000000000004
5 0.037500000000000006
doc : 29
2 0.6753246753246753
8 0.045454545454545456
7 0.03896103896103896
4 0.03896103896103896
1 0.03896103896103896
9 0.03246753246753247
6 0.03246753246753247
5 0.03246753246753247
3 0.03246753246753247
0 0.03246753246753247
doc : 30
2 0.6428571428571429
9 0.06493506493506494
8 0.05194805194805195
6 0.03896103896103896
1 0.03896103896103896
7 0.03246753246753247
5 0.03246753246753247
4 0.03246753246753247
3 0.03246753246753247
0 0.03246753246753247
doc : 31
2 0.6428571428571429
8 0.06493506493506494
4 0.045454545454545456
9 0.03896103896103896
7 0.03896103896103896
5 0.03896103896103896
6 0.03246753246753247
3 0.03246753246753247
1 0.03246753246753247
0 0.03246753246753247
doc : 32
2 0.638157894736842
9 0.06578947368421052
8 0.046052631578947366
7 0.039473684210526314
3 0.039473684210526314
0 0.039473684210526314
6 0.03289473684210526
5 0.03289473684210526
4 0.03289473684210526
1 0.03289473684210526
doc : 33
2 0.638157894736842
9 0.05921052631578947
8 0.05263157894736842
4 0.05263157894736842
7 0.03289473684210526
6 0.03289473684210526
5 0.03289473684210526
3 0.03289473684210526
1 0.03289473684210526
0 0.03289473684210526
doc : 34
2 0.6516129032258065
9 0.05806451612903226
8 0.05161290322580645
7 0.03870967741935484
4 0.03870967741935484
6 0.03225806451612903
5 0.03225806451612903
3 0.03225806451612903
1 0.03225806451612903
0 0.03225806451612903
doc : 35
2 0.6190476190476191
9 0.07482993197278912
6 0.05442176870748299
8 0.047619047619047616
7 0.03401360544217687
5 0.03401360544217687
4 0.03401360544217687
3 0.03401360544217687
1 0.03401360544217687
0 0.03401360544217687
doc : 36
2 0.6054421768707483
9 0.08843537414965986
8 0.05442176870748299
1 0.04081632653061224
0 0.04081632653061224
7 0.03401360544217687
6 0.03401360544217687
5 0.03401360544217687
4 0.03401360544217687
3 0.03401360544217687
doc : 37
2 0.6133333333333334
9 0.06666666666666667
4 0.060000000000000005
8 0.04666666666666667
7 0.04666666666666667
6 0.03333333333333333
5 0.03333333333333333
3 0.03333333333333333
1 0.03333333333333333
0 0.03333333333333333
doc : 38
4 0.800705467372134
9 0.03350970017636684
3 0.029982363315696647
0 0.026455026455026454
8 0.024691358024691357
6 0.02292768959435626
7 0.021164021164021163
1 0.01763668430335097
2 0.014109347442680775
5 0.008818342151675485
doc : 39
2 0.6533333333333333
9 0.05333333333333334
4 0.04666666666666667
8 0.04
6 0.04
7 0.03333333333333333
5 0.03333333333333333
3 0.03333333333333333
1 0.03333333333333333
0 0.03333333333333333
doc : 40
2 0.6493506493506493
9 0.045454545454545456
8 0.045454545454545456
7 0.045454545454545456
4 0.03896103896103896
1 0.03896103896103896
0 0.03896103896103896
6 0.03246753246753247
5 0.03246753246753247
3 0.03246753246753247
doc : 41
2 0.6225165562913907
9 0.07947019867549669
8 0.046357615894039736
7 0.039735099337748346
4 0.039735099337748346
1 0.039735099337748346
6 0.033112582781456956
5 0.033112582781456956
3 0.033112582781456956
0 0.033112582781456956
doc : 42
2 0.64
9 0.04666666666666667
7 0.04666666666666667
4 0.04666666666666667
8 0.04
5 0.04
0 0.04
6 0.03333333333333333
3 0.03333333333333333
1 0.03333333333333333
doc : 43
2 0.6447368421052632
9 0.05921052631578947
4 0.046052631578947366
8 0.039473684210526314
7 0.039473684210526314
1 0.039473684210526314
6 0.03289473684210526
5 0.03289473684210526
3 0.03289473684210526
0 0.03289473684210526
doc : 44
2 0.632258064516129
9 0.07741935483870968
7 0.04516129032258064
8 0.03870967741935484
6 0.03870967741935484
1 0.03870967741935484
5 0.03225806451612903
4 0.03225806451612903
3 0.03225806451612903
0 0.03225806451612903
doc : 45
2 0.6129032258064516
9 0.08387096774193549
1 0.05161290322580645
4 0.04516129032258064
8 0.03870967741935484
7 0.03870967741935484
6 0.03225806451612903
5 0.03225806451612903
3 0.03225806451612903
0 0.03225806451612903
doc : 46
2 0.6193548387096774
4 0.07096774193548387
9 0.05161290322580645
8 0.05161290322580645
7 0.03870967741935484
1 0.03870967741935484
6 0.03225806451612903
5 0.03225806451612903
3 0.03225806451612903
0 0.03225806451612903
doc : 47
2 0.6133333333333334
9 0.07333333333333333
8 0.04666666666666667
7 0.04666666666666667
1 0.04666666666666667
3 0.04
6 0.03333333333333333
5 0.03333333333333333
4 0.03333333333333333
0 0.03333333333333333
doc : 48
7 0.6052060737527115
0 0.08026030368763558
9 0.05639913232104122
1 0.05639913232104122
2 0.0455531453362256
5 0.04338394793926247
6 0.036876355748373106
4 0.03253796095444685
8 0.02819956616052061
3 0.015184381778741866
doc : 49
2 0.6601307189542484
9 0.058823529411764705
8 0.0392156862745098
4 0.0392156862745098
1 0.0392156862745098
7 0.032679738562091505
6 0.032679738562091505
5 0.032679738562091505
3 0.032679738562091505
0 0.032679738562091505
