doc : 0
6 0.8128617363344052
1 0.09453376205787782
4 0.01929260450160772
7 0.0180064308681672
2 0.013504823151125403
0 0.012218649517684888
3 0.00964630225080386
8 0.008360128617363344
5 0.008360128617363344
9 0.003215434083601286
doc : 1
0 0.43765281173594134
1 0.1271393643031785
7 0.10024449877750612
8 0.06601466992665037
4 0.06601466992665037
2 0.05378973105134474
9 0.04645476772616137
5 0.044009779951100246
6 0.034229828850855744
3 0.02444987775061125
doc : 2
9 0.9269679736605807
4 0.022448368751870697
0 0.009877282250823108
2 0.008680035917390003
8 0.007782101167315175
5 0.007183478000598624
3 0.005686920083807244
7 0.00448967375037414
1 0.00448967375037414
6 0.002394492666866208
doc : 3
4 0.4615702479338843
9 0.4289256198347107
5 0.02727272727272727
0 0.02396694214876033
3 0.017768595041322315
7 0.011570247933884297
2 0.011570247933884297
8 0.010743801652892562
6 0.003305785123966942
1 0.003305785123966942
doc : 4
4 0.7949865711727843
5 0.045658012533572066
0 0.03894359892569382
9 0.023724261414503133
2 0.022381378692927483
7 0.019695613249776187
8 0.01656222023276634
6 0.01477170993733214
3 0.01432408236347359
1 0.008952551477170993
doc : 5
0 0.5683890577507599
1 0.12158054711246201
7 0.060790273556231005
8 0.05167173252279635
6 0.03951367781155015
5 0.03951367781155015
9 0.0364741641337386
4 0.03343465045592705
3 0.02735562310030395
2 0.02127659574468085
doc : 6
8 0.5100755667506297
1 0.10768261964735516
2 0.08690176322418136
7 0.06171284634760705
0 0.05100755667506297
4 0.04974811083123425
5 0.044710327455919394
6 0.04345088161209068
9 0.028337531486146095
3 0.0163727959697733
doc : 7
7 0.7747252747252747
8 0.03571428571428572
1 0.03571428571428572
5 0.03296703296703297
3 0.027472527472527476
9 0.024725274725274728
2 0.02197802197802198
6 0.016483516483516484
4 0.016483516483516484
0 0.013736263736263738
doc : 8
4 0.8936049801924165
0 0.0243350311262026
9 0.020562158083380494
3 0.01565742312771175
2 0.013110733823806828
8 0.011695906432748537
5 0.009149217128843614
7 0.005470665912092058
6 0.003489907564610451
1 0.0029239766081871343
doc : 9
1 0.6567607726597325
6 0.1099554234769688
0 0.06240713224368499
7 0.04309063893016345
8 0.028231797919762255
4 0.02674591381872214
5 0.0237741456166419
9 0.02228826151560178
2 0.017830609212481426
3 0.008915304606240713
doc : 10
5 0.5092348284960422
4 0.19788918205804748
2 0.07255936675461741
8 0.047493403693931395
7 0.043535620052770445
0 0.036939313984168866
3 0.0316622691292876
9 0.029023746701846966
6 0.022427440633245383
1 0.009234828496042216
doc : 11
1 0.6983193277310925
6 0.12352941176470589
0 0.040336134453781515
5 0.03529411764705882
3 0.0319327731092437
7 0.018487394957983194
8 0.01596638655462185
9 0.015126050420168069
4 0.014285714285714287
2 0.0067226890756302525
doc : 12
6 0.860774818401937
1 0.049636803874092014
9 0.013317191283292978
7 0.012106537530266345
5 0.012106537530266345
8 0.01089588377723971
4 0.01089588377723971
3 0.01089588377723971
0 0.01089588377723971
2 0.00847457627118644
doc : 13
6 0.85995085995086
1 0.04791154791154791
7 0.019656019656019656
5 0.01597051597051597
2 0.013513513513513513
8 0.009828009828009828
3 0.009828009828009828
0 0.009828009828009828
4 0.007371007371007371
9 0.006142506142506142
doc : 14
6 0.6681159420289855
1 0.22753623188405797
8 0.017391304347826087
0 0.017391304347826087
7 0.015942028985507246
3 0.013043478260869566
2 0.011594202898550725
5 0.010144927536231883
4 0.010144927536231883
9 0.008695652173913044
doc : 15
0 0.509594882729211
2 0.14285714285714285
8 0.06609808102345416
4 0.05543710021321961
5 0.053304904051172705
9 0.04904051172707889
3 0.038379530916844345
7 0.031982942430703626
1 0.029850746268656716
6 0.023454157782515993
doc : 16
1 0.4744318181818182
6 0.2528409090909091
2 0.06818181818181818
0 0.04261363636363637
4 0.03977272727272727
8 0.036931818181818184
9 0.03409090909090909
5 0.019886363636363636
7 0.017045454545454544
3 0.014204545454545456
doc : 17
1 0.688135593220339
6 0.16610169491525423
8 0.0288135593220339
4 0.02542372881355932
5 0.01864406779661017
9 0.01694915254237288
0 0.015254237288135592
7 0.013559322033898305
3 0.013559322033898305
2 0.013559322033898305
doc : 18
7 0.5449438202247191
8 0.08052434456928839
4 0.0749063670411985
2 0.0655430711610487
1 0.0655430711610487
9 0.056179775280898875
5 0.03558052434456929
6 0.033707865168539325
3 0.02247191011235955
0 0.02059925093632959
doc : 19
1 0.5886654478976234
6 0.1956124314442413
5 0.051188299817184646
8 0.038391224862888484
7 0.025594149908592323
2 0.02376599634369287
0 0.02376599634369287
9 0.021937842778793418
4 0.018281535648994516
3 0.012797074954296161
doc : 20
2 0.8962873284907182
4 0.04600484261501211
3 0.010492332526230832
9 0.009685230024213076
8 0.009685230024213076
7 0.00847457627118644
5 0.007263922518159806
6 0.004439063761097659
1 0.004439063761097659
0 0.003228410008071025
doc : 21
5 0.6533700137551582
2 0.09628610729023383
4 0.07015130674002751
0 0.052269601100412656
3 0.030261348005502064
6 0.024759284731774415
7 0.023383768913342505
8 0.017881705639614855
1 0.017881705639614855
9 0.013755158184319119
doc : 22
7 0.6289198606271778
4 0.1602787456445993
3 0.04006968641114982
9 0.033101045296167246
0 0.0313588850174216
2 0.029616724738675958
5 0.02613240418118467
6 0.020905923344947737
8 0.017421602787456445
1 0.012195121951219513
doc : 23
0 0.48224852071005914
2 0.1952662721893491
4 0.06804733727810651
5 0.0621301775147929
9 0.05325443786982249
3 0.038461538461538464
7 0.03254437869822485
8 0.026627218934911243
1 0.023668639053254437
6 0.01775147928994083
doc : 24
2 0.7389202256244963
4 0.09347300564061241
8 0.031426269137792104
3 0.0282030620467365
0 0.0282030620467365
7 0.024174053182917002
5 0.019339242546333603
6 0.0153102336825141
1 0.011281224818694601
9 0.009669621273166801
doc : 25
5 0.7937649880095923
3 0.028776978417266185
0 0.028776978417266185
9 0.02398081534772182
8 0.02398081534772182
7 0.02398081534772182
4 0.02398081534772182
1 0.021582733812949638
2 0.016786570743405275
6 0.014388489208633093
doc : 26
6 0.8211788211788211
4 0.04495504495504495
1 0.028971028971028972
0 0.026973026973026972
7 0.01898101898101898
5 0.015984015984015984
8 0.012987012987012988
9 0.010989010989010988
3 0.00999000999000999
2 0.008991008991008992
doc : 27
8 0.7858719646799117
4 0.0695364238410596
3 0.030905077262693155
5 0.025386313465783666
0 0.02207505518763797
9 0.018763796909492272
6 0.016556291390728478
7 0.011037527593818985
2 0.011037527593818985
1 0.008830022075055188
doc : 28
9 0.7259801809564843
0 0.05859543300301594
8 0.04868591124515295
2 0.03360620422231796
4 0.03188280913399397
3 0.03188280913399397
7 0.026712623869021974
5 0.01981904351572598
1 0.012494614390348987
6 0.01034037052994399
doc : 29
1 0.7156250000000001
9 0.053125000000000006
6 0.040625
0 0.037500000000000006
7 0.03125
5 0.03125
4 0.028125
8 0.021875000000000002
3 0.021875000000000002
2 0.018750000000000003
doc : 30
7 0.7120359955005625
3 0.05624296962879641
9 0.05399325084364455
4 0.04836895388076491
5 0.03262092238470191
2 0.026996625421822275
0 0.021372328458942633
8 0.01799775028121485
6 0.01687289088863892
1 0.013498312710911137
doc : 31
7 0.7363344051446945
3 0.04662379421221865
2 0.03697749196141479
0 0.03536977491961415
4 0.03054662379421222
9 0.028938906752411574
1 0.027331189710610933
6 0.02090032154340836
5 0.01929260450160772
8 0.017684887459807074
doc : 32
1 0.7997097242380261
6 0.10014513788098693
8 0.02539912917271408
3 0.020319303338171262
5 0.015239477503628448
7 0.010159651669085631
0 0.008708272859216255
9 0.007982583454281567
4 0.00725689404934688
2 0.0050798258345428155
doc : 33
8 0.8769430051813472
9 0.02979274611398964
4 0.022020725388601038
7 0.01295336787564767
5 0.011658031088082901
1 0.011658031088082901
6 0.010362694300518135
0 0.009067357512953369
3 0.007772020725388601
2 0.007772020725388601
doc : 34
8 0.862547288776797
6 0.02395964691046658
4 0.018915510718789406
0 0.01639344262295082
9 0.015132408575031526
3 0.015132408575031526
2 0.013871374527112231
7 0.012610340479192938
5 0.012610340479192938
1 0.008827238335435056
doc : 35
8 0.79375
4 0.041666666666666664
2 0.035416666666666666
0 0.027083333333333334
7 0.025
9 0.01875
5 0.016666666666666666
3 0.016666666666666666
1 0.014583333333333334
6 0.010416666666666666
doc : 36
1 0.7513661202185792
7 0.07103825136612021
6 0.07103825136612021
0 0.030054644808743168
4 0.020491803278688523
9 0.012295081967213115
8 0.012295081967213115
3 0.012295081967213115
2 0.012295081967213115
5 0.006830601092896175
doc : 37
5 0.6902173913043478
3 0.07472826086956522
6 0.05570652173913043
4 0.03668478260869565
9 0.033967391304347824
0 0.03125
1 0.028532608695652172
8 0.019021739130434784
7 0.017663043478260868
2 0.012228260869565216
doc : 38
0 0.6587395957193817
5 0.05945303210463733
4 0.04875148632580261
7 0.042806183115338875
2 0.03804994054696789
3 0.036860879904875146
8 0.034482758620689655
1 0.029726516052318665
9 0.026159334126040427
6 0.024970273483947678
doc : 39
7 0.5027624309392265
1 0.09944751381215469
5 0.06629834254143646
4 0.055248618784530384
3 0.055248618784530384
2 0.055248618784530384
8 0.049723756906077346
6 0.04419889502762431
0 0.04419889502762431
9 0.027624309392265192
doc : 40
2 0.7116402116402116
4 0.12962962962962962
8 0.043209876543209874
0 0.0291005291005291
7 0.02204585537918871
3 0.02204585537918871
5 0.013227513227513227
9 0.010582010582010581
6 0.009700176366843033
1 0.008818342151675485
doc : 41
1 0.41682242990654206
6 0.34766355140186916
4 0.06542056074766356
5 0.03364485981308411
2 0.03177570093457944
0 0.03177570093457944
8 0.024299065420560748
9 0.01869158878504673
7 0.016822429906542057
3 0.013084112149532711
doc : 42
3 0.9585376727596968
4 0.009362460989745875
5 0.006241640659830584
0 0.005795809184128399
7 0.00490414623272403
9 0.0035666518056174765
6 0.0035666518056174765
8 0.003120820329915292
2 0.0026749888542131075
1 0.002229157378510923
doc : 43
5 0.62
6 0.16833333333333333
1 0.05
2 0.03666666666666667
7 0.02666666666666667
8 0.025
4 0.02
0 0.02
9 0.018333333333333333
3 0.015000000000000001
doc : 44
0 0.4229607250755287
1 0.14803625377643503
5 0.10574018126888217
2 0.0634441087613293
9 0.04833836858006042
8 0.04833836858006042
6 0.04833836858006042
7 0.045317220543806644
4 0.03625377643504532
3 0.03323262839879154
doc : 45
6 0.6070110701107011
1 0.24723247232472323
9 0.033210332103321034
7 0.023985239852398522
5 0.01845018450184502
8 0.016605166051660517
3 0.016605166051660517
2 0.014760147601476014
4 0.01107011070110701
0 0.01107011070110701
doc : 46
0 0.7318840579710144
9 0.05253623188405797
4 0.049516908212560384
3 0.0428743961352657
8 0.03079710144927536
2 0.026570048309178744
6 0.02536231884057971
7 0.020531400966183572
5 0.012681159420289854
1 0.007246376811594202
doc : 47
5 0.7685459940652819
9 0.03857566765578635
4 0.03560830860534125
0 0.032640949554896145
2 0.026706231454005934
8 0.02373887240356083
7 0.02373887240356083
6 0.017804154302670624
3 0.017804154302670624
1 0.01483679525222552
doc : 48
2 0.4357798165137615
0 0.20068807339449543
5 0.14105504587155965
4 0.058486238532110095
7 0.03784403669724771
3 0.03555045871559633
8 0.033256880733944956
9 0.027522935779816515
1 0.01834862385321101
6 0.011467889908256881
doc : 49
1 0.7119565217391304
6 0.08695652173913043
8 0.04076086956521739
4 0.035326086956521736
2 0.029891304347826088
5 0.024456521739130432
9 0.019021739130434784
7 0.019021739130434784
3 0.019021739130434784
0 0.01358695652173913
doc : 50
9 0.9377035830618893
1 0.008957654723127036
5 0.008550488599348535
4 0.008550488599348535
2 0.008143322475570033
8 0.007736156351791531
0 0.006921824104234528
6 0.0061074918566775245
3 0.004071661237785016
7 0.003257328990228013
doc : 51
0 0.47211895910780666
5 0.1821561338289963
1 0.0724907063197026
2 0.0687732342007435
8 0.061338289962825275
6 0.03531598513011152
9 0.02973977695167286
4 0.027881040892193308
7 0.026022304832713755
3 0.0241635687732342
doc : 52
7 0.5662020905923345
1 0.1672473867595819
6 0.08710801393728224
3 0.041811846689895474
0 0.041811846689895474
9 0.02613240418118467
8 0.024390243902439025
2 0.020905923344947737
5 0.013937282229965157
4 0.010452961672473868
doc : 53
1 0.5576208178438662
6 0.08178438661710037
9 0.061338289962825275
3 0.05947955390334572
4 0.05390334572490706
0 0.04275092936802974
5 0.03903345724907063
2 0.03903345724907063
8 0.03531598513011152
7 0.02973977695167286
doc : 54
8 0.8988173455978975
2 0.018396846254927726
9 0.01445466491458607
5 0.01445466491458607
7 0.010512483574244415
3 0.010512483574244415
6 0.009198423127463863
4 0.009198423127463863
0 0.00788436268068331
1 0.00657030223390276
doc : 55
8 0.903866248693835
4 0.02716823406478579
3 0.013584117032392895
5 0.01044932079414838
0 0.009404388714733543
7 0.008359456635318705
1 0.008359456635318705
9 0.007314524555903867
2 0.006269592476489029
6 0.00522466039707419
doc : 56
6 0.5020242914979757
1 0.1417004048582996
7 0.06882591093117409
8 0.05263157894736842
5 0.05263157894736842
9 0.04453441295546559
2 0.04048582995951417
4 0.03643724696356275
0 0.032388663967611336
3 0.02834008097165992
doc : 57
5 0.453125
0 0.1375
3 0.115625
2 0.07500000000000001
8 0.0625
7 0.043750000000000004
6 0.034375
9 0.03125
1 0.025
4 0.021875000000000002
doc : 58
6 0.5141700404858299
1 0.16194331983805668
5 0.05263157894736842
9 0.04453441295546559
7 0.04453441295546559
4 0.04453441295546559
8 0.04048582995951417
2 0.04048582995951417
3 0.02834008097165992
0 0.02834008097165992
doc : 59
8 0.9073881373569199
4 0.01977107180020812
5 0.015608740894901146
3 0.010405827263267432
9 0.009365244536940688
7 0.009365244536940688
2 0.008324661810613945
1 0.007284079084287201
6 0.0062434963579604584
0 0.0062434963579604584
doc : 60
7 0.7299703264094956
4 0.050445103857566766
0 0.04451038575667656
1 0.04154302670623146
5 0.032640949554896145
6 0.026706231454005934
2 0.02373887240356083
8 0.017804154302670624
3 0.017804154302670624
9 0.01483679525222552
doc : 61
7 0.7614379084967321
1 0.04575163398692811
6 0.032679738562091505
0 0.029411764705882353
9 0.026143790849673203
8 0.022875816993464054
2 0.022875816993464054
5 0.0196078431372549
4 0.0196078431372549
3 0.0196078431372549
doc : 62
7 0.7309941520467835
3 0.043859649122807015
6 0.03508771929824561
8 0.03216374269005848
4 0.029239766081871343
9 0.02631578947368421
5 0.02631578947368421
2 0.02631578947368421
0 0.02631578947368421
1 0.023391812865497075
doc : 63
1 0.8620689655172414
6 0.02681992337164751
7 0.02554278416347382
4 0.016602809706257982
5 0.015325670498084292
2 0.015325670498084292
0 0.014048531289910602
9 0.010217113665389528
3 0.007662835249042146
8 0.006385696040868455
doc : 64
0 0.29949238578680204
5 0.2571912013536379
4 0.13705583756345177
9 0.07614213197969542
7 0.05922165820642978
2 0.052453468697123515
1 0.050761421319796954
3 0.02707275803722504
8 0.02030456852791878
6 0.02030456852791878
doc : 65
2 0.5597667638483965
4 0.18002915451895043
0 0.09183673469387756
5 0.056851311953352766
8 0.03206997084548105
7 0.02696793002915452
3 0.023323615160349854
9 0.013119533527696793
6 0.008746355685131196
1 0.007288629737609329
doc : 66
2 0.843146956952004
4 0.05393369619000495
0 0.021771400296882733
3 0.021276595744680854
8 0.01682335477486393
9 0.014349332013854528
5 0.013359722909450769
7 0.005937654626422564
1 0.004948045522018803
6 0.004453240969816923
doc : 67
7 0.7782426778242677
0 0.05230125523012552
4 0.03138075313807531
3 0.02719665271966527
5 0.023012552301255228
6 0.02092050209205021
2 0.018828451882845185
8 0.016736401673640166
1 0.016736401673640166
9 0.014644351464435145
doc : 68
6 0.9307542262678804
1 0.043237971391417426
8 0.0039011703511053317
3 0.0039011703511053317
0 0.0039011703511053317
9 0.0032509752925877766
7 0.0032509752925877766
5 0.002925877763328999
4 0.002600780234070221
2 0.0022756827048114434
doc : 69
1 0.8386336866902238
6 0.06713780918727914
8 0.016489988221436984
9 0.015312131919905771
5 0.014134275618374558
0 0.012956419316843343
7 0.010600706713780918
3 0.009422850412249705
2 0.008244994110718492
4 0.007067137809187279
doc : 70
5 0.8632773938795656
3 0.05281342546890424
9 0.02517275419545903
8 0.011352418558736426
0 0.011352418558736426
2 0.01085883514313919
1 0.007403751233958538
6 0.006910167818361302
7 0.006416584402764066
4 0.004442250740375123
doc : 71
5 0.7369614512471655
1 0.061224489795918366
4 0.04761904761904762
2 0.02947845804988662
6 0.0272108843537415
3 0.0272108843537415
8 0.022675736961451247
0 0.018140589569160998
7 0.015873015873015872
9 0.01360544217687075
doc : 72
1 0.8388888888888889
6 0.053703703703703705
8 0.04537037037037037
0 0.012037037037037037
7 0.011111111111111112
2 0.011111111111111112
5 0.009259259259259259
3 0.007407407407407408
4 0.006481481481481482
9 0.004629629629629629
doc : 73
1 0.6724738675958188
6 0.07317073170731707
2 0.04529616724738676
9 0.03832752613240418
4 0.03832752613240418
5 0.0313588850174216
7 0.027874564459930314
8 0.024390243902439025
3 0.024390243902439025
0 0.024390243902439025
doc : 74
5 0.7651821862348178
4 0.048582995951417005
6 0.03643724696356275
2 0.02834008097165992
9 0.024291497975708502
7 0.022267206477732795
8 0.020242914979757085
3 0.020242914979757085
1 0.020242914979757085
0 0.01417004048582996
doc : 75
0 0.7372525494901019
4 0.06718656268746251
7 0.058188362327534486
2 0.04919016196760648
3 0.031193761247750446
5 0.025194961007798437
9 0.010797840431913616
8 0.009598080383923215
1 0.007198560287942411
6 0.004199160167966407
doc : 76
7 0.6887254901960784
9 0.051470588235294115
6 0.04656862745098039
1 0.041666666666666664
3 0.0392156862745098
0 0.03431372549019608
8 0.029411764705882353
5 0.024509803921568627
4 0.022058823529411763
2 0.022058823529411763
doc : 77
3 0.3
9 0.1
1 0.1
2 0.08888888888888889
0 0.08888888888888889
7 0.07777777777777778
8 0.06666666666666667
5 0.06666666666666667
6 0.05555555555555556
4 0.05555555555555556
doc : 78
1 0.9261954261954263
6 0.016632016632016633
8 0.010395010395010396
2 0.008316008316008316
5 0.007276507276507277
0 0.007276507276507277
7 0.006237006237006237
4 0.006237006237006237
3 0.006237006237006237
9 0.005197505197505198
doc : 79
1 0.8608137044967881
7 0.021413276231263385
4 0.017130620985010708
3 0.017130620985010708
9 0.014989293361884369
5 0.014989293361884369
2 0.014989293361884369
8 0.01284796573875803
6 0.01284796573875803
0 0.01284796573875803
doc : 80
1 0.8504184100418409
7 0.03242677824267782
6 0.02615062761506276
8 0.015690376569037656
5 0.015690376569037656
9 0.014644351464435145
4 0.012552301255230124
0 0.012552301255230124
2 0.010460251046025104
3 0.009414225941422593
doc : 81
3 0.9592677345537758
7 0.007780320366132723
4 0.006864988558352403
8 0.005034324942791762
0 0.004576659038901602
5 0.004118993135011442
9 0.0036613272311212816
6 0.0036613272311212816
2 0.0027459954233409615
1 0.002288329519450801
doc : 82
8 0.8067796610169491
0 0.04576271186440678
7 0.0288135593220339
4 0.0288135593220339
5 0.022033898305084745
9 0.015254237288135592
6 0.015254237288135592
3 0.015254237288135592
2 0.011864406779661017
1 0.010169491525423728
doc : 83
1 0.8856041131105398
8 0.02185089974293059
5 0.019280205655526992
7 0.015424164524421594
3 0.012853470437017993
6 0.011568123393316195
2 0.010282776349614395
0 0.008997429305912595
9 0.007712082262210797
4 0.006426735218508997
doc : 84
0 0.21
2 0.16
3 0.14
7 0.1
6 0.09
9 0.08
8 0.07
5 0.05
4 0.05
1 0.05
doc : 85
5 0.6655948553054662
2 0.07395498392282958
0 0.05787781350482315
7 0.04823151125401929
4 0.04823151125401929
6 0.03215434083601286
8 0.022508038585209004
9 0.01929260450160772
3 0.01607717041800643
1 0.01607717041800643
doc : 86
5 0.657762938230384
4 0.11519198664440734
2 0.05342237061769616
9 0.038397328881469114
8 0.035058430717863104
3 0.028380634390651086
0 0.028380634390651086
7 0.015025041736227046
6 0.015025041736227046
1 0.01335559265442404
doc : 87
5 0.8125
1 0.03
4 0.025
0 0.025
3 0.02375
2 0.0225
9 0.02125
8 0.015
7 0.0125
6 0.0125
doc : 88
7 0.7637362637362638
8 0.05494505494505495
1 0.0521978021978022
3 0.027472527472527476
2 0.019230769230769232
9 0.016483516483516484
6 0.016483516483516484
5 0.016483516483516484
4 0.016483516483516484
0 0.016483516483516484
doc : 89
7 0.7855203619909502
5 0.08416289592760182
4 0.03076923076923077
0 0.023529411764705882
2 0.02262443438914027
8 0.015384615384615385
3 0.014479638009049774
6 0.00995475113122172
1 0.008144796380090498
9 0.005429864253393665
doc : 90
5 0.7874493927125507
2 0.038461538461538464
8 0.02631578947368421
6 0.02631578947368421
0 0.02631578947368421
4 0.024291497975708502
3 0.024291497975708502
9 0.020242914979757085
7 0.01417004048582996
1 0.012145748987854251
doc : 91
0 0.48066298342541436
4 0.2896606156274665
9 0.05761641673243883
2 0.04814522494080505
8 0.03393843725335438
3 0.025256511444356748
5 0.01973164956590371
1 0.01973164956590371
7 0.01894238358326756
6 0.006314127861089187
doc : 92
1 0.9453551912568307
9 0.008587041373926619
8 0.00702576112412178
5 0.00702576112412178
3 0.00624512099921936
6 0.00546448087431694
4 0.00546448087431694
2 0.00546448087431694
7 0.00468384074941452
0 0.00468384074941452
doc : 93
7 0.7459954233409611
2 0.041189931350114416
0 0.038901601830663615
8 0.032036613272311214
4 0.032036613272311214
1 0.027459954233409613
6 0.02517162471395881
5 0.02517162471395881
9 0.020594965675057208
3 0.011441647597254004
doc : 94
0 0.6148867313915858
1 0.08414239482200647
6 0.06148867313915858
4 0.0598705501618123
5 0.05016181229773463
3 0.0372168284789644
9 0.027508090614886734
7 0.024271844660194174
2 0.021035598705501618
8 0.01941747572815534
doc : 95
7 0.8349944629014396
5 0.05537098560354374
4 0.031007751937984496
0 0.023255813953488372
2 0.014396456256921373
8 0.011074197120708748
6 0.008859357696566999
3 0.008859357696566999
1 0.006644518272425249
9 0.005537098560354374
doc : 96
9 0.1
8 0.1
7 0.1
6 0.1
5 0.1
4 0.1
3 0.1
2 0.1
1 0.1
0 0.1
doc : 97
5 0.8540772532188842
4 0.024320457796852647
3 0.020028612303290415
0 0.020028612303290415
6 0.017167381974248927
7 0.015736766809728183
2 0.01430615164520744
1 0.012875536480686695
8 0.011444921316165951
9 0.010014306151645207
doc : 98
5 0.7553191489361702
3 0.046644844517184945
4 0.0425531914893617
7 0.03109656301145663
8 0.02700490998363339
2 0.02536824877250409
0 0.024549918166939445
9 0.01800327332242226
6 0.01718494271685761
1 0.012274959083469723
doc : 99
1 0.9391100702576113
6 0.00936768149882904
2 0.0078064012490242
8 0.00702576112412178
5 0.00702576112412178
4 0.00702576112412178
3 0.00702576112412178
7 0.00624512099921936
9 0.00546448087431694
0 0.0039032006245121
