doc : 0
9 0.12698412698412698
2 0.12698412698412698
6 0.1111111111111111
8 0.09523809523809523
5 0.09523809523809523
3 0.09523809523809523
1 0.09523809523809523
0 0.09523809523809523
7 0.07936507936507936
4 0.07936507936507936
doc : 1
3 0.7685699848408287
1 0.10510358767054069
8 0.03233956543708944
5 0.027286508337544216
4 0.021222839818089947
9 0.01819100555836281
2 0.007579585649317838
0 0.007074279939363316
6 0.006568974229408793
7 0.006063668519454271
doc : 2
5 0.5138461538461538
3 0.2
2 0.055384615384615386
1 0.052307692307692305
8 0.043076923076923075
7 0.033846153846153845
6 0.033846153846153845
9 0.024615384615384615
4 0.024615384615384615
0 0.01846153846153846
doc : 3
6 0.8224993366940833
5 0.08437251260281241
4 0.024144335367471476
0 0.016184664367206152
8 0.014062085433802067
2 0.012470151233749003
3 0.010347572300344918
9 0.006367736800212257
7 0.005041124966834704
1 0.004510480233483682
doc : 4
4 0.6782178217821783
0 0.11221122112211221
3 0.04785478547854786
7 0.037953795379537955
8 0.034653465346534656
9 0.028052805280528052
6 0.023102310231023104
2 0.018151815181518153
5 0.011551155115511552
1 0.00825082508250825
doc : 5
0 0.6294536817102138
5 0.08669833729216152
6 0.060570071258907364
4 0.057007125890736345
3 0.04750593824228029
8 0.04156769596199525
1 0.028503562945368172
7 0.022565320665083138
9 0.015439429928741094
2 0.010688836104513065
doc : 6
4 0.6203423967774421
0 0.1933534743202417
8 0.05740181268882175
6 0.03323262839879154
5 0.023162134944612285
1 0.02215508559919436
9 0.016112789526686808
7 0.014098690835850957
3 0.012084592145015106
2 0.008056394763343404
doc : 7
4 0.6590257879656161
9 0.061604584527220625
3 0.050143266475644696
8 0.04297994269340974
1 0.04297994269340974
7 0.040114613180515755
5 0.03008595988538682
0 0.03008595988538682
6 0.02148997134670487
2 0.02148997134670487
doc : 8
3 0.8468834688346883
0 0.024390243902439025
8 0.02032520325203252
7 0.02032520325203252
5 0.018970189701897018
9 0.017615176151761516
1 0.017615176151761516
6 0.013550135501355014
4 0.012195121951219513
2 0.008130081300813007
doc : 9
3 0.8333333333333334
0 0.028455284552845527
7 0.024390243902439025
9 0.02168021680216802
1 0.02032520325203252
4 0.018970189701897018
8 0.017615176151761516
6 0.013550135501355014
5 0.01084010840108401
2 0.01084010840108401
doc : 10
5 0.5601539942252166
3 0.21847930702598653
1 0.08854667949951878
9 0.026948989412897018
4 0.02502406159769009
6 0.022136669874879694
8 0.018286814244465835
7 0.014436958614051974
2 0.014436958614051974
0 0.01154956689124158
doc : 11
5 0.8270491803278689
3 0.05573770491803279
6 0.04590163934426229
8 0.019672131147540982
4 0.011475409836065573
7 0.009836065573770491
2 0.00819672131147541
0 0.00819672131147541
9 0.007377049180327869
1 0.006557377049180328
doc : 12
3 0.7042801556420234
5 0.05058365758754864
4 0.04669260700389105
8 0.03501945525291829
1 0.03501945525291829
0 0.0311284046692607
9 0.027237354085603113
6 0.027237354085603113
2 0.023346303501945526
7 0.019455252918287938
doc : 13
0 0.7359154929577465
5 0.08802816901408451
3 0.04225352112676056
6 0.035211267605633804
1 0.022887323943661973
2 0.019366197183098594
4 0.017605633802816902
8 0.014084507042253521
7 0.014084507042253521
9 0.01056338028169014
doc : 14
4 0.6970740103270224
0 0.0963855421686747
5 0.04475043029259897
6 0.039586919104991396
3 0.034423407917383825
8 0.02925989672977625
2 0.017211703958691912
1 0.017211703958691912
9 0.013769363166953529
7 0.010327022375215147
doc : 15
8 0.6175710594315246
4 0.10981912144702843
0 0.10594315245478036
7 0.03488372093023256
1 0.03488372093023256
3 0.03229974160206719
5 0.021963824289405687
2 0.01937984496124031
6 0.012919896640826874
9 0.0103359173126615
doc : 16
1 0.6483001172332942
4 0.06682297772567408
3 0.059788980070339975
0 0.058616647127784284
8 0.050410316529894486
5 0.03985932004689331
9 0.026963657678780773
2 0.025791324736225085
6 0.015240328253223915
7 0.0082063305978898
doc : 17
0 0.7300000000000001
4 0.06333333333333334
1 0.04166666666666667
5 0.03166666666666667
3 0.030000000000000002
9 0.025
6 0.025
7 0.021666666666666667
8 0.016666666666666666
2 0.015000000000000001
doc : 18
8 0.613107822410148
3 0.10042283298097252
5 0.09725158562367865
4 0.0613107822410148
6 0.04439746300211417
0 0.027484143763213533
7 0.017970401691331926
2 0.013742071881606767
1 0.013742071881606767
9 0.010570824524312896
doc : 19
0 0.5111876075731497
4 0.1738382099827883
8 0.07917383820998279
5 0.05679862306368331
3 0.039586919104991396
7 0.034423407917383825
1 0.03098106712564544
2 0.02925989672977625
6 0.027538726333907058
9 0.017211703958691912
doc : 20
3 0.49056603773584906
2 0.08490566037735849
5 0.0660377358490566
1 0.0660377358490566
7 0.05660377358490566
9 0.04716981132075471
8 0.04716981132075471
6 0.04716981132075471
4 0.04716981132075471
0 0.04716981132075471
doc : 21
8 0.6995708154506437
4 0.11072961373390558
0 0.04806866952789699
1 0.040343347639484974
7 0.03347639484978541
3 0.02060085836909871
6 0.013733905579399141
5 0.012875536480686695
2 0.012017167381974248
9 0.008583690987124463
doc : 22
0 0.8618490967056323
5 0.025504782146652496
4 0.01912858660998937
1 0.01700318809776833
9 0.01594048884165781
6 0.01594048884165781
8 0.011689691817215728
3 0.011689691817215728
7 0.010626992561105206
2 0.010626992561105206
doc : 23
1 0.5878048780487805
0 0.15853658536585366
8 0.07317073170731707
4 0.06585365853658537
3 0.03170731707317073
5 0.01951219512195122
2 0.01951219512195122
9 0.01707317073170732
7 0.01707317073170732
6 0.00975609756097561
doc : 24
8 0.6477272727272727
5 0.1278409090909091
4 0.03977272727272727
9 0.036931818181818184
0 0.03125
6 0.02840909090909091
3 0.02556818181818182
1 0.022727272727272728
7 0.019886363636363636
2 0.019886363636363636
doc : 25
5 0.39534883720930236
0 0.11205073995771671
4 0.10782241014799154
7 0.09302325581395349
1 0.08879492600422834
3 0.059196617336152224
8 0.05708245243128964
9 0.03382663847780127
2 0.03171247357293869
6 0.021141649048625793
doc : 26
3 0.4232283464566929
8 0.2204724409448819
1 0.07677165354330709
7 0.05511811023622047
0 0.04330708661417323
2 0.04133858267716535
9 0.03937007874015748
6 0.03543307086614173
5 0.033464566929133854
4 0.031496062992125984
doc : 27
7 0.5737265415549598
0 0.13002680965147453
4 0.11662198391420912
8 0.05093833780160858
3 0.030831099195710455
9 0.02412868632707775
5 0.020107238605898123
6 0.01876675603217158
2 0.01876675603217158
1 0.0160857908847185
doc : 28
0 0.6589211618257261
1 0.13360995850622406
4 0.0937759336099585
8 0.028215767634854772
5 0.021576763485477178
7 0.01991701244813278
3 0.014107883817427386
9 0.010788381742738589
2 0.00995850622406639
6 0.009128630705394191
doc : 29
7 0.31420765027322406
3 0.20491803278688525
1 0.08743169398907104
6 0.07923497267759563
4 0.07650273224043716
0 0.06284153005464481
8 0.0546448087431694
5 0.04918032786885246
2 0.04644808743169399
9 0.02459016393442623
doc : 30
2 0.6310517529215359
4 0.11686143572621036
9 0.05509181969949917
3 0.04006677796327212
5 0.03672787979966611
1 0.03672787979966611
7 0.02671118530884808
0 0.02337228714524207
6 0.02003338898163606
8 0.01335559265442404
doc : 31
2 0.6817155756207675
4 0.11963882618510158
7 0.05417607223476298
9 0.03160270880361173
3 0.02934537246049661
6 0.020316027088036117
0 0.020316027088036117
5 0.01805869074492099
1 0.013544018058690745
8 0.01128668171557562
doc : 32
1 0.8096926713947991
4 0.04728132387706856
3 0.03664302600472813
0 0.02127659574468085
8 0.02009456264775414
6 0.015366430260047281
2 0.014184397163120567
9 0.013002364066193853
7 0.013002364066193853
5 0.009456264775413711
doc : 33
7 0.36046511627906974
8 0.10465116279069767
9 0.08139534883720931
4 0.08139534883720931
5 0.06976744186046512
1 0.06976744186046512
6 0.05813953488372093
3 0.05813953488372093
2 0.05813953488372093
0 0.05813953488372093
doc : 34
9 0.9485094850948509
0 0.008130081300813007
8 0.006323396567299006
7 0.006323396567299006
4 0.006323396567299006
3 0.005420054200542005
2 0.005420054200542005
6 0.004516711833785004
5 0.004516711833785004
1 0.004516711833785004
doc : 35
7 0.7690513219284604
3 0.06842923794712286
0 0.038102643856920686
2 0.02177293934681182
9 0.02021772939346812
6 0.02021772939346812
4 0.019440124416796267
8 0.017107309486780714
5 0.015552099533437013
1 0.01010886469673406
doc : 36
1 0.838479809976247
3 0.0498812351543943
4 0.019002375296912115
9 0.017814726840855107
0 0.0166270783847981
6 0.015439429928741094
5 0.013064133016627079
2 0.013064133016627079
8 0.00831353919239905
7 0.00831353919239905
doc : 37
3 0.5076923076923077
5 0.13076923076923078
9 0.07692307692307693
4 0.046153846153846156
2 0.046153846153846156
8 0.038461538461538464
7 0.038461538461538464
6 0.038461538461538464
1 0.038461538461538464
0 0.038461538461538464
doc : 38
2 0.6632996632996633
6 0.24181205999387817
5 0.032139577594123045
3 0.012855831037649219
8 0.009488827670645853
4 0.009182736455463728
1 0.009182736455463728
9 0.008876645240281604
0 0.007040097949188858
7 0.006121824303642486
doc : 39
4 0.19158878504672897
5 0.16121495327102803
2 0.15186915887850466
1 0.14485981308411214
3 0.10514018691588785
9 0.102803738317757
7 0.04205607476635514
6 0.035046728971962614
8 0.03271028037383177
0 0.03271028037383177
doc : 40
7 0.36046511627906974
8 0.10465116279069767
4 0.08139534883720931
0 0.08139534883720931
9 0.06976744186046512
3 0.06976744186046512
6 0.05813953488372093
5 0.05813953488372093
2 0.05813953488372093
1 0.05813953488372093
doc : 41
7 0.37209302325581395
9 0.09302325581395349
8 0.09302325581395349
4 0.06976744186046512
3 0.06976744186046512
2 0.06976744186046512
6 0.05813953488372093
5 0.05813953488372093
1 0.05813953488372093
0 0.05813953488372093
doc : 42
3 0.6126126126126126
5 0.11711711711711711
1 0.05405405405405406
8 0.04504504504504504
4 0.04054054054054054
6 0.03153153153153153
2 0.03153153153153153
9 0.02252252252252252
7 0.02252252252252252
0 0.02252252252252252
doc : 43
8 0.8311258278145696
0 0.04525386313465784
5 0.03421633554083885
4 0.018763796909492272
7 0.015452538631346577
6 0.01434878587196468
2 0.013245033112582781
3 0.011037527593818985
9 0.009933774834437087
1 0.006622516556291391
doc : 44
0 0.801125703564728
4 0.054409005628517824
1 0.03377110694183865
7 0.028142589118198873
5 0.016885553470919325
8 0.0150093808630394
6 0.0150093808630394
3 0.013133208255159474
9 0.01125703564727955
2 0.01125703564727955
doc : 45
1 0.7352941176470589
4 0.05370843989769821
5 0.04347826086956522
3 0.03836317135549872
9 0.030690537084398978
0 0.02429667519181586
2 0.02173913043478261
7 0.01918158567774936
8 0.01790281329923274
6 0.015345268542199489
doc : 46
2 0.31005586592178774
5 0.17039106145251398
0 0.10893854748603353
8 0.09776536312849163
7 0.09217877094972067
4 0.05307262569832402
3 0.04748603351955307
9 0.0446927374301676
1 0.0446927374301676
6 0.030726256983240226
doc : 47
9 0.9386281588447654
3 0.012635379061371842
0 0.009927797833935019
8 0.006317689530685921
7 0.006317689530685921
6 0.005415162454873647
4 0.005415162454873647
2 0.005415162454873647
1 0.005415162454873647
5 0.004512635379061372
doc : 48
9 0.9021739130434783
8 0.014130434782608696
4 0.014130434782608696
7 0.013043478260869566
0 0.011956521739130435
1 0.010869565217391304
6 0.009782608695652175
3 0.009782608695652175
2 0.008695652173913044
5 0.005434782608695652
doc : 49
0 0.5233415233415233
4 0.1375921375921376
3 0.08108108108108109
8 0.05651105651105651
7 0.05405405405405405
6 0.04176904176904177
1 0.0343980343980344
5 0.027027027027027025
9 0.022113022113022112
2 0.022113022113022112
