doc : 0
2 0.8560311284046692
4 0.03761348897535668
5 0.023346303501945526
8 0.022697795071335927
0 0.016861219195849545
1 0.016212710765239946
9 0.00907911802853437
6 0.006485084306095979
3 0.006485084306095979
7 0.005188067444876783
doc : 1
2 0.541958041958042
7 0.18997668997668998
4 0.08974358974358974
0 0.04428904428904429
6 0.039627039627039624
1 0.03263403263403263
3 0.02097902097902098
5 0.018648018648018648
8 0.013986013986013986
9 0.008158508158508158
doc : 2
3 0.7450980392156863
5 0.0392156862745098
9 0.03137254901960784
8 0.03137254901960784
6 0.03137254901960784
7 0.027450980392156862
0 0.027450980392156862
4 0.023529411764705882
1 0.023529411764705882
2 0.0196078431372549
doc : 3
3 0.8403614457831325
1 0.024096385542168676
2 0.021084337349397592
6 0.01807228915662651
5 0.01807228915662651
4 0.01807228915662651
9 0.015060240963855422
8 0.015060240963855422
7 0.015060240963855422
0 0.015060240963855422
doc : 4
3 0.8343373493975904
9 0.02710843373493976
5 0.02710843373493976
8 0.01807228915662651
4 0.01807228915662651
7 0.015060240963855422
6 0.015060240963855422
2 0.015060240963855422
1 0.015060240963855422
0 0.015060240963855422
doc : 5
8 0.573449401523395
4 0.15233949945593037
2 0.055495103373231776
1 0.0544069640914037
3 0.042437431991294884
6 0.031556039173014146
5 0.029379760609358
0 0.029379760609358
7 0.022850924918389554
9 0.008705114254624592
doc : 6
1 0.3931034482758621
2 0.3293103448275862
4 0.1103448275862069
8 0.03275862068965517
7 0.03103448275862069
0 0.027586206896551724
6 0.02413793103448276
5 0.02413793103448276
9 0.013793103448275862
3 0.013793103448275862
doc : 7
9 0.2222222222222222
3 0.2222222222222222
5 0.1111111111111111
6 0.07936507936507936
7 0.07142857142857142
4 0.07142857142857142
2 0.06349206349206349
1 0.05555555555555555
0 0.05555555555555555
8 0.047619047619047616
doc : 8
1 0.56875
9 0.06875
3 0.06875
5 0.0625
7 0.043750000000000004
6 0.043750000000000004
4 0.043750000000000004
0 0.037500000000000006
8 0.03125
2 0.03125
doc : 9
4 0.8277066356228172
2 0.05238649592549476
3 0.024447031431897553
5 0.020954598370197905
6 0.017462165308498253
0 0.017462165308498253
8 0.010477299185098952
1 0.010477299185098952
9 0.009313154831199068
7 0.009313154831199068
doc : 10
3 0.819277108433735
5 0.02710843373493976
9 0.024096385542168676
1 0.024096385542168676
6 0.021084337349397592
0 0.021084337349397592
7 0.01807228915662651
8 0.015060240963855422
4 0.015060240963855422
2 0.015060240963855422
doc : 11
3 0.822289156626506
9 0.030120481927710843
5 0.024096385542168676
1 0.024096385542168676
8 0.021084337349397592
4 0.01807228915662651
7 0.015060240963855422
6 0.015060240963855422
2 0.015060240963855422
0 0.015060240963855422
doc : 12
3 0.8373493975903615
6 0.024096385542168676
9 0.021084337349397592
8 0.01807228915662651
5 0.01807228915662651
4 0.01807228915662651
1 0.01807228915662651
7 0.015060240963855422
2 0.015060240963855422
0 0.015060240963855422
doc : 13
3 0.8283132530120483
9 0.02710843373493976
4 0.024096385542168676
1 0.024096385542168676
7 0.01807228915662651
0 0.01807228915662651
8 0.015060240963855422
6 0.015060240963855422
5 0.015060240963855422
2 0.015060240963855422
doc : 14
3 0.33578431372549017
4 0.2916666666666667
8 0.08823529411764705
5 0.0784313725490196
2 0.05392156862745098
1 0.044117647058823525
7 0.0392156862745098
6 0.03676470588235294
9 0.01715686274509804
0 0.014705882352941176
doc : 15
3 0.822289156626506
9 0.024096385542168676
5 0.024096385542168676
1 0.021084337349397592
8 0.01807228915662651
7 0.01807228915662651
6 0.01807228915662651
4 0.01807228915662651
2 0.01807228915662651
0 0.01807228915662651
doc : 16
3 0.8493975903614458
9 0.02710843373493976
6 0.01807228915662651
8 0.015060240963855422
7 0.015060240963855422
5 0.015060240963855422
4 0.015060240963855422
2 0.015060240963855422
1 0.015060240963855422
0 0.015060240963855422
doc : 17
3 0.8343373493975904
9 0.030120481927710843
6 0.021084337349397592
1 0.021084337349397592
8 0.01807228915662651
7 0.015060240963855422
5 0.015060240963855422
4 0.015060240963855422
2 0.015060240963855422
0 0.015060240963855422
doc : 18
1 0.5333333333333333
9 0.08666666666666667
3 0.08666666666666667
5 0.05333333333333334
6 0.04666666666666667
4 0.04666666666666667
7 0.04
0 0.04
8 0.03333333333333333
2 0.03333333333333333
doc : 19
9 0.6029143897996357
2 0.08925318761384335
8 0.056466302367941715
7 0.05100182149362477
6 0.04553734061930783
5 0.04371584699453552
0 0.04371584699453552
4 0.030965391621129327
3 0.018214936247723135
1 0.018214936247723135
doc : 20
1 0.5405405405405406
3 0.12162162162162163
5 0.06756756756756757
9 0.0472972972972973
4 0.0472972972972973
2 0.04054054054054054
8 0.033783783783783786
7 0.033783783783783786
6 0.033783783783783786
0 0.033783783783783786
doc : 21
1 0.5855263157894737
5 0.07894736842105263
3 0.06578947368421052
9 0.046052631578947366
8 0.039473684210526314
7 0.039473684210526314
6 0.039473684210526314
2 0.039473684210526314
4 0.03289473684210526
0 0.03289473684210526
doc : 22
1 0.5743243243243243
3 0.08783783783783784
9 0.0472972972972973
7 0.0472972972972973
6 0.0472972972972973
4 0.0472972972972973
5 0.04054054054054054
0 0.04054054054054054
8 0.033783783783783786
2 0.033783783783783786
doc : 23
3 0.8524096385542169
9 0.021084337349397592
6 0.01807228915662651
5 0.01807228915662651
8 0.015060240963855422
7 0.015060240963855422
4 0.015060240963855422
2 0.015060240963855422
1 0.015060240963855422
0 0.015060240963855422
doc : 24
3 0.8373493975903615
8 0.024096385542168676
4 0.024096385542168676
1 0.021084337349397592
9 0.01807228915662651
7 0.015060240963855422
6 0.015060240963855422
5 0.015060240963855422
2 0.015060240963855422
0 0.015060240963855422
doc : 25
3 0.8253012048192772
4 0.03313253012048193
9 0.024096385542168676
1 0.021084337349397592
6 0.01807228915662651
5 0.01807228915662651
8 0.015060240963855422
7 0.015060240963855422
2 0.015060240963855422
0 0.015060240963855422
doc : 26
3 0.8433734939759037
5 0.024096385542168676
9 0.01807228915662651
8 0.01807228915662651
1 0.01807228915662651
0 0.01807228915662651
7 0.015060240963855422
6 0.015060240963855422
4 0.015060240963855422
2 0.015060240963855422
doc : 27
4 0.5997490589711417
7 0.1329987452948557
2 0.07779171894604767
0 0.06524466750313676
8 0.03889585947302383
6 0.02760351317440401
5 0.02634880803011292
1 0.012547051442910915
3 0.010037641154328732
9 0.00878293601003764
doc : 28
1 0.35348837209302325
5 0.13953488372093023
9 0.11162790697674418
3 0.10232558139534884
4 0.07906976744186046
7 0.06511627906976744
6 0.046511627906976744
2 0.04186046511627907
0 0.03255813953488372
8 0.027906976744186046
doc : 29
1 0.4484304932735426
6 0.09417040358744394
8 0.07623318385650224
9 0.07174887892376682
7 0.07174887892376682
2 0.06278026905829596
0 0.05829596412556054
3 0.053811659192825115
5 0.03587443946188341
4 0.026905829596412557
doc : 30
9 0.6910112359550562
3 0.05056179775280899
6 0.0449438202247191
7 0.033707865168539325
5 0.033707865168539325
2 0.033707865168539325
8 0.028089887640449437
4 0.028089887640449437
1 0.028089887640449437
0 0.028089887640449437
doc : 31
9 0.6741573033707865
3 0.06741573033707865
6 0.03932584269662921
1 0.03932584269662921
8 0.033707865168539325
5 0.033707865168539325
7 0.028089887640449437
4 0.028089887640449437
2 0.028089887640449437
0 0.028089887640449437
doc : 32
9 0.6910112359550562
3 0.05056179775280899
1 0.0449438202247191
6 0.033707865168539325
5 0.033707865168539325
0 0.033707865168539325
8 0.028089887640449437
7 0.028089887640449437
4 0.028089887640449437
2 0.028089887640449437
doc : 33
9 0.6853932584269663
5 0.05056179775280899
3 0.0449438202247191
6 0.03932584269662921
4 0.033707865168539325
0 0.033707865168539325
8 0.028089887640449437
7 0.028089887640449437
2 0.028089887640449437
1 0.028089887640449437
doc : 34
9 0.6910112359550562
7 0.03932584269662921
5 0.03932584269662921
4 0.03932584269662921
3 0.03932584269662921
6 0.033707865168539325
0 0.033707865168539325
8 0.028089887640449437
2 0.028089887640449437
1 0.028089887640449437
doc : 35
6 0.47570332480818417
9 0.3171355498721228
7 0.03836317135549872
3 0.03836317135549872
1 0.03324808184143223
0 0.030690537084398978
5 0.023017902813299233
8 0.01790281329923274
4 0.012787723785166242
2 0.012787723785166242
doc : 36
3 0.8322784810126582
6 0.022151898734177215
1 0.022151898734177215
9 0.0189873417721519
4 0.0189873417721519
2 0.0189873417721519
0 0.0189873417721519
8 0.015822784810126583
7 0.015822784810126583
5 0.015822784810126583
doc : 37
1 0.3941368078175896
3 0.32573289902280134
8 0.0749185667752443
5 0.055374592833876225
6 0.035830618892508145
9 0.02931596091205212
2 0.026058631921824105
4 0.02280130293159609
7 0.01954397394136808
0 0.016286644951140065
doc : 38
5 0.5
6 0.09722222222222221
7 0.09027777777777778
3 0.0798611111111111
9 0.05555555555555555
1 0.05208333333333333
4 0.03819444444444444
8 0.034722222222222224
2 0.034722222222222224
0 0.017361111111111112
doc : 39
1 0.45495495495495497
8 0.1463963963963964
5 0.0945945945945946
7 0.07207207207207207
0 0.06981981981981981
4 0.04279279279279279
9 0.038288288288288286
3 0.036036036036036036
6 0.02927927927927928
2 0.015765765765765764
doc : 40
6 0.1838235294117647
1 0.1323529411764706
9 0.125
3 0.125
8 0.10294117647058823
7 0.09558823529411764
5 0.0661764705882353
2 0.0661764705882353
0 0.058823529411764705
4 0.044117647058823525
doc : 41
0 0.8323108384458079
5 0.03169734151329243
9 0.0245398773006135
8 0.018404907975460124
4 0.018404907975460124
1 0.017382413087934562
6 0.015337423312883437
7 0.014314928425357875
3 0.014314928425357875
2 0.013292433537832313
doc : 42
9 0.48170731707317077
1 0.1402439024390244
3 0.07317073170731708
5 0.054878048780487805
4 0.054878048780487805
0 0.04878048780487805
2 0.042682926829268296
8 0.03658536585365854
6 0.03658536585365854
7 0.03048780487804878
doc : 43
1 0.31659388646288206
4 0.28820960698689957
9 0.10698689956331878
0 0.074235807860262
5 0.05240174672489083
8 0.05021834061135371
3 0.037117903930131
7 0.02838427947598253
2 0.024017467248908297
6 0.021834061135371178
doc : 44
6 0.22834645669291337
9 0.1653543307086614
3 0.12598425196850394
5 0.11023622047244094
4 0.08661417322834646
7 0.07086614173228346
0 0.06299212598425197
1 0.05511811023622047
8 0.047244094488188976
2 0.047244094488188976
doc : 45
8 0.6643598615916955
6 0.06920415224913495
0 0.05536332179930796
9 0.03460207612456748
5 0.03460207612456748
2 0.03460207612456748
1 0.03114186851211073
7 0.02768166089965398
4 0.02422145328719723
3 0.02422145328719723
doc : 46
7 0.7436241610738255
8 0.06577181208053691
6 0.04832214765100671
3 0.02953020134228188
0 0.028187919463087248
1 0.022818791946308724
5 0.01879194630872483
4 0.0174496644295302
2 0.01476510067114094
9 0.010738255033557046
doc : 47
6 0.7749077490774907
7 0.042435424354243544
1 0.038745387453874534
2 0.03505535055350553
3 0.023985239852398522
9 0.02214022140221402
4 0.02029520295202952
5 0.016605166051660517
0 0.014760147601476014
8 0.01107011070110701
doc : 48
5 0.6861063464837049
3 0.10634648370497427
0 0.05831903945111492
1 0.02915951972555746
2 0.024013722126929673
8 0.022298456260720412
7 0.020583190394511147
4 0.018867924528301886
9 0.017152658662092625
6 0.017152658662092625
doc : 49
7 0.42948717948717946
6 0.10256410256410256
0 0.07692307692307693
9 0.07051282051282051
4 0.0641025641025641
1 0.0641025641025641
3 0.05769230769230769
5 0.05128205128205128
2 0.05128205128205128
8 0.03205128205128205
