doc : 0
7 0.2962962962962963
9 0.19444444444444442
6 0.09259259259259259
0 0.07407407407407407
8 0.06481481481481481
5 0.06481481481481481
2 0.06481481481481481
4 0.05555555555555555
3 0.046296296296296294
1 0.046296296296296294
doc : 1
9 0.6295774647887324
6 0.22464788732394367
2 0.028169014084507043
0 0.027464788732394368
4 0.018309859154929577
3 0.018309859154929577
7 0.016901408450704227
5 0.01619718309859155
1 0.01056338028169014
8 0.009859154929577466
doc : 2
2 0.7302325581395349
7 0.03255813953488372
6 0.03255813953488372
4 0.03255813953488372
3 0.03255813953488372
1 0.03255813953488372
0 0.03255813953488372
8 0.027906976744186046
9 0.023255813953488372
5 0.023255813953488372
doc : 3
7 0.8391502276176025
4 0.027314112291350532
6 0.024279210925644917
2 0.022761760242792112
9 0.021244309559939303
3 0.016691957511380882
8 0.013657056145675266
1 0.013657056145675266
0 0.013657056145675266
5 0.007587253414264037
doc : 4
7 0.7285714285714285
2 0.05357142857142857
8 0.03214285714285714
1 0.03214285714285714
9 0.02857142857142857
4 0.02857142857142857
0 0.02857142857142857
6 0.024999999999999998
5 0.02142857142857143
3 0.02142857142857143
doc : 5
2 0.6534090909090909
9 0.05681818181818182
6 0.045454545454545456
5 0.03977272727272727
1 0.03977272727272727
0 0.03977272727272727
8 0.03409090909090909
7 0.03409090909090909
4 0.02840909090909091
3 0.02840909090909091
doc : 6
2 0.7121951219512195
6 0.03902439024390244
4 0.03902439024390244
9 0.03414634146341464
8 0.03414634146341464
1 0.03414634146341464
7 0.029268292682926828
0 0.029268292682926828
5 0.024390243902439025
3 0.024390243902439025
doc : 7
4 0.6691358024691358
8 0.26296296296296295
2 0.012345679012345678
3 0.011111111111111112
0 0.008641975308641974
7 0.007407407407407408
6 0.007407407407407408
5 0.007407407407407408
1 0.007407407407407408
9 0.006172839506172839
doc : 8
8 0.9431818181818182
2 0.012237762237762238
0 0.007867132867132868
7 0.006118881118881119
1 0.006118881118881119
9 0.005244755244755245
6 0.005244755244755245
5 0.005244755244755245
4 0.004370629370629371
3 0.004370629370629371
doc : 9
8 0.9313154831199069
9 0.009313154831199068
2 0.009313154831199068
4 0.008149010477299184
3 0.008149010477299184
7 0.006984866123399301
6 0.006984866123399301
1 0.006984866123399301
0 0.006984866123399301
5 0.005820721769499418
doc : 10
9 0.8383145516903479
5 0.033806957373836356
6 0.03233708966193043
7 0.023027927486526212
2 0.021558059774620282
0 0.020088192062714356
1 0.009799118079372856
4 0.008329250367466928
8 0.007839294463498285
3 0.004899559039686428
doc : 11
0 0.482200647249191
9 0.1262135922330097
7 0.08737864077669903
2 0.08737864077669903
5 0.06472491909385114
1 0.04854368932038835
6 0.03236245954692557
8 0.025889967637540454
4 0.025889967637540454
3 0.01941747572815534
doc : 12
2 0.6682926829268293
6 0.05365853658536585
7 0.04878048780487805
0 0.04878048780487805
8 0.03414634146341464
5 0.03414634146341464
4 0.029268292682926828
3 0.029268292682926828
1 0.029268292682926828
9 0.024390243902439025
doc : 13
2 0.7231404958677686
6 0.04132231404958678
8 0.0371900826446281
4 0.03305785123966942
0 0.03305785123966942
9 0.028925619834710745
7 0.028925619834710745
5 0.024793388429752067
3 0.024793388429752067
1 0.024793388429752067
doc : 14
4 0.677819083023544
8 0.2589838909541512
1 0.009913258983890954
9 0.008674101610904586
7 0.008674101610904586
6 0.007434944237918215
5 0.007434944237918215
3 0.007434944237918215
2 0.007434944237918215
0 0.006195786864931847
doc : 15
5 0.5030864197530864
9 0.24074074074074073
2 0.05864197530864197
7 0.047839506172839504
4 0.032407407407407406
0 0.027777777777777776
8 0.023148148148148147
3 0.023148148148148147
6 0.021604938271604937
1 0.021604938271604937
doc : 16
8 0.9194711538461539
5 0.010817307692307692
1 0.010817307692307692
7 0.009615384615384616
6 0.009615384615384616
9 0.00841346153846154
3 0.00841346153846154
2 0.00841346153846154
0 0.00841346153846154
4 0.006009615384615385
doc : 17
3 0.9213002566295979
1 0.02395209580838323
6 0.01753635585970915
2 0.007698887938408896
0 0.00641573994867408
4 0.005988023952095808
7 0.005560307955517536
5 0.004704875962360992
9 0.003421727972626176
8 0.003421727972626176
doc : 18
6 0.9041994750656168
1 0.02099737532808399
2 0.014435695538057743
0 0.011811023622047244
5 0.010498687664041995
4 0.009186351706036745
8 0.007874015748031496
3 0.007874015748031496
9 0.006561679790026247
7 0.006561679790026247
doc : 19
7 0.5531914893617021
1 0.06382978723404255
2 0.05673758865248227
0 0.05673758865248227
9 0.04964539007092199
6 0.04964539007092199
4 0.04964539007092199
8 0.0425531914893617
5 0.0425531914893617
3 0.035460992907801414
doc : 20
2 0.6577540106951871
6 0.058823529411764705
8 0.0427807486631016
5 0.0427807486631016
3 0.0374331550802139
0 0.0374331550802139
9 0.0320855614973262
7 0.0320855614973262
4 0.0320855614973262
1 0.026737967914438502
doc : 21
0 0.5831435079726651
2 0.12528473804100226
7 0.05466970387243736
5 0.04783599088838269
1 0.04783599088838269
8 0.03416856492027335
4 0.03416856492027335
6 0.03189066059225512
9 0.02050113895216401
3 0.02050113895216401
doc : 22
2 0.7524752475247525
6 0.056105610561056105
4 0.0429042904290429
3 0.036303630363036306
8 0.023102310231023104
9 0.019801980198019802
7 0.019801980198019802
5 0.0165016501650165
1 0.0165016501650165
0 0.0165016501650165
doc : 23
2 0.761744966442953
3 0.050335570469798654
6 0.040268456375838924
1 0.03355704697986577
4 0.02348993288590604
9 0.020134228187919462
8 0.020134228187919462
7 0.016778523489932886
5 0.016778523489932886
0 0.016778523489932886
doc : 24
6 0.9002590673575129
3 0.018134715025906738
1 0.014248704663212436
2 0.01295336787564767
8 0.011658031088082901
5 0.011658031088082901
7 0.009067357512953369
0 0.009067357512953369
9 0.006476683937823835
4 0.006476683937823835
doc : 25
3 0.7657185628742516
6 0.17814371257485032
8 0.024326347305389222
1 0.014970059880239521
2 0.004116766467065869
0 0.0029940119760479044
9 0.0026197604790419164
7 0.0026197604790419164
5 0.0022455089820359285
4 0.0022455089820359285
doc : 26
3 0.7592452830188678
6 0.18075471698113207
8 0.020377358490566037
1 0.01962264150943396
2 0.00490566037735849
7 0.0037735849056603774
4 0.0033962264150943396
0 0.0033962264150943396
5 0.002641509433962264
9 0.0018867924528301887
doc : 27
6 0.47770700636942676
4 0.17197452229299365
2 0.08280254777070065
7 0.0445859872611465
1 0.0445859872611465
8 0.038216560509554146
5 0.038216560509554146
0 0.038216560509554146
9 0.03184713375796178
3 0.03184713375796178
doc : 28
7 0.47317073170731705
5 0.08292682926829269
2 0.07804878048780488
9 0.06829268292682927
1 0.06341463414634146
6 0.058536585365853655
8 0.05365853658536585
0 0.04878048780487805
3 0.04390243902439024
4 0.029268292682926828
doc : 29
7 0.3464566929133858
2 0.11023622047244094
1 0.09448818897637795
5 0.08661417322834646
3 0.08661417322834646
8 0.07086614173228346
9 0.05511811023622047
0 0.05511811023622047
6 0.047244094488188976
4 0.047244094488188976
doc : 30
6 0.8875379939209727
1 0.025835866261398176
3 0.0182370820668693
4 0.013677811550151976
5 0.0121580547112462
2 0.0121580547112462
9 0.007598784194528876
8 0.007598784194528876
7 0.007598784194528876
0 0.007598784194528876
doc : 31
2 0.7432432432432432
1 0.04054054054054054
4 0.036036036036036036
6 0.03153153153153153
9 0.02702702702702703
3 0.02702702702702703
0 0.02702702702702703
8 0.02252252252252252
7 0.02252252252252252
5 0.02252252252252252
doc : 32
1 0.875
3 0.05303030303030303
8 0.04734848484848485
2 0.004924242424242424
9 0.004166666666666667
5 0.004166666666666667
6 0.003787878787878788
4 0.0030303030303030303
0 0.0026515151515151517
7 0.001893939393939394
doc : 33
8 0.9180124223602485
9 0.011180124223602485
4 0.011180124223602485
2 0.011180124223602485
0 0.011180124223602485
3 0.008695652173913044
1 0.008695652173913044
6 0.007453416149068323
7 0.006211180124223603
5 0.006211180124223603
doc : 34
2 0.7288732394366197
6 0.07042253521126761
3 0.04225352112676056
4 0.03169014084507042
9 0.024647887323943664
0 0.024647887323943664
8 0.02112676056338028
1 0.02112676056338028
7 0.017605633802816902
5 0.017605633802816902
doc : 35
4 0.8137687555163283
0 0.07060900264783761
7 0.02383053839364519
6 0.01853486319505737
5 0.015887025595763462
8 0.01500441306266549
9 0.01323918799646955
1 0.01147396293027361
2 0.01059135039717564
3 0.00706090026478376
doc : 36
6 0.5118012422360249
3 0.1391304347826087
8 0.13664596273291926
1 0.08074534161490683
2 0.03975155279503106
0 0.027329192546583853
5 0.01987577639751553
4 0.01987577639751553
9 0.013664596273291927
7 0.011180124223602485
doc : 37
9 0.5489443378119002
6 0.15738963531669864
0 0.09788867562380038
2 0.04222648752399232
4 0.03838771593090211
5 0.02879078694817658
7 0.026871401151631478
3 0.023032629558541268
1 0.019193857965451054
8 0.01727447216890595
doc : 38
2 0.18604651162790697
0 0.16279069767441862
8 0.15503875968992248
1 0.12403100775193798
5 0.10852713178294573
7 0.06976744186046512
4 0.05426356589147287
9 0.046511627906976744
6 0.046511627906976744
3 0.046511627906976744
doc : 39
7 0.7068965517241379
0 0.06551724137931034
4 0.04827586206896552
9 0.03103448275862069
1 0.03103448275862069
2 0.027586206896551724
6 0.02413793103448276
5 0.02413793103448276
8 0.020689655172413793
3 0.020689655172413793
doc : 40
0 0.6578449905482042
7 0.09640831758034027
2 0.04914933837429112
5 0.04158790170132325
1 0.03969754253308129
6 0.03213610586011342
3 0.02835538752362949
9 0.026465028355387523
8 0.015122873345935728
4 0.013232514177693762
doc : 41
5 0.7445255474452555
2 0.04866180048661801
9 0.03649635036496351
8 0.03649635036496351
0 0.03649635036496351
6 0.024330900243309004
4 0.019464720194647202
3 0.019464720194647202
1 0.019464720194647202
7 0.014598540145985401
doc : 42
5 0.30635838150289013
2 0.10982658959537572
7 0.10404624277456646
6 0.09826589595375722
9 0.09248554913294797
0 0.09248554913294797
8 0.057803468208092484
4 0.05202312138728323
1 0.046242774566473986
3 0.04046242774566474
doc : 43
0 0.818359375
4 0.0390625
7 0.03125
9 0.025390625
6 0.017578125
5 0.017578125
8 0.013671875
1 0.013671875
3 0.01171875
2 0.01171875
doc : 44
5 0.6039215686274509
0 0.08627450980392157
4 0.06274509803921569
9 0.054901960784313725
6 0.050980392156862744
3 0.043137254901960784
1 0.03137254901960784
7 0.027450980392156862
8 0.0196078431372549
2 0.0196078431372549
doc : 45
2 0.13333333333333333
1 0.13333333333333333
8 0.10666666666666667
0 0.10666666666666667
9 0.09333333333333334
6 0.09333333333333334
5 0.09333333333333334
4 0.09333333333333334
3 0.08
7 0.06666666666666667
doc : 46
2 0.7387387387387387
0 0.036036036036036036
9 0.03153153153153153
4 0.03153153153153153
3 0.03153153153153153
8 0.02702702702702703
6 0.02702702702702703
5 0.02702702702702703
1 0.02702702702702703
7 0.02252252252252252
doc : 47
0 0.622356495468278
2 0.1661631419939577
9 0.03323262839879154
6 0.03323262839879154
8 0.030211480362537763
5 0.030211480362537763
4 0.02416918429003021
1 0.02416918429003021
7 0.01812688821752266
3 0.01812688821752266
doc : 48
4 0.1956521739130435
2 0.17391304347826086
5 0.11594202898550725
7 0.10869565217391304
1 0.09420289855072464
0 0.07971014492753624
9 0.07246376811594203
6 0.06521739130434782
3 0.050724637681159424
8 0.043478260869565216
doc : 49
2 0.28800000000000003
4 0.216
9 0.088
0 0.08
5 0.064
6 0.056
3 0.056
1 0.056
8 0.048
7 0.048
