doc : 0
7 0.9526281635301751
8 0.009085009733939
5 0.006489292667099286
3 0.006489292667099286
4 0.005191434133679429
2 0.005191434133679429
1 0.0045425048669695
0 0.0038935756002595715
9 0.003244646333549643
6 0.003244646333549643
doc : 1
7 0.8319198149575944
4 0.03392444101773323
8 0.03238242097147263
1 0.022359290670778718
0 0.020046260601387818
9 0.015420200462606013
2 0.01233616037008481
5 0.01156515034695451
3 0.01079414032382421
6 0.009252120277563608
doc : 2
3 0.7253012048192772
9 0.0891566265060241
5 0.028915662650602414
7 0.026506024096385545
1 0.026506024096385545
4 0.024096385542168676
0 0.024096385542168676
8 0.01927710843373494
6 0.01927710843373494
2 0.016867469879518072
doc : 3
5 0.5714285714285714
7 0.08403361344537814
2 0.05042016806722689
9 0.04201680672268907
8 0.04201680672268907
6 0.04201680672268907
4 0.04201680672268907
3 0.04201680672268907
1 0.04201680672268907
0 0.04201680672268907
doc : 4
5 0.5853658536585367
7 0.0813008130081301
4 0.04878048780487805
9 0.04065040650406505
8 0.04065040650406505
6 0.04065040650406505
3 0.04065040650406505
2 0.04065040650406505
1 0.04065040650406505
0 0.04065040650406505
doc : 5
5 0.6993464052287582
8 0.0392156862745098
9 0.032679738562091505
7 0.032679738562091505
6 0.032679738562091505
4 0.032679738562091505
3 0.032679738562091505
2 0.032679738562091505
1 0.032679738562091505
0 0.032679738562091505
doc : 6
4 0.4183673469387755
7 0.1292517006802721
9 0.10884353741496598
0 0.10544217687074829
1 0.06802721088435373
8 0.04081632653061224
3 0.04081632653061224
2 0.04081632653061224
5 0.027210884353741496
6 0.02040816326530612
doc : 7
1 0.32947976878612717
0 0.13872832369942195
9 0.1329479768786127
4 0.09248554913294797
5 0.07514450867052022
2 0.06936416184971098
7 0.06358381502890173
6 0.03468208092485549
3 0.03468208092485549
8 0.028901734104046242
doc : 8
0 0.8381962864721485
3 0.02652519893899204
6 0.023872679045092837
1 0.023872679045092837
9 0.015915119363395226
7 0.015915119363395226
2 0.015915119363395226
8 0.01326259946949602
5 0.01326259946949602
4 0.01326259946949602
doc : 9
0 0.8090185676392573
3 0.042440318302387266
6 0.03183023872679045
1 0.021220159151193633
9 0.01856763925729443
8 0.015915119363395226
7 0.015915119363395226
5 0.015915119363395226
2 0.015915119363395226
4 0.01326259946949602
doc : 10
4 0.34265734265734266
5 0.25874125874125875
2 0.07692307692307693
9 0.055944055944055944
8 0.055944055944055944
6 0.055944055944055944
3 0.04195804195804196
0 0.04195804195804196
7 0.03496503496503497
1 0.03496503496503497
doc : 11
5 0.7000000000000001
9 0.03333333333333333
8 0.03333333333333333
7 0.03333333333333333
6 0.03333333333333333
4 0.03333333333333333
3 0.03333333333333333
2 0.03333333333333333
1 0.03333333333333333
0 0.03333333333333333
doc : 12
0 0.38202247191011235
9 0.23220973782771537
1 0.09737827715355805
4 0.0749063670411985
8 0.04868913857677903
6 0.04119850187265918
5 0.04119850187265918
3 0.0299625468164794
7 0.026217228464419477
2 0.026217228464419477
doc : 13
5 0.6592592592592593
3 0.044444444444444446
9 0.037037037037037035
8 0.037037037037037035
7 0.037037037037037035
6 0.037037037037037035
4 0.037037037037037035
2 0.037037037037037035
1 0.037037037037037035
0 0.037037037037037035
doc : 14
5 0.625
8 0.0625
7 0.048611111111111105
1 0.048611111111111105
3 0.041666666666666664
9 0.034722222222222224
6 0.034722222222222224
4 0.034722222222222224
2 0.034722222222222224
0 0.034722222222222224
doc : 15
5 0.6866666666666668
9 0.04
4 0.04
8 0.03333333333333333
7 0.03333333333333333
6 0.03333333333333333
3 0.03333333333333333
2 0.03333333333333333
1 0.03333333333333333
0 0.03333333333333333
doc : 16
5 0.6518518518518519
7 0.044444444444444446
4 0.044444444444444446
9 0.037037037037037035
8 0.037037037037037035
6 0.037037037037037035
3 0.037037037037037035
2 0.037037037037037035
1 0.037037037037037035
0 0.037037037037037035
doc : 17
3 0.559322033898305
6 0.19491525423728814
0 0.06214689265536723
5 0.05084745762711865
9 0.03389830508474576
8 0.022598870056497175
7 0.022598870056497175
2 0.022598870056497175
4 0.01694915254237288
1 0.014124293785310734
doc : 18
0 0.7391763463569165
9 0.08870116156282998
1 0.06652587117212248
7 0.02006335797254488
2 0.01900739176346357
3 0.01795142555438226
8 0.01583949313621964
6 0.011615628299894402
5 0.011615628299894402
4 0.009503695881731784
doc : 19
2 0.9347000759301443
9 0.011389521640091117
0 0.008352315869400152
4 0.007593014426727411
1 0.007593014426727411
8 0.00683371298405467
3 0.00683371298405467
7 0.006074411541381929
5 0.006074411541381929
6 0.004555808656036447
doc : 20
4 0.7161572052401747
2 0.05240174672489083
9 0.03930131004366812
1 0.034934497816593885
5 0.03056768558951965
0 0.03056768558951965
8 0.026200873362445413
7 0.026200873362445413
6 0.021834061135371178
3 0.021834061135371178
doc : 21
7 0.8747494989979959
4 0.027054108216432865
9 0.026052104208416832
1 0.018036072144288574
5 0.014028056112224447
0 0.01002004008016032
3 0.009018036072144287
8 0.008016032064128256
2 0.008016032064128256
6 0.00501002004008016
doc : 22
6 0.9676511954992968
0 0.005157055789967183
9 0.0046882325363338025
3 0.0046882325363338025
2 0.003750586029067042
7 0.003281762775433662
5 0.003281762775433662
8 0.0028129395218002813
4 0.0023441162681669013
1 0.0023441162681669013
doc : 23
5 0.6733333333333333
7 0.060000000000000005
9 0.03333333333333333
8 0.03333333333333333
6 0.03333333333333333
4 0.03333333333333333
3 0.03333333333333333
2 0.03333333333333333
1 0.03333333333333333
0 0.03333333333333333
doc : 24
5 0.6518987341772152
9 0.056962025316455694
7 0.05063291139240506
4 0.0379746835443038
3 0.0379746835443038
1 0.0379746835443038
8 0.03164556962025317
6 0.03164556962025317
2 0.03164556962025317
0 0.03164556962025317
doc : 25
5 0.68
7 0.05333333333333334
9 0.03333333333333333
8 0.03333333333333333
6 0.03333333333333333
4 0.03333333333333333
3 0.03333333333333333
2 0.03333333333333333
1 0.03333333333333333
0 0.03333333333333333
doc : 26
5 0.6733333333333333
7 0.04666666666666667
8 0.04
3 0.04
9 0.03333333333333333
6 0.03333333333333333
4 0.03333333333333333
2 0.03333333333333333
1 0.03333333333333333
0 0.03333333333333333
doc : 27
5 0.6778523489932886
6 0.040268456375838924
1 0.040268456375838924
0 0.040268456375838924
9 0.03355704697986577
8 0.03355704697986577
7 0.03355704697986577
4 0.03355704697986577
3 0.03355704697986577
2 0.03355704697986577
doc : 28
9 0.4838709677419355
3 0.1382488479262673
7 0.07373271889400922
1 0.06451612903225806
0 0.05069124423963134
8 0.04608294930875576
6 0.041474654377880185
4 0.041474654377880185
5 0.03686635944700461
2 0.02304147465437788
doc : 29
5 0.6733333333333333
7 0.04666666666666667
8 0.04
1 0.04
9 0.03333333333333333
6 0.03333333333333333
4 0.03333333333333333
3 0.03333333333333333
2 0.03333333333333333
0 0.03333333333333333
doc : 30
5 0.68
8 0.04
7 0.04
0 0.04
9 0.03333333333333333
6 0.03333333333333333
4 0.03333333333333333
3 0.03333333333333333
2 0.03333333333333333
1 0.03333333333333333
doc : 31
5 0.695364238410596
7 0.039735099337748346
9 0.033112582781456956
8 0.033112582781456956
6 0.033112582781456956
4 0.033112582781456956
3 0.033112582781456956
2 0.033112582781456956
1 0.033112582781456956
0 0.033112582781456956
doc : 32
5 0.7000000000000001
9 0.03333333333333333
8 0.03333333333333333
7 0.03333333333333333
6 0.03333333333333333
4 0.03333333333333333
3 0.03333333333333333
2 0.03333333333333333
1 0.03333333333333333
0 0.03333333333333333
doc : 33
5 0.6866666666666668
4 0.04
0 0.04
9 0.03333333333333333
8 0.03333333333333333
7 0.03333333333333333
6 0.03333333333333333
3 0.03333333333333333
2 0.03333333333333333
1 0.03333333333333333
doc : 34
6 0.9717592592592593
8 0.004629629629629629
0 0.003703703703703704
9 0.003240740740740741
5 0.003240740740740741
2 0.003240740740740741
1 0.003240740740740741
7 0.0023148148148148147
4 0.0023148148148148147
3 0.0023148148148148147
doc : 35
4 0.53
5 0.17500000000000002
3 0.06
1 0.045
2 0.04
8 0.035
7 0.035
9 0.03
6 0.025
0 0.025
doc : 36
4 0.456989247311828
5 0.17204301075268819
2 0.07526881720430108
9 0.06451612903225806
3 0.06451612903225806
1 0.043010752688172046
0 0.043010752688172046
8 0.02688172043010753
7 0.02688172043010753
6 0.02688172043010753
doc : 37
5 0.19767441860465115
0 0.16279069767441862
9 0.13953488372093023
6 0.08139534883720931
4 0.08139534883720931
2 0.08139534883720931
8 0.06976744186046512
3 0.06976744186046512
7 0.05813953488372093
1 0.05813953488372093
doc : 38
5 0.1744186046511628
9 0.16279069767441862
0 0.1511627906976744
4 0.09302325581395349
7 0.08139534883720931
3 0.08139534883720931
2 0.06976744186046512
1 0.06976744186046512
8 0.05813953488372093
6 0.05813953488372093
doc : 39
8 0.9240315908236179
5 0.030462579917262127
9 0.009025949605114705
3 0.008273787138021812
0 0.007897705904475366
4 0.007145543437382475
1 0.0052651372696502444
7 0.003008649868371568
2 0.0026325686348251222
6 0.0022564874012786762
doc : 40
5 0.6544117647058824
9 0.051470588235294115
8 0.03676470588235294
7 0.03676470588235294
6 0.03676470588235294
4 0.03676470588235294
3 0.03676470588235294
2 0.03676470588235294
1 0.03676470588235294
0 0.03676470588235294
doc : 41
5 0.635036496350365
2 0.051094890510948905
9 0.043795620437956206
8 0.043795620437956206
1 0.043795620437956206
7 0.0364963503649635
6 0.0364963503649635
4 0.0364963503649635
3 0.0364963503649635
0 0.0364963503649635
doc : 42
9 0.8072463768115942
0 0.04057971014492753
8 0.03188405797101449
3 0.02463768115942029
4 0.020289855072463767
5 0.01884057971014493
1 0.01884057971014493
7 0.014492753623188406
2 0.014492753623188406
6 0.008695652173913044
doc : 43
6 0.9731481481481482
4 0.004629629629629629
7 0.003240740740740741
9 0.002777777777777778
5 0.002777777777777778
3 0.002777777777777778
2 0.002777777777777778
1 0.002777777777777778
0 0.002777777777777778
8 0.0023148148148148147
doc : 44
7 0.876555023923445
4 0.024880382775119617
5 0.02200956937799043
1 0.020095693779904306
2 0.013397129186602871
9 0.012440191387559809
3 0.011483253588516746
8 0.007655502392344498
0 0.0066985645933014355
6 0.004784688995215311
doc : 45
7 0.793939393939394
5 0.08686868686868687
8 0.022222222222222223
9 0.0202020202020202
3 0.01616161616161616
0 0.01616161616161616
4 0.012121212121212121
1 0.012121212121212121
6 0.0101010101010101
2 0.0101010101010101
doc : 46
7 0.8711018711018712
5 0.0395010395010395
4 0.014553014553014554
0 0.012474012474012475
9 0.010395010395010396
8 0.010395010395010396
6 0.010395010395010396
3 0.010395010395010396
2 0.010395010395010396
1 0.010395010395010396
doc : 47
1 0.8528761061946902
0 0.04424778761061947
9 0.023230088495575223
7 0.018805309734513276
8 0.015486725663716814
3 0.014380530973451327
4 0.008849557522123894
5 0.007743362831858407
2 0.007743362831858407
6 0.00663716814159292
doc : 48
3 0.8756218905472637
5 0.017412935323383085
1 0.017412935323383085
2 0.01616915422885572
9 0.014925373134328358
0 0.014925373134328358
8 0.013681592039800995
4 0.011194029850746268
6 0.009950248756218905
7 0.008706467661691543
doc : 49
7 0.905160390516039
5 0.016736401673640166
1 0.012552301255230125
0 0.012552301255230125
9 0.009762900976290097
4 0.009762900976290097
3 0.009762900976290097
8 0.008368200836820083
2 0.008368200836820083
6 0.00697350069735007
