doc : 0
0 0.4880952380952381
6 0.07738095238095238
4 0.07738095238095238
9 0.06547619047619047
8 0.05952380952380952
5 0.05357142857142857
3 0.05357142857142857
2 0.05357142857142857
1 0.041666666666666664
7 0.02976190476190476
doc : 1
0 0.4774193548387097
4 0.08387096774193549
3 0.07741935483870968
6 0.07096774193548387
8 0.06451612903225806
5 0.05161290322580645
2 0.05161290322580645
9 0.04516129032258064
7 0.03870967741935484
1 0.03870967741935484
doc : 2
0 0.6301369863013698
6 0.0593607305936073
8 0.0502283105022831
2 0.045662100456621
1 0.045662100456621
9 0.0410958904109589
7 0.0410958904109589
4 0.0365296803652968
3 0.0273972602739726
5 0.0228310502283105
doc : 3
4 0.5813953488372093
0 0.0755813953488372
8 0.05813953488372093
5 0.05813953488372093
6 0.046511627906976744
3 0.046511627906976744
7 0.040697674418604654
9 0.03488372093023256
2 0.029069767441860465
1 0.029069767441860465
doc : 4
4 0.6095076400679117
8 0.2529711375212224
0 0.03225806451612903
9 0.028862478777589132
7 0.015280135823429542
5 0.015280135823429542
3 0.013582342954159592
2 0.011884550084889643
6 0.010186757215619693
1 0.010186757215619693
doc : 5
4 0.6055776892430279
0 0.09561752988047809
8 0.0796812749003984
5 0.0398406374501992
3 0.0398406374501992
9 0.03187250996015936
7 0.03187250996015936
6 0.03187250996015936
1 0.02390438247011952
2 0.0199203187250996
doc : 6
0 0.6618705035971223
9 0.06474820143884892
6 0.046762589928057555
8 0.04316546762589928
5 0.03956834532374101
1 0.03597122302158273
3 0.03237410071942446
7 0.025179856115107917
4 0.025179856115107917
2 0.025179856115107917
doc : 7
6 0.786036036036036
4 0.0518018018018018
3 0.024774774774774775
5 0.02252252252252252
1 0.02252252252252252
0 0.02252252252252252
9 0.018018018018018018
8 0.018018018018018018
2 0.018018018018018018
7 0.015765765765765764
doc : 8
4 0.7124600638977636
2 0.10351437699680512
6 0.04984025559105432
3 0.037060702875399365
0 0.033226837060702875
5 0.027476038338658148
8 0.01086261980830671
7 0.009584664536741214
9 0.008945686900958467
1 0.007028753993610224
doc : 9
0 0.5612745098039216
3 0.09313725490196079
4 0.08333333333333333
9 0.058823529411764705
7 0.056372549019607844
5 0.049019607843137254
6 0.029411764705882353
1 0.02696078431372549
8 0.022058823529411763
2 0.0196078431372549
doc : 10
4 0.19117647058823528
5 0.15441176470588236
3 0.125
8 0.09558823529411764
6 0.08823529411764705
1 0.08823529411764705
0 0.07352941176470588
7 0.0661764705882353
9 0.058823529411764705
2 0.058823529411764705
doc : 11
0 0.42038216560509556
6 0.10828025477707007
9 0.08280254777070065
3 0.08280254777070065
8 0.06369426751592357
4 0.06369426751592357
2 0.06369426751592357
1 0.0445859872611465
5 0.038216560509554146
7 0.03184713375796178
doc : 12
0 0.38461538461538464
9 0.0979020979020979
6 0.0979020979020979
4 0.08391608391608392
5 0.06993006993006994
8 0.06293706293706294
2 0.06293706293706294
3 0.055944055944055944
1 0.04895104895104895
7 0.03496503496503497
doc : 13
6 0.7820512820512822
4 0.042735042735042736
0 0.038461538461538464
9 0.032051282051282055
3 0.023504273504273508
8 0.017094017094017096
7 0.017094017094017096
2 0.017094017094017096
5 0.01495726495726496
1 0.01495726495726496
doc : 14
0 0.5617088607594937
5 0.19145569620253164
1 0.0490506329113924
6 0.03639240506329114
3 0.03164556962025317
2 0.03164556962025317
9 0.030063291139240507
8 0.030063291139240507
7 0.020569620253164556
4 0.01740506329113924
doc : 15
0 0.7962382445141065
9 0.03761755485893417
4 0.034482758620689655
3 0.0219435736677116
8 0.018808777429467086
6 0.018808777429467086
5 0.018808777429467086
2 0.018808777429467086
1 0.018808777429467086
7 0.01567398119122257
doc : 16
0 0.8025078369905956
5 0.028213166144200625
9 0.025078369905956112
4 0.025078369905956112
3 0.025078369905956112
6 0.0219435736677116
1 0.0219435736677116
8 0.018808777429467086
7 0.01567398119122257
2 0.01567398119122257
doc : 17
8 0.9369834710743802
0 0.012396694214876033
6 0.008264462809917356
4 0.008264462809917356
7 0.007231404958677686
2 0.006198347107438017
9 0.005165289256198347
5 0.005165289256198347
3 0.005165289256198347
1 0.005165289256198347
doc : 18
5 0.6818181818181818
7 0.10363636363636364
1 0.05454545454545454
3 0.04363636363636364
2 0.02727272727272727
4 0.02181818181818182
8 0.02
0 0.02
9 0.014545454545454545
6 0.012727272727272728
doc : 19
6 0.384180790960452
0 0.12146892655367232
3 0.11581920903954802
8 0.08757062146892655
2 0.06497175141242938
5 0.06214689265536723
9 0.059322033898305086
4 0.0423728813559322
1 0.03954802259887005
7 0.022598870056497175
doc : 20
8 0.9190340909090909
7 0.011363636363636364
3 0.009943181818181818
1 0.009943181818181818
0 0.009943181818181818
9 0.008522727272727272
6 0.008522727272727272
2 0.008522727272727272
5 0.007102272727272728
4 0.007102272727272728
doc : 21
3 0.7098445595854923
4 0.046632124352331605
5 0.04145077720207254
9 0.031088082901554404
8 0.031088082901554404
7 0.031088082901554404
6 0.031088082901554404
2 0.02590673575129534
1 0.02590673575129534
0 0.02590673575129534
doc : 22
2 0.8952328159645233
3 0.0393569844789357
5 0.014412416851441241
4 0.01164079822616408
7 0.011086474501108647
1 0.008314855875831485
8 0.005543237250554323
0 0.005543237250554323
9 0.004434589800443459
6 0.004434589800443459
doc : 23
6 0.7166666666666667
7 0.12833333333333335
0 0.03333333333333333
5 0.025
4 0.021666666666666667
1 0.018333333333333333
9 0.016666666666666666
2 0.016666666666666666
3 0.015000000000000001
8 0.008333333333333333
doc : 24
1 0.57002457002457
5 0.13513513513513514
3 0.051597051597051594
4 0.04668304668304668
9 0.03931203931203931
8 0.03931203931203931
7 0.03931203931203931
6 0.03194103194103194
2 0.027027027027027025
0 0.019656019656019656
doc : 25
0 0.43258426966292135
7 0.09550561797752809
6 0.07865168539325842
9 0.07303370786516854
8 0.06741573033707865
4 0.06741573033707865
5 0.06179775280898876
1 0.05056179775280899
3 0.03932584269662921
2 0.033707865168539325
doc : 26
0 0.742393509127789
8 0.05070993914807302
4 0.05070993914807302
1 0.034482758620689655
5 0.028397565922920892
7 0.02434077079107505
2 0.02231237322515213
3 0.02028397565922921
6 0.014198782961460446
9 0.012170385395537525
doc : 27
7 0.6167400881057269
5 0.06607929515418502
1 0.06607929515418502
0 0.05726872246696036
4 0.03524229074889868
2 0.03524229074889868
9 0.030837004405286347
8 0.030837004405286347
6 0.030837004405286347
3 0.030837004405286347
doc : 28
6 0.4233409610983982
0 0.16018306636155608
5 0.10983981693363845
3 0.10068649885583524
8 0.054919908466819226
1 0.05263157894736842
4 0.041189931350114416
9 0.020594965675057208
7 0.018306636155606407
2 0.018306636155606407
doc : 29
7 0.6035242290748899
5 0.13215859030837004
0 0.05726872246696036
1 0.04405286343612335
2 0.03524229074889868
4 0.030837004405286347
3 0.030837004405286347
9 0.022026431718061675
8 0.022026431718061675
6 0.022026431718061675
doc : 30
1 0.8428835489833642
5 0.038817005545286505
7 0.029574861367837338
6 0.0166358595194085
4 0.012939001848428836
3 0.012939001848428836
2 0.012939001848428836
0 0.012939001848428836
9 0.011090573012939002
8 0.009242144177449167
doc : 31
6 0.44569288389513106
0 0.1310861423220974
1 0.07865168539325842
5 0.0749063670411985
8 0.052434456928838954
4 0.052434456928838954
9 0.04868913857677903
2 0.0449438202247191
3 0.03745318352059925
7 0.033707865168539325
doc : 32
5 0.4136874361593463
7 0.4065372829417773
1 0.09295199182839632
9 0.031664964249233915
4 0.01327885597548519
8 0.010214504596527068
0 0.009193054136874362
3 0.008171603677221655
2 0.008171603677221655
6 0.006128702757916242
doc : 33
5 0.874439461883408
1 0.033632286995515695
4 0.017937219730941704
9 0.013452914798206279
7 0.013452914798206279
2 0.01233183856502242
0 0.01233183856502242
8 0.008968609865470852
3 0.007847533632286996
6 0.005605381165919282
doc : 34
3 0.5625
9 0.10625000000000001
4 0.0625
8 0.043750000000000004
6 0.043750000000000004
7 0.037500000000000006
5 0.037500000000000006
2 0.037500000000000006
1 0.037500000000000006
0 0.03125
doc : 35
3 0.8121546961325966
2 0.04143646408839779
7 0.027624309392265192
4 0.022099447513812154
9 0.019337016574585635
6 0.016574585635359115
1 0.016574585635359115
0 0.016574585635359115
8 0.013812154696132596
5 0.013812154696132596
doc : 36
6 0.45018450184501846
0 0.1992619926199262
3 0.08487084870848709
7 0.08118081180811808
4 0.04428044280442804
1 0.04059040590405904
8 0.02952029520295203
2 0.02952029520295203
5 0.02214022140221402
9 0.01845018450184502
doc : 37
0 0.6977491961414791
8 0.05787781350482315
5 0.04823151125401929
6 0.04180064308681672
4 0.03536977491961415
3 0.028938906752411574
7 0.02572347266881029
2 0.022508038585209004
1 0.022508038585209004
9 0.01929260450160772
doc : 38
5 0.16666666666666666
4 0.16025641025641024
3 0.16025641025641024
6 0.1282051282051282
9 0.10897435897435898
1 0.0641025641025641
7 0.05769230769230769
2 0.05769230769230769
0 0.05128205128205128
8 0.04487179487179487
doc : 39
8 0.9228723404255319
9 0.010638297872340425
7 0.010638297872340425
1 0.010638297872340425
0 0.009308510638297872
5 0.007978723404255319
3 0.007978723404255319
6 0.006648936170212766
4 0.006648936170212766
2 0.006648936170212766
doc : 40
3 0.6890243902439025
5 0.042682926829268296
1 0.042682926829268296
7 0.03658536585365854
0 0.03658536585365854
9 0.03048780487804878
8 0.03048780487804878
6 0.03048780487804878
4 0.03048780487804878
2 0.03048780487804878
doc : 41
6 0.4527777777777778
3 0.2138888888888889
8 0.06666666666666667
4 0.061111111111111116
1 0.05277777777777778
5 0.03888888888888889
7 0.03333333333333333
9 0.030555555555555558
0 0.030555555555555558
2 0.019444444444444445
doc : 42
3 0.5447470817120623
2 0.1245136186770428
7 0.054474708171206226
5 0.054474708171206226
4 0.05058365758754864
1 0.038910505836575876
9 0.03501945525291829
8 0.03501945525291829
6 0.03501945525291829
0 0.027237354085603113
doc : 43
3 0.4892703862660944
5 0.09012875536480687
0 0.08583690987124463
4 0.07296137339055794
1 0.05150214592274678
6 0.047210300429184546
9 0.04291845493562232
7 0.04291845493562232
2 0.04291845493562232
8 0.034334763948497854
doc : 44
4 0.46590909090909094
6 0.10227272727272728
7 0.07954545454545454
5 0.07386363636363637
8 0.05681818181818182
2 0.05681818181818182
0 0.05113636363636364
9 0.045454545454545456
3 0.03409090909090909
1 0.03409090909090909
doc : 45
5 0.893348623853211
4 0.014908256880733946
3 0.014908256880733946
1 0.013761467889908258
7 0.01261467889908257
9 0.011467889908256881
0 0.011467889908256881
2 0.010321100917431193
6 0.009174311926605505
8 0.008027522935779817
doc : 46
5 0.7282758620689654
7 0.1462068965517241
0 0.041379310344827586
9 0.02482758620689655
8 0.015172413793103447
6 0.012413793103448275
3 0.011034482758620689
4 0.006896551724137931
2 0.006896551724137931
1 0.006896551724137931
doc : 47
1 0.7624544349939246
7 0.19927095990279464
9 0.007897934386391251
5 0.006075334143377885
4 0.006075334143377885
0 0.00425273390036452
8 0.0036452004860267314
6 0.0036452004860267314
3 0.0036452004860267314
2 0.0030376670716889425
doc : 48
1 0.8638838475499092
7 0.029038112522686024
5 0.019963702359346643
0 0.019963702359346643
8 0.016333938294010888
9 0.010889292196007259
4 0.010889292196007259
2 0.010889292196007259
6 0.009074410163339382
3 0.009074410163339382
doc : 49
3 0.8502538071065989
1 0.027918781725888322
6 0.02284263959390863
2 0.017766497461928932
5 0.015228426395939085
4 0.015228426395939085
9 0.012690355329949238
8 0.012690355329949238
7 0.012690355329949238
0 0.012690355329949238
doc : 50
3 0.7452471482889734
4 0.03802281368821293
9 0.030418250950570342
7 0.030418250950570342
6 0.030418250950570342
1 0.030418250950570342
8 0.026615969581749048
5 0.026615969581749048
2 0.022813688212927757
0 0.019011406844106463
doc : 51
3 0.45306122448979597
8 0.163265306122449
4 0.0979591836734694
1 0.05714285714285715
2 0.0489795918367347
9 0.04081632653061225
7 0.036734693877551024
0 0.036734693877551024
6 0.0326530612244898
5 0.0326530612244898
doc : 52
9 0.8526490066225165
8 0.024834437086092714
0 0.023178807947019868
3 0.018211920529801324
7 0.016556291390728478
6 0.016556291390728478
5 0.013245033112582781
4 0.011589403973509934
2 0.011589403973509934
1 0.011589403973509934
doc : 53
9 0.8745387453874538
7 0.02029520295202952
8 0.014760147601476014
5 0.014760147601476014
0 0.014760147601476014
3 0.012915129151291513
2 0.012915129151291513
1 0.012915129151291513
6 0.01107011070110701
4 0.01107011070110701
doc : 54
9 0.8796296296296295
4 0.021604938271604937
1 0.018518518518518517
7 0.015432098765432098
5 0.015432098765432098
3 0.012345679012345678
6 0.010802469135802469
8 0.009259259259259259
0 0.009259259259259259
2 0.007716049382716049
doc : 55
9 0.819718309859155
0 0.033802816901408454
5 0.022535211267605635
2 0.022535211267605635
3 0.01971830985915493
1 0.01971830985915493
7 0.016901408450704227
6 0.016901408450704227
8 0.014084507042253521
4 0.014084507042253521
doc : 56
0 0.8352180936995154
9 0.025848142164781908
7 0.025848142164781908
1 0.025848142164781908
3 0.019386106623586433
4 0.01615508885298869
5 0.014539579967689823
8 0.012924071082390954
6 0.012924071082390954
2 0.011308562197092085
doc : 57
2 0.6513761467889909
8 0.0963302752293578
0 0.05504587155963303
4 0.0389908256880734
6 0.034403669724770644
1 0.03211009174311927
9 0.027522935779816515
5 0.027522935779816515
3 0.020642201834862386
7 0.016055045871559634
doc : 58
9 0.7428571428571429
6 0.044444444444444446
3 0.03492063492063492
2 0.03492063492063492
7 0.031746031746031744
8 0.02857142857142857
0 0.025396825396825397
4 0.022222222222222223
5 0.01904761904761905
1 0.015873015873015872
doc : 59
9 0.8467741935483871
8 0.024193548387096777
0 0.021505376344086023
5 0.01881720430107527
7 0.016129032258064516
4 0.016129032258064516
2 0.016129032258064516
6 0.013440860215053765
3 0.013440860215053765
1 0.013440860215053765
doc : 60
9 0.745398773006135
3 0.049079754601226995
4 0.046012269938650305
0 0.03987730061349693
2 0.027607361963190184
7 0.02147239263803681
8 0.018404907975460124
6 0.018404907975460124
5 0.018404907975460124
1 0.015337423312883436
doc : 61
7 0.8406976744186047
1 0.05872093023255814
8 0.05465116279069768
5 0.020930232558139535
2 0.006395348837209302
4 0.005232558139534884
0 0.004069767441860465
6 0.0034883720930232558
9 0.0029069767441860465
3 0.0029069767441860465
doc : 62
0 0.613588110403397
8 0.11889596602972399
6 0.08280254777070063
7 0.044585987261146494
5 0.03821656050955414
9 0.025477707006369428
3 0.025477707006369428
4 0.01910828025477707
2 0.01910828025477707
1 0.012738853503184714
doc : 63
8 0.9100775193798449
0 0.013953488372093023
7 0.012403100775193798
3 0.010852713178294573
1 0.010852713178294573
9 0.009302325581395349
4 0.009302325581395349
6 0.007751937984496124
5 0.007751937984496124
2 0.007751937984496124
doc : 64
8 0.9290161892901618
5 0.009962640099626401
7 0.008717310087173101
6 0.008717310087173101
3 0.008717310087173101
0 0.008717310087173101
9 0.007471980074719801
4 0.0062266500622665
2 0.0062266500622665
1 0.0062266500622665
doc : 65
0 0.7529411764705882
8 0.06862745098039216
7 0.0392156862745098
9 0.03529411764705882
5 0.023529411764705882
3 0.0196078431372549
1 0.0196078431372549
6 0.01568627450980392
4 0.01568627450980392
2 0.00980392156862745
doc : 66
6 0.5409836065573771
0 0.11885245901639345
8 0.06967213114754099
4 0.05737704918032787
5 0.04918032786885246
9 0.045081967213114756
7 0.04098360655737705
3 0.028688524590163935
2 0.02459016393442623
1 0.02459016393442623
doc : 67
3 0.7462121212121212
2 0.04924242424242424
7 0.03409090909090909
5 0.030303030303030304
1 0.030303030303030304
8 0.026515151515151516
6 0.022727272727272728
0 0.022727272727272728
9 0.01893939393939394
4 0.01893939393939394
doc : 68
1 0.8440366972477065
5 0.035386631716906945
7 0.031454783748361734
9 0.01703800786369594
3 0.015727391874180867
8 0.01310615989515072
4 0.011795543905635648
2 0.011795543905635648
6 0.010484927916120577
0 0.009174311926605505
doc : 69
0 0.8056426332288401
9 0.03134796238244514
5 0.025078369905956112
3 0.025078369905956112
8 0.0219435736677116
4 0.0219435736677116
7 0.018808777429467086
2 0.018808777429467086
6 0.01567398119122257
1 0.01567398119122257
doc : 70
0 0.7711598746081504
9 0.04075235109717868
5 0.03761755485893417
4 0.03761755485893417
3 0.0219435736677116
2 0.0219435736677116
1 0.0219435736677116
8 0.01567398119122257
7 0.01567398119122257
6 0.01567398119122257
doc : 71
9 0.768421052631579
8 0.03859649122807018
5 0.03859649122807018
0 0.031578947368421054
6 0.02456140350877193
7 0.021052631578947368
4 0.021052631578947368
1 0.021052631578947368
3 0.017543859649122806
2 0.017543859649122806
doc : 72
9 0.8827586206896552
7 0.020689655172413793
4 0.015517241379310345
1 0.015517241379310345
5 0.013793103448275862
0 0.01206896551724138
8 0.010344827586206896
3 0.010344827586206896
2 0.010344827586206896
6 0.008620689655172414
doc : 73
9 0.7938931297709925
8 0.04071246819338423
7 0.035623409669211195
4 0.033078880407124686
6 0.020356234096692113
0 0.017811704834605598
5 0.015267175572519085
3 0.015267175572519085
2 0.015267175572519085
1 0.012722646310432571
doc : 74
4 0.648729446935725
3 0.2227204783258595
8 0.04633781763826607
9 0.019431988041853514
6 0.01195814648729447
0 0.01195814648729447
7 0.01046337817638266
5 0.01046337817638266
2 0.01046337817638266
1 0.007473841554559044
doc : 75
2 0.8227186311787072
3 0.08650190114068441
4 0.04325095057034221
7 0.012832699619771864
5 0.0076045627376425855
9 0.007129277566539924
8 0.007129277566539924
1 0.005228136882129277
6 0.0038022813688212928
0 0.0038022813688212928
doc : 76
4 0.7863247863247863
1 0.05811965811965812
2 0.03247863247863248
5 0.02905982905982906
6 0.020512820512820513
3 0.018803418803418803
9 0.017094017094017096
8 0.013675213675213675
0 0.013675213675213675
7 0.010256410256410256
doc : 77
0 0.8361934477379096
9 0.0265210608424337
1 0.0265210608424337
8 0.0187207488299532
7 0.0187207488299532
3 0.0187207488299532
5 0.0171606864274571
6 0.015600624024960999
4 0.0109204368174727
2 0.0109204368174727
doc : 78
1 0.8395348837209302
5 0.05465116279069768
9 0.01744186046511628
7 0.01627906976744186
3 0.01627906976744186
6 0.013953488372093023
4 0.013953488372093023
8 0.009302325581395349
2 0.009302325581395349
0 0.009302325581395349
doc : 79
1 0.6607310215557638
7 0.2802249297094658
5 0.014058106841611996
9 0.009372071227741332
8 0.006560449859418931
4 0.006560449859418931
0 0.006560449859418931
6 0.005623242736644799
3 0.005623242736644799
2 0.004686035613870666
doc : 80
3 0.7351598173515981
5 0.0410958904109589
8 0.0319634703196347
7 0.0319634703196347
2 0.0319634703196347
1 0.0319634703196347
9 0.0273972602739726
6 0.0228310502283105
4 0.0228310502283105
0 0.0228310502283105
doc : 81
9 0.7890625
3 0.04427083333333333
4 0.028645833333333332
7 0.026041666666666664
0 0.026041666666666664
8 0.020833333333333332
2 0.020833333333333332
6 0.018229166666666664
5 0.013020833333333332
1 0.013020833333333332
doc : 82
9 0.8301369863013699
6 0.030136986301369864
0 0.024657534246575342
7 0.019178082191780823
5 0.016438356164383564
4 0.016438356164383564
3 0.016438356164383564
2 0.016438356164383564
1 0.016438356164383564
8 0.0136986301369863
doc : 83
4 0.22406639004149378
1 0.17842323651452283
0 0.13692946058091288
6 0.09958506224066391
3 0.0954356846473029
9 0.08713692946058091
7 0.05394190871369295
5 0.05394190871369295
2 0.03734439834024896
8 0.03319502074688797
doc : 84
6 0.4225352112676056
0 0.11971830985915494
3 0.09154929577464789
2 0.07746478873239437
9 0.07042253521126761
1 0.056338028169014086
4 0.04929577464788733
8 0.04225352112676056
7 0.035211267605633804
5 0.035211267605633804
doc : 85
8 0.9046822742474916
0 0.020066889632107024
5 0.013377926421404682
7 0.010033444816053512
3 0.010033444816053512
9 0.008361204013377926
6 0.008361204013377926
4 0.008361204013377926
2 0.008361204013377926
1 0.008361204013377926
doc : 86
0 0.5801687763713079
9 0.14767932489451477
6 0.06118143459915611
4 0.04852320675105485
5 0.040084388185654005
8 0.03797468354430379
1 0.02953586497890295
7 0.02320675105485232
2 0.018987341772151896
3 0.012658227848101264
doc : 87
9 0.8050847457627118
7 0.02824858757062147
3 0.025423728813559324
1 0.025423728813559324
0 0.022598870056497175
6 0.019774011299435026
5 0.019774011299435026
4 0.019774011299435026
8 0.01694915254237288
2 0.01694915254237288
doc : 88
5 0.4061302681992337
0 0.15708812260536398
4 0.13409961685823754
6 0.10344827586206896
8 0.053639846743295014
9 0.038314176245210725
2 0.03065134099616858
7 0.026819923371647507
3 0.026819923371647507
1 0.022988505747126436
doc : 89
6 0.3764705882352941
0 0.16470588235294117
4 0.1411764705882353
9 0.11764705882352941
8 0.050980392156862744
7 0.0392156862745098
2 0.03529411764705882
5 0.027450980392156862
3 0.027450980392156862
1 0.0196078431372549
doc : 90
4 0.5132075471698113
3 0.09433962264150944
5 0.07547169811320754
0 0.07547169811320754
1 0.06792452830188679
7 0.052830188679245285
6 0.03773584905660377
8 0.033962264150943396
9 0.03018867924528302
2 0.018867924528301886
doc : 91
3 0.8228643216080402
2 0.03391959798994975
8 0.028894472361809045
4 0.026381909547738693
5 0.01884422110552764
1 0.016331658291457288
7 0.01507537688442211
0 0.013819095477386936
9 0.01256281407035176
6 0.011306532663316583
doc : 92
1 0.7905405405405406
7 0.06081081081081081
5 0.04279279279279279
0 0.02702702702702703
9 0.015765765765765764
3 0.015765765765765764
2 0.013513513513513514
8 0.01126126126126126
6 0.01126126126126126
4 0.01126126126126126
doc : 93
1 0.842391304347826
7 0.041666666666666664
5 0.025362318840579712
8 0.016304347826086956
0 0.016304347826086956
9 0.012681159420289856
6 0.012681159420289856
3 0.012681159420289856
2 0.010869565217391304
4 0.009057971014492754
doc : 94
1 0.851985559566787
7 0.03429602888086643
5 0.02707581227436823
8 0.019855595667870037
9 0.01444043321299639
3 0.012635379061371842
6 0.010830324909747294
4 0.010830324909747294
2 0.009025270758122744
0 0.009025270758122744
doc : 95
7 0.6343612334801763
5 0.10132158590308371
0 0.06607929515418502
1 0.039647577092511016
8 0.030837004405286347
3 0.030837004405286347
6 0.026431718061674013
2 0.026431718061674013
9 0.022026431718061675
4 0.022026431718061675
doc : 96
6 0.698019801980198
5 0.056105610561056105
0 0.05115511551155116
7 0.037953795379537955
8 0.036303630363036306
9 0.034653465346534656
1 0.034653465346534656
3 0.019801980198019802
4 0.0165016501650165
2 0.01485148514851485
doc : 97
9 0.1368421052631579
5 0.1368421052631579
4 0.12631578947368421
3 0.12631578947368421
0 0.11578947368421053
8 0.08421052631578947
7 0.07368421052631578
6 0.07368421052631578
2 0.06315789473684211
1 0.06315789473684211
doc : 98
0 0.358695652173913
8 0.3115942028985507
6 0.11594202898550725
9 0.03985507246376812
7 0.036231884057971016
4 0.036231884057971016
2 0.03260869565217391
5 0.028985507246376812
1 0.021739130434782608
3 0.018115942028985508
doc : 99
1 0.8040540540540541
7 0.06306306306306306
5 0.02927927927927928
0 0.02027027027027027
9 0.015765765765765764
2 0.015765765765765764
6 0.013513513513513514
4 0.013513513513513514
3 0.013513513513513514
8 0.01126126126126126
