doc : 0
2 0.7710843373493975
3 0.03614457831325301
7 0.0321285140562249
1 0.0321285140562249
9 0.03012048192771084
5 0.02610441767068273
0 0.022088353413654616
8 0.018072289156626505
6 0.018072289156626505
4 0.014056224899598391
doc : 1
1 0.8785822021116139
0 0.027149321266968326
4 0.016591251885369532
2 0.01583710407239819
5 0.015082956259426848
3 0.011312217194570135
8 0.010558069381598794
9 0.00904977375565611
7 0.008295625942684766
6 0.007541478129713424
doc : 2
2 0.7303182579564489
9 0.06532663316582915
7 0.04690117252931324
6 0.03015075376884422
0 0.03015075376884422
4 0.02345058626465662
8 0.021775544388609715
1 0.020100502512562814
3 0.01675041876046901
5 0.01507537688442211
doc : 3
0 0.5633397312859885
2 0.1276391554702495
4 0.10364683301343569
1 0.05470249520153551
9 0.051823416506717845
7 0.026871401151631478
6 0.023032629558541268
3 0.02015355086372361
8 0.016314779270633396
5 0.012476007677543186
doc : 4
2 0.8013245033112583
1 0.037527593818984545
9 0.02869757174392936
3 0.02869757174392936
6 0.02207505518763797
7 0.019867549668874173
8 0.017660044150110375
5 0.015452538631346577
4 0.015452538631346577
0 0.013245033112582781
doc : 5
2 0.8432835820895522
3 0.03171641791044776
6 0.026119402985074626
9 0.022388059701492536
1 0.020522388059701493
8 0.014925373134328358
7 0.011194029850746268
5 0.011194029850746268
4 0.009328358208955223
0 0.009328358208955223
doc : 6
9 0.23809523809523808
0 0.14285714285714285
1 0.1292517006802721
2 0.10884353741496598
7 0.08163265306122448
4 0.08163265306122448
6 0.061224489795918366
5 0.061224489795918366
3 0.05442176870748299
8 0.04081632653061224
doc : 7
5 0.6333333333333333
6 0.061111111111111116
2 0.05555555555555556
4 0.044444444444444446
8 0.03888888888888889
0 0.03888888888888889
9 0.03333333333333333
7 0.03333333333333333
3 0.03333333333333333
1 0.02777777777777778
doc : 8
6 0.6574585635359116
3 0.08839779005524862
9 0.03867403314917127
1 0.03867403314917127
7 0.03314917127071823
0 0.03314917127071823
8 0.027624309392265192
5 0.027624309392265192
4 0.027624309392265192
2 0.027624309392265192
doc : 9
6 0.6519337016574586
3 0.07734806629834254
0 0.04419889502762431
9 0.03867403314917127
7 0.03314917127071823
4 0.03314917127071823
2 0.03314917127071823
1 0.03314917127071823
8 0.027624309392265192
5 0.027624309392265192
doc : 10
9 0.6755555555555556
1 0.05333333333333333
7 0.04
6 0.04
5 0.035555555555555556
4 0.035555555555555556
8 0.03111111111111111
3 0.03111111111111111
0 0.03111111111111111
2 0.026666666666666665
doc : 11
6 0.7803660565723793
7 0.056572379367720464
3 0.04159733777038269
5 0.028286189683860232
4 0.021630615640599003
0 0.021630615640599003
9 0.014975041597337771
2 0.013311148086522463
8 0.011647254575707155
1 0.009983361064891847
doc : 12
9 0.5951293759512937
2 0.1308980213089802
0 0.0547945205479452
6 0.0410958904109589
4 0.0380517503805175
7 0.030441400304414
3 0.030441400304414
8 0.0289193302891933
1 0.0289193302891933
5 0.0213089802130898
doc : 13
7 0.8590308370044054
3 0.022026431718061675
9 0.01762114537444934
2 0.01762114537444934
1 0.01762114537444934
6 0.015418502202643174
4 0.015418502202643174
0 0.013215859030837006
8 0.011013215859030838
5 0.011013215859030838
doc : 14
9 0.484
2 0.28400000000000003
0 0.056
3 0.042
8 0.032
1 0.026000000000000002
4 0.022
6 0.02
7 0.018000000000000002
5 0.016
doc : 15
3 0.8281053952321203
9 0.04893350062735257
5 0.022584692597239647
6 0.020075282308657464
1 0.020075282308657464
2 0.015056461731493099
8 0.013801756587202006
0 0.011292346298619823
7 0.010037641154328732
4 0.010037641154328732
doc : 16
2 0.6682134570765661
4 0.09280742459396751
9 0.04408352668213457
8 0.04408352668213457
0 0.04176334106728538
3 0.030162412993039442
7 0.02320185614849188
6 0.02088167053364269
1 0.018561484918793503
5 0.016241299303944315
doc : 17
5 0.4069767441860465
0 0.10465116279069767
6 0.06976744186046512
2 0.06976744186046512
9 0.05813953488372093
8 0.05813953488372093
7 0.05813953488372093
4 0.05813953488372093
3 0.05813953488372093
1 0.05813953488372093
doc : 18
7 0.46604938271604934
6 0.1419753086419753
8 0.12654320987654322
9 0.04938271604938271
5 0.04938271604938271
1 0.037037037037037035
3 0.033950617283950615
2 0.033950617283950615
0 0.033950617283950615
4 0.027777777777777776
doc : 19
5 0.575
9 0.058333333333333334
1 0.058333333333333334
8 0.05
3 0.05
7 0.041666666666666664
6 0.041666666666666664
4 0.041666666666666664
2 0.041666666666666664
0 0.041666666666666664
doc : 20
5 0.5798319327731092
1 0.058823529411764705
8 0.05042016806722689
6 0.05042016806722689
3 0.05042016806722689
9 0.04201680672268907
7 0.04201680672268907
4 0.04201680672268907
2 0.04201680672268907
0 0.04201680672268907
doc : 21
5 0.6050420168067226
1 0.058823529411764705
9 0.04201680672268907
8 0.04201680672268907
7 0.04201680672268907
6 0.04201680672268907
4 0.04201680672268907
3 0.04201680672268907
2 0.04201680672268907
0 0.04201680672268907
doc : 22
4 0.9480954374215153
2 0.010464629552113856
0 0.00795311845960653
3 0.007534533277521975
5 0.0054416073670992045
9 0.0046044370029300966
7 0.0046044370029300966
1 0.0046044370029300966
6 0.0037672666387609877
8 0.0029300962745918797
doc : 23
5 0.5714285714285714
2 0.058823529411764705
1 0.058823529411764705
8 0.05042016806722689
4 0.05042016806722689
9 0.04201680672268907
7 0.04201680672268907
6 0.04201680672268907
3 0.04201680672268907
0 0.04201680672268907
doc : 24
5 0.5630252100840336
1 0.08403361344537814
9 0.05042016806722689
3 0.05042016806722689
8 0.04201680672268907
7 0.04201680672268907
6 0.04201680672268907
4 0.04201680672268907
2 0.04201680672268907
0 0.04201680672268907
doc : 25
8 0.9378378378378379
7 0.01418918918918919
1 0.008783783783783784
6 0.007432432432432433
9 0.006756756756756757
3 0.006756756756756757
2 0.005405405405405406
0 0.005405405405405406
5 0.004054054054054054
4 0.0033783783783783786
doc : 26
5 0.37209302325581395
3 0.08139534883720931
1 0.08139534883720931
0 0.08139534883720931
8 0.06976744186046512
7 0.06976744186046512
6 0.06976744186046512
9 0.05813953488372093
4 0.05813953488372093
2 0.05813953488372093
doc : 27
5 0.8096385542168676
3 0.033734939759036145
6 0.024096385542168676
4 0.02168674698795181
2 0.02168674698795181
7 0.01927710843373494
1 0.01927710843373494
0 0.01927710843373494
9 0.016867469879518072
8 0.014457831325301207
doc : 28
5 0.38372093023255816
0 0.09302325581395349
1 0.08139534883720931
8 0.06976744186046512
6 0.06976744186046512
2 0.06976744186046512
9 0.05813953488372093
7 0.05813953488372093
4 0.05813953488372093
3 0.05813953488372093
doc : 29
5 0.38372093023255816
0 0.10465116279069767
6 0.08139534883720931
3 0.06976744186046512
2 0.06976744186046512
9 0.05813953488372093
8 0.05813953488372093
7 0.05813953488372093
4 0.05813953488372093
1 0.05813953488372093
doc : 30
1 0.8140900195694716
9 0.029354207436399216
5 0.0273972602739726
8 0.025440313111545987
7 0.019569471624266144
6 0.019569471624266144
0 0.019569471624266144
4 0.015655577299412915
3 0.015655577299412915
2 0.0136986301369863
doc : 31
1 0.8463203463203464
2 0.0367965367965368
5 0.023809523809523808
0 0.01948051948051948
8 0.012987012987012988
7 0.012987012987012988
6 0.012987012987012988
4 0.012987012987012988
9 0.010822510822510822
3 0.010822510822510822
doc : 32
9 0.10714285714285714
8 0.10714285714285714
6 0.10714285714285714
4 0.10714285714285714
3 0.10714285714285714
0 0.10714285714285714
7 0.08928571428571427
5 0.08928571428571427
2 0.08928571428571427
1 0.08928571428571427
doc : 33
5 0.5714285714285714
1 0.06722689075630252
9 0.05042016806722689
6 0.05042016806722689
2 0.05042016806722689
8 0.04201680672268907
7 0.04201680672268907
4 0.04201680672268907
3 0.04201680672268907
0 0.04201680672268907
doc : 34
5 0.5583333333333333
1 0.08333333333333333
7 0.05
3 0.05
2 0.05
9 0.041666666666666664
8 0.041666666666666664
6 0.041666666666666664
4 0.041666666666666664
0 0.041666666666666664
doc : 35
5 0.5798319327731092
3 0.058823529411764705
1 0.058823529411764705
9 0.05042016806722689
8 0.04201680672268907
7 0.04201680672268907
6 0.04201680672268907
4 0.04201680672268907
2 0.04201680672268907
0 0.04201680672268907
doc : 36
0 0.8442969221484611
4 0.03741701870850935
7 0.02172601086300543
9 0.01991550995775498
3 0.018708509354254676
6 0.018105009052504527
8 0.01388050694025347
5 0.012673506336753168
2 0.007845503922751962
1 0.005431502715751358
doc : 37
6 0.7183673469387756
7 0.04489795918367347
5 0.04081632653061225
8 0.036734693877551024
0 0.036734693877551024
1 0.028571428571428574
9 0.02448979591836735
3 0.02448979591836735
2 0.02448979591836735
4 0.020408163265306124
doc : 38
6 0.7956318252730109
8 0.0405616224648986
7 0.0405616224648986
9 0.031201248049921998
0 0.0202808112324493
1 0.0187207488299532
3 0.0171606864274571
2 0.015600624024960999
5 0.0124804992199688
4 0.0078003120124804995
doc : 39
3 0.5889967637540453
5 0.0744336569579288
1 0.07119741100323625
7 0.05177993527508091
2 0.042071197411003236
0 0.042071197411003236
9 0.03883495145631068
6 0.03559870550161812
8 0.02912621359223301
4 0.025889967637540454
doc : 40
5 0.62
1 0.06666666666666667
3 0.05333333333333334
4 0.04666666666666667
8 0.04
0 0.04
9 0.03333333333333333
7 0.03333333333333333
6 0.03333333333333333
2 0.03333333333333333
doc : 41
5 0.38372093023255816
0 0.10465116279069767
6 0.06976744186046512
3 0.06976744186046512
2 0.06976744186046512
1 0.06976744186046512
9 0.05813953488372093
8 0.05813953488372093
7 0.05813953488372093
4 0.05813953488372093
doc : 42
1 0.9387370405278039
0 0.00942507068803016
9 0.008482563619227144
4 0.008482563619227144
2 0.007540056550424128
8 0.006597549481621112
5 0.006597549481621112
7 0.00471253534401508
6 0.00471253534401508
3 0.00471253534401508
doc : 43
7 0.8636363636363636
8 0.025454545454545455
2 0.02
9 0.01818181818181818
6 0.014545454545454545
5 0.014545454545454545
0 0.012727272727272728
3 0.01090909090909091
1 0.01090909090909091
4 0.00909090909090909
doc : 44
7 0.8481481481481482
8 0.037037037037037035
9 0.018518518518518517
2 0.018518518518518517
5 0.016666666666666666
3 0.014814814814814815
6 0.012962962962962964
1 0.012962962962962964
0 0.011111111111111112
4 0.009259259259259259
doc : 45
9 0.5384615384615384
5 0.12955465587044535
7 0.07692307692307693
1 0.06882591093117409
4 0.03643724696356275
8 0.032388663967611336
6 0.032388663967611336
0 0.032388663967611336
3 0.02834008097165992
2 0.024291497975708502
doc : 46
9 0.8849945235487404
7 0.024096385542168676
8 0.018619934282584884
5 0.01642935377875137
1 0.013143483023001095
3 0.01095290251916758
2 0.01095290251916758
6 0.008762322015334063
0 0.0065717415115005475
4 0.00547645125958379
doc : 47
3 0.6484375
2 0.22265625
5 0.03255208333333333
4 0.016927083333333332
1 0.015625
0 0.015625
9 0.013020833333333332
8 0.01171875
7 0.01171875
6 0.01171875
doc : 48
5 0.3953488372093023
3 0.08139534883720931
0 0.08139534883720931
9 0.06976744186046512
4 0.06976744186046512
1 0.06976744186046512
8 0.05813953488372093
7 0.05813953488372093
6 0.05813953488372093
2 0.05813953488372093
doc : 49
7 0.5641025641025642
5 0.09401709401709403
9 0.06410256410256411
6 0.05128205128205129
3 0.042735042735042736
1 0.042735042735042736
0 0.038461538461538464
8 0.03418803418803419
4 0.03418803418803419
2 0.03418803418803419
