doc : 0
0 0.8151351351351351
6 0.041081081081081085
9 0.03567567567567568
7 0.03135135135135135
4 0.025945945945945945
8 0.015135135135135135
3 0.012972972972972972
2 0.00972972972972973
1 0.0075675675675675675
5 0.005405405405405406
doc : 1
0 0.7068062827225131
8 0.08795811518324609
6 0.06701570680628273
1 0.033507853403141365
2 0.02722513089005236
7 0.025130890052356025
9 0.01780104712041885
3 0.016753926701570682
4 0.012565445026178013
5 0.005235602094240838
doc : 2
7 0.9397972116603295
8 0.011406844106463877
6 0.010773130544993662
5 0.007604562737642585
1 0.0069708491761723695
9 0.005069708491761723
3 0.005069708491761723
0 0.005069708491761723
2 0.004435994930291508
4 0.0038022813688212923
doc : 3
9 0.23255813953488372
6 0.10465116279069767
5 0.10465116279069767
0 0.10465116279069767
4 0.09302325581395349
8 0.08139534883720931
2 0.08139534883720931
3 0.06976744186046512
1 0.06976744186046512
7 0.05813953488372093
doc : 4
9 0.27906976744186046
8 0.12790697674418605
6 0.09302325581395349
5 0.09302325581395349
2 0.09302325581395349
7 0.06976744186046512
0 0.06976744186046512
4 0.05813953488372093
3 0.05813953488372093
1 0.05813953488372093
doc : 5
0 0.6644951140065147
8 0.07166123778501629
1 0.05374592833876222
7 0.050488599348534204
4 0.03745928338762215
2 0.03745928338762215
3 0.030944625407166124
6 0.024429967426710098
9 0.01954397394136808
5 0.00977198697068404
doc : 6
1 0.8897435897435897
5 0.016666666666666666
0 0.015384615384615385
9 0.01282051282051282
7 0.01282051282051282
6 0.01282051282051282
4 0.01282051282051282
8 0.010256410256410256
2 0.008974358974358974
3 0.007692307692307693
doc : 7
0 0.617741935483871
6 0.1596774193548387
8 0.08225806451612903
7 0.035483870967741936
3 0.02903225806451613
1 0.02258064516129032
2 0.016129032258064516
5 0.012903225806451613
4 0.012903225806451613
9 0.01129032258064516
doc : 8
9 0.9145631067961165
5 0.021359223300970873
6 0.011650485436893204
7 0.009708737864077669
8 0.008737864077669903
1 0.008737864077669903
3 0.007766990291262136
0 0.006796116504854369
4 0.005825242718446602
2 0.0048543689320388345
doc : 9
9 0.914337240757439
5 0.025247971145175834
8 0.010820559062218214
2 0.009918845807033363
6 0.009017132551848512
3 0.007213706041478809
7 0.0063119927862939585
4 0.0063119927862939585
0 0.0063119927862939585
1 0.004508566275924256
doc : 10
9 0.3023255813953488
6 0.11627906976744186
5 0.10465116279069767
4 0.08139534883720931
0 0.08139534883720931
8 0.06976744186046512
7 0.06976744186046512
3 0.05813953488372093
2 0.05813953488372093
1 0.05813953488372093
doc : 11
4 0.8952569169960474
6 0.030632411067193673
2 0.014822134387351778
8 0.010869565217391304
0 0.010869565217391304
7 0.008893280632411066
1 0.007905138339920948
9 0.00691699604743083
5 0.00691699604743083
3 0.00691699604743083
doc : 12
2 0.5450236966824644
1 0.08372827804107424
6 0.07582938388625593
0 0.06951026856240126
4 0.052132701421800945
8 0.04739336492890995
9 0.04107424960505529
3 0.037914691943127965
5 0.026856240126382307
7 0.020537124802527645
doc : 13
7 0.519774011299435
8 0.11864406779661016
6 0.10734463276836158
0 0.060263653483992465
1 0.052730696798493404
9 0.03954802259887005
5 0.03766478342749529
2 0.035781544256120526
4 0.01694915254237288
3 0.011299435028248588
doc : 14
2 0.5126182965299685
0 0.12618296529968454
1 0.12460567823343849
7 0.05362776025236593
6 0.050473186119873815
3 0.04258675078864353
9 0.03470031545741325
8 0.022082018927444793
4 0.017350157728706624
5 0.015772870662460567
doc : 15
6 0.6177285318559557
0 0.10249307479224377
2 0.0664819944598338
9 0.05263157894736842
4 0.0332409972299169
1 0.0332409972299169
8 0.027700831024930747
3 0.024930747922437674
5 0.0221606648199446
7 0.019390581717451522
doc : 16
4 0.5813008130081302
0 0.12601626016260165
8 0.05691056910569106
6 0.04878048780487805
2 0.04065040650406505
1 0.04065040650406505
3 0.032520325203252036
9 0.02845528455284553
5 0.024390243902439025
7 0.020325203252032523
doc : 17
5 0.8252212389380531
7 0.035398230088495575
0 0.030973451327433628
2 0.024336283185840708
3 0.017699115044247787
6 0.015486725663716814
4 0.015486725663716814
8 0.01327433628318584
9 0.011061946902654867
1 0.011061946902654867
doc : 18
5 0.7682403433476395
8 0.03648068669527897
4 0.03648068669527897
1 0.034334763948497854
0 0.034334763948497854
7 0.027896995708154508
6 0.023605150214592273
2 0.015021459227467811
9 0.012875536480686695
3 0.01072961373390558
doc : 19
5 0.8374164810690423
1 0.031180400890868595
0 0.022271714922048998
6 0.020044543429844096
2 0.020044543429844096
3 0.015590200445434297
9 0.013363028953229397
8 0.013363028953229397
7 0.013363028953229397
4 0.013363028953229397
doc : 20
8 0.8802631578947369
1 0.021052631578947368
5 0.015789473684210527
3 0.014473684210526316
9 0.013157894736842105
6 0.013157894736842105
0 0.011842105263157895
4 0.010526315789473684
2 0.010526315789473684
7 0.009210526315789473
doc : 21
8 0.8437118437118437
6 0.0463980463980464
3 0.029304029304029304
7 0.014652014652014652
9 0.01221001221001221
1 0.01221001221001221
0 0.01221001221001221
4 0.010989010989010988
5 0.009768009768009768
2 0.008547008547008548
doc : 22
8 0.841246290801187
0 0.04302670623145401
6 0.026706231454005934
9 0.017804154302670624
3 0.01483679525222552
7 0.013353115727002967
5 0.011869436201780416
2 0.011869436201780416
4 0.010385756676557865
1 0.008902077151335312
doc : 23
9 0.3023255813953488
0 0.10465116279069767
8 0.08139534883720931
5 0.08139534883720931
4 0.08139534883720931
2 0.08139534883720931
7 0.06976744186046512
6 0.06976744186046512
1 0.06976744186046512
3 0.05813953488372093
doc : 24
5 0.8261904761904763
7 0.030952380952380953
0 0.02380952380952381
6 0.02142857142857143
8 0.01904761904761905
1 0.01904761904761905
9 0.01666666666666667
4 0.014285714285714287
3 0.014285714285714287
2 0.014285714285714287
doc : 25
5 0.8735632183908046
3 0.01839080459770115
1 0.01839080459770115
7 0.016091954022988506
9 0.013793103448275862
0 0.013793103448275862
8 0.011494252873563218
6 0.011494252873563218
4 0.011494252873563218
2 0.011494252873563218
doc : 26
5 0.8326271186440678
2 0.02754237288135593
8 0.025423728813559324
9 0.023305084745762712
6 0.019067796610169493
0 0.01694915254237288
7 0.014830508474576272
4 0.014830508474576272
1 0.014830508474576272
3 0.01059322033898305
doc : 27
5 0.860759493670886
9 0.02531645569620253
1 0.019891500904159132
3 0.0162748643761302
0 0.0162748643761302
6 0.014466546112115732
8 0.012658227848101266
4 0.012658227848101266
7 0.0108499095840868
2 0.0108499095840868
doc : 28
2 0.8461538461538461
6 0.039399624765478425
0 0.02673545966228893
1 0.020637898686679174
7 0.01876172607879925
3 0.012195121951219513
4 0.01172607879924953
8 0.009849906191369606
5 0.00797373358348968
9 0.006566604127579737
doc : 29
3 0.7511574074074073
6 0.07870370370370369
8 0.04050925925925926
1 0.02662037037037037
0 0.02662037037037037
7 0.024305555555555552
9 0.017361111111111112
2 0.016203703703703703
4 0.01273148148148148
5 0.005787037037037037
doc : 30
6 0.41115702479338845
8 0.2231404958677686
9 0.10743801652892562
1 0.06611570247933884
7 0.05371900826446281
5 0.04338842975206612
2 0.030991735537190084
4 0.022727272727272728
3 0.02066115702479339
0 0.02066115702479339
doc : 31
5 0.8897338403041825
8 0.017110266159695818
7 0.015209125475285171
9 0.013307984790874524
4 0.013307984790874524
6 0.011406844106463879
0 0.011406844106463879
3 0.009505703422053232
2 0.009505703422053232
1 0.009505703422053232
doc : 32
5 0.8663101604278074
9 0.0374331550802139
4 0.017825311942959
8 0.0142602495543672
7 0.0142602495543672
3 0.012477718360071301
2 0.0106951871657754
6 0.0089126559714795
1 0.0089126559714795
0 0.0089126559714795
doc : 33
5 0.8822429906542056
3 0.01869158878504673
1 0.01869158878504673
0 0.014953271028037384
9 0.013084112149532711
7 0.013084112149532711
8 0.011214953271028038
6 0.009345794392523366
4 0.009345794392523366
2 0.009345794392523366
doc : 34
8 0.7977528089887641
0 0.07415730337078652
7 0.03707865168539326
6 0.025842696629213485
1 0.019101123595505618
3 0.01348314606741573
9 0.010112359550561799
5 0.007865168539325843
2 0.007865168539325843
4 0.006741573033707865
doc : 35
8 0.8143203883495145
1 0.03762135922330097
6 0.03398058252427184
3 0.0279126213592233
0 0.019417475728155338
7 0.015776699029126214
4 0.013349514563106795
2 0.013349514563106795
9 0.012135922330097085
5 0.012135922330097085
doc : 36
0 0.6897746967071057
6 0.07625649913344887
8 0.05719237435008665
2 0.03466204506065858
1 0.032062391681109186
7 0.031195840554592718
3 0.030329289428076254
4 0.022530329289428074
9 0.015597920277296359
5 0.010398613518197573
doc : 37
4 0.44873949579831934
6 0.3277310924369748
1 0.04369747899159664
3 0.040336134453781515
0 0.0319327731092437
8 0.028571428571428574
5 0.02689075630252101
7 0.020168067226890758
2 0.020168067226890758
9 0.011764705882352941
doc : 38
6 0.65625
4 0.06510416666666666
0 0.05989583333333333
2 0.0546875
1 0.0546875
7 0.028645833333333332
3 0.0234375
8 0.020833333333333332
9 0.018229166666666664
5 0.018229166666666664
doc : 39
1 0.7836538461538461
5 0.040865384615384616
7 0.038461538461538464
9 0.03125
8 0.026442307692307696
0 0.021634615384615384
6 0.01682692307692308
3 0.014423076923076924
2 0.014423076923076924
4 0.01201923076923077
doc : 40
6 0.7458677685950413
8 0.05371900826446281
3 0.03305785123966942
0 0.03305785123966942
7 0.026859504132231406
9 0.024793388429752067
1 0.024793388429752067
5 0.02066115702479339
2 0.02066115702479339
4 0.01652892561983471
doc : 41
3 0.8974137931034483
6 0.02959770114942529
2 0.022126436781609193
0 0.017528735632183906
8 0.011206896551724138
9 0.006896551724137931
1 0.00603448275862069
5 0.0034482758620689655
4 0.003160919540229885
7 0.002586206896551724
doc : 42
5 0.8293103448275861
2 0.02586206896551724
4 0.022413793103448276
9 0.020689655172413793
1 0.020689655172413793
8 0.017241379310344827
6 0.017241379310344827
0 0.017241379310344827
7 0.015517241379310345
3 0.013793103448275862
doc : 43
5 0.851782363977486
9 0.0300187617260788
3 0.01876172607879925
2 0.01876172607879925
1 0.01876172607879925
4 0.0150093808630394
7 0.013133208255159474
0 0.013133208255159474
8 0.01125703564727955
6 0.009380863039399626
doc : 44
5 0.8737060041407868
2 0.020703933747412008
4 0.016563146997929608
3 0.014492753623188408
1 0.014492753623188408
0 0.014492753623188408
9 0.012422360248447206
7 0.012422360248447206
8 0.010351966873706004
6 0.010351966873706004
doc : 45
5 0.816414686825054
7 0.06695464362850972
0 0.023758099352051837
8 0.019438444924406047
9 0.012958963282937365
6 0.012958963282937365
4 0.012958963282937365
1 0.012958963282937365
3 0.010799136069114472
2 0.010799136069114472
doc : 46
8 0.7550058892815076
3 0.11542991755005888
6 0.024734982332155476
9 0.020023557126030624
2 0.01884570082449941
1 0.016489988221436984
0 0.014134275618374558
7 0.012956419316843343
5 0.01177856301531213
4 0.010600706713780918
doc : 47
8 0.8478543563068921
1 0.035110533159947985
3 0.0247074122236671
6 0.018205461638491547
2 0.018205461638491547
5 0.014304291287386216
9 0.013003901170351106
0 0.011703511053315995
4 0.010403120936280884
7 0.006501950585175553
doc : 48
4 0.5333333333333333
1 0.10526315789473685
0 0.10526315789473685
6 0.08421052631578947
8 0.04912280701754386
9 0.031578947368421054
7 0.028070175438596492
3 0.02456140350877193
2 0.021052631578947368
5 0.017543859649122806
doc : 49
6 0.7694204685573366
8 0.0530209617755857
0 0.051787916152897656
2 0.02712700369913687
3 0.01972872996300863
1 0.01972872996300863
4 0.018495684340320593
7 0.017262638717632554
9 0.016029593094944512
5 0.007398273736128237
