doc : 0
9 0.9625668449197862
3 0.007130124777183601
5 0.005941770647653001
6 0.0041592394533571005
8 0.0035650623885918006
7 0.0035650623885918006
4 0.0035650623885918006
2 0.0035650623885918006
1 0.0029708853238265007
0 0.0029708853238265007
doc : 1
2 0.328
5 0.2
0 0.088
8 0.07200000000000001
4 0.064
1 0.064
9 0.048
6 0.048
3 0.048
7 0.04
doc : 2
5 0.8158730158730159
7 0.02857142857142857
2 0.02857142857142857
6 0.022222222222222223
8 0.01904761904761905
1 0.01904761904761905
0 0.01904761904761905
9 0.015873015873015872
4 0.015873015873015872
3 0.015873015873015872
doc : 3
5 0.805111821086262
7 0.04472843450479233
6 0.022364217252396165
2 0.022364217252396165
4 0.019169329073482427
3 0.019169329073482427
0 0.019169329073482427
9 0.01597444089456869
8 0.01597444089456869
1 0.01597444089456869
doc : 4
5 0.7755102040816326
7 0.04421768707482993
0 0.03741496598639456
9 0.027210884353741496
2 0.023809523809523808
8 0.02040816326530612
1 0.02040816326530612
6 0.017006802721088433
4 0.017006802721088433
3 0.017006802721088433
doc : 5
2 0.34285714285714286
5 0.17142857142857143
6 0.09999999999999999
8 0.09285714285714286
4 0.08571428571428572
0 0.06428571428571428
9 0.03571428571428571
7 0.03571428571428571
3 0.03571428571428571
1 0.03571428571428571
doc : 6
5 0.27840909090909094
4 0.14204545454545456
0 0.11363636363636365
8 0.10795454545454546
2 0.10795454545454546
1 0.06818181818181818
9 0.0625
3 0.045454545454545456
6 0.03977272727272727
7 0.03409090909090909
doc : 7
5 0.615702479338843
1 0.0743801652892562
2 0.07024793388429752
6 0.049586776859504134
9 0.04132231404958678
8 0.03305785123966942
3 0.03305785123966942
4 0.028925619834710745
0 0.028925619834710745
7 0.024793388429752067
doc : 8
5 0.615702479338843
1 0.06198347107438017
2 0.049586776859504134
0 0.045454545454545456
8 0.04132231404958678
4 0.04132231404958678
7 0.0371900826446281
6 0.0371900826446281
3 0.0371900826446281
9 0.03305785123966942
doc : 9
6 0.6492027334851936
8 0.1298405466970387
7 0.04783599088838269
5 0.04100227790432802
3 0.0296127562642369
4 0.025056947608200455
2 0.02277904328018223
0 0.02277904328018223
9 0.01594533029612756
1 0.01594533029612756
doc : 10
2 0.8818897637795275
3 0.01968503937007874
5 0.015748031496062992
8 0.013779527559055118
4 0.013779527559055118
7 0.011811023622047244
6 0.011811023622047244
1 0.011811023622047244
9 0.00984251968503937
0 0.00984251968503937
doc : 11
9 0.9655377302436127
3 0.005941770647653001
6 0.0041592394533571005
8 0.0035650623885918006
7 0.0035650623885918006
5 0.0035650623885918006
4 0.0035650623885918006
1 0.0035650623885918006
0 0.0035650623885918006
2 0.0029708853238265007
doc : 12
3 0.9531380753138075
5 0.0066945606694560665
9 0.005857740585774058
7 0.005857740585774058
8 0.00502092050209205
2 0.00502092050209205
1 0.00502092050209205
0 0.00502092050209205
6 0.0041841004184100415
4 0.0041841004184100415
doc : 13
0 0.8681818181818182
5 0.03636363636363636
2 0.016666666666666666
3 0.015151515151515152
8 0.012121212121212121
4 0.012121212121212121
1 0.012121212121212121
9 0.010606060606060607
7 0.00909090909090909
6 0.007575757575757576
doc : 14
0 0.8623298033282905
5 0.039334341906202726
1 0.01664145234493192
3 0.015128593040847202
2 0.013615733736762482
7 0.012102874432677761
8 0.01059001512859304
6 0.01059001512859304
4 0.01059001512859304
9 0.009077155824508321
doc : 15
0 0.7809694793536804
2 0.10771992818671455
5 0.01974865350089767
4 0.017953321364452424
8 0.01615798922800718
7 0.01436265709156194
6 0.012567324955116697
9 0.010771992818671455
3 0.010771992818671455
1 0.008976660682226212
doc : 16
8 0.4897025171624714
7 0.14645308924485126
9 0.08924485125858124
1 0.07322654462242563
6 0.04576659038901602
4 0.041189931350114416
5 0.038901601830663615
2 0.027459954233409613
3 0.02517162471395881
0 0.02288329519450801
doc : 17
5 0.7427745664739884
1 0.04335260115606936
0 0.04335260115606936
2 0.04046242774566474
7 0.026011560693641616
8 0.023121387283236993
4 0.023121387283236993
3 0.023121387283236993
9 0.02023121387283237
6 0.014450867052023121
doc : 18
5 0.5890410958904109
9 0.06164383561643835
8 0.04794520547945205
7 0.04794520547945205
4 0.04794520547945205
2 0.04794520547945205
6 0.0410958904109589
1 0.0410958904109589
0 0.0410958904109589
3 0.03424657534246575
doc : 19
5 0.5945945945945946
4 0.060810810810810814
2 0.05405405405405406
1 0.05405405405405406
8 0.0472972972972973
6 0.04054054054054054
3 0.04054054054054054
0 0.04054054054054054
9 0.033783783783783786
7 0.033783783783783786
doc : 20
5 0.6301369863013698
8 0.0547945205479452
2 0.04794520547945205
1 0.04794520547945205
9 0.0410958904109589
0 0.0410958904109589
7 0.03424657534246575
6 0.03424657534246575
4 0.03424657534246575
3 0.03424657534246575
doc : 21
4 0.5858930602957907
9 0.16382252559726962
3 0.07281001137656427
8 0.03981797497155859
5 0.032992036405005684
1 0.032992036405005684
6 0.029579067121729235
0 0.02389078498293515
2 0.011376564277588168
7 0.0068259385665529
doc : 22
8 0.6248548199767712
7 0.12427409988385599
6 0.09523809523809523
5 0.04529616724738676
3 0.0313588850174216
0 0.020905923344947737
1 0.018583042973286876
9 0.016260162601626015
4 0.012775842044134726
2 0.010452961672473868
doc : 23
9 0.9631610219845514
5 0.006535947712418301
7 0.004753416518122401
4 0.004753416518122401
6 0.0041592394533571005
0 0.0041592394533571005
2 0.0035650623885918006
8 0.0029708853238265007
3 0.0029708853238265007
1 0.0029708853238265007
doc : 24
0 0.6632124352331606
5 0.10103626943005181
1 0.05958549222797928
7 0.036269430051813475
2 0.03367875647668394
6 0.02590673575129534
9 0.023316062176165803
8 0.02072538860103627
4 0.02072538860103627
3 0.015544041450777202
doc : 25
5 0.8127090301003345
0 0.033444816053511704
7 0.026755852842809364
6 0.020066889632107024
4 0.020066889632107024
2 0.020066889632107024
9 0.016722408026755852
8 0.016722408026755852
3 0.016722408026755852
1 0.016722408026755852
doc : 26
8 0.6643646408839778
7 0.10359116022099447
6 0.04696132596685083
0 0.03729281767955801
9 0.031767955801104975
5 0.03038674033149171
4 0.029005524861878452
2 0.029005524861878452
1 0.019337016574585635
3 0.008287292817679558
doc : 27
8 0.5581947743467933
6 0.09501187648456058
1 0.08076009501187649
7 0.06888361045130642
5 0.0665083135391924
4 0.0332541567695962
0 0.028503562945368172
3 0.023752969121140145
2 0.023752969121140145
9 0.02137767220902613
doc : 28
4 0.6404199475065617
8 0.06036745406824147
5 0.06036745406824147
0 0.047244094488188976
3 0.03937007874015748
1 0.03937007874015748
2 0.03674540682414698
6 0.031496062992125984
7 0.023622047244094488
9 0.02099737532808399
doc : 29
2 0.5859375
8 0.09635416666666666
6 0.07291666666666666
1 0.06770833333333333
5 0.04427083333333333
7 0.0390625
4 0.03125
9 0.0234375
0 0.0234375
3 0.015625
doc : 30
0 0.5597722960151803
5 0.11385199240986718
1 0.10436432637571158
4 0.058823529411764705
3 0.04174573055028463
6 0.03984819734345351
2 0.028462998102466795
9 0.020872865275142316
7 0.020872865275142316
8 0.011385199240986717
doc : 31
6 0.8697440585009141
8 0.0370201096892139
7 0.029707495429616086
2 0.021480804387568556
3 0.011882998171846435
1 0.008683729433272395
0 0.007312614259597806
4 0.006398537477148081
5 0.004113345521023766
9 0.003656307129798903
doc : 32
9 0.958407605466429
3 0.0077243018419489015
8 0.005347593582887701
4 0.005347593582887701
7 0.0041592394533571005
6 0.0041592394533571005
0 0.0041592394533571005
5 0.0035650623885918006
2 0.0035650623885918006
1 0.0035650623885918006
doc : 33
3 0.9548117154811715
5 0.007531380753138075
4 0.005857740585774058
2 0.00502092050209205
1 0.00502092050209205
0 0.00502092050209205
9 0.0041841004184100415
8 0.0041841004184100415
7 0.0041841004184100415
6 0.0041841004184100415
doc : 34
8 0.5124716553287982
7 0.1655328798185941
6 0.07482993197278912
1 0.05668934240362812
5 0.05215419501133787
0 0.04081632653061225
2 0.034013605442176874
3 0.022675736961451247
9 0.020408163265306124
4 0.020408163265306124
doc : 35
7 0.9595448798988623
1 0.006321112515802782
6 0.005689001264222504
8 0.004424778761061947
5 0.004424778761061947
3 0.004424778761061947
2 0.004424778761061947
9 0.003792667509481669
4 0.003792667509481669
0 0.003160556257901391
doc : 36
7 0.32122370936902483
6 0.27151051625239003
8 0.20650095602294455
2 0.03632887189292543
9 0.03250478011472275
5 0.03250478011472275
4 0.030592734225621414
1 0.030592734225621414
0 0.02294455066921606
3 0.015296367112810707
doc : 37
7 0.9509241555130656
6 0.012109623964308477
9 0.005736137667304015
3 0.005736137667304015
8 0.005098789037603569
2 0.005098789037603569
0 0.004461440407903123
5 0.0038240917782026767
4 0.0038240917782026767
1 0.0031867431485022306
doc : 38
7 0.9510178117048347
6 0.008905852417302799
8 0.008269720101781172
9 0.005089058524173028
5 0.005089058524173028
4 0.005089058524173028
2 0.005089058524173028
3 0.0038167938931297713
1 0.0038167938931297713
0 0.0038167938931297713
doc : 39
1 0.795969773299748
5 0.07052896725440806
2 0.02644836272040302
4 0.025188916876574305
0 0.022670025188916875
9 0.015113350125944584
3 0.015113350125944584
7 0.012594458438287152
6 0.008816120906801008
8 0.007556675062972292
doc : 40
5 0.6666666666666667
8 0.08148148148148149
1 0.05555555555555556
2 0.0462962962962963
6 0.044444444444444446
3 0.03333333333333333
0 0.03333333333333333
9 0.012962962962962964
7 0.012962962962962964
4 0.012962962962962964
doc : 41
5 0.7054945054945055
8 0.07032967032967033
1 0.05714285714285714
6 0.041758241758241756
0 0.03296703296703297
3 0.03076923076923077
2 0.01978021978021978
9 0.017582417582417582
4 0.013186813186813187
7 0.010989010989010988
doc : 42
8 0.6273684210526316
6 0.14947368421052631
5 0.05263157894736842
3 0.042105263157894736
7 0.03789473684210526
9 0.021052631578947368
2 0.021052631578947368
0 0.021052631578947368
4 0.014736842105263158
1 0.01263157894736842
doc : 43
6 0.8296789350039154
7 0.07752545027407988
2 0.042286609240407204
8 0.02701644479248238
5 0.006656225528582615
0 0.003915426781519186
9 0.003523884103367267
4 0.003523884103367267
1 0.0031323414252153485
3 0.00274079874706343
doc : 44
9 0.9595959595959597
3 0.0077243018419489015
5 0.005347593582887701
4 0.004753416518122401
7 0.0041592394533571005
6 0.0041592394533571005
8 0.0035650623885918006
2 0.0035650623885918006
1 0.0035650623885918006
0 0.0035650623885918006
doc : 45
1 0.7913907284768212
5 0.052980132450331126
7 0.023178807947019868
6 0.023178807947019868
4 0.019867549668874173
2 0.019867549668874173
0 0.019867549668874173
9 0.016556291390728478
8 0.016556291390728478
3 0.016556291390728478
doc : 46
1 0.5202020202020202
4 0.09090909090909091
8 0.08585858585858587
2 0.08080808080808081
0 0.06060606060606061
7 0.03535353535353536
6 0.03535353535353536
5 0.03535353535353536
9 0.030303030303030304
3 0.025252525252525256
doc : 47
1 0.2827586206896552
8 0.13793103448275862
4 0.13103448275862067
2 0.1103448275862069
5 0.09655172413793103
7 0.06206896551724138
6 0.05517241379310345
0 0.05517241379310345
9 0.034482758620689655
3 0.034482758620689655
doc : 48
5 0.5106761565836299
1 0.23309608540925267
0 0.07651245551601422
4 0.0498220640569395
8 0.030249110320284697
6 0.030249110320284697
2 0.021352313167259787
9 0.01779359430604982
3 0.01779359430604982
7 0.012455516014234875
doc : 49
2 0.7215909090909091
6 0.04924242424242424
9 0.04166666666666667
7 0.03598484848484849
8 0.03409090909090909
0 0.032196969696969696
3 0.026515151515151516
5 0.020833333333333336
1 0.020833333333333336
4 0.017045454545454544
