doc : 0
5 0.31746031746031744
0 0.11904761904761904
2 0.0873015873015873
9 0.07936507936507936
8 0.07936507936507936
7 0.07142857142857142
1 0.07142857142857142
6 0.06349206349206349
4 0.06349206349206349
3 0.047619047619047616
doc : 1
5 0.32173913043478264
8 0.21739130434782608
3 0.1826086956521739
2 0.09565217391304348
9 0.043478260869565216
4 0.034782608695652174
7 0.030434782608695653
0 0.030434782608695653
6 0.021739130434782608
1 0.021739130434782608
doc : 2
4 0.2814814814814815
5 0.2518518518518519
1 0.08888888888888889
8 0.08148148148148149
6 0.05925925925925926
0 0.05925925925925926
7 0.05185185185185186
9 0.044444444444444446
2 0.044444444444444446
3 0.037037037037037035
doc : 3
5 0.569377990430622
8 0.07177033492822966
1 0.07177033492822966
0 0.06698564593301436
4 0.06220095693779904
9 0.03349282296650718
7 0.03349282296650718
3 0.03349282296650718
2 0.03349282296650718
6 0.023923444976076555
doc : 4
4 0.6386554621848739
0 0.0546218487394958
1 0.05042016806722689
5 0.04621848739495798
8 0.04201680672268907
7 0.04201680672268907
2 0.04201680672268907
9 0.029411764705882353
3 0.029411764705882353
6 0.025210084033613446
doc : 5
2 0.5867768595041323
3 0.10743801652892562
1 0.07851239669421488
5 0.0743801652892562
6 0.028925619834710745
4 0.028925619834710745
8 0.024793388429752067
7 0.024793388429752067
0 0.024793388429752067
9 0.02066115702479339
doc : 6
4 0.2980392156862745
9 0.28627450980392155
5 0.11372549019607843
0 0.10588235294117647
8 0.054901960784313725
7 0.03137254901960784
6 0.03137254901960784
2 0.027450980392156862
1 0.027450980392156862
3 0.023529411764705882
doc : 7
3 0.8443708609271523
5 0.0380794701986755
7 0.019867549668874173
1 0.018211920529801324
9 0.016556291390728478
2 0.016556291390728478
8 0.011589403973509934
6 0.011589403973509934
4 0.011589403973509934
0 0.011589403973509934
doc : 8
8 0.5279503105590062
4 0.08074534161490683
7 0.06211180124223602
2 0.06211180124223602
0 0.06211180124223602
5 0.05590062111801242
1 0.049689440993788817
3 0.037267080745341616
9 0.03105590062111801
6 0.03105590062111801
doc : 9
5 0.6075949367088607
1 0.07172995780590717
4 0.06329113924050632
0 0.06329113924050632
2 0.04219409282700422
9 0.03375527426160337
8 0.02953586497890295
7 0.02953586497890295
6 0.02953586497890295
3 0.02953586497890295
doc : 10
8 0.2876712328767123
5 0.2410958904109589
0 0.1452054794520548
3 0.10684931506849316
2 0.09315068493150686
6 0.0410958904109589
1 0.0273972602739726
9 0.021917808219178082
7 0.019178082191780823
4 0.016438356164383564
doc : 11
2 0.4440894568690096
8 0.22364217252396165
5 0.08306709265175719
3 0.07987220447284345
9 0.04472843450479233
4 0.038338658146964855
1 0.025559105431309903
7 0.022364217252396165
0 0.022364217252396165
6 0.01597444089456869
doc : 12
5 0.2896551724137931
2 0.22758620689655173
8 0.07586206896551724
0 0.07586206896551724
4 0.06896551724137931
3 0.06896551724137931
1 0.06896551724137931
9 0.04827586206896552
6 0.041379310344827586
7 0.034482758620689655
doc : 13
2 0.694620253164557
5 0.06329113924050633
1 0.056962025316455694
3 0.05379746835443038
9 0.0379746835443038
6 0.030063291139240507
8 0.02531645569620253
4 0.014240506329113924
0 0.012658227848101266
7 0.011075949367088608
doc : 14
8 0.46875
2 0.1375
5 0.07500000000000001
3 0.05625
7 0.05
9 0.043750000000000004
6 0.043750000000000004
4 0.043750000000000004
0 0.043750000000000004
1 0.037500000000000006
doc : 15
8 0.5761316872427984
5 0.102880658436214
7 0.05349794238683128
6 0.04938271604938272
2 0.04938271604938272
4 0.041152263374485604
1 0.041152263374485604
9 0.03703703703703704
3 0.02469135802469136
0 0.02469135802469136
doc : 16
1 0.7972508591065293
5 0.03665521191294387
3 0.030927835051546393
2 0.027491408934707903
8 0.024054982817869417
6 0.021764032073310426
4 0.018327605956471937
9 0.016036655211912946
0 0.016036655211912946
7 0.01145475372279496
doc : 17
5 0.41353383458646614
4 0.11278195488721804
0 0.10526315789473684
8 0.06766917293233082
2 0.06766917293233082
7 0.05263157894736842
3 0.05263157894736842
9 0.045112781954887216
1 0.045112781954887216
6 0.03759398496240601
doc : 18
5 0.7659574468085106
3 0.05319148936170213
2 0.0398936170212766
9 0.023936170212765957
8 0.023936170212765957
6 0.02127659574468085
4 0.02127659574468085
1 0.02127659574468085
0 0.015957446808510637
7 0.013297872340425532
doc : 19
2 0.6666666666666666
3 0.06965174129353234
5 0.06467661691542288
8 0.03482587064676617
7 0.029850746268656716
4 0.029850746268656716
0 0.029850746268656716
9 0.02487562189054726
6 0.02487562189054726
1 0.02487562189054726
doc : 20
8 0.4449760765550239
2 0.19138755980861244
3 0.08612440191387559
5 0.04784688995215311
9 0.043062200956937795
4 0.043062200956937795
0 0.043062200956937795
1 0.03827751196172249
6 0.03349282296650718
7 0.028708133971291863
doc : 21
2 0.6678571428571428
3 0.09642857142857142
5 0.04285714285714286
1 0.04285714285714286
8 0.03571428571428571
7 0.02857142857142857
9 0.024999999999999998
6 0.02142857142857143
0 0.02142857142857143
4 0.017857142857142856
doc : 22
0 0.5225225225225225
7 0.15990990990990991
4 0.12387387387387387
5 0.036036036036036036
3 0.033783783783783786
1 0.03153153153153153
9 0.024774774774774775
8 0.02252252252252252
6 0.02252252252252252
2 0.02252252252252252
doc : 23
0 0.7851002865329513
9 0.09312320916905444
5 0.025787965616045846
4 0.02148997134670487
8 0.014326647564469913
2 0.014326647564469913
1 0.014326647564469913
7 0.011461318051575931
6 0.011461318051575931
3 0.008595988538681949
doc : 24
4 0.6224489795918366
5 0.1020408163265306
2 0.04591836734693877
1 0.04081632653061224
7 0.03571428571428571
3 0.03571428571428571
9 0.030612244897959183
8 0.030612244897959183
0 0.030612244897959183
6 0.02551020408163265
doc : 25
6 0.5346153846153846
9 0.19230769230769232
0 0.1346153846153846
7 0.05512820512820513
5 0.029487179487179487
2 0.015384615384615385
4 0.011538461538461539
3 0.010256410256410256
8 0.008974358974358974
1 0.007692307692307693
doc : 26
5 0.8121442125237192
6 0.030360531309297913
2 0.030360531309297913
3 0.028462998102466795
9 0.024667931688804556
7 0.020872865275142316
1 0.020872865275142316
8 0.011385199240986717
0 0.011385199240986717
4 0.009487666034155597
doc : 27
2 0.5384615384615384
7 0.2021978021978022
1 0.1010989010989011
3 0.03956043956043956
9 0.024175824175824177
5 0.021978021978021976
6 0.01978021978021978
0 0.01978021978021978
4 0.017582417582417582
8 0.015384615384615385
doc : 28
2 0.7272727272727273
5 0.05194805194805195
1 0.045454545454545456
8 0.029220779220779224
3 0.029220779220779224
9 0.025974025974025976
6 0.025974025974025976
7 0.022727272727272728
0 0.022727272727272728
4 0.01948051948051948
doc : 29
8 0.2864864864864865
5 0.1891891891891892
9 0.12432432432432433
2 0.0972972972972973
1 0.08108108108108109
6 0.07027027027027027
4 0.04864864864864865
3 0.043243243243243246
7 0.032432432432432434
0 0.02702702702702703
doc : 30
3 0.6037195994277539
7 0.3261802575107296
5 0.010014306151645207
2 0.010014306151645207
0 0.010014306151645207
8 0.008583690987124463
6 0.008583690987124463
1 0.008583690987124463
9 0.00715307582260372
4 0.00715307582260372
doc : 31
3 0.5795620437956204
7 0.33722627737226274
5 0.01751824817518248
0 0.01313868613138686
8 0.010218978102189781
2 0.010218978102189781
9 0.00875912408759124
6 0.00875912408759124
4 0.0072992700729927005
1 0.0072992700729927005
doc : 32
3 0.5825105782792666
7 0.3413258110014104
2 0.012693935119887164
9 0.011283497884344146
6 0.011283497884344146
4 0.009873060648801129
1 0.00846262341325811
0 0.00846262341325811
8 0.007052186177715091
5 0.007052186177715091
doc : 33
3 0.6032210834553441
7 0.31332357247437775
5 0.014641288433382138
2 0.013177159590043924
1 0.013177159590043924
0 0.01171303074670571
6 0.008784773060029283
9 0.007320644216691069
8 0.007320644216691069
4 0.007320644216691069
doc : 34
3 0.81740614334471
1 0.03754266211604096
5 0.03583617747440273
9 0.034129692832764506
8 0.017064846416382253
6 0.015358361774744027
7 0.011945392491467578
4 0.011945392491467578
2 0.010238907849829351
0 0.008532423208191127
doc : 35
3 0.8625592417061612
5 0.023696682464454978
7 0.018957345971563982
6 0.018957345971563982
9 0.016587677725118485
8 0.011848341232227489
4 0.011848341232227489
2 0.011848341232227489
1 0.011848341232227489
0 0.011848341232227489
doc : 36
3 0.5768156424581006
7 0.33100558659217877
4 0.015363128491620113
5 0.013966480446927375
1 0.013966480446927375
6 0.012569832402234637
2 0.009776536312849162
0 0.009776536312849162
9 0.008379888268156424
8 0.008379888268156424
doc : 37
4 0.20740740740740743
5 0.1851851851851852
7 0.12592592592592594
6 0.08888888888888889
2 0.08888888888888889
3 0.08148148148148149
1 0.07407407407407407
9 0.05185185185185186
8 0.05185185185185186
0 0.044444444444444446
doc : 38
9 0.7803970223325062
6 0.11910669975186104
5 0.02729528535980149
3 0.017369727047146403
8 0.012406947890818858
4 0.011166253101736972
0 0.009925558312655087
1 0.008684863523573201
2 0.007444168734491315
7 0.006203473945409429
doc : 39
9 0.5384615384615385
7 0.1719457013574661
6 0.07692307692307693
5 0.06561085972850679
1 0.03393665158371041
3 0.029411764705882356
0 0.029411764705882356
4 0.027149321266968326
8 0.013574660633484163
2 0.013574660633484163
doc : 40
2 0.6283185840707964
3 0.08849557522123894
5 0.05752212389380531
1 0.05309734513274336
9 0.030973451327433628
8 0.030973451327433628
6 0.030973451327433628
7 0.02654867256637168
4 0.02654867256637168
0 0.02654867256637168
doc : 41
6 0.707808564231738
9 0.2040302267002519
0 0.039798488664987405
1 0.013602015113350126
5 0.008060453400503778
8 0.007052896725440806
7 0.0055415617128463475
3 0.005037783375314861
2 0.005037783375314861
4 0.004030226700251889
doc : 42
4 0.41326530612244894
5 0.1020408163265306
6 0.09693877551020408
1 0.09183673469387754
7 0.061224489795918366
9 0.0510204081632653
3 0.0510204081632653
8 0.04591836734693877
0 0.04591836734693877
2 0.04081632653061224
doc : 43
4 0.6502732240437158
5 0.06557377049180328
2 0.04918032786885246
9 0.03825136612021858
8 0.03825136612021858
7 0.03278688524590164
6 0.03278688524590164
3 0.03278688524590164
0 0.03278688524590164
1 0.0273224043715847
doc : 44
0 0.8317307692307693
4 0.03125
7 0.019230769230769232
3 0.019230769230769232
2 0.019230769230769232
1 0.019230769230769232
9 0.01682692307692308
8 0.014423076923076924
6 0.014423076923076924
5 0.014423076923076924
doc : 45
9 0.1
8 0.1
7 0.1
6 0.1
5 0.1
4 0.1
3 0.1
2 0.1
1 0.1
0 0.1
doc : 46
8 0.5280898876404494
0 0.11235955056179775
2 0.07303370786516854
4 0.06179775280898876
5 0.056179775280898875
1 0.0449438202247191
7 0.033707865168539325
3 0.033707865168539325
9 0.028089887640449437
6 0.028089887640449437
doc : 47
7 0.479020979020979
5 0.11538461538461539
4 0.0979020979020979
9 0.08741258741258741
8 0.055944055944055944
2 0.04895104895104895
6 0.03496503496503497
3 0.03146853146853147
1 0.027972027972027972
0 0.02097902097902098
doc : 48
4 0.6597510373443983
6 0.07883817427385892
1 0.04149377593360996
5 0.03734439834024896
3 0.03734439834024896
2 0.03734439834024896
0 0.03319502074688797
9 0.029045643153526972
8 0.024896265560165977
7 0.02074688796680498
doc : 49
0 0.5535055350553505
5 0.12915129151291513
2 0.07749077490774907
9 0.05166051660516605
4 0.04059040590405904
3 0.03690036900369004
6 0.033210332103321034
7 0.02952029520295203
1 0.02952029520295203
8 0.01845018450184502
