doc : 0
6 0.9525899912203687
7 0.006145741878841089
5 0.006145741878841089
8 0.0052677787532923615
4 0.0052677787532923615
3 0.0052677787532923615
2 0.0052677787532923615
0 0.0052677787532923615
9 0.004389815627743635
1 0.004389815627743635
doc : 1
3 0.3258426966292135
7 0.1853932584269663
9 0.11235955056179775
1 0.10112359550561797
2 0.06741573033707865
8 0.05056179775280899
5 0.0449438202247191
0 0.0449438202247191
4 0.03932584269662921
6 0.028089887640449437
doc : 2
0 0.6666666666666666
9 0.0851063829787234
3 0.06028368794326241
2 0.03900709219858156
1 0.035460992907801414
8 0.028368794326241134
7 0.028368794326241134
4 0.02127659574468085
6 0.017730496453900707
5 0.017730496453900707
doc : 3
0 0.810126582278481
1 0.03481012658227848
9 0.03164556962025317
8 0.0189873417721519
4 0.0189873417721519
3 0.0189873417721519
2 0.0189873417721519
7 0.015822784810126583
6 0.015822784810126583
5 0.015822784810126583
doc : 4
0 0.800632911392405
9 0.04430379746835443
7 0.02531645569620253
3 0.02531645569620253
5 0.022151898734177215
8 0.0189873417721519
6 0.015822784810126583
4 0.015822784810126583
2 0.015822784810126583
1 0.015822784810126583
doc : 5
0 0.7666666666666667
9 0.05333333333333334
7 0.04
3 0.03333333333333333
8 0.02
4 0.02
6 0.016666666666666666
5 0.016666666666666666
2 0.016666666666666666
1 0.016666666666666666
doc : 6
0 0.800632911392405
9 0.05063291139240506
8 0.0189873417721519
7 0.0189873417721519
6 0.0189873417721519
5 0.0189873417721519
4 0.0189873417721519
3 0.0189873417721519
2 0.0189873417721519
1 0.015822784810126583
doc : 7
0 0.810126582278481
9 0.0379746835443038
1 0.02531645569620253
3 0.022151898734177215
7 0.0189873417721519
6 0.0189873417721519
2 0.0189873417721519
8 0.015822784810126583
5 0.015822784810126583
4 0.015822784810126583
doc : 8
0 0.7666666666666667
9 0.05
1 0.03666666666666667
7 0.02666666666666667
6 0.023333333333333334
5 0.02
4 0.02
3 0.02
2 0.02
8 0.016666666666666666
doc : 9
3 0.304
9 0.16
0 0.12
7 0.10400000000000001
2 0.07200000000000001
6 0.056
8 0.048
5 0.048
4 0.048
1 0.04
doc : 10
8 0.4536082474226804
9 0.08247422680412371
3 0.07216494845360824
6 0.061855670103092786
4 0.061855670103092786
2 0.061855670103092786
7 0.05154639175257732
5 0.05154639175257732
1 0.05154639175257732
0 0.05154639175257732
doc : 11
6 0.9569798068481123
9 0.0052677787532923615
7 0.0052677787532923615
4 0.0052677787532923615
0 0.0052677787532923615
8 0.004389815627743635
5 0.004389815627743635
3 0.004389815627743635
2 0.004389815627743635
1 0.004389815627743635
doc : 12
0 0.7833333333333334
9 0.043333333333333335
3 0.03333333333333333
7 0.023333333333333334
2 0.023333333333333334
6 0.02
5 0.02
4 0.02
8 0.016666666666666666
1 0.016666666666666666
doc : 13
0 0.7911392405063291
9 0.04430379746835443
3 0.03481012658227848
8 0.022151898734177215
7 0.0189873417721519
6 0.0189873417721519
2 0.0189873417721519
1 0.0189873417721519
5 0.015822784810126583
4 0.015822784810126583
doc : 14
0 0.7943037974683544
9 0.056962025316455694
4 0.022151898734177215
3 0.022151898734177215
7 0.0189873417721519
5 0.0189873417721519
2 0.0189873417721519
8 0.015822784810126583
6 0.015822784810126583
1 0.015822784810126583
doc : 15
0 0.7816455696202531
9 0.05379746835443038
7 0.04430379746835443
8 0.0189873417721519
6 0.0189873417721519
3 0.0189873417721519
5 0.015822784810126583
4 0.015822784810126583
2 0.015822784810126583
1 0.015822784810126583
doc : 16
0 0.8164556962025317
9 0.0379746835443038
7 0.02531645569620253
3 0.022151898734177215
2 0.0189873417721519
8 0.015822784810126583
6 0.015822784810126583
5 0.015822784810126583
4 0.015822784810126583
1 0.015822784810126583
doc : 17
0 0.8133333333333334
9 0.03333333333333333
7 0.023333333333333334
4 0.023333333333333334
3 0.02
2 0.02
8 0.016666666666666666
6 0.016666666666666666
5 0.016666666666666666
1 0.016666666666666666
doc : 18
0 0.6913946587537092
2 0.09198813056379822
3 0.05341246290801187
8 0.04451038575667656
7 0.026706231454005934
5 0.02077151335311573
9 0.017804154302670624
6 0.017804154302670624
4 0.017804154302670624
1 0.017804154302670624
doc : 19
3 0.33695652173913043
7 0.18478260869565216
9 0.10326086956521739
4 0.07608695652173914
0 0.07608695652173914
8 0.059782608695652176
1 0.059782608695652176
2 0.043478260869565216
5 0.03260869565217391
6 0.02717391304347826
doc : 20
4 0.6262924667651404
1 0.08862629246676515
6 0.08124076809453472
2 0.03988183161004431
8 0.033973412112259974
0 0.033973412112259974
7 0.03249630723781389
5 0.0310192023633678
3 0.019202363367799114
9 0.013293943870014771
doc : 21
8 0.3953488372093023
1 0.14883720930232558
0 0.08837209302325581
3 0.08372093023255814
9 0.06511627906976744
7 0.06511627906976744
6 0.05116279069767442
5 0.037209302325581395
2 0.037209302325581395
4 0.027906976744186046
doc : 22
6 0.9534679543459175
7 0.007023705004389816
9 0.0052677787532923615
5 0.0052677787532923615
4 0.0052677787532923615
2 0.0052677787532923615
1 0.0052677787532923615
8 0.004389815627743635
3 0.004389815627743635
0 0.004389815627743635
doc : 23
9 0.5
3 0.09375
7 0.08333333333333333
5 0.07291666666666666
8 0.0625
2 0.041666666666666664
0 0.041666666666666664
6 0.03645833333333333
4 0.03645833333333333
1 0.03125
doc : 24
9 0.6612903225806452
7 0.06451612903225806
0 0.048387096774193554
8 0.043010752688172046
3 0.03763440860215054
4 0.03225806451612903
2 0.03225806451612903
6 0.02688172043010753
5 0.02688172043010753
1 0.02688172043010753
doc : 25
9 0.6612903225806452
7 0.05913978494623656
3 0.048387096774193554
4 0.043010752688172046
1 0.03763440860215054
0 0.03763440860215054
8 0.03225806451612903
6 0.02688172043010753
5 0.02688172043010753
2 0.02688172043010753
doc : 26
9 0.6720430107526882
0 0.05376344086021506
8 0.043010752688172046
7 0.043010752688172046
3 0.043010752688172046
4 0.03225806451612903
2 0.03225806451612903
6 0.02688172043010753
5 0.02688172043010753
1 0.02688172043010753
doc : 27
7 0.6826666666666666
9 0.09066666666666666
3 0.058666666666666666
0 0.034666666666666665
6 0.029333333333333333
2 0.024
1 0.024
8 0.021333333333333333
5 0.021333333333333333
4 0.013333333333333332
doc : 28
1 0.828054298642534
7 0.030165912518853696
9 0.024132730015082957
3 0.02262443438914027
4 0.0196078431372549
0 0.01809954751131222
8 0.016591251885369532
6 0.016591251885369532
2 0.015082956259426848
5 0.00904977375565611
doc : 29
1 0.782608695652174
0 0.06280193236714976
7 0.04830917874396135
3 0.027375201288244767
9 0.02254428341384863
2 0.014492753623188406
8 0.011272141706924315
4 0.011272141706924315
6 0.00966183574879227
5 0.00966183574879227
doc : 30
9 0.49390243902439024
3 0.07926829268292683
1 0.07317073170731708
8 0.06707317073170732
2 0.06707317073170732
7 0.06097560975609756
5 0.042682926829268296
4 0.042682926829268296
0 0.042682926829268296
6 0.03048780487804878
doc : 31
9 0.2992125984251969
7 0.22834645669291337
5 0.07874015748031496
4 0.06299212598425197
3 0.06299212598425197
0 0.06299212598425197
6 0.05511811023622047
2 0.05511811023622047
1 0.05511811023622047
8 0.03937007874015748
doc : 32
3 0.3548387096774194
7 0.10483870967741934
9 0.08870967741935484
8 0.08870967741935484
5 0.07258064516129031
4 0.06451612903225806
1 0.06451612903225806
2 0.056451612903225805
0 0.056451612903225805
6 0.04838709677419355
doc : 33
4 0.7980295566502463
8 0.06896551724137931
7 0.029556650246305417
6 0.023399014778325122
5 0.023399014778325122
3 0.017241379310344827
1 0.013546798029556651
2 0.009852216748768473
9 0.008620689655172414
0 0.007389162561576354
doc : 34
6 0.9534679543459175
0 0.007023705004389816
7 0.006145741878841089
8 0.0052677787532923615
4 0.0052677787532923615
3 0.0052677787532923615
9 0.004389815627743635
5 0.004389815627743635
2 0.004389815627743635
1 0.004389815627743635
doc : 35
8 0.5466101694915254
1 0.1483050847457627
4 0.059322033898305086
2 0.048728813559322036
9 0.0423728813559322
6 0.036016949152542374
3 0.036016949152542374
7 0.03177966101694915
0 0.029661016949152543
5 0.0211864406779661
doc : 36
0 0.2835249042145594
8 0.23371647509578544
3 0.13409961685823754
7 0.08045977011494253
6 0.06130268199233716
5 0.053639846743295014
9 0.04597701149425287
1 0.04597701149425287
4 0.034482758620689655
2 0.026819923371647507
doc : 37
5 0.667910447761194
8 0.07462686567164178
0 0.04477611940298507
7 0.041044776119402986
9 0.03731343283582089
3 0.033582089552238806
1 0.033582089552238806
4 0.029850746268656716
6 0.018656716417910446
2 0.018656716417910446
doc : 38
5 0.7041800643086816
7 0.04823151125401929
8 0.04501607717041801
9 0.04180064308681672
3 0.03536977491961415
0 0.03536977491961415
2 0.02572347266881029
1 0.02572347266881029
6 0.01929260450160772
4 0.01929260450160772
doc : 39
7 0.5941780821917808
3 0.21404109589041095
9 0.07534246575342465
0 0.0273972602739726
8 0.02054794520547945
5 0.017123287671232876
2 0.017123287671232876
6 0.011986301369863013
4 0.011986301369863013
1 0.010273972602739725
doc : 40
7 0.7196969696969697
9 0.07323232323232323
0 0.05303030303030303
3 0.04040404040404041
8 0.025252525252525256
2 0.025252525252525256
6 0.01767676767676768
1 0.01767676767676768
4 0.015151515151515152
5 0.012626262626262628
doc : 41
7 0.6936274509803921
9 0.056372549019607844
2 0.051470588235294115
0 0.051470588235294115
3 0.044117647058823525
1 0.02696078431372549
5 0.024509803921568627
6 0.0196078431372549
4 0.01715686274509804
8 0.014705882352941176
doc : 42
6 0.9543459174714662
8 0.007023705004389816
1 0.006145741878841089
7 0.0052677787532923615
0 0.0052677787532923615
9 0.004389815627743635
5 0.004389815627743635
4 0.004389815627743635
3 0.004389815627743635
2 0.004389815627743635
doc : 43
6 0.9534679543459175
7 0.006145741878841089
5 0.006145741878841089
3 0.006145741878841089
9 0.0052677787532923615
1 0.0052677787532923615
8 0.004389815627743635
4 0.004389815627743635
2 0.004389815627743635
0 0.004389815627743635
doc : 44
2 0.7338709677419355
3 0.07903225806451612
9 0.07580645161290323
1 0.020967741935483872
0 0.020967741935483872
5 0.017741935483870968
7 0.014516129032258065
8 0.012903225806451613
6 0.012903225806451613
4 0.01129032258064516
doc : 45
2 0.684596577017115
9 0.08557457212713937
3 0.07334963325183375
7 0.039119804400977995
6 0.029339853300733496
0 0.029339853300733496
1 0.019559902200488997
4 0.014669926650366748
8 0.012224938875305624
5 0.012224938875305624
doc : 46
2 0.6980108499095841
8 0.07775768535262206
5 0.045207956600361664
0 0.039783001808318265
7 0.028933092224231464
4 0.028933092224231464
6 0.023508137432188065
9 0.019891500904159132
1 0.019891500904159132
3 0.018083182640144666
doc : 47
5 0.6938369781312127
3 0.05566600397614314
9 0.04373757455268389
7 0.04373757455268389
4 0.041749502982107355
8 0.03777335984095427
6 0.029821073558648107
2 0.02783300198807157
0 0.015904572564612324
1 0.009940357852882702
doc : 48
1 0.812760055478502
3 0.03467406380027739
0 0.0319001386962552
9 0.027739251040221916
7 0.023578363384188627
2 0.020804438280166437
6 0.013869625520110958
5 0.013869625520110958
4 0.011095700416088766
8 0.00970873786407767
doc : 49
1 0.8207547169811321
3 0.04043126684636119
0 0.03234501347708895
9 0.02830188679245283
2 0.020215633423180595
8 0.01752021563342318
7 0.016172506738544475
5 0.009433962264150945
4 0.008086253369272238
6 0.006738544474393531
