doc : 0
0 0.7486033519553073
5 0.1005586592178771
8 0.025139664804469275
6 0.0223463687150838
9 0.019553072625698324
7 0.019553072625698324
1 0.019553072625698324
3 0.01675977653631285
4 0.013966480446927375
2 0.013966480446927375
doc : 1
2 0.8375269590222861
1 0.03522645578720345
7 0.03091301222142344
6 0.024442846872753415
8 0.01869158878504673
3 0.01725377426312006
9 0.015815959741193385
4 0.007189072609633357
5 0.006470165348670022
0 0.006470165348670022
doc : 2
6 0.6448
4 0.16160000000000002
3 0.038400000000000004
1 0.0368
7 0.0352
2 0.027200000000000002
8 0.0224
9 0.0128
5 0.0128
0 0.008
doc : 3
1 0.8433048433048433
2 0.03561253561253561
6 0.022792022792022793
3 0.019943019943019943
4 0.01851851851851852
8 0.01566951566951567
5 0.014245014245014245
7 0.012820512820512822
9 0.008547008547008548
0 0.008547008547008548
doc : 4
8 0.12068965517241378
7 0.12068965517241378
3 0.12068965517241378
6 0.10344827586206896
0 0.10344827586206896
9 0.08620689655172414
5 0.08620689655172414
4 0.08620689655172414
2 0.08620689655172414
1 0.08620689655172414
doc : 5
8 0.7040358744394619
6 0.0695067264573991
1 0.06053811659192825
3 0.03811659192825112
2 0.02914798206278027
4 0.026905829596412557
7 0.02242152466367713
5 0.020179372197309416
0 0.01569506726457399
9 0.013452914798206279
doc : 6
8 0.4418604651162791
3 0.06976744186046512
2 0.06976744186046512
0 0.06976744186046512
9 0.05813953488372093
7 0.05813953488372093
6 0.05813953488372093
5 0.05813953488372093
4 0.05813953488372093
1 0.05813953488372093
doc : 7
9 0.9039301310043668
6 0.016496846191169336
7 0.01601164483260553
8 0.014070839398350314
1 0.011644832605531296
4 0.011159631246967491
2 0.010674429888403687
3 0.00727802037845706
5 0.005337214944201843
0 0.003396409509946628
doc : 8
3 0.46492271105826394
2 0.09750297265160522
4 0.09393579072532698
6 0.08680142687277051
1 0.08680142687277051
7 0.07372175980975029
8 0.049940546967895356
9 0.020214030915576692
5 0.013079667063020214
0 0.013079667063020214
doc : 9
6 0.5965770171149144
8 0.07823960880195599
7 0.06845965770171149
9 0.0488997555012225
3 0.04645476772616137
1 0.044009779951100246
4 0.03667481662591687
2 0.034229828850855744
5 0.02444987775061125
0 0.022004889975550123
doc : 10
2 0.7791828793774319
3 0.054474708171206226
1 0.03988326848249027
4 0.033073929961089495
7 0.02529182879377432
6 0.024319066147859923
9 0.019455252918287938
8 0.010700389105058366
5 0.008754863813229572
0 0.0048638132295719845
doc : 11
8 0.46511627906976744
5 0.06976744186046512
9 0.05813953488372093
7 0.05813953488372093
6 0.05813953488372093
4 0.05813953488372093
3 0.05813953488372093
2 0.05813953488372093
1 0.05813953488372093
0 0.05813953488372093
doc : 12
8 0.4418604651162791
5 0.06976744186046512
2 0.06976744186046512
0 0.06976744186046512
9 0.05813953488372093
7 0.05813953488372093
6 0.05813953488372093
4 0.05813953488372093
3 0.05813953488372093
1 0.05813953488372093
doc : 13
8 0.46511627906976744
2 0.06976744186046512
9 0.05813953488372093
7 0.05813953488372093
6 0.05813953488372093
5 0.05813953488372093
4 0.05813953488372093
3 0.05813953488372093
1 0.05813953488372093
0 0.05813953488372093
doc : 14
8 0.47674418604651164
9 0.05813953488372093
7 0.05813953488372093
6 0.05813953488372093
5 0.05813953488372093
4 0.05813953488372093
3 0.05813953488372093
2 0.05813953488372093
1 0.05813953488372093
0 0.05813953488372093
doc : 15
8 0.46511627906976744
3 0.06976744186046512
9 0.05813953488372093
7 0.05813953488372093
6 0.05813953488372093
5 0.05813953488372093
4 0.05813953488372093
2 0.05813953488372093
1 0.05813953488372093
0 0.05813953488372093
doc : 16
8 0.46511627906976744
4 0.06976744186046512
9 0.05813953488372093
7 0.05813953488372093
6 0.05813953488372093
5 0.05813953488372093
3 0.05813953488372093
2 0.05813953488372093
1 0.05813953488372093
0 0.05813953488372093
doc : 17
8 0.696969696969697
1 0.05858585858585859
6 0.048484848484848485
4 0.048484848484848485
3 0.046464646464646465
2 0.03434343434343434
7 0.0202020202020202
5 0.0202020202020202
9 0.014141414141414142
0 0.012121212121212121
doc : 18
6 0.6895578551269991
3 0.08654750705550329
1 0.07243650047036689
2 0.04891815616180621
8 0.030103480714957668
4 0.024459078080903106
7 0.01693320790216369
5 0.01317027281279398
0 0.010348071495766699
9 0.007525870178739417
doc : 19
5 0.7956600361663653
0 0.16003616636528029
7 0.007233273056057866
1 0.006329113924050633
8 0.0054249547920434
6 0.0054249547920434
3 0.0054249547920434
2 0.0054249547920434
9 0.0045207956600361665
4 0.0045207956600361665
doc : 20
8 0.46511627906976744
0 0.06976744186046512
9 0.05813953488372093
7 0.05813953488372093
6 0.05813953488372093
5 0.05813953488372093
4 0.05813953488372093
3 0.05813953488372093
2 0.05813953488372093
1 0.05813953488372093
doc : 21
8 0.45348837209302323
4 0.06976744186046512
3 0.06976744186046512
9 0.05813953488372093
7 0.05813953488372093
6 0.05813953488372093
5 0.05813953488372093
2 0.05813953488372093
1 0.05813953488372093
0 0.05813953488372093
doc : 22
7 0.6870540265035678
2 0.07951070336391437
6 0.05606523955147809
1 0.04485219164118247
9 0.03567787971457696
3 0.033639143730886854
8 0.027522935779816515
5 0.0163098878695209
4 0.014271151885830786
0 0.0050968399592252805
doc : 23
3 0.7191489361702128
6 0.11063829787234043
7 0.03687943262411348
1 0.029787234042553193
4 0.028368794326241138
2 0.02269503546099291
8 0.01843971631205674
5 0.015602836879432626
0 0.011347517730496455
9 0.007092198581560284
doc : 24
7 0.27222222222222225
6 0.11111111111111112
2 0.11111111111111112
5 0.09444444444444444
8 0.08888888888888889
3 0.08888888888888889
4 0.07222222222222223
9 0.061111111111111116
1 0.05
0 0.05
doc : 25
5 0.5838056680161943
9 0.2672064777327935
0 0.04939271255060729
7 0.027530364372469633
8 0.025101214574898785
4 0.013765182186234817
3 0.012955465587044534
1 0.008906882591093117
6 0.006477732793522267
2 0.0048582995951417
doc : 26
6 0.6294117647058823
4 0.09215686274509804
2 0.07058823529411765
1 0.07058823529411765
3 0.03333333333333333
7 0.029411764705882353
5 0.023529411764705882
8 0.021568627450980392
0 0.0196078431372549
9 0.00980392156862745
doc : 27
1 0.7723577235772359
2 0.05894308943089432
8 0.03861788617886179
3 0.030487804878048783
6 0.024390243902439025
7 0.020325203252032523
4 0.020325203252032523
9 0.012195121951219513
5 0.012195121951219513
0 0.010162601626016262
doc : 28
0 0.9066363865758263
5 0.07014887711329801
1 0.004542013626040878
6 0.004289679535705274
8 0.003028009084027252
7 0.003028009084027252
9 0.0025233409033560434
3 0.0025233409033560434
2 0.0017663386323492304
4 0.001514004542013626
doc : 29
6 0.39849624060150374
4 0.20300751879699247
2 0.06766917293233082
8 0.06015037593984962
7 0.05263157894736842
1 0.05263157894736842
9 0.045112781954887216
3 0.045112781954887216
5 0.03759398496240601
0 0.03759398496240601
doc : 30
1 0.858710562414266
2 0.0233196159122085
8 0.0205761316872428
4 0.0205761316872428
3 0.0205761316872428
6 0.019204389574759943
9 0.010973936899862825
7 0.009602194787379972
5 0.008230452674897118
0 0.008230452674897118
doc : 31
8 0.47674418604651164
9 0.05813953488372093
7 0.05813953488372093
6 0.05813953488372093
5 0.05813953488372093
4 0.05813953488372093
3 0.05813953488372093
2 0.05813953488372093
1 0.05813953488372093
0 0.05813953488372093
doc : 32
8 0.45348837209302323
6 0.06976744186046512
3 0.06976744186046512
9 0.05813953488372093
7 0.05813953488372093
5 0.05813953488372093
4 0.05813953488372093
2 0.05813953488372093
1 0.05813953488372093
0 0.05813953488372093
doc : 33
8 0.45348837209302323
5 0.06976744186046512
0 0.06976744186046512
9 0.05813953488372093
7 0.05813953488372093
6 0.05813953488372093
4 0.05813953488372093
3 0.05813953488372093
2 0.05813953488372093
1 0.05813953488372093
doc : 34
7 0.7365684575389948
8 0.09705372616984402
4 0.04332755632582322
6 0.02946273830155979
9 0.019064124783362217
5 0.01733102253032929
2 0.01733102253032929
1 0.01733102253032929
3 0.012131715771230503
0 0.010398613518197573
doc : 35
3 0.6480099502487562
1 0.18656716417910446
2 0.04975124378109452
8 0.02860696517412935
6 0.022388059701492536
5 0.018656716417910446
4 0.013681592039800995
9 0.011194029850746268
7 0.011194029850746268
0 0.009950248756218905
doc : 36
4 0.26273458445040215
6 0.18766756032171583
7 0.16621983914209115
1 0.10991957104557641
3 0.08042895442359249
8 0.06970509383378017
9 0.040214477211796246
2 0.040214477211796246
5 0.029490616621983913
0 0.013404825737265416
doc : 37
6 0.5617433414043583
7 0.08716707021791768
3 0.08232445520581114
1 0.06779661016949153
5 0.05569007263922519
9 0.04116222760290557
4 0.0387409200968523
0 0.026634382566585957
8 0.02421307506053269
2 0.014527845036319613
doc : 38
7 0.25210084033613445
4 0.1764705882352941
6 0.15966386554621848
1 0.07563025210084033
3 0.06722689075630252
8 0.058823529411764705
5 0.058823529411764705
0 0.058823529411764705
2 0.05042016806722689
9 0.04201680672268907
doc : 39
8 0.45348837209302323
4 0.06976744186046512
1 0.06976744186046512
9 0.05813953488372093
7 0.05813953488372093
6 0.05813953488372093
5 0.05813953488372093
3 0.05813953488372093
2 0.05813953488372093
0 0.05813953488372093
doc : 40
8 0.45348837209302323
4 0.06976744186046512
3 0.06976744186046512
9 0.05813953488372093
7 0.05813953488372093
6 0.05813953488372093
5 0.05813953488372093
2 0.05813953488372093
1 0.05813953488372093
0 0.05813953488372093
doc : 41
8 0.46511627906976744
0 0.06976744186046512
9 0.05813953488372093
7 0.05813953488372093
6 0.05813953488372093
5 0.05813953488372093
4 0.05813953488372093
3 0.05813953488372093
2 0.05813953488372093
1 0.05813953488372093
doc : 42
3 0.6824583866837388
6 0.06658130601792574
1 0.06658130601792574
4 0.05505761843790013
7 0.03969270166453265
2 0.030729833546734954
8 0.023047375160051217
5 0.016645326504481434
0 0.011523687580025609
9 0.0076824583866837385
doc : 43
7 0.2828282828282829
6 0.16161616161616163
8 0.09090909090909091
5 0.08080808080808081
4 0.08080808080808081
3 0.07070707070707072
9 0.06060606060606061
1 0.06060606060606061
0 0.06060606060606061
2 0.05050505050505051
doc : 44
2 0.44949494949494956
7 0.16161616161616163
8 0.11616161616161617
3 0.06060606060606061
4 0.045454545454545456
9 0.04040404040404041
5 0.03535353535353536
1 0.03535353535353536
0 0.030303030303030304
6 0.025252525252525256
doc : 45
4 0.9026243093922651
8 0.017265193370165743
3 0.017265193370165743
7 0.015193370165745856
1 0.010359116022099447
9 0.009668508287292817
2 0.009668508287292817
6 0.008287292817679558
5 0.004834254143646409
0 0.004834254143646409
doc : 46
4 0.9059266227657573
1 0.01599247412982126
2 0.015051740357478834
3 0.011288805268109126
9 0.010348071495766699
6 0.009407337723424272
7 0.008466603951081845
0 0.008466603951081845
8 0.007525870178739417
5 0.007525870178739417
doc : 47
9 0.7612359550561798
3 0.05337078651685393
8 0.03089887640449438
4 0.028089887640449437
7 0.025280898876404494
5 0.02247191011235955
0 0.02247191011235955
2 0.019662921348314606
1 0.019662921348314606
6 0.016853932584269662
doc : 48
7 0.4872881355932203
2 0.0847457627118644
6 0.08050847457627118
1 0.08050847457627118
9 0.05084745762711865
8 0.05084745762711865
3 0.05084745762711865
4 0.0423728813559322
5 0.038135593220338986
0 0.03389830508474576
doc : 49
8 0.4418604651162791
7 0.08139534883720931
9 0.06976744186046512
6 0.05813953488372093
5 0.05813953488372093
4 0.05813953488372093
3 0.05813953488372093
2 0.05813953488372093
1 0.05813953488372093
0 0.05813953488372093
