doc : 0
2 0.27099236641221375
5 0.16030534351145037
4 0.13358778625954199
1 0.09923664122137404
0 0.07633587786259542
8 0.07251908396946564
6 0.06870229007633588
9 0.04198473282442748
3 0.04198473282442748
7 0.03435114503816794
doc : 1
4 0.32558139534883723
9 0.09302325581395349
2 0.09302325581395349
8 0.08139534883720931
7 0.06976744186046512
6 0.06976744186046512
3 0.06976744186046512
1 0.06976744186046512
0 0.06976744186046512
5 0.05813953488372093
doc : 2
0 0.19736842105263158
9 0.1644736842105263
6 0.1381578947368421
4 0.11842105263157894
5 0.09868421052631579
2 0.08552631578947367
8 0.05921052631578947
3 0.05263157894736842
1 0.05263157894736842
7 0.03289473684210526
doc : 3
0 0.8045685279187816
3 0.032994923857868015
8 0.03045685279187817
6 0.025380710659898477
2 0.02030456852791878
1 0.02030456852791878
9 0.017766497461928932
5 0.017766497461928932
4 0.017766497461928932
7 0.012690355329949238
doc : 4
0 0.8094059405940595
6 0.0297029702970297
5 0.027227722772277228
2 0.027227722772277228
1 0.022277227722772276
9 0.019801980198019802
7 0.017326732673267328
3 0.017326732673267328
8 0.01485148514851485
4 0.01485148514851485
doc : 5
0 0.8451776649746192
1 0.02284263959390863
8 0.02030456852791878
2 0.02030456852791878
5 0.017766497461928932
3 0.017766497461928932
9 0.015228426395939085
7 0.015228426395939085
6 0.012690355329949238
4 0.012690355329949238
doc : 6
1 0.282258064516129
3 0.14516129032258063
4 0.11290322580645161
9 0.08870967741935484
6 0.08064516129032258
7 0.06451612903225806
5 0.06451612903225806
8 0.056451612903225805
2 0.056451612903225805
0 0.04838709677419355
doc : 7
8 0.7364939360529217
3 0.0970231532524807
4 0.05181918412348401
9 0.023153252480705624
1 0.023153252480705624
2 0.02205071664829107
0 0.016538037486218304
6 0.012127894156560088
5 0.009922822491730982
7 0.007717750826901874
doc : 8
6 0.7935483870967742
0 0.041935483870967745
8 0.025806451612903226
1 0.025806451612903226
9 0.01935483870967742
7 0.01935483870967742
5 0.01935483870967742
4 0.01935483870967742
2 0.01935483870967742
3 0.016129032258064516
doc : 9
6 0.7774193548387097
0 0.03870967741935484
1 0.03225806451612903
9 0.025806451612903226
2 0.025806451612903226
8 0.02258064516129032
4 0.02258064516129032
7 0.01935483870967742
5 0.01935483870967742
3 0.016129032258064516
doc : 10
6 0.75
0 0.03985507246376812
5 0.036231884057971016
8 0.03260869565217391
3 0.028985507246376812
4 0.025362318840579712
2 0.025362318840579712
7 0.021739130434782608
1 0.021739130434782608
9 0.018115942028985508
doc : 11
6 0.6018276762402088
8 0.09921671018276762
4 0.07571801566579635
9 0.06005221932114883
3 0.044386422976501305
1 0.03655352480417755
2 0.02610966057441253
0 0.024804177545691905
5 0.02349869451697128
7 0.00783289817232376
doc : 12
6 0.7885196374622356
5 0.03927492447129909
0 0.030211480362537763
9 0.027190332326283987
2 0.027190332326283987
8 0.021148036253776436
4 0.01812688821752266
1 0.01812688821752266
7 0.015105740181268881
3 0.015105740181268881
doc : 13
5 0.44881889763779526
1 0.15354330708661418
8 0.12992125984251968
3 0.09055118110236221
2 0.05511811023622047
7 0.027559055118110236
4 0.027559055118110236
9 0.023622047244094488
0 0.023622047244094488
6 0.01968503937007874
doc : 14
0 0.8403990024937655
5 0.022443890274314215
4 0.022443890274314215
8 0.0199501246882793
6 0.0199501246882793
9 0.017456359102244388
7 0.017456359102244388
3 0.014962593516209476
2 0.012468827930174564
1 0.012468827930174564
doc : 15
7 0.9054263565891473
3 0.015503875968992248
9 0.013953488372093023
8 0.010852713178294573
2 0.010852713178294573
6 0.009302325581395349
1 0.009302325581395349
0 0.009302325581395349
5 0.007751937984496124
4 0.007751937984496124
doc : 16
3 0.1518987341772152
1 0.13924050632911392
9 0.10126582278481013
6 0.10126582278481013
5 0.10126582278481013
4 0.10126582278481013
8 0.08860759493670886
2 0.08860759493670886
7 0.06329113924050633
0 0.06329113924050633
doc : 17
5 0.8141592920353982
0 0.030973451327433628
9 0.022123893805309734
8 0.022123893805309734
4 0.01991150442477876
3 0.01991150442477876
1 0.01991150442477876
7 0.017699115044247787
2 0.017699115044247787
6 0.015486725663716814
doc : 18
8 0.5881435257410297
1 0.1544461778471139
3 0.0904836193447738
5 0.0405616224648986
2 0.0405616224648986
9 0.028081123244929798
6 0.0249609984399376
0 0.0124804992199688
7 0.0109204368174727
4 0.0093603744149766
doc : 19
5 0.7654723127035831
8 0.03257328990228013
2 0.03257328990228013
4 0.02931596091205212
3 0.02931596091205212
9 0.026058631921824105
7 0.02280130293159609
6 0.02280130293159609
0 0.02280130293159609
1 0.016286644951140065
doc : 20
3 0.4348659003831417
5 0.1111111111111111
7 0.1053639846743295
9 0.09003831417624521
2 0.07088122605363985
1 0.06130268199233716
4 0.05172413793103448
8 0.034482758620689655
0 0.02490421455938697
6 0.01532567049808429
doc : 21
4 0.3722627737226277
5 0.16058394160583941
0 0.08759124087591241
3 0.072992700729927
2 0.06569343065693431
8 0.058394160583941604
6 0.051094890510948905
1 0.051094890510948905
7 0.043795620437956206
9 0.0364963503649635
doc : 22
9 0.20253164556962025
4 0.16455696202531644
3 0.10126582278481013
1 0.10126582278481013
5 0.08860759493670886
2 0.0759493670886076
0 0.0759493670886076
8 0.06329113924050633
7 0.06329113924050633
6 0.06329113924050633
doc : 23
2 0.7493670886075949
9 0.053164556962025315
6 0.04556962025316456
3 0.03037974683544304
5 0.02531645569620253
4 0.02531645569620253
7 0.020253164556962026
0 0.020253164556962026
8 0.01518987341772152
1 0.01518987341772152
doc : 24
0 0.8477157360406091
9 0.02030456852791878
6 0.02030456852791878
5 0.02030456852791878
2 0.02030456852791878
8 0.015228426395939085
7 0.015228426395939085
3 0.015228426395939085
4 0.012690355329949238
1 0.012690355329949238
doc : 25
0 0.8225419664268585
1 0.02398081534772182
9 0.021582733812949638
6 0.021582733812949638
4 0.021582733812949638
8 0.019184652278177457
5 0.019184652278177457
2 0.019184652278177457
3 0.016786570743405275
7 0.014388489208633093
doc : 26
7 0.9212283044058744
5 0.012016021361815754
1 0.012016021361815754
0 0.009345794392523364
9 0.008010680907877168
8 0.008010680907877168
4 0.008010680907877168
3 0.008010680907877168
6 0.006675567423230975
2 0.006675567423230975
doc : 27
4 0.5292479108635098
3 0.0947075208913649
2 0.08356545961002786
5 0.06963788300835655
9 0.0584958217270195
7 0.03899721448467967
8 0.036211699164345405
6 0.036211699164345405
0 0.033426183844011144
1 0.019498607242339833
doc : 28
1 0.7178988326848249
8 0.042801556420233464
6 0.042801556420233464
2 0.03696498054474708
3 0.03501945525291829
9 0.029182879377431907
5 0.029182879377431907
4 0.027237354085603113
0 0.021400778210116732
7 0.017509727626459144
doc : 29
4 0.5789473684210527
5 0.09210526315789473
0 0.05263157894736842
7 0.046052631578947366
3 0.046052631578947366
9 0.039473684210526314
6 0.039473684210526314
1 0.039473684210526314
8 0.03289473684210526
2 0.03289473684210526
doc : 30
2 0.6860841423948221
9 0.06796116504854369
6 0.045307443365695796
8 0.03559870550161812
3 0.03236245954692557
1 0.03236245954692557
7 0.02912621359223301
0 0.02912621359223301
4 0.025889967637540454
5 0.016181229773462785
doc : 31
4 0.3023255813953488
3 0.10465116279069767
2 0.10465116279069767
8 0.08139534883720931
6 0.08139534883720931
9 0.06976744186046512
7 0.06976744186046512
1 0.06976744186046512
5 0.05813953488372093
0 0.05813953488372093
doc : 32
9 0.49537037037037035
6 0.12962962962962962
3 0.10185185185185185
2 0.05092592592592592
1 0.046296296296296294
7 0.041666666666666664
4 0.041666666666666664
5 0.032407407407407406
0 0.032407407407407406
8 0.027777777777777776
doc : 33
6 0.35897435897435903
8 0.11965811965811968
5 0.07692307692307693
4 0.07692307692307693
1 0.07692307692307693
2 0.06837606837606838
9 0.05982905982905984
3 0.05982905982905984
7 0.05128205128205129
0 0.05128205128205129
doc : 34
7 0.9057971014492754
5 0.015942028985507246
4 0.011594202898550725
3 0.011594202898550725
0 0.011594202898550725
8 0.010144927536231883
1 0.010144927536231883
6 0.008695652173913044
9 0.007246376811594203
2 0.007246376811594203
doc : 35
3 0.7117988394584139
7 0.0793036750483559
9 0.05029013539651837
6 0.04061895551257253
5 0.029013539651837523
4 0.029013539651837523
2 0.017408123791102514
0 0.017408123791102514
8 0.015473887814313346
1 0.009671179883945842
doc : 36
9 0.653061224489796
4 0.0489795918367347
2 0.0489795918367347
0 0.0489795918367347
3 0.04489795918367347
6 0.036734693877551024
5 0.036734693877551024
7 0.028571428571428574
1 0.028571428571428574
8 0.02448979591836735
doc : 37
8 0.6943820224719102
1 0.08314606741573034
9 0.038202247191011236
6 0.03370786516853933
4 0.03370786516853933
2 0.03146067415730337
3 0.029213483146067417
0 0.022471910112359553
7 0.020224719101123598
5 0.01348314606741573
doc : 38
7 0.9021739130434783
6 0.01358695652173913
5 0.01358695652173913
4 0.010869565217391304
3 0.010869565217391304
1 0.010869565217391304
0 0.010869565217391304
9 0.009510869565217392
8 0.009510869565217392
2 0.008152173913043478
doc : 39
7 0.9056865464632455
5 0.023578363384188627
6 0.013869625520110958
0 0.011095700416088766
4 0.00970873786407767
3 0.008321775312066574
9 0.006934812760055479
8 0.006934812760055479
2 0.006934812760055479
1 0.006934812760055479
doc : 40
7 0.9099378881987576
9 0.017080745341614904
8 0.012422360248447204
6 0.009316770186335404
5 0.009316770186335404
2 0.009316770186335404
0 0.009316770186335404
4 0.007763975155279502
3 0.007763975155279502
1 0.007763975155279502
doc : 41
7 0.9181547619047619
2 0.011904761904761904
5 0.010416666666666666
3 0.010416666666666666
1 0.010416666666666666
6 0.008928571428571428
9 0.00744047619047619
8 0.00744047619047619
4 0.00744047619047619
0 0.00744047619047619
doc : 42
1 0.6709265175718849
9 0.07028753993610223
6 0.06389776357827476
8 0.051118210862619806
2 0.03194888178913738
4 0.025559105431309903
3 0.025559105431309903
0 0.022364217252396165
7 0.019169329073482427
5 0.019169329073482427
doc : 43
8 0.18085106382978722
1 0.13829787234042554
2 0.11702127659574468
6 0.10638297872340426
9 0.09574468085106383
4 0.0851063829787234
5 0.07446808510638298
3 0.07446808510638298
7 0.06382978723404255
0 0.06382978723404255
doc : 44
5 0.7267267267267267
7 0.057057057057057055
3 0.04504504504504504
6 0.03903903903903904
2 0.02702702702702703
9 0.024024024024024024
4 0.024024024024024024
1 0.02102102102102102
0 0.02102102102102102
8 0.015015015015015015
doc : 45
9 0.5810055865921788
5 0.1005586592178771
3 0.09776536312849163
7 0.04748603351955307
0 0.036312849162011177
6 0.030726256983240226
8 0.02793296089385475
2 0.02793296089385475
1 0.02793296089385475
4 0.0223463687150838
doc : 46
2 0.5815789473684211
8 0.08421052631578947
5 0.06842105263157895
3 0.06315789473684211
4 0.04736842105263158
1 0.04473684210526316
9 0.034210526315789476
7 0.02631578947368421
0 0.02631578947368421
6 0.02368421052631579
doc : 47
5 0.7718750000000001
7 0.037500000000000006
1 0.034375
3 0.03125
0 0.028125
4 0.025
9 0.018750000000000003
8 0.018750000000000003
6 0.018750000000000003
2 0.015625
doc : 48
5 0.7474402730375427
2 0.03754266211604096
9 0.034129692832764506
3 0.034129692832764506
7 0.030716723549488054
8 0.027303754266211604
4 0.027303754266211604
0 0.027303754266211604
6 0.017064846416382253
1 0.017064846416382253
doc : 49
6 0.7573770491803279
7 0.036065573770491806
1 0.036065573770491806
8 0.029508196721311476
4 0.02622950819672131
3 0.02622950819672131
0 0.02622950819672131
9 0.022950819672131147
2 0.022950819672131147
5 0.01639344262295082
