doc : 0
3 0.9452690166975881
4 0.010204081632653062
9 0.00927643784786642
8 0.0055658627087198514
5 0.0055658627087198514
1 0.0055658627087198514
7 0.00463821892393321
6 0.00463821892393321
2 0.00463821892393321
0 0.00463821892393321
doc : 1
7 0.712468193384224
0 0.12977099236641224
9 0.04834605597964377
1 0.02290076335877863
4 0.020356234096692113
8 0.019083969465648856
5 0.016539440203562343
6 0.015267175572519085
3 0.0076335877862595426
2 0.0076335877862595426
doc : 2
7 0.21038961038961038
0 0.16623376623376623
2 0.15584415584415584
9 0.14545454545454545
3 0.07532467532467532
4 0.06753246753246753
6 0.06233766233766234
1 0.05454545454545454
8 0.033766233766233764
5 0.02857142857142857
doc : 3
7 0.7881269191402251
0 0.11156601842374617
9 0.019447287615148415
5 0.019447287615148415
6 0.012282497441146366
3 0.011258955987717503
1 0.011258955987717503
8 0.01023541453428864
4 0.01023541453428864
2 0.006141248720573183
doc : 4
6 0.7833089311859444
7 0.08638360175695461
0 0.029282576866764276
2 0.024890190336749635
9 0.014641288433382138
5 0.013177159590043924
4 0.013177159590043924
8 0.01171303074670571
3 0.01171303074670571
1 0.01171303074670571
doc : 5
4 0.7676095396561288
3 0.13643926788685526
5 0.04215196894065447
0 0.012756516916250694
9 0.012201885745978925
7 0.007210205213533001
8 0.006655574043261232
1 0.006655574043261232
6 0.004437049362174155
2 0.0038824181919023854
doc : 6
1 0.8085106382978724
7 0.060470324748040316
0 0.036954087346024636
6 0.025755879059350503
9 0.014557670772676373
3 0.01343784994400896
4 0.011198208286674132
2 0.011198208286674132
8 0.010078387458006719
5 0.007838745800671893
doc : 7
6 0.44142614601018676
7 0.30390492359932086
0 0.08488964346349745
1 0.03565365025466893
9 0.03225806451612903
4 0.028862478777589132
3 0.022071307300509338
5 0.020373514431239387
8 0.015280135823429542
2 0.015280135823429542
doc : 8
4 0.6031746031746033
3 0.2920634920634921
0 0.022222222222222223
1 0.020105820105820106
9 0.01904761904761905
5 0.012698412698412698
8 0.008465608465608466
7 0.007407407407407408
6 0.007407407407407408
2 0.007407407407407408
doc : 9
0 0.6671802773497689
7 0.15562403697996918
1 0.040061633281972264
9 0.03697996918335902
6 0.023112480739599383
4 0.023112480739599383
5 0.020030816640986132
2 0.01386748844375963
8 0.01078582434514638
3 0.009244992295839754
doc : 10
3 0.9412844036697248
5 0.011009174311926606
1 0.007339449541284404
9 0.006422018348623854
6 0.006422018348623854
0 0.006422018348623854
8 0.005504587155963303
7 0.005504587155963303
4 0.005504587155963303
2 0.0045871559633027525
doc : 11
8 0.8353510895883778
6 0.026634382566585957
7 0.02179176755447942
5 0.02179176755447942
2 0.01937046004842615
9 0.01694915254237288
3 0.01694915254237288
4 0.014527845036319613
0 0.014527845036319613
1 0.012106537530266345
doc : 12
8 0.8361445783132531
1 0.024096385542168676
7 0.02168674698795181
2 0.02168674698795181
4 0.01927710843373494
9 0.016867469879518072
5 0.016867469879518072
0 0.016867469879518072
6 0.014457831325301207
3 0.012048192771084338
doc : 13
8 0.804932735426009
7 0.04035874439461883
9 0.03587443946188341
2 0.026905829596412557
4 0.02242152466367713
1 0.01569506726457399
0 0.01569506726457399
5 0.013452914798206279
3 0.013452914798206279
6 0.011210762331838564
doc : 14
8 0.8289205702647657
6 0.048879837067209775
1 0.024439918533604887
9 0.018329938900203666
7 0.016293279022403257
4 0.01425661914460285
2 0.01425661914460285
5 0.012219959266802444
0 0.012219959266802444
3 0.010183299389002035
doc : 15
7 0.7163120567375887
0 0.08983451536643025
6 0.037825059101654845
9 0.030732860520094562
4 0.028368794326241134
8 0.02127659574468085
5 0.02127659574468085
2 0.02127659574468085
1 0.018912529550827423
3 0.014184397163120567
doc : 16
7 0.49390243902439024
4 0.24695121951219512
5 0.054878048780487805
3 0.042682926829268296
2 0.039634146341463415
6 0.03353658536585366
9 0.027439024390243903
0 0.024390243902439025
8 0.01829268292682927
1 0.01829268292682927
doc : 17
1 0.7839687194525904
7 0.12316715542521994
9 0.015640273704789834
5 0.015640273704789834
8 0.01466275659824047
0 0.013685239491691105
6 0.012707722385141739
2 0.007820136852394917
3 0.006842619745845552
4 0.005865102639296188
doc : 18
1 0.8328141225337486
7 0.05088265835929387
9 0.02388369678089304
6 0.021806853582554516
0 0.01557632398753894
5 0.012461059190031152
3 0.012461059190031152
4 0.01142263759086189
8 0.009345794392523364
2 0.009345794392523364
doc : 19
1 0.7773933102652826
7 0.05997693194925029
0 0.050749711649365634
6 0.025374855824682817
9 0.020761245674740483
8 0.01730103806228374
4 0.01384083044982699
5 0.012687427912341408
3 0.012687427912341408
2 0.00922722029988466
doc : 20
0 0.6520681265206812
7 0.17518248175182483
1 0.046228710462287104
6 0.0413625304136253
9 0.018248175182481754
5 0.018248175182481754
2 0.015815085158150853
8 0.013381995133819952
4 0.013381995133819952
3 0.006082725060827251
doc : 21
3 0.9424860853432282
9 0.010204081632653062
4 0.010204081632653062
1 0.0074211502782931356
8 0.0055658627087198514
5 0.0055658627087198514
7 0.00463821892393321
6 0.00463821892393321
2 0.00463821892393321
0 0.00463821892393321
doc : 22
1 0.7979899497487438
7 0.10150753768844221
0 0.02311557788944724
5 0.019095477386934675
6 0.016080402010050253
4 0.011055276381909548
2 0.009045226130653268
8 0.008040201005025126
3 0.008040201005025126
9 0.006030150753768845
doc : 23
1 0.8167053364269141
7 0.048723897911832945
0 0.03944315545243619
5 0.025522041763341066
9 0.015081206496519721
3 0.012761020881670533
2 0.012761020881670533
6 0.010440835266821345
8 0.009280742459396751
4 0.009280742459396751
doc : 24
1 0.8665018541409146
7 0.030902348578491962
9 0.021013597033374534
0 0.014833127317676142
3 0.013597033374536464
5 0.012360939431396784
6 0.011124845488257106
2 0.011124845488257106
4 0.009888751545117428
8 0.00865265760197775
doc : 25
2 0.8766140602582497
6 0.03586800573888092
9 0.01865136298421808
8 0.01291248206599713
7 0.01291248206599713
0 0.010043041606886658
5 0.008608321377331422
4 0.008608321377331422
3 0.008608321377331422
1 0.007173601147776184
doc : 26
8 0.824634655532359
6 0.056367432150313146
1 0.020876826722338204
9 0.016701461377870562
4 0.014613778705636741
3 0.014613778705636741
0 0.014613778705636741
7 0.012526096033402922
5 0.012526096033402922
2 0.012526096033402922
doc : 27
8 0.8557457212713936
0 0.022004889975550123
7 0.019559902200488997
5 0.017114914425427872
2 0.017114914425427872
9 0.014669926650366748
6 0.014669926650366748
3 0.014669926650366748
4 0.012224938875305624
1 0.012224938875305624
doc : 28
8 0.8041958041958042
7 0.037296037296037296
0 0.027972027972027972
1 0.02564102564102564
6 0.018648018648018648
5 0.018648018648018648
4 0.018648018648018648
2 0.018648018648018648
3 0.016317016317016316
9 0.013986013986013986
doc : 29
8 0.8530120481927712
7 0.024096385542168676
0 0.024096385542168676
5 0.016867469879518072
9 0.014457831325301207
6 0.014457831325301207
4 0.014457831325301207
1 0.014457831325301207
3 0.012048192771084338
2 0.012048192771084338
doc : 30
5 0.9498464687819856
7 0.012282497441146366
0 0.0076765609007164795
4 0.006141248720573183
9 0.0040941658137154556
8 0.0040941658137154556
6 0.0040941658137154556
3 0.0040941658137154556
1 0.0040941658137154556
2 0.0035823950870010235
doc : 31
2 0.5379008746355685
7 0.2565597667638484
0 0.07434402332361516
1 0.03206997084548105
9 0.021865889212827987
4 0.021865889212827987
5 0.02040816326530612
6 0.014577259475218658
8 0.013119533527696793
3 0.007288629737609329
doc : 32
3 0.9211822660098522
9 0.014778325123152709
1 0.011083743842364532
4 0.009852216748768473
6 0.008620689655172414
8 0.007389162561576354
5 0.007389162561576354
2 0.007389162561576354
7 0.006157635467980296
0 0.006157635467980296
doc : 33
5 0.9489953632148378
7 0.011334363730036065
4 0.006697578567748583
3 0.006697578567748583
0 0.006182380216383308
9 0.004636785162287481
2 0.004636785162287481
8 0.0036063884595569297
6 0.0036063884595569297
1 0.0036063884595569297
doc : 34
5 0.9464656964656966
3 0.012993762993762994
7 0.009355509355509356
4 0.006756756756756757
0 0.005717255717255718
8 0.005197505197505198
9 0.004677754677754678
6 0.0031185031185031187
2 0.0031185031185031187
1 0.002598752598752599
doc : 35
7 0.1743119266055046
0 0.1743119266055046
9 0.11009174311926606
5 0.11009174311926606
2 0.09174311926605505
8 0.08256880733944955
4 0.07339449541284404
6 0.06422018348623854
1 0.06422018348623854
3 0.05504587155963303
doc : 36
0 0.7098445595854922
7 0.08393782383419689
1 0.05906735751295337
9 0.035233160621761656
4 0.03005181347150259
6 0.024870466321243522
8 0.017616580310880828
3 0.016580310880829015
5 0.012435233160621761
2 0.010362694300518133
doc : 37
7 0.4456140350877193
0 0.10526315789473685
5 0.10175438596491228
6 0.06315789473684211
4 0.05964912280701754
9 0.052631578947368425
8 0.0456140350877193
1 0.0456140350877193
3 0.042105263157894736
2 0.03859649122807018
doc : 38
8 0.8417582417582418
6 0.03076923076923077
4 0.021978021978021976
1 0.01978021978021978
7 0.017582417582417582
3 0.017582417582417582
0 0.015384615384615385
2 0.013186813186813187
9 0.010989010989010988
5 0.010989010989010988
doc : 39
8 0.8274231678486997
7 0.028368794326241134
4 0.02364066193853428
0 0.02364066193853428
9 0.018912529550827423
2 0.018912529550827423
3 0.016548463356973995
6 0.014184397163120567
5 0.014184397163120567
1 0.014184397163120567
doc : 40
8 0.8211586901763224
7 0.03526448362720403
9 0.020151133501259445
2 0.020151133501259445
6 0.017632241813602016
4 0.017632241813602016
3 0.017632241813602016
1 0.017632241813602016
0 0.017632241813602016
5 0.015113350125944584
doc : 41
7 0.36363636363636365
0 0.13636363636363638
4 0.08441558441558442
3 0.07792207792207792
9 0.07142857142857144
1 0.07142857142857144
6 0.05194805194805195
5 0.05194805194805195
2 0.05194805194805195
8 0.03896103896103896
doc : 42
1 0.8463476070528967
7 0.04030226700251889
9 0.020151133501259445
0 0.020151133501259445
4 0.017632241813602016
6 0.012594458438287152
8 0.011335012594458438
5 0.011335012594458438
2 0.011335012594458438
3 0.008816120906801008
doc : 43
3 0.9465930018416207
5 0.007366482504604052
4 0.007366482504604052
7 0.006445672191528545
9 0.0055248618784530384
8 0.0055248618784530384
6 0.0055248618784530384
1 0.0055248618784530384
0 0.0055248618784530384
2 0.004604051565377533
doc : 44
9 0.9212050984936269
3 0.015063731170336037
8 0.009269988412514484
7 0.009269988412514484
5 0.009269988412514484
2 0.008111239860950173
1 0.008111239860950173
4 0.006952491309385863
0 0.006952491309385863
6 0.005793742757821553
doc : 45
9 0.916013437849944
8 0.0167973124300112
4 0.01343784994400896
5 0.008958566629339306
3 0.008958566629339306
7 0.007838745800671893
6 0.007838745800671893
1 0.007838745800671893
0 0.00671892497200448
2 0.005599104143337066
doc : 46
6 0.7838899803536346
7 0.06483300589390963
1 0.03143418467583497
0 0.027504911591355596
2 0.021611001964636542
9 0.01768172888015717
3 0.015717092337917484
8 0.013752455795677798
5 0.013752455795677798
4 0.009823182711198428
doc : 47
1 0.8501400560224089
7 0.036414565826330535
9 0.029411764705882353
3 0.02100840336134454
0 0.014005602240896359
6 0.011204481792717087
2 0.011204481792717087
5 0.00980392156862745
4 0.00980392156862745
8 0.0070028011204481795
doc : 48
1 0.564963503649635
7 0.310948905109489
0 0.049635036496350364
9 0.016058394160583942
4 0.01532846715328467
6 0.012408759124087591
5 0.01094890510948905
2 0.00948905109489051
3 0.00583941605839416
8 0.00437956204379562
doc : 49
8 0.8287153652392947
6 0.027707808564231738
9 0.022670025188916875
5 0.022670025188916875
1 0.020151133501259445
7 0.017632241813602016
4 0.017632241813602016
2 0.015113350125944584
0 0.015113350125944584
3 0.012594458438287152
