doc : 0
0 0.748356807511737
6 0.08075117370892018
8 0.04788732394366197
3 0.03568075117370892
2 0.02253521126760563
1 0.01596244131455399
5 0.014084507042253521
9 0.012206572769953052
7 0.011267605633802816
4 0.011267605633802816
doc : 1
0 0.8249027237354085
9 0.04085603112840467
3 0.029182879377431907
2 0.027237354085603113
4 0.019455252918287938
8 0.013618677042801557
1 0.013618677042801557
5 0.011673151750972763
7 0.009727626459143969
6 0.009727626459143969
doc : 2
0 0.8194361127774444
9 0.0647870425914817
5 0.03479304139172165
6 0.020995800839832032
4 0.017396520695860826
7 0.012597480503899219
8 0.007798440311937611
3 0.007798440311937611
1 0.007798440311937611
2 0.0065986802639472104
doc : 3
6 0.546875
1 0.0703125
3 0.0625
5 0.0546875
0 0.0546875
8 0.046875
4 0.046875
9 0.0390625
7 0.0390625
2 0.0390625
doc : 4
6 0.3695652173913044
0 0.2318840579710145
8 0.07608695652173914
4 0.07246376811594203
5 0.05434782608695652
3 0.05434782608695652
9 0.050724637681159424
7 0.03260869565217391
2 0.03260869565217391
1 0.025362318840579712
doc : 5
6 0.6037735849056604
8 0.08018867924528301
1 0.08018867924528301
4 0.04245283018867924
5 0.03773584905660377
3 0.03773584905660377
7 0.0330188679245283
9 0.02830188679245283
2 0.02830188679245283
0 0.02830188679245283
doc : 6
6 0.6190476190476191
4 0.07738095238095238
8 0.05357142857142857
5 0.047619047619047616
1 0.047619047619047616
7 0.03571428571428571
9 0.02976190476190476
3 0.02976190476190476
2 0.02976190476190476
0 0.02976190476190476
doc : 7
3 0.7996742671009772
8 0.05374592833876222
5 0.03257328990228013
1 0.021172638436482087
0 0.021172638436482087
2 0.01954397394136808
9 0.016286644951140065
4 0.013029315960912053
7 0.011400651465798045
6 0.011400651465798045
doc : 8
8 0.5596330275229358
3 0.1162079510703364
4 0.08256880733944955
6 0.04892966360856269
9 0.04281345565749235
0 0.04281345565749235
5 0.03669724770642202
2 0.027522935779816515
1 0.027522935779816515
7 0.01529051987767584
doc : 9
8 0.9352997145575642
4 0.010466222645099905
9 0.009514747859181731
6 0.008563273073263558
3 0.008563273073263558
1 0.006660323501427212
7 0.005708848715509039
0 0.005708848715509039
5 0.004757373929590866
2 0.004757373929590866
doc : 10
5 0.6666666666666666
3 0.04892966360856269
2 0.04892966360856269
0 0.04892966360856269
9 0.04281345565749235
4 0.03363914373088685
6 0.03058103975535168
1 0.03058103975535168
8 0.027522935779816515
7 0.021406727828746176
doc : 11
6 0.556390977443609
1 0.06766917293233082
5 0.06015037593984962
4 0.05263157894736842
2 0.05263157894736842
8 0.045112781954887216
7 0.045112781954887216
0 0.045112781954887216
9 0.03759398496240601
3 0.03759398496240601
doc : 12
6 0.654639175257732
9 0.05154639175257732
1 0.04639175257731959
8 0.041237113402061855
3 0.041237113402061855
0 0.041237113402061855
4 0.03608247422680412
2 0.03608247422680412
7 0.02577319587628866
5 0.02577319587628866
doc : 13
9 0.9126530612244899
0 0.01469387755102041
6 0.012244897959183675
3 0.011428571428571429
2 0.011428571428571429
8 0.00816326530612245
5 0.00816326530612245
4 0.00816326530612245
7 0.007346938775510205
1 0.005714285714285714
doc : 14
5 0.3110687022900763
3 0.21946564885496184
8 0.12595419847328243
0 0.08969465648854962
9 0.08587786259541984
4 0.051526717557251904
2 0.051526717557251904
1 0.02480916030534351
7 0.02099236641221374
6 0.019083969465648856
doc : 15
1 0.783567134268537
6 0.07615230460921843
8 0.024048096192384766
5 0.024048096192384766
3 0.024048096192384766
9 0.018036072144288574
4 0.014028056112224447
7 0.012024048096192383
2 0.012024048096192383
0 0.012024048096192383
doc : 16
2 0.8853856831251239
0 0.07872298235177473
9 0.012690858615903232
4 0.004362482649216736
8 0.00396589331746976
5 0.00396589331746976
3 0.003767598651596272
6 0.002776125322228832
7 0.002379535990481856
1 0.00198294665873488
doc : 17
6 0.13846153846153847
3 0.13846153846153847
0 0.1076923076923077
9 0.09230769230769231
7 0.09230769230769231
4 0.09230769230769231
2 0.09230769230769231
1 0.09230769230769231
8 0.07692307692307693
5 0.07692307692307693
doc : 18
3 0.8269662921348315
0 0.035955056179775284
5 0.02696629213483146
1 0.017977528089887642
8 0.015730337078651686
7 0.015730337078651686
6 0.015730337078651686
4 0.015730337078651686
2 0.015730337078651686
9 0.01348314606741573
doc : 19
6 0.5901639344262295
0 0.05737704918032787
9 0.04918032786885246
8 0.04918032786885246
4 0.04918032786885246
7 0.04098360655737705
5 0.04098360655737705
3 0.04098360655737705
2 0.04098360655737705
1 0.04098360655737705
doc : 20
6 0.5737704918032787
0 0.06557377049180328
3 0.0546448087431694
1 0.0546448087431694
5 0.04918032786885246
9 0.04371584699453552
7 0.04371584699453552
4 0.04371584699453552
2 0.03825136612021858
8 0.03278688524590164
doc : 21
0 0.8007181328545782
9 0.04488330341113106
2 0.03590664272890485
3 0.03052064631956912
5 0.02333931777378815
8 0.01615798922800718
6 0.012567324955116697
4 0.012567324955116697
1 0.012567324955116697
7 0.010771992818671455
doc : 22
0 0.7372654155495979
2 0.09383378016085792
6 0.029490616621983913
9 0.02680965147453083
5 0.02412868632707775
8 0.021447721179624665
1 0.01876675603217158
7 0.0160857908847185
4 0.0160857908847185
3 0.0160857908847185
doc : 23
0 0.6640419947506562
2 0.08136482939632546
6 0.05511811023622047
9 0.047244094488188976
5 0.03674540682414698
3 0.03412073490813648
8 0.026246719160104987
1 0.02099737532808399
7 0.01837270341207349
4 0.015748031496062992
doc : 24
6 0.26229508196721313
5 0.11475409836065574
7 0.09836065573770492
2 0.09836065573770492
8 0.09016393442622951
0 0.0819672131147541
3 0.07377049180327869
1 0.06557377049180328
9 0.05737704918032787
4 0.05737704918032787
doc : 25
6 0.14473684210526316
4 0.11842105263157894
2 0.11842105263157894
7 0.10526315789473684
3 0.10526315789473684
8 0.09210526315789473
1 0.09210526315789473
9 0.07894736842105263
0 0.07894736842105263
5 0.06578947368421052
doc : 26
0 0.6892523364485981
5 0.05841121495327102
9 0.053738317757009345
1 0.04906542056074766
2 0.04439252336448598
4 0.02336448598130841
8 0.02102803738317757
7 0.02102803738317757
6 0.02102803738317757
3 0.018691588785046728
doc : 27
0 0.7859154929577465
2 0.04225352112676056
9 0.036619718309859155
6 0.022535211267605635
5 0.022535211267605635
8 0.01971830985915493
1 0.01971830985915493
7 0.016901408450704227
4 0.016901408450704227
3 0.016901408450704227
doc : 28
7 0.8376623376623377
3 0.02813852813852814
4 0.025974025974025976
9 0.01948051948051948
8 0.017316017316017316
6 0.017316017316017316
1 0.017316017316017316
5 0.012987012987012988
0 0.012987012987012988
2 0.010822510822510822
doc : 29
5 0.7543859649122806
8 0.03508771929824561
3 0.03508771929824561
6 0.03070175438596491
9 0.02631578947368421
7 0.02631578947368421
2 0.02631578947368421
4 0.021929824561403508
1 0.021929824561403508
0 0.021929824561403508
doc : 30
3 0.6900000000000001
0 0.14333333333333334
5 0.030000000000000002
7 0.023333333333333334
9 0.02
4 0.02
2 0.02
1 0.02
8 0.016666666666666666
6 0.016666666666666666
doc : 31
8 0.9003021148036254
3 0.01661631419939577
0 0.01661631419939577
4 0.012084592145015106
6 0.010574018126888218
2 0.010574018126888218
1 0.010574018126888218
9 0.007552870090634441
7 0.007552870090634441
5 0.007552870090634441
doc : 32
4 0.6669750231267345
8 0.11285846438482887
0 0.054579093432007404
6 0.047178538390379283
3 0.03700277520814061
9 0.024976873265494914
2 0.0240518038852914
5 0.01757631822386679
7 0.0074005550416281225
1 0.0074005550416281225
doc : 33
7 0.5512367491166078
6 0.08833922261484099
1 0.08833922261484099
0 0.07773851590106007
4 0.05653710247349823
3 0.038869257950530034
8 0.0353356890459364
5 0.024734982332155476
2 0.021201413427561835
9 0.0176678445229682
doc : 34
0 0.4928425357873211
5 0.32515337423312884
6 0.03885480572597137
2 0.026584867075664625
1 0.026584867075664625
9 0.0245398773006135
7 0.018404907975460124
8 0.016359918200409
4 0.016359918200409
3 0.014314928425357875
doc : 35
6 0.7508090614886732
1 0.09385113268608415
8 0.024271844660194174
3 0.024271844660194174
9 0.022653721682847898
2 0.022653721682847898
7 0.01779935275080906
0 0.01779935275080906
5 0.012944983818770227
4 0.012944983818770227
doc : 36
4 0.926765475152572
1 0.012205754141238014
9 0.010462074978204011
3 0.00959023539668701
0 0.00959023539668701
7 0.006974716652136007
6 0.006974716652136007
5 0.006102877070619007
2 0.006102877070619007
8 0.0052310374891020054
doc : 37
3 0.8137931034482758
5 0.027586206896551724
0 0.02413793103448276
7 0.020689655172413793
6 0.020689655172413793
4 0.020689655172413793
2 0.020689655172413793
9 0.017241379310344827
8 0.017241379310344827
1 0.017241379310344827
doc : 38
9 0.8830409356725146
5 0.029239766081871343
4 0.014619883040935672
2 0.013157894736842105
3 0.011695906432748537
8 0.01023391812865497
6 0.01023391812865497
1 0.01023391812865497
0 0.01023391812865497
7 0.007309941520467836
doc : 39
1 0.8920118343195266
5 0.014792899408284023
2 0.014792899408284023
9 0.013313609467455622
8 0.013313609467455622
3 0.013313609467455622
4 0.011834319526627219
6 0.010355029585798816
7 0.008875739644970414
0 0.0073964497041420114
doc : 40
6 0.5608108108108109
5 0.0945945945945946
8 0.05405405405405406
4 0.05405405405405406
2 0.0472972972972973
0 0.0472972972972973
1 0.04054054054054054
9 0.033783783783783786
7 0.033783783783783786
3 0.033783783783783786
doc : 41
1 0.6
6 0.06666666666666667
3 0.05
2 0.05
9 0.044444444444444446
8 0.044444444444444446
5 0.044444444444444446
7 0.03333333333333333
4 0.03333333333333333
0 0.03333333333333333
doc : 42
5 0.6491862567811935
9 0.10126582278481013
0 0.054249547920433995
6 0.045207956600361664
3 0.03616636528028933
1 0.03074141048824593
8 0.02531645569620253
7 0.0216998191681736
4 0.019891500904159132
2 0.0162748643761302
doc : 43
1 0.7138047138047138
6 0.0606060606060606
8 0.037037037037037035
4 0.037037037037037035
3 0.037037037037037035
7 0.026936026936026935
9 0.02356902356902357
0 0.02356902356902357
5 0.0202020202020202
2 0.0202020202020202
doc : 44
1 0.7674418604651163
6 0.09302325581395349
3 0.025193798449612403
9 0.01937984496124031
4 0.01937984496124031
5 0.01744186046511628
8 0.015503875968992248
7 0.015503875968992248
2 0.015503875968992248
0 0.011627906976744186
doc : 45
1 0.75
7 0.041666666666666664
4 0.03968253968253968
3 0.037698412698412696
0 0.03373015873015873
5 0.023809523809523808
6 0.021825396825396824
2 0.01984126984126984
9 0.017857142857142856
8 0.013888888888888888
doc : 46
1 0.7597765363128491
5 0.0670391061452514
7 0.04469273743016759
3 0.03798882681564245
6 0.030167597765363124
9 0.01675977653631285
4 0.013407821229050279
0 0.012290502793296089
8 0.01005586592178771
2 0.007821229050279328
doc : 47
7 0.8588957055214724
5 0.0245398773006135
1 0.02044989775051125
6 0.018404907975460124
4 0.016359918200409
8 0.014314928425357875
9 0.01226993865030675
3 0.01226993865030675
0 0.01226993865030675
2 0.010224948875255624
doc : 48
5 0.3210332103321033
4 0.12177121771217712
1 0.11070110701107011
0 0.08856088560885608
6 0.08487084870848709
9 0.08118081180811808
3 0.07749077490774907
8 0.047970479704797044
2 0.047970479704797044
7 0.01845018450184502
doc : 49
6 0.5993150684931506
3 0.07191780821917808
4 0.05821917808219178
5 0.05136986301369863
2 0.04794520547945205
0 0.04452054794520548
8 0.0410958904109589
7 0.03767123287671233
1 0.0273972602739726
9 0.02054794520547945
