doc : 0
7 0.6848739495798319
3 0.13025210084033612
8 0.044117647058823525
0 0.03361344537815126
2 0.02310924369747899
6 0.021008403361344536
1 0.021008403361344536
9 0.01680672268907563
5 0.012605042016806723
4 0.012605042016806723
doc : 1
8 0.7667984189723319
2 0.04743083003952569
3 0.03162055335968379
0 0.02766798418972332
7 0.023715415019762844
4 0.023715415019762844
9 0.01976284584980237
6 0.01976284584980237
5 0.01976284584980237
1 0.01976284584980237
doc : 2
6 0.7560975609756098
5 0.03832752613240418
1 0.03832752613240418
0 0.03832752613240418
7 0.0313588850174216
8 0.020905923344947737
4 0.020905923344947737
2 0.020905923344947737
9 0.017421602787456445
3 0.017421602787456445
doc : 3
1 0.7748427672955974
5 0.09433962264150943
6 0.05534591194968553
8 0.016352201257861635
7 0.011320754716981131
3 0.010062893081761006
2 0.010062893081761006
0 0.010062893081761006
9 0.00880503144654088
4 0.00880503144654088
doc : 4
1 0.3023255813953488
3 0.1511627906976744
7 0.08139534883720931
6 0.06976744186046512
5 0.06976744186046512
4 0.06976744186046512
2 0.06976744186046512
0 0.06976744186046512
9 0.05813953488372093
8 0.05813953488372093
doc : 5
8 0.5480132450331126
6 0.16887417218543047
7 0.08940397350993377
0 0.056291390728476824
3 0.041390728476821195
2 0.03642384105960265
1 0.02152317880794702
5 0.014900662251655629
4 0.014900662251655629
9 0.008278145695364239
doc : 6
3 0.876736111111111
7 0.03645833333333333
6 0.020833333333333332
4 0.011284722222222222
8 0.010416666666666666
5 0.010416666666666666
0 0.010416666666666666
9 0.008680555555555556
1 0.008680555555555556
2 0.006076388888888888
doc : 7
9 0.9597156398104266
6 0.00995260663507109
2 0.004739336492890996
7 0.0042654028436018955
4 0.0042654028436018955
5 0.0037914691943127963
8 0.0033175355450236967
3 0.0033175355450236967
1 0.0033175355450236967
0 0.0033175355450236967
doc : 8
5 0.3888888888888889
8 0.32962962962962966
1 0.06296296296296297
3 0.040740740740740744
7 0.037037037037037035
9 0.02962962962962963
6 0.02962962962962963
4 0.02962962962962963
0 0.02962962962962963
2 0.022222222222222223
doc : 9
1 0.37209302325581395
4 0.09302325581395349
0 0.08139534883720931
9 0.06976744186046512
8 0.06976744186046512
5 0.06976744186046512
3 0.06976744186046512
7 0.05813953488372093
6 0.05813953488372093
2 0.05813953488372093
doc : 10
1 0.8326612903225806
5 0.05040322580645161
6 0.026209677419354836
4 0.01814516129032258
9 0.014112903225806451
0 0.014112903225806451
8 0.012096774193548387
2 0.012096774193548387
7 0.010080645161290322
3 0.010080645161290322
doc : 11
1 0.3372093023255814
5 0.09302325581395349
0 0.09302325581395349
3 0.08139534883720931
9 0.06976744186046512
8 0.06976744186046512
7 0.06976744186046512
4 0.06976744186046512
6 0.05813953488372093
2 0.05813953488372093
doc : 12
0 0.47342995169082125
6 0.13526570048309178
5 0.08212560386473429
8 0.06280193236714976
7 0.06280193236714976
9 0.03864734299516908
4 0.03864734299516908
3 0.03864734299516908
2 0.03864734299516908
1 0.02898550724637681
doc : 13
9 0.9452436194895592
6 0.027378190255220418
1 0.004640371229698376
0 0.004176334106728539
8 0.0037122969837587007
7 0.0032482598607888632
3 0.0032482598607888632
5 0.0027842227378190258
4 0.0027842227378190258
2 0.0027842227378190258
doc : 14
6 0.6883910386965376
1 0.0835030549898167
4 0.06517311608961303
7 0.04684317718940936
0 0.0285132382892057
3 0.026476578411405292
8 0.02036659877800407
5 0.01425661914460285
2 0.01425661914460285
9 0.012219959266802444
doc : 15
6 0.6914660831509847
3 0.06345733041575492
2 0.04157549234135667
8 0.03938730853391685
1 0.03938730853391685
7 0.037199124726477024
5 0.037199124726477024
0 0.024070021881838072
9 0.01312910284463895
4 0.01312910284463895
doc : 16
5 0.8070175438596491
6 0.05889724310776942
1 0.03759398496240601
3 0.020050125313283207
7 0.017543859649122806
0 0.015037593984962405
9 0.012531328320802004
4 0.012531328320802004
2 0.010025062656641603
8 0.008771929824561403
doc : 17
3 0.6738738738738739
7 0.25225225225225223
8 0.014414414414414415
5 0.010810810810810811
0 0.00990990990990991
6 0.009009009009009009
9 0.008108108108108109
4 0.007207207207207207
2 0.007207207207207207
1 0.007207207207207207
doc : 18
5 0.8531073446327683
1 0.03389830508474576
6 0.020715630885122408
9 0.015065913370998116
7 0.015065913370998116
8 0.013182674199623351
4 0.013182674199623351
3 0.013182674199623351
2 0.011299435028248588
0 0.011299435028248588
doc : 19
5 0.5075187969924811
1 0.12030075187969924
3 0.06015037593984962
0 0.06015037593984962
2 0.05639097744360902
7 0.05263157894736842
6 0.04887218045112782
8 0.041353383458646614
4 0.03383458646616541
9 0.018796992481203006
doc : 20
5 0.4896265560165975
1 0.12448132780082988
6 0.07883817427385892
2 0.07468879668049792
3 0.05394190871369295
0 0.04564315352697095
9 0.04149377593360996
7 0.03734439834024896
8 0.029045643153526972
4 0.024896265560165977
doc : 21
5 0.72
1 0.09025641025641026
6 0.06256410256410257
4 0.03794871794871795
8 0.03076923076923077
2 0.017435897435897435
3 0.015384615384615385
0 0.010256410256410256
9 0.00923076923076923
7 0.006153846153846154
doc : 22
6 0.7333333333333334
5 0.042105263157894736
1 0.03859649122807018
7 0.031578947368421054
4 0.031578947368421054
8 0.028070175438596492
2 0.028070175438596492
9 0.02456140350877193
3 0.021052631578947368
0 0.021052631578947368
doc : 23
9 0.9625984251968503
4 0.007874015748031496
7 0.004921259842519685
5 0.003937007874015748
2 0.003937007874015748
1 0.003937007874015748
8 0.0034448818897637795
6 0.0034448818897637795
3 0.0034448818897637795
0 0.0024606299212598425
doc : 24
8 0.6190476190476191
5 0.17006802721088435
4 0.04421768707482993
3 0.030612244897959183
9 0.023809523809523808
6 0.023809523809523808
2 0.023809523809523808
1 0.023809523809523808
7 0.02040816326530612
0 0.02040816326530612
doc : 25
4 0.5337837837837838
6 0.12162162162162163
1 0.08783783783783784
0 0.05067567567567568
9 0.04054054054054054
8 0.04054054054054054
7 0.037162162162162164
5 0.037162162162162164
2 0.02702702702702703
3 0.02364864864864865
doc : 26
5 0.8009404388714734
1 0.08307210031347963
2 0.02664576802507837
9 0.017241379310344827
8 0.017241379310344827
4 0.014106583072100312
3 0.0109717868338558
0 0.0109717868338558
7 0.009404388714733543
6 0.009404388714733543
doc : 27
5 0.788961038961039
3 0.05194805194805195
1 0.03246753246753247
9 0.01948051948051948
7 0.01948051948051948
6 0.01948051948051948
2 0.01948051948051948
8 0.016233766233766236
4 0.016233766233766236
0 0.016233766233766236
doc : 28
5 0.552734375
6 0.16796875
1 0.123046875
0 0.033203125
2 0.029296875
8 0.025390625
7 0.0234375
4 0.01953125
9 0.013671875
3 0.01171875
doc : 29
5 0.5587301587301587
1 0.1746031746031746
2 0.06984126984126984
7 0.0380952380952381
6 0.0380952380952381
4 0.031746031746031744
0 0.025396825396825397
9 0.022222222222222223
3 0.022222222222222223
8 0.01904761904761905
doc : 30
9 0.1
8 0.1
7 0.1
6 0.1
5 0.1
4 0.1
3 0.1
2 0.1
1 0.1
0 0.1
doc : 31
7 0.5483870967741935
5 0.0846774193548387
0 0.06451612903225806
4 0.056451612903225805
3 0.056451612903225805
2 0.04838709677419355
6 0.04435483870967742
9 0.03629032258064516
8 0.03225806451612903
1 0.028225806451612902
doc : 32
1 0.8894009216589862
5 0.03870967741935484
3 0.01566820276497696
6 0.011059907834101382
7 0.008294930875576038
0 0.008294930875576038
8 0.007373271889400922
4 0.007373271889400922
2 0.007373271889400922
9 0.0064516129032258064
doc : 33
5 0.7822580645161291
1 0.0456989247311828
6 0.03225806451612903
3 0.02688172043010753
2 0.024193548387096777
0 0.021505376344086023
9 0.01881720430107527
7 0.01881720430107527
4 0.016129032258064516
8 0.013440860215053765
doc : 34
8 0.5163398692810458
7 0.1568627450980392
1 0.05228758169934641
0 0.05228758169934641
9 0.0392156862745098
6 0.0392156862745098
4 0.0392156862745098
2 0.0392156862745098
5 0.032679738562091505
3 0.032679738562091505
doc : 35
0 0.4835164835164835
7 0.1794871794871795
8 0.05860805860805861
6 0.054945054945054944
4 0.04395604395604395
3 0.04395604395604395
2 0.04395604395604395
1 0.04395604395604395
5 0.029304029304029304
9 0.018315018315018316
doc : 36
7 0.6203389830508474
3 0.0711864406779661
4 0.06779661016949153
0 0.06440677966101695
8 0.04406779661016949
6 0.03389830508474576
2 0.030508474576271184
9 0.023728813559322035
5 0.023728813559322035
1 0.020338983050847456
doc : 37
6 0.25333333333333335
4 0.17333333333333334
5 0.16444444444444445
1 0.10222222222222223
9 0.08
2 0.05333333333333333
0 0.04888888888888889
7 0.044444444444444446
3 0.044444444444444446
8 0.035555555555555556
doc : 38
2 0.8015607580824972
1 0.05964325529542921
5 0.045707915273132664
8 0.023411371237458192
4 0.020624303232998884
0 0.017837235228539576
7 0.013377926421404682
9 0.006688963210702341
6 0.006131549609810479
3 0.005016722408026756
doc : 39
8 0.775811209439528
6 0.13126843657817108
4 0.019174041297935103
3 0.01327433628318584
1 0.01327433628318584
7 0.011799410029498525
2 0.01032448377581121
9 0.008849557522123894
0 0.008849557522123894
5 0.007374631268436578
doc : 40
4 0.8139880952380952
3 0.03869047619047619
7 0.03273809523809523
1 0.025297619047619048
5 0.02232142857142857
9 0.016369047619047616
6 0.016369047619047616
8 0.011904761904761904
0 0.011904761904761904
2 0.010416666666666666
doc : 41
3 0.7894736842105263
4 0.03651987110633727
1 0.0322234156820623
5 0.02900107411385607
7 0.02685284640171858
0 0.024704618689581095
6 0.02040816326530612
9 0.015037593984962405
8 0.012889366272824918
2 0.012889366272824918
doc : 42
5 0.4540059347181009
1 0.33531157270029677
2 0.04747774480712166
4 0.04154302670623146
9 0.02373887240356083
7 0.02373887240356083
6 0.02373887240356083
8 0.017804154302670624
3 0.017804154302670624
0 0.01483679525222552
doc : 43
6 0.22439024390243903
3 0.17073170731707318
1 0.12682926829268293
2 0.08780487804878048
9 0.08292682926829269
7 0.07317073170731707
5 0.07317073170731707
4 0.06829268292682927
8 0.04878048780487805
0 0.04390243902439024
doc : 44
0 0.8510928961748634
1 0.030054644808743168
7 0.023224043715846996
6 0.01912568306010929
5 0.01912568306010929
3 0.01639344262295082
8 0.012295081967213115
4 0.012295081967213115
2 0.009562841530054645
9 0.006830601092896175
doc : 45
4 0.590027700831025
8 0.10526315789473684
6 0.09141274238227147
5 0.0443213296398892
3 0.0443213296398892
0 0.038781163434903045
1 0.027700831024930747
7 0.0221606648199446
2 0.019390581717451522
9 0.01662049861495845
doc : 46
0 0.72911051212938
3 0.10242587601078168
7 0.03908355795148248
1 0.02560646900269542
5 0.0215633423180593
6 0.020215633423180595
2 0.01886792452830189
8 0.016172506738544475
9 0.013477088948787063
4 0.013477088948787063
doc : 47
7 0.745945945945946
6 0.05945945945945946
3 0.032432432432432434
1 0.02972972972972973
0 0.02972972972972973
5 0.024324324324324326
8 0.021621621621621623
4 0.021621621621621623
2 0.01891891891891892
9 0.016216216216216217
doc : 48
7 0.7838479809976248
6 0.040380047505938245
3 0.040380047505938245
8 0.028503562945368172
0 0.023752969121140145
1 0.02137767220902613
9 0.0166270783847981
4 0.0166270783847981
5 0.014251781472684086
2 0.014251781472684086
doc : 49
6 0.6210045662100456
8 0.0639269406392694
7 0.0593607305936073
1 0.045662100456621
0 0.0410958904109589
9 0.0365296803652968
5 0.0365296803652968
3 0.0365296803652968
4 0.0319634703196347
2 0.0273972602739726
