doc : 0
0 0.31386861313868614
8 0.11678832116788321
6 0.08759124087591241
3 0.08759124087591241
9 0.08029197080291971
4 0.08029197080291971
2 0.072992700729927
7 0.058394160583941604
5 0.051094890510948905
1 0.051094890510948905
doc : 1
0 0.5020408163265306
1 0.10204081632653061
8 0.07755102040816328
2 0.07346938775510205
5 0.0653061224489796
3 0.05714285714285715
4 0.0489795918367347
7 0.028571428571428574
6 0.02448979591836735
9 0.020408163265306124
doc : 2
0 0.8167770419426048
4 0.05077262693156733
2 0.024282560706401765
8 0.02207505518763797
3 0.019867549668874173
6 0.015452538631346577
9 0.013245033112582781
7 0.013245033112582781
5 0.013245033112582781
1 0.011037527593818985
doc : 3
0 0.7183098591549296
4 0.0528169014084507
9 0.03873239436619719
8 0.03873239436619719
7 0.03169014084507042
3 0.03169014084507042
1 0.028169014084507043
5 0.02112676056338028
2 0.02112676056338028
6 0.017605633802816902
doc : 4
0 0.7762039660056658
2 0.042492917847025496
6 0.0339943342776204
7 0.0311614730878187
5 0.0254957507082153
9 0.0226628895184136
3 0.019830028328611898
8 0.0169971671388102
4 0.0169971671388102
1 0.014164305949008499
doc : 5
2 0.382089552238806
8 0.1582089552238806
4 0.11940298507462686
3 0.0955223880597015
0 0.056716417910447764
1 0.05373134328358209
5 0.04776119402985075
6 0.03880597014925373
9 0.03283582089552239
7 0.014925373134328358
doc : 6
0 0.352
7 0.10400000000000001
2 0.10400000000000001
8 0.088
4 0.07200000000000001
3 0.07200000000000001
9 0.064
6 0.048
5 0.048
1 0.048
doc : 7
0 0.30275229357798167
4 0.1651376146788991
6 0.10091743119266056
1 0.09174311926605505
3 0.08256880733944955
9 0.05504587155963303
5 0.05504587155963303
2 0.05504587155963303
8 0.045871559633027525
7 0.045871559633027525
doc : 8
9 0.5383663366336634
7 0.37541254125412543
6 0.055693069306930694
4 0.005775577557755776
1 0.005775577557755776
2 0.0049504950495049506
5 0.004125412541254125
8 0.0033003300330033004
3 0.0033003300330033004
0 0.0033003300330033004
doc : 9
0 0.5694050991501417
4 0.2209631728045326
1 0.059490084985835696
7 0.0311614730878187
2 0.0311614730878187
9 0.019830028328611898
8 0.019830028328611898
6 0.0169971671388102
5 0.0169971671388102
3 0.014164305949008499
doc : 10
0 0.21212121212121213
4 0.12121212121212122
1 0.10606060606060606
7 0.09090909090909091
3 0.09090909090909091
9 0.07575757575757576
8 0.07575757575757576
6 0.07575757575757576
5 0.07575757575757576
2 0.07575757575757576
doc : 11
0 0.8170731707317074
1 0.03048780487804878
6 0.024390243902439025
8 0.021341463414634148
2 0.021341463414634148
9 0.01829268292682927
5 0.01829268292682927
3 0.01829268292682927
7 0.01524390243902439
4 0.01524390243902439
doc : 12
0 0.819277108433735
1 0.02710843373493976
6 0.024096385542168676
9 0.021084337349397592
7 0.021084337349397592
4 0.021084337349397592
8 0.01807228915662651
3 0.01807228915662651
5 0.015060240963855422
2 0.015060240963855422
doc : 13
0 0.8089171974522293
4 0.03184713375796178
2 0.025477707006369428
1 0.025477707006369428
6 0.02229299363057325
8 0.019108280254777073
7 0.019108280254777073
9 0.01592356687898089
5 0.01592356687898089
3 0.01592356687898089
doc : 14
0 0.8121019108280255
8 0.03184713375796178
4 0.025477707006369428
6 0.02229299363057325
1 0.02229299363057325
3 0.019108280254777073
2 0.019108280254777073
9 0.01592356687898089
7 0.01592356687898089
5 0.01592356687898089
doc : 15
9 0.7662921348314607
1 0.17303370786516856
7 0.024157303370786518
6 0.007865168539325843
4 0.005617977528089888
0 0.005617977528089888
8 0.005056179775280899
2 0.0044943820224719105
5 0.003932584269662922
3 0.003932584269662922
doc : 16
6 0.8241973375097885
9 0.13625685199686766
7 0.01331245105716523
1 0.00548159749412686
3 0.005090054815974941
0 0.004698512137823022
2 0.003523884103367267
8 0.00274079874706343
4 0.00274079874706343
5 0.001957713390759593
doc : 17
8 0.6635071090047393
0 0.09004739336492891
7 0.045813586097946286
1 0.03949447077409163
4 0.037914691943127965
3 0.037914691943127965
6 0.02527646129541864
9 0.023696682464454975
5 0.018957345971563982
2 0.017377567140600316
doc : 18
7 0.9381720430107526
1 0.02204301075268817
9 0.010752688172043012
8 0.004838709677419355
5 0.004838709677419355
3 0.004838709677419355
6 0.0037634408602150535
4 0.0037634408602150535
2 0.0037634408602150535
0 0.0032258064516129032
doc : 19
9 0.3431516936671576
7 0.2930780559646539
6 0.11487481590574374
1 0.10898379970544919
0 0.033873343151693665
2 0.027982326951399114
4 0.026509572901325478
8 0.01914580265095729
3 0.017673048600883652
5 0.014727540500736377
doc : 20
8 0.4273127753303965
0 0.24229074889867844
4 0.06607929515418502
9 0.048458149779735685
1 0.048458149779735685
7 0.04405286343612335
5 0.03524229074889868
2 0.03524229074889868
6 0.030837004405286347
3 0.022026431718061675
doc : 21
0 0.26146788990825687
2 0.23853211009174313
8 0.13302752293577982
4 0.0871559633027523
3 0.07339449541284404
9 0.05504587155963303
5 0.05045871559633028
1 0.03669724770642202
7 0.03211009174311927
6 0.03211009174311927
doc : 22
4 0.5190311418685122
0 0.09688581314878893
6 0.06574394463667821
9 0.058823529411764705
8 0.04844290657439446
1 0.04844290657439446
7 0.04498269896193772
2 0.04498269896193772
3 0.04152249134948097
5 0.03114186851211073
doc : 23
5 0.32051282051282054
0 0.11111111111111112
2 0.0982905982905983
4 0.0811965811965812
3 0.0811965811965812
7 0.07264957264957266
1 0.07264957264957266
8 0.06410256410256411
9 0.05128205128205129
6 0.047008547008547015
doc : 24
9 0.5873493975903615
7 0.1879518072289157
6 0.12349397590361447
1 0.03614457831325302
4 0.016265060240963858
2 0.01566265060240964
0 0.010240963855421687
3 0.00963855421686747
5 0.009036144578313254
8 0.004216867469879518
doc : 25
0 0.42953020134228187
4 0.174496644295302
8 0.08053691275167785
1 0.06711409395973154
7 0.04697986577181208
3 0.04697986577181208
9 0.040268456375838924
5 0.040268456375838924
2 0.040268456375838924
6 0.03355704697986577
doc : 26
4 0.4714285714285714
0 0.15142857142857144
3 0.08857142857142856
7 0.07428571428571429
2 0.045714285714285714
1 0.04285714285714286
6 0.04
9 0.03142857142857143
5 0.02857142857142857
8 0.025714285714285714
doc : 27
0 0.8132530120481928
8 0.03614457831325302
9 0.024096385542168676
1 0.024096385542168676
4 0.021084337349397592
7 0.01807228915662651
2 0.01807228915662651
6 0.015060240963855422
5 0.015060240963855422
3 0.015060240963855422
doc : 28
6 0.6330891330891331
9 0.268009768009768
7 0.04456654456654457
4 0.014041514041514042
2 0.01282051282051282
0 0.007326007326007326
1 0.006715506715506716
5 0.005494505494505494
3 0.004273504273504274
8 0.003663003663003663
doc : 29
8 0.8671532846715327
0 0.0218978102189781
1 0.01897810218978102
6 0.016058394160583942
4 0.016058394160583942
7 0.01313868613138686
3 0.01313868613138686
2 0.01313868613138686
9 0.010218978102189781
5 0.010218978102189781
doc : 30
2 0.7898773006134969
0 0.06595092024539878
8 0.03374233128834356
4 0.023006134969325152
3 0.02147239263803681
7 0.018404907975460124
9 0.012269938650306749
6 0.012269938650306749
1 0.012269938650306749
5 0.010736196319018405
doc : 31
0 0.2895927601809955
2 0.2533936651583711
4 0.11312217194570137
8 0.0995475113122172
1 0.05429864253393665
3 0.0497737556561086
5 0.04524886877828055
6 0.03619909502262444
9 0.031674208144796386
7 0.027149321266968326
doc : 32
0 0.4133333333333334
4 0.18000000000000002
8 0.07333333333333333
2 0.060000000000000005
9 0.04666666666666667
7 0.04666666666666667
6 0.04666666666666667
5 0.04666666666666667
3 0.04666666666666667
1 0.04
doc : 33
0 0.36912751677852346
4 0.174496644295302
8 0.10738255033557047
3 0.0738255033557047
9 0.06711409395973154
1 0.053691275167785234
5 0.04697986577181208
6 0.040268456375838924
7 0.03355704697986577
2 0.03355704697986577
doc : 34
0 0.3765903307888041
8 0.178117048346056
1 0.07633587786259542
2 0.07379134860050891
5 0.06615776081424937
4 0.058524173027989825
3 0.058524173027989825
6 0.04325699745547074
7 0.04071246819338423
9 0.027989821882951654
doc : 35
9 0.84224049331963
6 0.0842754367934224
1 0.024665981500513877
7 0.023124357656731757
0 0.006166495375128469
8 0.0051387461459403904
5 0.0035971223021582736
4 0.0035971223021582736
3 0.0035971223021582736
2 0.0035971223021582736
doc : 36
8 0.6063829787234042
4 0.12056737588652482
2 0.07446808510638298
3 0.06028368794326241
0 0.05319148936170213
7 0.01950354609929078
5 0.01950354609929078
1 0.01950354609929078
9 0.015957446808510637
6 0.010638297872340425
doc : 37
2 0.3101851851851852
9 0.15277777777777776
5 0.12037037037037036
7 0.1111111111111111
6 0.09259259259259259
1 0.06018518518518518
4 0.05092592592592592
3 0.041666666666666664
0 0.037037037037037035
8 0.023148148148148147
doc : 38
9 0.8517298187808896
6 0.07193849533223504
7 0.021965952773201538
1 0.016474464579901153
4 0.01043382756727073
0 0.007688083470620538
3 0.0060406370126304225
2 0.0049423393739703465
8 0.004393190554640308
5 0.004393190554640308
doc : 39
0 0.4789272030651341
7 0.11877394636015325
4 0.09961685823754789
8 0.09195402298850575
3 0.04980842911877394
2 0.042145593869731796
6 0.038314176245210725
1 0.034482758620689655
9 0.026819923371647507
5 0.019157088122605363
doc : 40
4 0.8600337268128161
0 0.025295109612141653
9 0.021922428330522763
8 0.02023608768971332
3 0.016863406408094434
6 0.013490725126475547
1 0.011804384485666104
7 0.01011804384485666
5 0.01011804384485666
2 0.01011804384485666
doc : 41
7 0.822695035460993
6 0.0921985815602837
9 0.027659574468085108
4 0.012765957446808512
0 0.011347517730496455
8 0.00921985815602837
2 0.007801418439716313
1 0.007092198581560284
5 0.004964539007092199
3 0.00425531914893617
doc : 42
7 0.7130620985010707
9 0.12491077801570306
6 0.10706638115631692
1 0.010706638115631691
8 0.009992862241256246
0 0.009279086366880799
4 0.008565310492505354
5 0.007137758743754461
2 0.004996431120628123
3 0.004282655246252677
doc : 43
7 0.8827708703374777
6 0.060982830076968614
3 0.012433392539964476
9 0.011249259917110715
1 0.007696862048549437
0 0.007104795737122557
5 0.005328596802841918
4 0.004736530491415038
2 0.0041444641799881585
8 0.0035523978685612786
doc : 44
3 0.9203496843127732
1 0.01408450704225352
2 0.011656143759106362
0 0.010684798445847498
6 0.009227780475959204
8 0.008256435162700339
9 0.007285089849441476
7 0.007285089849441476
4 0.005828071879553181
5 0.005342399222923749
doc : 45
8 0.7787610619469026
4 0.07610619469026549
0 0.03716814159292035
7 0.02831858407079646
1 0.017699115044247787
3 0.01592920353982301
9 0.012389380530973451
6 0.012389380530973451
2 0.012389380530973451
5 0.008849557522123894
doc : 46
5 0.6787658802177858
3 0.09618874773139746
4 0.05263157894736842
2 0.03629764065335753
8 0.032667876588021776
7 0.032667876588021776
0 0.025408348457350273
1 0.019963702359346643
9 0.014519056261343012
6 0.010889292196007259
doc : 47
7 0.5427069645203679
1 0.23127463863337713
9 0.05256241787122208
3 0.04336399474375821
6 0.03416557161629435
2 0.024967148488830488
8 0.01971090670170828
4 0.01971090670170828
5 0.017082785808147174
0 0.01445466491458607
doc : 48
7 0.6559734513274336
9 0.1415929203539823
6 0.1006637168141593
1 0.02765486725663717
4 0.018805309734513276
5 0.012168141592920354
3 0.012168141592920354
0 0.012168141592920354
2 0.011061946902654867
8 0.007743362831858407
doc : 49
3 0.4560439560439561
0 0.17032967032967034
8 0.09890109890109891
9 0.06043956043956045
2 0.04395604395604396
4 0.038461538461538464
1 0.038461538461538464
6 0.03296703296703297
5 0.03296703296703297
7 0.027472527472527476
doc : 50
5 0.20175438596491227
0 0.16666666666666666
4 0.12280701754385964
8 0.09649122807017543
6 0.09649122807017543
7 0.07894736842105263
2 0.07017543859649122
3 0.06140350877192982
9 0.05263157894736842
1 0.05263157894736842
doc : 51
2 0.8181818181818182
0 0.030303030303030304
5 0.025974025974025976
3 0.023809523809523808
7 0.021645021645021644
4 0.01948051948051948
1 0.017316017316017316
9 0.015151515151515152
6 0.015151515151515152
8 0.012987012987012988
doc : 52
2 0.8453947368421052
3 0.024671052631578948
0 0.024671052631578948
5 0.019736842105263157
9 0.018092105263157895
7 0.01644736842105263
8 0.014802631578947368
4 0.014802631578947368
1 0.011513157894736841
6 0.009868421052631578
doc : 53
8 0.8697604790419162
0 0.02544910179640719
1 0.02095808383233533
4 0.019461077844311378
7 0.014970059880239521
9 0.011976047904191617
6 0.010479041916167666
2 0.010479041916167666
3 0.008982035928143714
5 0.0074850299401197605
doc : 54
8 0.6828046744574291
1 0.05342237061769616
7 0.041736227045075125
5 0.038397328881469114
0 0.038397328881469114
3 0.03672787979966611
4 0.03171953255425709
2 0.03005008347245409
6 0.028380634390651086
9 0.018363939899833055
doc : 55
5 0.4177777777777778
0 0.10222222222222223
4 0.09333333333333334
1 0.08
6 0.07555555555555556
8 0.06222222222222222
2 0.05333333333333333
7 0.04
3 0.04
9 0.035555555555555556
doc : 56
0 0.6936619718309859
2 0.08450704225352113
4 0.0528169014084507
1 0.040492957746478875
3 0.02640845070422535
9 0.022887323943661973
6 0.022887323943661973
5 0.022887323943661973
8 0.02112676056338028
7 0.012323943661971832
doc : 57
6 0.6540483701366981
4 0.14616193480546794
1 0.044164037854889586
8 0.04100946372239748
0 0.03049421661409043
3 0.023133543638275498
7 0.022082018927444793
5 0.01892744479495268
2 0.010515247108307046
9 0.00946372239747634
doc : 58
6 0.7290322580645161
9 0.06236559139784946
1 0.06236559139784946
7 0.03870967741935484
8 0.025806451612903226
0 0.023655913978494623
2 0.017204301075268817
5 0.015053763440860214
4 0.015053763440860214
3 0.010752688172043012
doc : 59
2 0.8293768545994066
0 0.02967359050445104
9 0.026706231454005934
1 0.026706231454005934
6 0.02077151335311573
4 0.019287833827893175
5 0.01483679525222552
8 0.011869436201780416
7 0.010385756676557865
3 0.010385756676557865
doc : 60
3 0.22058823529411764
5 0.21568627450980393
2 0.10294117647058823
8 0.09803921568627451
4 0.09803921568627451
9 0.06862745098039216
6 0.06862745098039216
0 0.06372549019607843
1 0.0392156862745098
7 0.024509803921568627
doc : 61
1 0.6055437100213219
7 0.232409381663113
5 0.029850746268656716
9 0.023454157782515993
6 0.023454157782515993
3 0.019189765458422173
0 0.019189765458422173
4 0.017057569296375266
8 0.014925373134328358
2 0.014925373134328358
doc : 62
1 0.8520971302428256
9 0.024282560706401765
0 0.024282560706401765
7 0.017660044150110375
3 0.015452538631346577
2 0.015452538631346577
8 0.013245033112582781
6 0.013245033112582781
5 0.013245033112582781
4 0.011037527593818985
doc : 63
1 0.8351893095768373
9 0.04008908685968819
6 0.022271714922048998
2 0.017817371937639197
7 0.015590200445434297
5 0.015590200445434297
8 0.013363028953229397
4 0.013363028953229397
3 0.013363028953229397
0 0.013363028953229397
doc : 64
0 0.43700787401574803
4 0.2992125984251969
8 0.0826771653543307
6 0.031496062992125984
2 0.031496062992125984
9 0.027559055118110236
7 0.023622047244094488
5 0.023622047244094488
1 0.023622047244094488
3 0.01968503937007874
doc : 65
6 0.7843373493975905
9 0.05662650602409639
8 0.03614457831325302
7 0.027710843373493978
0 0.027710843373493978
5 0.020481927710843374
3 0.013253012048192772
1 0.013253012048192772
2 0.010843373493975905
4 0.00963855421686747
doc : 66
6 0.7401960784313726
1 0.061274509803921566
7 0.044117647058823525
9 0.03431372549019608
0 0.029411764705882353
8 0.024509803921568627
3 0.022058823529411763
5 0.014705882352941176
4 0.014705882352941176
2 0.014705882352941176
doc : 67
4 0.8503118503118503
0 0.037422037422037424
6 0.018711018711018712
7 0.016632016632016633
1 0.016632016632016633
9 0.014553014553014554
8 0.014553014553014554
5 0.010395010395010396
3 0.010395010395010396
2 0.010395010395010396
doc : 68
5 0.4037267080745342
7 0.30227743271221535
9 0.08695652173913045
4 0.05797101449275363
1 0.037267080745341616
6 0.031055900621118016
0 0.02484472049689441
8 0.020703933747412008
3 0.018633540372670808
2 0.016563146997929608
doc : 69
5 0.8473282442748091
6 0.04180298073427844
3 0.01926572155579789
4 0.017811704834605598
2 0.016721192293711377
1 0.016357688113413302
0 0.015267175572519083
7 0.01272264631043257
8 0.009087604507451835
9 0.0036350418029807343
doc : 70
1 0.8599562363238512
7 0.024070021881838072
2 0.019693654266958426
0 0.0175054704595186
9 0.015317286652078774
6 0.015317286652078774
8 0.01312910284463895
4 0.01312910284463895
5 0.010940919037199124
3 0.010940919037199124
doc : 71
1 0.8587196467991169
7 0.026490066225165563
0 0.024282560706401765
9 0.019867549668874173
8 0.013245033112582781
6 0.013245033112582781
5 0.011037527593818985
4 0.011037527593818985
3 0.011037527593818985
2 0.011037527593818985
doc : 72
4 0.9053177691309987
0 0.016861219195849545
7 0.014267185473411154
9 0.012970168612191958
6 0.011673151750972763
1 0.010376134889753566
3 0.007782101167315175
2 0.007782101167315175
8 0.006485084306095979
5 0.006485084306095979
doc : 73
4 0.8738898756660747
0 0.023090586145648313
8 0.017761989342806393
2 0.014209591474245116
1 0.014209591474245116
9 0.012433392539964477
5 0.012433392539964477
3 0.012433392539964477
7 0.010657193605683837
6 0.008880994671403197
doc : 74
3 0.6162790697674418
6 0.0755813953488372
5 0.07267441860465117
4 0.05232558139534883
2 0.046511627906976744
0 0.0377906976744186
7 0.029069767441860465
1 0.029069767441860465
8 0.026162790697674417
9 0.014534883720930232
doc : 75
6 0.33116883116883117
0 0.17532467532467533
1 0.12337662337662339
4 0.09740259740259741
7 0.05194805194805195
2 0.05194805194805195
8 0.045454545454545456
5 0.045454545454545456
3 0.045454545454545456
9 0.03246753246753247
doc : 76
4 0.8621867881548975
7 0.02733485193621868
2 0.018223234624145785
8 0.017084282460136675
6 0.01594533029612756
3 0.01480637813211845
5 0.01366742596810934
0 0.01366742596810934
1 0.009111617312072893
9 0.00797266514806378
doc : 77
5 0.3709981167608286
7 0.295668549905838
6 0.10357815442561205
9 0.064030131826742
4 0.047080979284369114
1 0.04331450094161959
3 0.026365348399246702
8 0.022598870056497175
2 0.015065913370998116
0 0.011299435028248588
doc : 78
7 0.8435419440745673
6 0.08588548601864182
9 0.01997336884154461
0 0.011984021304926765
4 0.007989347536617843
2 0.007989347536617843
1 0.007989347536617843
8 0.005326231691078562
5 0.005326231691078562
3 0.0039946737683089215
doc : 79
0 0.42783505154639173
8 0.27319587628865977
2 0.05670103092783505
4 0.04639175257731959
9 0.03608247422680412
5 0.03608247422680412
7 0.030927835051546393
6 0.030927835051546393
3 0.030927835051546393
1 0.030927835051546393
doc : 80
0 0.5639810426540285
4 0.1090047393364929
3 0.06161137440758294
5 0.05213270142180095
9 0.047393364928909956
2 0.04265402843601896
8 0.037914691943127965
1 0.03317535545023697
6 0.028436018957345974
7 0.023696682464454978
doc : 81
3 0.44808743169398907
0 0.18579234972677597
2 0.15300546448087432
1 0.04371584699453552
4 0.03825136612021858
6 0.03278688524590164
9 0.0273224043715847
8 0.0273224043715847
7 0.02459016393442623
5 0.01912568306010929
doc : 82
1 0.8512035010940918
9 0.0350109409190372
0 0.019693654266958426
8 0.0175054704595186
6 0.0175054704595186
7 0.01312910284463895
2 0.01312910284463895
5 0.010940919037199124
4 0.010940919037199124
3 0.010940919037199124
doc : 83
1 0.17575757575757575
7 0.15151515151515152
4 0.15151515151515152
6 0.1393939393939394
5 0.07878787878787878
8 0.07272727272727272
3 0.07272727272727272
0 0.06666666666666667
9 0.05454545454545454
2 0.03636363636363636
doc : 84
7 0.9379084967320263
9 0.013071895424836603
6 0.011437908496732027
1 0.011437908496732027
0 0.007080610021786493
4 0.004357298474945534
3 0.004357298474945534
8 0.0038126361655773425
5 0.003267973856209151
2 0.003267973856209151
doc : 85
2 0.20855614973262032
9 0.16042780748663102
6 0.1550802139037433
7 0.1283422459893048
1 0.1283422459893048
3 0.058823529411764705
0 0.053475935828877004
4 0.0481283422459893
8 0.0320855614973262
5 0.026737967914438502
doc : 86
4 0.4303030303030303
0 0.14545454545454545
7 0.11515151515151516
8 0.06666666666666667
2 0.05454545454545454
6 0.048484848484848485
1 0.04242424242424243
5 0.03636363636363636
9 0.030303030303030304
3 0.030303030303030304
doc : 87
4 0.7361809045226131
2 0.04522613065326633
0 0.04522613065326633
8 0.032663316582914576
7 0.02763819095477387
3 0.02512562814070352
1 0.02512562814070352
9 0.022613065326633167
6 0.022613065326633167
5 0.017587939698492462
doc : 88
1 0.8444444444444444
0 0.028888888888888888
9 0.026666666666666665
6 0.024444444444444446
4 0.015555555555555555
3 0.013333333333333332
2 0.013333333333333332
8 0.011111111111111112
7 0.011111111111111112
5 0.011111111111111112
doc : 89
1 0.8558951965065502
9 0.02838427947598253
0 0.021834061135371178
6 0.01965065502183406
7 0.015283842794759825
4 0.015283842794759825
8 0.010917030567685589
5 0.010917030567685589
3 0.010917030567685589
2 0.010917030567685589
doc : 90
5 0.7060810810810811
3 0.057432432432432436
4 0.04054054054054054
9 0.037162162162162164
8 0.033783783783783786
6 0.02702702702702703
2 0.02702702702702703
7 0.02364864864864865
1 0.02364864864864865
0 0.02364864864864865
doc : 91
8 0.544392523364486
6 0.06775700934579439
4 0.06542056074766354
3 0.05841121495327102
5 0.05607476635514018
0 0.053738317757009345
9 0.04672897196261682
1 0.04439252336448598
2 0.035046728971962614
7 0.02803738317757009
doc : 92
3 0.5120481927710844
2 0.08433734939759037
1 0.08433734939759037
9 0.060240963855421686
8 0.04819277108433735
5 0.04819277108433735
4 0.04819277108433735
6 0.042168674698795185
0 0.042168674698795185
7 0.030120481927710843
doc : 93
2 0.7068965517241379
4 0.06034482758620689
7 0.04741379310344827
5 0.036637931034482756
6 0.030172413793103446
3 0.030172413793103446
0 0.02586206896551724
9 0.023706896551724137
8 0.01939655172413793
1 0.01939655172413793
doc : 94
2 0.20967741935483872
9 0.19354838709677422
6 0.1827956989247312
7 0.15053763440860216
0 0.06451612903225806
3 0.05913978494623656
8 0.03763440860215054
4 0.03763440860215054
1 0.03763440860215054
5 0.02688172043010753
doc : 95
8 0.8677325581395349
0 0.026162790697674417
3 0.02180232558139535
6 0.0188953488372093
1 0.01744186046511628
9 0.011627906976744186
7 0.010174418604651164
4 0.010174418604651164
2 0.00872093023255814
5 0.007267441860465116
doc : 96
0 0.739766081871345
3 0.049707602339181284
9 0.04678362573099415
6 0.029239766081871343
1 0.029239766081871343
8 0.02631578947368421
2 0.02631578947368421
7 0.017543859649122806
5 0.017543859649122806
4 0.017543859649122806
doc : 97
7 0.9344344344344344
9 0.016516516516516516
1 0.012512512512512512
6 0.008508508508508508
8 0.006006006006006006
4 0.005005005005005005
0 0.005005005005005005
3 0.0045045045045045045
5 0.004004004004004004
2 0.0035035035035035035
doc : 98
6 0.8175937904269082
9 0.04398447606727038
7 0.02199223803363519
8 0.02069857697283312
0 0.02069857697283312
5 0.01940491591203105
3 0.01552393272962484
4 0.014230271668822769
1 0.014230271668822769
2 0.01164294954721863
doc : 99
8 0.4866310160427807
7 0.14705882352941177
0 0.12032085561497326
4 0.058823529411764705
1 0.053475935828877004
9 0.034759358288770054
6 0.0320855614973262
3 0.026737967914438502
2 0.02406417112299465
5 0.0160427807486631
