doc : 0
6 0.3072289156626506
9 0.18072289156626506
2 0.11445783132530121
5 0.08433734939759037
1 0.06626506024096386
4 0.060240963855421686
3 0.05421686746987952
7 0.04819277108433735
8 0.042168674698795185
0 0.042168674698795185
doc : 1
6 0.53125
5 0.10069444444444443
2 0.06944444444444445
8 0.06597222222222222
4 0.059027777777777776
7 0.041666666666666664
9 0.034722222222222224
3 0.034722222222222224
1 0.03125
0 0.03125
doc : 2
6 0.17391304347826086
5 0.15942028985507248
7 0.14492753623188406
2 0.12318840579710146
9 0.10869565217391304
8 0.08695652173913043
4 0.057971014492753624
0 0.057971014492753624
3 0.043478260869565216
1 0.043478260869565216
doc : 3
4 0.6976744186046512
1 0.11839323467230445
2 0.04439746300211417
5 0.04016913319238901
0 0.023255813953488372
8 0.019027484143763214
6 0.019027484143763214
7 0.016913319238900635
9 0.010570824524312896
3 0.010570824524312896
doc : 4
8 0.37183446571958
4 0.3619518221124151
0 0.13835701050030885
7 0.07226683137739345
1 0.021618282890673256
2 0.012353304508956147
6 0.0067943174799258805
9 0.005558987029030266
5 0.004941321803582459
3 0.004323656578134652
doc : 5
4 0.7198275862068966
1 0.10560344827586207
5 0.040948275862068964
7 0.023706896551724137
2 0.023706896551724137
9 0.021551724137931036
0 0.01939655172413793
6 0.017241379310344827
8 0.015086206896551723
3 0.01293103448275862
doc : 6
6 0.7395209580838323
7 0.038922155688622756
5 0.038922155688622756
2 0.035928143712574856
1 0.03293413173652695
8 0.029940119760479042
3 0.02694610778443114
9 0.023952095808383235
0 0.017964071856287428
4 0.014970059880239521
doc : 7
6 0.6887052341597797
7 0.1046831955922865
9 0.04132231404958678
3 0.03581267217630854
0 0.027548209366391185
1 0.024793388429752067
5 0.02203856749311295
8 0.01928374655647383
4 0.01928374655647383
2 0.01652892561983471
doc : 8
5 0.5930232558139534
3 0.07751937984496124
9 0.07364341085271317
4 0.05426356589147287
6 0.046511627906976744
1 0.04263565891472868
7 0.03875968992248062
2 0.027131782945736434
0 0.027131782945736434
8 0.01937984496124031
doc : 9
0 0.6767151767151768
4 0.14864864864864866
8 0.07484407484407485
2 0.030145530145530147
9 0.015592515592515593
1 0.013513513513513514
7 0.012474012474012475
6 0.010395010395010396
5 0.010395010395010396
3 0.007276507276507277
doc : 10
7 0.8917322834645669
9 0.013779527559055118
6 0.013779527559055118
2 0.013779527559055118
0 0.013779527559055118
5 0.011811023622047244
1 0.011811023622047244
8 0.00984251968503937
4 0.00984251968503937
3 0.00984251968503937
doc : 11
7 0.8937007874015748
9 0.017716535433070866
6 0.011811023622047244
4 0.011811023622047244
2 0.011811023622047244
1 0.011811023622047244
0 0.011811023622047244
8 0.00984251968503937
5 0.00984251968503937
3 0.00984251968503937
doc : 12
4 0.6424870466321244
7 0.13989637305699482
1 0.09974093264248705
8 0.031088082901554404
6 0.02849740932642487
5 0.01295336787564767
2 0.01295336787564767
3 0.011658031088082901
0 0.011658031088082901
9 0.009067357512953369
doc : 13
1 0.38775510204081637
0 0.2448979591836735
4 0.19309262166405025
7 0.059654631083202514
8 0.029827315541601257
2 0.0282574568288854
6 0.020408163265306124
5 0.015698587127158558
3 0.01098901098901099
9 0.009419152276295134
doc : 14
9 0.424390243902439
6 0.15609756097560976
2 0.07804878048780488
4 0.07317073170731707
7 0.06341463414634146
1 0.04878048780487805
0 0.04878048780487805
8 0.03902439024390244
5 0.03414634146341464
3 0.03414634146341464
doc : 15
2 0.16842105263157894
9 0.14736842105263157
5 0.11578947368421053
8 0.09473684210526316
4 0.09473684210526316
3 0.09473684210526316
0 0.09473684210526316
6 0.07368421052631578
7 0.06315789473684211
1 0.05263157894736842
doc : 16
9 0.7793367346938775
6 0.05994897959183673
2 0.03571428571428571
4 0.02551020408163265
0 0.02551020408163265
1 0.02040816326530612
3 0.017857142857142856
8 0.012755102040816325
5 0.012755102040816325
7 0.01020408163265306
doc : 17
6 0.7888563049853372
1 0.03519061583577712
7 0.03225806451612903
4 0.026392961876832845
9 0.02346041055718475
3 0.02346041055718475
8 0.020527859237536656
0 0.020527859237536656
5 0.01466275659824047
2 0.01466275659824047
doc : 18
2 0.8888888888888888
8 0.03140096618357488
6 0.013285024154589372
4 0.013285024154589372
0 0.010869565217391304
7 0.00966183574879227
9 0.008454106280193236
3 0.008454106280193236
1 0.008454106280193236
5 0.007246376811594202
doc : 19
4 0.3987341772151899
7 0.15822784810126583
1 0.10759493670886076
6 0.09493670886075949
5 0.06962025316455696
8 0.04430379746835443
9 0.03164556962025317
3 0.03164556962025317
2 0.03164556962025317
0 0.03164556962025317
doc : 20
6 0.7791563275434243
5 0.03722084367245657
2 0.03722084367245657
8 0.02729528535980149
7 0.024813895781637715
1 0.024813895781637715
9 0.022332506203473945
4 0.017369727047146403
3 0.01488833746898263
0 0.01488833746898263
doc : 21
4 0.5489130434782609
0 0.1644021739130435
7 0.13043478260869565
8 0.050271739130434784
1 0.03804347826086957
2 0.020380434782608696
9 0.014945652173913044
5 0.012228260869565216
3 0.012228260869565216
6 0.008152173913043478
doc : 22
2 0.8967193195625759
8 0.021871202916160386
4 0.014580801944106925
9 0.013365735115431347
0 0.013365735115431347
5 0.009720534629404616
7 0.00850546780072904
6 0.00850546780072904
1 0.007290400972053463
3 0.006075334143377885
doc : 23
2 0.8751660026560424
0 0.027888446215139442
8 0.026560424966799466
6 0.017264276228419653
7 0.010624169986719787
5 0.009296148738379813
4 0.009296148738379813
1 0.009296148738379813
9 0.00796812749003984
3 0.0066401062416998665
doc : 24
2 0.8952254641909814
8 0.02652519893899204
0 0.014588859416445622
6 0.01326259946949602
7 0.010610079575596816
5 0.009283819628647215
4 0.009283819628647215
1 0.007957559681697613
9 0.00663129973474801
3 0.00663129973474801
doc : 25
2 0.8666666666666666
0 0.023529411764705882
6 0.02091503267973856
9 0.0196078431372549
8 0.01568627450980392
4 0.01437908496732026
7 0.0130718954248366
1 0.01045751633986928
5 0.00784313725490196
3 0.00784313725490196
doc : 26
0 0.6628407460545194
7 0.11621233859397419
8 0.06743185078909612
2 0.05308464849354376
4 0.03730272596843616
6 0.017216642754662843
1 0.014347202295552367
9 0.011477761836441894
5 0.010043041606886658
3 0.010043041606886658
doc : 27
5 0.5641025641025641
4 0.06666666666666667
0 0.06666666666666667
7 0.06153846153846154
6 0.05641025641025641
9 0.046153846153846156
2 0.041025641025641026
8 0.035897435897435895
3 0.035897435897435895
1 0.02564102564102564
doc : 28
2 0.9051724137931034
8 0.017241379310344827
6 0.012315270935960592
0 0.012315270935960592
4 0.011083743842364532
9 0.008620689655172414
7 0.008620689655172414
5 0.008620689655172414
3 0.008620689655172414
1 0.007389162561576354
doc : 29
5 0.21212121212121213
3 0.12121212121212122
7 0.10606060606060606
6 0.09090909090909091
1 0.09090909090909091
9 0.07575757575757576
8 0.07575757575757576
4 0.07575757575757576
2 0.07575757575757576
0 0.07575757575757576
doc : 30
5 0.2272727272727273
7 0.10606060606060606
6 0.09090909090909091
3 0.09090909090909091
1 0.09090909090909091
0 0.09090909090909091
9 0.07575757575757576
8 0.07575757575757576
4 0.07575757575757576
2 0.07575757575757576
doc : 31
1 0.8685612788632328
2 0.021314387211367674
4 0.019538188277087035
0 0.017761989342806393
8 0.015985790408525755
5 0.012433392539964477
3 0.012433392539964477
9 0.010657193605683837
7 0.010657193605683837
6 0.010657193605683837
doc : 32
6 0.8009950248756219
9 0.03233830845771144
7 0.03233830845771144
1 0.02736318407960199
8 0.02487562189054726
5 0.022388059701492536
4 0.014925373134328358
3 0.014925373134328358
2 0.014925373134328358
0 0.014925373134328358
doc : 33
8 0.6743854649091556
4 0.1927324545778411
0 0.05023156394727467
7 0.039543997149982184
1 0.017100106875667972
6 0.009262557890986818
2 0.006056287851799074
9 0.005343783398646241
3 0.0028500178126113287
5 0.0024937655860349127
doc : 34
4 0.6332179930795848
7 0.12226066897347175
1 0.12110726643598617
8 0.032295271049596314
2 0.02306805074971165
6 0.0196078431372549
0 0.01845444059976932
5 0.01730103806228374
9 0.006920415224913495
3 0.0057670126874279125
doc : 35
9 0.8471544715447155
0 0.029268292682926828
6 0.022764227642276424
1 0.01951219512195122
7 0.01788617886178862
4 0.016260162601626015
8 0.013008130081300813
2 0.013008130081300813
3 0.011382113821138212
5 0.00975609756097561
doc : 36
0 0.5493421052631579
6 0.11842105263157894
3 0.0625
9 0.05592105263157894
1 0.05263157894736842
5 0.049342105263157895
2 0.042763157894736836
7 0.02631578947368421
4 0.02631578947368421
8 0.01644736842105263
doc : 37
0 0.2672413793103448
8 0.25
2 0.1235632183908046
5 0.09482758620689655
6 0.06896551724137931
4 0.06896551724137931
9 0.040229885057471264
1 0.037356321839080456
7 0.02586206896551724
3 0.022988505747126436
doc : 38
1 0.8591800356506238
0 0.0285204991087344
9 0.017825311942959
8 0.017825311942959
4 0.017825311942959
5 0.0160427807486631
2 0.0142602495543672
6 0.0106951871657754
7 0.0089126559714795
3 0.0089126559714795
doc : 39
1 0.4535603715170279
0 0.25232198142414863
8 0.07275541795665635
4 0.06037151702786378
2 0.05572755417956657
6 0.027863777089783284
9 0.026315789473684213
5 0.02321981424148607
7 0.015479876160990714
3 0.01238390092879257
doc : 40
1 0.8499156829679595
4 0.03541315345699831
8 0.02023608768971332
0 0.016863406408094434
2 0.01517706576728499
7 0.013490725126475547
6 0.013490725126475547
3 0.013490725126475547
9 0.011804384485666104
5 0.01011804384485666
doc : 41
3 0.9296210363495747
0 0.014307811291569992
9 0.01237432327919567
7 0.007347254447022429
6 0.006960556844547564
4 0.006960556844547564
5 0.006573859242072699
2 0.006573859242072699
1 0.005027068832173241
8 0.004253673627223511
doc : 42
0 0.36129032258064514
2 0.2064516129032258
6 0.13118279569892474
8 0.08602150537634409
4 0.07311827956989247
9 0.043010752688172046
7 0.02795698924731183
3 0.025806451612903226
1 0.025806451612903226
5 0.01935483870967742
doc : 43
5 0.8501805054151624
6 0.03249097472924188
7 0.025270758122743684
9 0.018050541516245487
2 0.018050541516245487
4 0.01624548736462094
0 0.012635379061371842
8 0.009025270758122744
3 0.009025270758122744
1 0.009025270758122744
doc : 44
4 0.753584229390681
7 0.0913978494623656
1 0.043010752688172046
0 0.03494623655913978
2 0.02060931899641577
8 0.017025089605734768
5 0.012544802867383513
6 0.011648745519713262
9 0.008064516129032258
3 0.007168458781362007
doc : 45
0 0.3172866520787746
2 0.26258205689277897
8 0.16411378555798686
6 0.07658643326039387
4 0.045951859956236324
9 0.03938730853391685
7 0.030634573304157548
5 0.028446389496717725
1 0.02188183807439825
3 0.01312910284463895
doc : 46
8 0.8383685800604229
2 0.03323262839879154
1 0.028700906344410877
7 0.02416918429003021
6 0.015105740181268881
0 0.015105740181268881
3 0.013595166163141994
5 0.012084592145015106
4 0.012084592145015106
9 0.007552870090634441
doc : 47
3 0.7254447022428462
7 0.15313225058004643
6 0.08275328692962104
9 0.007733952049497294
2 0.006960556844547564
8 0.005413766434648105
5 0.004640371229698376
4 0.004640371229698376
1 0.004640371229698376
0 0.004640371229698376
doc : 48
7 0.7007042253521127
6 0.06690140845070423
1 0.056338028169014086
9 0.035211267605633804
4 0.03169014084507042
5 0.028169014084507043
8 0.02112676056338028
3 0.02112676056338028
2 0.02112676056338028
0 0.017605633802816902
doc : 49
4 0.6294820717131474
6 0.10225763612217795
8 0.0743691899070385
2 0.06108897742363877
0 0.0398406374501992
5 0.025232403718459494
9 0.02390438247011952
1 0.02390438247011952
7 0.013280212483399733
3 0.0066401062416998665
