doc : 0
0 0.2698412698412698
7 0.14285714285714285
6 0.11904761904761904
4 0.0873015873015873
9 0.07936507936507936
8 0.07142857142857142
3 0.07142857142857142
5 0.05555555555555555
2 0.05555555555555555
1 0.047619047619047616
doc : 1
6 0.24550898203592816
0 0.19161676646706588
7 0.15568862275449102
3 0.10179640718562875
8 0.07784431137724551
4 0.05389221556886228
1 0.05389221556886228
9 0.04790419161676647
5 0.035928143712574856
2 0.035928143712574856
doc : 2
0 0.27922077922077926
6 0.13636363636363638
3 0.1168831168831169
7 0.1103896103896104
1 0.09090909090909091
9 0.08441558441558442
2 0.05844155844155845
8 0.05194805194805195
5 0.03896103896103896
4 0.03246753246753247
doc : 3
0 0.291044776119403
7 0.16417910447761194
4 0.09701492537313433
3 0.08955223880597014
9 0.08208955223880597
6 0.06716417910447761
8 0.05970149253731343
5 0.05223880597014925
1 0.05223880597014925
2 0.04477611940298507
doc : 4
7 0.8108974358974359
4 0.028846153846153844
0 0.02564102564102564
6 0.022435897435897436
3 0.022435897435897436
8 0.019230769230769232
5 0.019230769230769232
1 0.019230769230769232
9 0.016025641025641024
2 0.016025641025641024
doc : 5
7 0.6750902527075813
9 0.05415162454873646
3 0.04693140794223827
1 0.039711191335740074
0 0.036101083032490974
6 0.03249097472924188
2 0.03249097472924188
5 0.02888086642599278
4 0.02888086642599278
8 0.025270758122743684
doc : 6
7 0.8079268292682927
6 0.027439024390243903
5 0.027439024390243903
0 0.027439024390243903
9 0.021341463414634148
4 0.021341463414634148
8 0.01829268292682927
3 0.01829268292682927
2 0.01524390243902439
1 0.01524390243902439
doc : 7
0 0.3858695652173913
3 0.1902173913043478
7 0.09239130434782608
4 0.06521739130434782
5 0.059782608695652176
6 0.05434782608695652
1 0.048913043478260865
2 0.03804347826086957
9 0.03260869565217391
8 0.03260869565217391
doc : 8
6 0.6790697674418604
7 0.06046511627906977
5 0.037209302325581395
4 0.037209302325581395
3 0.037209302325581395
0 0.037209302325581395
2 0.03255813953488372
1 0.03255813953488372
9 0.023255813953488372
8 0.023255813953488372
doc : 9
8 0.6063348416289593
7 0.06334841628959277
2 0.05429864253393665
1 0.0497737556561086
0 0.04524886877828055
9 0.04072398190045249
6 0.04072398190045249
5 0.04072398190045249
4 0.031674208144796386
3 0.027149321266968326
doc : 10
3 0.7348242811501597
6 0.06389776357827476
7 0.06070287539936102
0 0.025559105431309903
5 0.022364217252396165
9 0.019169329073482427
4 0.019169329073482427
2 0.019169329073482427
1 0.019169329073482427
8 0.01597444089456869
doc : 11
3 0.7973684210526316
0 0.034210526315789476
6 0.031578947368421054
1 0.02368421052631579
5 0.021052631578947368
4 0.021052631578947368
8 0.018421052631578946
7 0.018421052631578946
2 0.018421052631578946
9 0.015789473684210527
doc : 12
6 0.5260663507109005
4 0.28751974723538704
3 0.04739336492890995
0 0.0315955766192733
1 0.02527646129541864
7 0.020537124802527645
5 0.018957345971563982
2 0.017377567140600316
9 0.014218009478672985
8 0.011058451816745656
doc : 13
6 0.6897810218978102
1 0.06569343065693431
5 0.040145985401459854
3 0.0364963503649635
7 0.032846715328467155
4 0.032846715328467155
2 0.032846715328467155
8 0.025547445255474453
9 0.021897810218978103
0 0.021897810218978103
doc : 14
2 0.3941605839416058
6 0.16058394160583941
1 0.08759124087591241
7 0.072992700729927
4 0.058394160583941604
3 0.058394160583941604
5 0.051094890510948905
0 0.043795620437956206
9 0.0364963503649635
8 0.0364963503649635
doc : 15
6 0.6558139534883721
3 0.06046511627906977
7 0.05116279069767442
4 0.04186046511627907
0 0.04186046511627907
9 0.03255813953488372
5 0.03255813953488372
1 0.03255813953488372
2 0.027906976744186046
8 0.023255813953488372
doc : 16
0 0.7148760330578513
4 0.05371900826446281
7 0.04132231404958678
3 0.04132231404958678
2 0.0371900826446281
8 0.024793388429752067
6 0.024793388429752067
9 0.02066115702479339
5 0.02066115702479339
1 0.02066115702479339
doc : 17
0 0.39344262295081966
3 0.2185792349726776
7 0.07650273224043716
6 0.06557377049180328
5 0.06557377049180328
4 0.04918032786885246
2 0.04371584699453552
1 0.03278688524590164
9 0.0273224043715847
8 0.0273224043715847
doc : 18
7 0.8098159509202454
3 0.03987730061349693
8 0.02147239263803681
6 0.02147239263803681
5 0.02147239263803681
4 0.02147239263803681
1 0.018404907975460124
9 0.015337423312883436
2 0.015337423312883436
0 0.015337423312883436
doc : 19
7 0.7000000000000001
1 0.058333333333333334
3 0.05
6 0.04166666666666667
2 0.03888888888888889
0 0.036111111111111115
9 0.022222222222222223
8 0.019444444444444445
5 0.016666666666666666
4 0.016666666666666666
doc : 20
5 0.9355322338830584
3 0.010494752623688156
6 0.009745127436281859
2 0.009745127436281859
7 0.0074962518740629685
0 0.0074962518740629685
1 0.005997001499250375
4 0.005247376311844078
9 0.004497751124437781
8 0.0037481259370314842
doc : 21
8 0.639344262295082
1 0.10655737704918034
6 0.04918032786885246
3 0.04098360655737705
2 0.04098360655737705
7 0.03278688524590164
9 0.02459016393442623
0 0.02459016393442623
5 0.020491803278688527
4 0.020491803278688527
doc : 22
4 0.5402298850574713
7 0.18773946360153257
6 0.04980842911877394
1 0.04597701149425287
3 0.042145593869731796
9 0.03065134099616858
5 0.03065134099616858
2 0.026819923371647507
8 0.022988505747126436
0 0.022988505747126436
doc : 23
0 0.548
5 0.116
8 0.068
6 0.052000000000000005
7 0.044
4 0.044
1 0.036000000000000004
9 0.032
3 0.032
2 0.028
doc : 24
6 0.2736842105263158
0 0.16842105263157894
7 0.11578947368421053
4 0.07368421052631578
3 0.07368421052631578
8 0.06315789473684211
2 0.06315789473684211
1 0.06315789473684211
9 0.05263157894736842
5 0.05263157894736842
doc : 25
3 0.7877237851662404
7 0.030690537084398978
1 0.030690537084398978
0 0.030690537084398978
9 0.023017902813299233
8 0.020460358056265986
6 0.020460358056265986
5 0.020460358056265986
2 0.020460358056265986
4 0.015345268542199489
doc : 26
3 0.7919799498746867
0 0.03759398496240601
2 0.03508771929824561
8 0.02756892230576441
7 0.02506265664160401
6 0.020050125313283207
5 0.020050125313283207
9 0.015037593984962405
1 0.015037593984962405
4 0.012531328320802004
doc : 27
1 0.8043956043956044
9 0.03296703296703297
4 0.03296703296703297
6 0.026373626373626374
3 0.026373626373626374
0 0.01978021978021978
5 0.017582417582417582
7 0.015384615384615385
8 0.013186813186813187
2 0.010989010989010988
doc : 28
3 0.35664335664335667
7 0.13986013986013987
6 0.13986013986013987
0 0.0979020979020979
1 0.06293706293706294
9 0.04895104895104895
4 0.04895104895104895
8 0.03496503496503497
5 0.03496503496503497
2 0.03496503496503497
doc : 29
3 0.42657342657342656
7 0.1258741258741259
0 0.1048951048951049
6 0.0979020979020979
1 0.04895104895104895
5 0.04195804195804196
4 0.04195804195804196
2 0.04195804195804196
9 0.03496503496503497
8 0.03496503496503497
doc : 30
7 0.2483221476510067
3 0.22147651006711408
6 0.12080536912751677
4 0.08053691275167785
1 0.0738255033557047
5 0.060402684563758385
2 0.060402684563758385
8 0.053691275167785234
9 0.040268456375838924
0 0.040268456375838924
doc : 31
5 0.9355322338830584
7 0.010494752623688156
9 0.009745127436281859
3 0.008995502248875561
6 0.008245877061469266
4 0.005997001499250375
2 0.005997001499250375
1 0.005997001499250375
8 0.005247376311844078
0 0.0037481259370314842
doc : 32
9 0.8859198355601233
1 0.01747173689619733
7 0.014388489208633094
5 0.014388489208633094
8 0.012332990750256938
4 0.012332990750256938
3 0.012332990750256938
0 0.012332990750256938
2 0.011305241521068859
6 0.007194244604316547
doc : 33
3 0.8612167300380228
7 0.034220532319391636
1 0.019011406844106463
9 0.015209125475285171
8 0.013307984790874524
6 0.013307984790874524
5 0.011406844106463879
4 0.011406844106463879
2 0.011406844106463879
0 0.009505703422053232
doc : 34
4 0.5977011494252873
7 0.16858237547892718
6 0.04980842911877394
3 0.034482758620689655
9 0.03065134099616858
5 0.03065134099616858
0 0.026819923371647507
1 0.022988505747126436
8 0.019157088122605363
2 0.019157088122605363
doc : 35
8 0.7551622418879056
7 0.038348082595870206
3 0.032448377581120944
0 0.032448377581120944
4 0.02654867256637168
2 0.02654867256637168
1 0.02654867256637168
6 0.02359882005899705
9 0.02064896755162242
5 0.017699115044247787
doc : 36
0 0.4113924050632911
8 0.09493670886075949
6 0.08860759493670886
4 0.06962025316455696
5 0.06329113924050633
2 0.06329113924050633
7 0.056962025316455694
1 0.056962025316455694
9 0.05063291139240506
3 0.04430379746835443
doc : 37
1 0.432258064516129
6 0.13548387096774195
3 0.09032258064516129
4 0.07741935483870968
7 0.05806451612903226
0 0.05806451612903226
9 0.03870967741935484
8 0.03870967741935484
2 0.03870967741935484
5 0.03225806451612903
doc : 38
6 0.288135593220339
2 0.1440677966101695
3 0.1016949152542373
1 0.1016949152542373
7 0.0847457627118644
4 0.07627118644067797
9 0.06779661016949153
8 0.05084745762711865
5 0.0423728813559322
0 0.0423728813559322
doc : 39
2 0.44776119402985076
5 0.22761194029850745
6 0.08208955223880597
7 0.06343283582089553
3 0.041044776119402986
9 0.033582089552238806
4 0.029850746268656716
0 0.029850746268656716
8 0.022388059701492536
1 0.022388059701492536
doc : 40
5 0.5907335907335908
2 0.14285714285714285
6 0.07722007722007722
7 0.03474903474903475
3 0.03474903474903475
1 0.03088803088803089
8 0.02702702702702703
4 0.02316602316602317
9 0.019305019305019305
0 0.019305019305019305
doc : 41
2 0.4882943143812709
4 0.11705685618729096
1 0.06688963210702341
7 0.06020066889632107
6 0.06020066889632107
3 0.05016722408026756
0 0.05016722408026756
9 0.046822742474916385
8 0.04013377926421405
5 0.020066889632107024
doc : 42
2 0.7261538461538461
6 0.043076923076923075
3 0.04
4 0.03692307692307692
1 0.033846153846153845
7 0.03076923076923077
9 0.027692307692307693
5 0.027692307692307693
0 0.01846153846153846
8 0.015384615384615385
doc : 43
2 0.7236842105263157
6 0.06578947368421052
7 0.039473684210526314
3 0.03618421052631579
8 0.02631578947368421
5 0.02631578947368421
1 0.023026315789473683
0 0.023026315789473683
9 0.019736842105263157
4 0.01644736842105263
doc : 44
2 0.472972972972973
6 0.11486486486486487
7 0.0945945945945946
1 0.06756756756756757
4 0.05405405405405406
9 0.0472972972972973
3 0.04054054054054054
0 0.04054054054054054
8 0.033783783783783786
5 0.033783783783783786
doc : 45
6 0.7035040431266847
5 0.09703504043126684
0 0.03773584905660378
1 0.03234501347708895
7 0.02425876010781671
3 0.02425876010781671
9 0.0215633423180593
8 0.0215633423180593
4 0.0215633423180593
2 0.016172506738544475
doc : 46
1 0.7698630136986302
3 0.06027397260273973
7 0.030136986301369864
6 0.024657534246575342
4 0.024657534246575342
9 0.021917808219178082
2 0.019178082191780823
8 0.016438356164383564
5 0.016438356164383564
0 0.016438356164383564
doc : 47
3 0.8467289719626169
7 0.022429906542056077
6 0.022429906542056077
4 0.020560747663551402
1 0.020560747663551402
9 0.016822429906542057
2 0.014953271028037384
5 0.013084112149532711
0 0.013084112149532711
8 0.009345794392523366
doc : 48
7 0.34105960264900664
4 0.30132450331125826
6 0.13245033112582782
9 0.046357615894039736
3 0.03642384105960265
2 0.03642384105960265
0 0.03642384105960265
5 0.033112582781456956
8 0.019867549668874173
1 0.016556291390728478
doc : 49
2 0.5928571428571429
0 0.11428571428571428
3 0.05714285714285714
9 0.04285714285714286
4 0.039285714285714285
1 0.039285714285714285
5 0.03571428571428571
6 0.03214285714285714
7 0.024999999999999998
8 0.02142857142857143
