doc : 0
5 0.8615023474178404
9 0.025821596244131457
4 0.02112676056338028
0 0.01643192488262911
8 0.014084507042253521
2 0.014084507042253521
7 0.011737089201877934
6 0.011737089201877934
3 0.011737089201877934
1 0.011737089201877934
doc : 1
5 0.8093994778067886
9 0.033942558746736295
8 0.02610966057441253
6 0.02349869451697128
4 0.02349869451697128
7 0.018276762402088774
3 0.018276762402088774
0 0.018276762402088774
2 0.01566579634464752
1 0.013054830287206266
doc : 2
5 0.8361344537815125
9 0.03571428571428571
7 0.021008403361344536
8 0.018907563025210083
4 0.01680672268907563
3 0.01680672268907563
0 0.01680672268907563
1 0.014705882352941176
6 0.012605042016806723
2 0.010504201680672268
doc : 3
5 0.8449612403100776
9 0.023255813953488372
3 0.020671834625323
6 0.018087855297157625
4 0.018087855297157625
2 0.018087855297157625
0 0.018087855297157625
8 0.012919896640826874
7 0.012919896640826874
1 0.012919896640826874
doc : 4
5 0.8422330097087378
9 0.021844660194174755
0 0.021844660194174755
7 0.019417475728155338
8 0.01699029126213592
4 0.01699029126213592
2 0.01699029126213592
6 0.014563106796116504
3 0.014563106796116504
1 0.014563106796116504
doc : 5
5 0.6271186440677966
9 0.23461195361284568
8 0.05084745762711865
6 0.01694915254237288
1 0.01694915254237288
0 0.01694915254237288
7 0.009812667261373774
2 0.009812667261373774
4 0.008920606601248885
3 0.008028545941123996
doc : 6
5 0.8344226579520698
9 0.03703703703703704
8 0.02178649237472767
6 0.019607843137254905
7 0.017429193899782137
0 0.017429193899782137
3 0.01525054466230937
4 0.013071895424836603
2 0.013071895424836603
1 0.010893246187363835
doc : 7
2 0.7383512544802867
5 0.07526881720430108
6 0.035842293906810034
8 0.02867383512544803
9 0.025089605734767026
1 0.025089605734767026
7 0.017921146953405017
4 0.017921146953405017
3 0.017921146953405017
0 0.017921146953405017
doc : 8
5 0.702576112412178
9 0.15456674473067916
2 0.03161592505854801
8 0.02810304449648712
3 0.02576112412177986
7 0.01522248243559719
1 0.011709601873536299
6 0.01053864168618267
0 0.01053864168618267
4 0.00936768149882904
doc : 9
5 0.4757281553398058
0 0.12135922330097086
8 0.10194174757281553
4 0.07281553398058252
6 0.04854368932038834
2 0.04854368932038834
3 0.038834951456310676
7 0.03398058252427184
1 0.03398058252427184
9 0.02427184466019417
doc : 10
8 0.8485639686684073
6 0.028720626631853787
7 0.018276762402088774
9 0.01566579634464752
5 0.01566579634464752
3 0.01566579634464752
1 0.01566579634464752
0 0.01566579634464752
4 0.013054830287206266
2 0.013054830287206266
doc : 11
8 0.8273195876288659
7 0.02577319587628866
6 0.023195876288659795
2 0.023195876288659795
9 0.020618556701030927
1 0.020618556701030927
0 0.01804123711340206
3 0.015463917525773196
5 0.01288659793814433
4 0.01288659793814433
doc : 12
8 0.8155844155844156
9 0.02857142857142857
6 0.02857142857142857
2 0.023376623376623377
1 0.02077922077922078
0 0.02077922077922078
7 0.01818181818181818
5 0.015584415584415584
3 0.015584415584415584
4 0.012987012987012988
doc : 13
5 0.7311178247734139
9 0.05740181268882175
0 0.03927492447129909
4 0.03625377643504532
8 0.027190332326283987
2 0.027190332326283987
6 0.02416918429003021
3 0.021148036253776436
7 0.01812688821752266
1 0.01812688821752266
doc : 14
5 0.6920222634508348
7 0.05194805194805195
9 0.04452690166975881
2 0.04267161410018553
8 0.03710575139146568
4 0.03153988868274583
3 0.027829313543599257
1 0.027829313543599257
6 0.022263450834879406
0 0.022263450834879406
doc : 15
5 0.8546365914786966
9 0.02506265664160401
3 0.020050125313283207
4 0.017543859649122806
8 0.015037593984962405
7 0.015037593984962405
2 0.015037593984962405
6 0.012531328320802004
1 0.012531328320802004
0 0.012531328320802004
doc : 16
5 0.7965116279069767
4 0.031007751937984496
3 0.031007751937984496
0 0.029069767441860465
7 0.023255813953488372
8 0.02131782945736434
9 0.01937984496124031
1 0.01744186046511628
6 0.015503875968992248
2 0.015503875968992248
doc : 17
1 0.642512077294686
6 0.07729468599033816
8 0.043478260869565216
5 0.043478260869565216
3 0.03864734299516908
2 0.03864734299516908
4 0.033816425120772944
0 0.033816425120772944
9 0.024154589371980676
7 0.024154589371980676
doc : 18
2 0.7630057803468208
7 0.046242774566473986
4 0.03757225433526011
8 0.028901734104046242
1 0.026011560693641616
0 0.023121387283236993
6 0.02023121387283237
3 0.02023121387283237
9 0.017341040462427744
5 0.017341040462427744
doc : 19
1 0.8590864917395529
5 0.06899902818270165
9 0.011661807580174927
6 0.011661807580174927
8 0.008746355685131196
3 0.008746355685131196
7 0.007774538386783284
4 0.007774538386783284
2 0.007774538386783284
0 0.007774538386783284
doc : 20
5 0.6139240506329113
7 0.06329113924050633
4 0.06329113924050633
9 0.05063291139240506
8 0.0379746835443038
2 0.0379746835443038
0 0.0379746835443038
6 0.03164556962025317
3 0.03164556962025317
1 0.03164556962025317
doc : 21
2 0.7613941018766757
4 0.06702412868632708
8 0.03485254691689008
1 0.02412868632707775
6 0.021447721179624665
3 0.021447721179624665
0 0.021447721179624665
9 0.01876675603217158
7 0.0160857908847185
5 0.013404825737265416
doc : 22
2 0.8256130790190735
7 0.024523160762942777
4 0.024523160762942777
0 0.024523160762942777
1 0.021798365122615803
9 0.01907356948228883
3 0.01907356948228883
8 0.013623978201634877
6 0.013623978201634877
5 0.013623978201634877
doc : 23
8 0.6650082918739635
5 0.11940298507462686
9 0.0978441127694859
0 0.028192371475953566
6 0.026533996683250415
7 0.01658374792703151
4 0.014925373134328358
1 0.013266998341625208
3 0.009950248756218905
2 0.008291873963515755
doc : 24
1 0.9456018518518517
3 0.006944444444444444
0 0.006944444444444444
9 0.005787037037037037
8 0.005787037037037037
7 0.005787037037037037
6 0.005787037037037037
5 0.005787037037037037
4 0.005787037037037037
2 0.005787037037037037
doc : 25
1 0.9497816593886462
7 0.006550218340611353
9 0.0054585152838427945
8 0.0054585152838427945
6 0.0054585152838427945
5 0.0054585152838427945
4 0.0054585152838427945
3 0.0054585152838427945
2 0.0054585152838427945
0 0.0054585152838427945
doc : 26
2 0.7777777777777778
3 0.07651991614255765
7 0.052410901467505246
4 0.020964360587002098
0 0.020964360587002098
1 0.015723270440251572
6 0.012578616352201259
8 0.008385744234800839
9 0.007337526205450734
5 0.007337526205450734
doc : 27
3 0.9200463499420626
8 0.012746234067207415
4 0.012746234067207415
2 0.011587485515643106
7 0.010428736964078795
6 0.006952491309385863
5 0.006952491309385863
0 0.006952491309385863
9 0.005793742757821553
1 0.005793742757821553
doc : 28
9 0.9721991701244813
5 0.005809128630705394
1 0.0053941908713692945
6 0.002904564315352697
7 0.0024896265560165973
4 0.0024896265560165973
0 0.0024896265560165973
8 0.002074688796680498
3 0.002074688796680498
2 0.002074688796680498
doc : 29
9 0.9742738589211618
1 0.004979253112033195
5 0.004564315352697096
2 0.002904564315352697
4 0.0024896265560165973
0 0.0024896265560165973
8 0.002074688796680498
7 0.002074688796680498
6 0.002074688796680498
3 0.002074688796680498
doc : 30
2 0.7936507936507936
5 0.04126984126984127
6 0.02857142857142857
8 0.025396825396825397
9 0.022222222222222223
3 0.01904761904761905
1 0.01904761904761905
0 0.01904761904761905
7 0.015873015873015872
4 0.015873015873015872
doc : 31
2 0.7784256559766763
8 0.03498542274052478
5 0.03498542274052478
6 0.026239067055393587
4 0.026239067055393587
3 0.026239067055393587
7 0.023323615160349854
9 0.01749271137026239
1 0.01749271137026239
0 0.014577259475218658
doc : 32
4 0.8593350383631714
7 0.05839727195225916
3 0.02557544757033248
8 0.013640238704177323
2 0.013213981244671782
1 0.007246376811594203
5 0.0068201193520886615
0 0.005967604433077579
9 0.005541346973572037
6 0.004262574595055414
doc : 33
4 0.8985981308411215
7 0.023364485981308414
1 0.016822429906542057
3 0.014485981308411215
8 0.01355140186915888
2 0.010280373831775701
5 0.0065420560747663555
9 0.006074766355140187
0 0.005607476635514019
6 0.004672897196261683
doc : 34
6 0.35254491017964074
5 0.3046407185628743
9 0.19161676646706588
8 0.03817365269461078
4 0.026197604790419163
7 0.023952095808383235
0 0.023952095808383235
2 0.01721556886227545
3 0.01347305389221557
1 0.008233532934131737
doc : 35
8 0.5100755667506297
9 0.3879093198992443
5 0.027707808564231738
0 0.015113350125944584
7 0.013853904282115869
6 0.011335012594458438
3 0.010075566750629723
4 0.008816120906801008
2 0.007556675062972292
1 0.007556675062972292
doc : 36
3 0.8537477148080439
6 0.021937842778793418
1 0.021937842778793418
2 0.018281535648994516
5 0.016453382084095063
4 0.016453382084095063
0 0.014625228519195612
8 0.012797074954296161
7 0.012797074954296161
9 0.010968921389396709
doc : 37
1 0.9492273730684326
5 0.006622516556291391
9 0.005518763796909493
8 0.005518763796909493
7 0.005518763796909493
6 0.005518763796909493
4 0.005518763796909493
3 0.005518763796909493
2 0.005518763796909493
0 0.005518763796909493
doc : 38
3 0.8503649635036497
6 0.020072992700729927
5 0.020072992700729927
2 0.020072992700729927
1 0.020072992700729927
0 0.020072992700729927
7 0.014598540145985401
4 0.012773722627737226
9 0.010948905109489052
8 0.010948905109489052
doc : 39
2 0.6448598130841121
3 0.13317757009345793
8 0.0514018691588785
0 0.0514018691588785
7 0.02570093457943925
4 0.02336448598130841
9 0.02102803738317757
6 0.016355140186915886
5 0.016355140186915886
1 0.016355140186915886
doc : 40
6 0.6618090452261307
5 0.13316582914572866
8 0.09095477386934674
1 0.043718592964824124
4 0.019597989949748745
2 0.016080402010050253
0 0.014572864321608042
7 0.009045226130653268
3 0.006030150753768845
9 0.0050251256281407045
doc : 41
5 0.8716216216216216
0 0.02252252252252252
9 0.018018018018018018
8 0.013513513513513514
7 0.013513513513513514
4 0.013513513513513514
2 0.013513513513513514
6 0.01126126126126126
3 0.01126126126126126
1 0.01126126126126126
doc : 42
6 0.8922155688622754
3 0.020958083832335328
1 0.020958083832335328
8 0.012974051896207584
7 0.010978043912175647
4 0.010978043912175647
2 0.010978043912175647
5 0.008982035928143712
0 0.005988023952095808
9 0.00499001996007984
doc : 43
5 0.7434944237918215
1 0.040892193308550186
7 0.03717472118959107
2 0.03345724907063197
9 0.02973977695167286
6 0.02973977695167286
4 0.02973977695167286
8 0.018587360594795536
3 0.018587360594795536
0 0.018587360594795536
doc : 44
5 0.7576687116564418
9 0.049079754601226995
2 0.03680981595092025
1 0.03374233128834356
3 0.024539877300613498
0 0.024539877300613498
4 0.02147239263803681
8 0.018404907975460124
7 0.018404907975460124
6 0.015337423312883436
doc : 45
2 0.20945945945945948
7 0.14189189189189189
1 0.14189189189189189
8 0.10135135135135136
3 0.10135135135135136
6 0.08108108108108109
0 0.07432432432432433
4 0.06756756756756757
5 0.0472972972972973
9 0.033783783783783786
doc : 46
6 0.8598326359832635
3 0.02928870292887029
8 0.02092050209205021
7 0.018828451882845185
0 0.014644351464435145
5 0.012552301255230124
2 0.012552301255230124
9 0.010460251046025104
4 0.010460251046025104
1 0.010460251046025104
doc : 47
5 0.40615384615384614
4 0.16307692307692306
6 0.09846153846153846
2 0.08307692307692308
3 0.055384615384615386
0 0.04923076923076923
8 0.046153846153846156
7 0.03692307692307692
1 0.033846153846153845
9 0.027692307692307693
doc : 48
5 0.5728929384965831
9 0.3200455580865603
4 0.018223234624145785
7 0.017084282460136675
6 0.01366742596810934
0 0.01366742596810934
2 0.012528473804100227
1 0.012528473804100227
8 0.010250569476082005
3 0.009111617312072893
doc : 49
4 0.7997737556561086
2 0.057692307692307696
5 0.037330316742081454
7 0.03506787330316742
8 0.022624434389140274
3 0.013574660633484163
0 0.011312217194570137
1 0.010180995475113122
6 0.006787330316742082
9 0.005656108597285069
doc : 50
3 0.9166666666666666
7 0.012411347517730497
9 0.008865248226950354
8 0.008865248226950354
6 0.008865248226950354
5 0.008865248226950354
4 0.008865248226950354
2 0.008865248226950354
1 0.008865248226950354
0 0.008865248226950354
doc : 51
3 0.9541745134965475
0 0.008160703075957313
7 0.0069052102950408045
5 0.0069052102950408045
2 0.005649717514124294
8 0.005021971123666039
4 0.0037664783427495295
9 0.0031387319522912746
6 0.0031387319522912746
1 0.0031387319522912746
doc : 52
3 0.842741935483871
2 0.03024193548387097
0 0.028225806451612902
6 0.02217741935483871
5 0.02217741935483871
9 0.012096774193548387
7 0.012096774193548387
8 0.010080645161290322
4 0.010080645161290322
1 0.010080645161290322
doc : 53
0 0.9420289855072463
7 0.007803790412486064
4 0.007803790412486064
5 0.006688963210702341
2 0.006688963210702341
1 0.006688963210702341
9 0.005574136008918618
8 0.005574136008918618
6 0.005574136008918618
3 0.005574136008918618
doc : 54
9 0.9687707012397085
8 0.009841960821425192
5 0.008517081480079493
2 0.0026497586826913977
0 0.0026497586826913977
6 0.002176587489353648
7 0.0017980505346834484
1 0.0014195135800132489
3 0.0013248793413456988
4 8.517081480079493E-4
doc : 55
0 0.7191392978482447
7 0.07587768969422425
5 0.06342015855039639
8 0.0362400906002265
3 0.03397508493771235
2 0.022650056625141565
4 0.01812004530011325
9 0.01245753114382786
6 0.010192525481313703
1 0.007927519818799548
doc : 56
4 0.9048507462686567
3 0.016791044776119403
8 0.01585820895522388
5 0.013059701492537313
0 0.010261194029850746
7 0.008395522388059701
6 0.008395522388059701
1 0.008395522388059701
9 0.007462686567164179
2 0.0065298507462686565
doc : 57
5 0.8987108655616943
9 0.014732965009208104
8 0.01289134438305709
0 0.01289134438305709
6 0.011049723756906077
4 0.011049723756906077
3 0.011049723756906077
7 0.009208103130755065
2 0.009208103130755065
1 0.009208103130755065
doc : 58
4 0.7612903225806451
8 0.05806451612903226
7 0.041935483870967745
0 0.035483870967741936
2 0.03225806451612903
3 0.024193548387096774
9 0.017741935483870968
6 0.01129032258064516
5 0.00967741935483871
1 0.008064516129032258
doc : 59
4 0.8432748538011696
2 0.04327485380116959
3 0.022222222222222223
6 0.01871345029239766
0 0.017543859649122806
8 0.016374269005847954
7 0.0152046783625731
5 0.00935672514619883
1 0.008187134502923977
9 0.005847953216374269
doc : 60
3 0.9142857142857143
8 0.011111111111111112
7 0.011111111111111112
2 0.011111111111111112
9 0.009523809523809525
4 0.009523809523809525
1 0.009523809523809525
6 0.007936507936507936
5 0.007936507936507936
0 0.007936507936507936
doc : 61
2 0.36227544910179643
3 0.2724550898203593
0 0.14670658682634732
1 0.04191616766467066
8 0.035928143712574856
4 0.035928143712574856
9 0.03293413173652695
6 0.02694610778443114
7 0.023952095808383235
5 0.02095808383233533
doc : 62
7 0.7790893760539629
3 0.045531197301854974
8 0.03709949409780776
6 0.03204047217537943
4 0.03204047217537943
2 0.021922428330522763
5 0.016863406408094434
1 0.01517706576728499
9 0.01011804384485666
0 0.01011804384485666
doc : 63
5 0.758364312267658
2 0.05204460966542751
1 0.03717472118959107
9 0.02973977695167286
7 0.022304832713754646
6 0.022304832713754646
3 0.022304832713754646
8 0.018587360594795536
4 0.018587360594795536
0 0.018587360594795536
doc : 64
7 0.727699530516432
3 0.0539906103286385
6 0.046948356807511735
4 0.035211267605633804
0 0.03286384976525822
8 0.03051643192488263
2 0.028169014084507043
5 0.01643192488262911
1 0.01643192488262911
9 0.011737089201877934
doc : 65
5 0.8913443830570903
9 0.01841620626151013
7 0.01289134438305709
6 0.01289134438305709
0 0.01289134438305709
8 0.011049723756906077
4 0.011049723756906077
1 0.011049723756906077
3 0.009208103130755065
2 0.009208103130755065
doc : 66
4 0.6155115511551155
5 0.11386138613861387
7 0.08085808580858087
0 0.04455445544554455
2 0.0429042904290429
3 0.03135313531353135
1 0.026402640264026403
6 0.0165016501650165
9 0.01485148514851485
8 0.013201320132013201
doc : 67
5 0.8452380952380952
9 0.03968253968253968
7 0.017857142857142856
4 0.017857142857142856
8 0.015873015873015872
2 0.015873015873015872
1 0.013888888888888888
6 0.011904761904761904
3 0.011904761904761904
0 0.00992063492063492
doc : 68
2 0.715311004784689
8 0.07655502392344497
7 0.06220095693779904
3 0.03349282296650718
0 0.028708133971291863
4 0.021531100478468897
6 0.01674641148325359
1 0.01674641148325359
9 0.014354066985645932
5 0.014354066985645932
doc : 69
7 0.375
4 0.26944444444444443
8 0.09166666666666667
2 0.06666666666666667
3 0.05277777777777778
0 0.05
6 0.03333333333333333
1 0.025
9 0.019444444444444445
5 0.016666666666666666
doc : 70
6 0.3741935483870968
8 0.1935483870967742
0 0.07741935483870968
7 0.07096774193548387
3 0.06451612903225806
4 0.05806451612903226
5 0.05161290322580645
2 0.04516129032258064
9 0.03225806451612903
1 0.03225806451612903
doc : 71
7 0.9442018437651625
0 0.015526443474041727
3 0.00727802037845706
4 0.006307617661329452
5 0.005822416302765648
2 0.005822416302765648
8 0.005337214944201843
1 0.0038816108685104317
6 0.003396409509946628
9 0.0024260067928190197
doc : 72
6 0.8996212121212122
3 0.013257575757575758
8 0.011363636363636364
7 0.011363636363636364
5 0.011363636363636364
2 0.011363636363636364
1 0.011363636363636364
0 0.011363636363636364
9 0.00946969696969697
4 0.00946969696969697
doc : 73
6 0.9246031746031745
3 0.01455026455026455
1 0.010582010582010581
8 0.007936507936507936
4 0.007936507936507936
2 0.007936507936507936
9 0.006613756613756613
7 0.006613756613756613
5 0.006613756613756613
0 0.006613756613756613
doc : 74
0 0.7678207739307535
8 0.05091649694501018
3 0.038696537678207736
2 0.030549898167006106
9 0.024439918533604887
7 0.02240325865580448
4 0.02240325865580448
6 0.018329938900203666
1 0.01425661914460285
5 0.010183299389002035
doc : 75
5 0.8464052287581699
9 0.029411764705882353
7 0.022875816993464054
8 0.021241830065359478
4 0.021241830065359478
2 0.014705882352941176
3 0.011437908496732027
1 0.011437908496732027
0 0.011437908496732027
6 0.00980392156862745
doc : 76
4 0.8435233160621761
8 0.02383419689119171
0 0.02383419689119171
7 0.020725388601036267
5 0.020725388601036267
6 0.017616580310880828
1 0.017616580310880828
3 0.013471502590673574
2 0.013471502590673574
9 0.005181347150259067
doc : 77
5 0.8042071197411004
9 0.03883495145631068
0 0.03236245954692557
8 0.02912621359223301
3 0.01941747572815534
7 0.01779935275080906
2 0.01779935275080906
4 0.014563106796116505
6 0.012944983818770227
1 0.012944983818770227
doc : 78
5 0.824607329842932
9 0.06806282722513089
1 0.02356020942408377
8 0.018324607329842934
3 0.015706806282722516
6 0.010471204188481676
4 0.010471204188481676
2 0.010471204188481676
7 0.009162303664921467
0 0.009162303664921467
doc : 79
2 0.6058282208588958
3 0.16411042944785276
9 0.049079754601226995
8 0.049079754601226995
7 0.04754601226993865
6 0.026073619631901843
0 0.024539877300613498
4 0.015337423312883436
1 0.010736196319018405
5 0.007668711656441718
doc : 80
7 0.6421404682274248
2 0.06020066889632107
4 0.056856187290969896
0 0.05016722408026756
3 0.046822742474916385
8 0.043478260869565216
1 0.033444816053511704
6 0.030100334448160536
9 0.020066889632107024
5 0.016722408026755852
doc : 81
0 0.9402654867256637
7 0.007743362831858407
6 0.007743362831858407
4 0.007743362831858407
2 0.007743362831858407
8 0.00663716814159292
9 0.0055309734513274336
5 0.0055309734513274336
3 0.0055309734513274336
1 0.0055309734513274336
doc : 82
0 0.7601351351351352
3 0.0472972972972973
2 0.04391891891891892
6 0.02702702702702703
9 0.02364864864864865
8 0.02364864864864865
5 0.02027027027027027
4 0.02027027027027027
7 0.016891891891891893
1 0.016891891891891893
doc : 83
0 0.47454175152749484
8 0.16089613034623215
3 0.1140529531568228
4 0.05906313645621181
2 0.052953156822810585
6 0.05091649694501018
7 0.03665987780040733
5 0.026476578411405292
9 0.012219959266802444
1 0.012219959266802444
doc : 84
5 0.8990825688073395
9 0.01834862385321101
7 0.012844036697247707
8 0.011009174311926606
2 0.011009174311926606
1 0.011009174311926606
6 0.009174311926605505
4 0.009174311926605505
3 0.009174311926605505
0 0.009174311926605505
doc : 85
5 0.8917431192660551
7 0.01834862385321101
8 0.014678899082568808
0 0.012844036697247707
4 0.011009174311926606
3 0.011009174311926606
2 0.011009174311926606
1 0.011009174311926606
9 0.009174311926605505
6 0.009174311926605505
doc : 86
6 0.906441717791411
7 0.018404907975460124
3 0.013803680981595092
8 0.010736196319018405
2 0.010736196319018405
1 0.009202453987730062
9 0.007668711656441718
5 0.007668711656441718
4 0.007668711656441718
0 0.007668711656441718
doc : 87
7 0.38222222222222224
5 0.16
9 0.1511111111111111
8 0.057777777777777775
4 0.057777777777777775
6 0.04888888888888889
2 0.044444444444444446
0 0.04
1 0.03111111111111111
3 0.026666666666666665
doc : 88
8 0.8450142450142449
7 0.037606837606837605
3 0.033048433048433044
4 0.028490028490028487
6 0.020512820512820513
0 0.011396011396011395
2 0.007407407407407407
1 0.006837606837606838
5 0.005128205128205128
9 0.004558404558404558
doc : 89
7 0.9161676646706587
8 0.010479041916167666
5 0.010479041916167666
4 0.010479041916167666
3 0.010479041916167666
6 0.008982035928143714
2 0.008982035928143714
1 0.008982035928143714
9 0.0074850299401197605
0 0.0074850299401197605
doc : 90
0 0.9391592920353982
6 0.011061946902654867
4 0.007743362831858407
8 0.00663716814159292
7 0.00663716814159292
2 0.00663716814159292
9 0.0055309734513274336
5 0.0055309734513274336
3 0.0055309734513274336
1 0.0055309734513274336
doc : 91
2 0.7996289424860854
8 0.05194805194805195
7 0.025974025974025976
3 0.02411873840445269
4 0.022263450834879406
0 0.020408163265306124
6 0.016697588126159554
9 0.012987012987012988
5 0.012987012987012988
1 0.012987012987012988
doc : 92
5 0.8406432748538011
9 0.03070175438596491
2 0.02631578947368421
0 0.019005847953216373
1 0.017543859649122806
4 0.01608187134502924
3 0.014619883040935672
7 0.013157894736842105
6 0.011695906432748537
8 0.01023391812865497
doc : 93
5 0.8840262582056893
9 0.019693654266958426
8 0.01312910284463895
4 0.01312910284463895
3 0.01312910284463895
0 0.01312910284463895
7 0.010940919037199124
6 0.010940919037199124
2 0.010940919037199124
1 0.010940919037199124
doc : 94
5 0.8840262582056893
9 0.015317286652078774
6 0.015317286652078774
7 0.01312910284463895
4 0.01312910284463895
3 0.01312910284463895
2 0.01312910284463895
8 0.010940919037199124
1 0.010940919037199124
0 0.010940919037199124
doc : 95
5 0.7475633528265107
9 0.14619883040935672
7 0.021442495126705652
2 0.018518518518518517
4 0.016569200779727095
0 0.01364522417153996
8 0.010721247563352826
6 0.008771929824561403
1 0.008771929824561403
3 0.007797270955165692
doc : 96
4 0.6334106728538282
7 0.14385150812064965
2 0.04176334106728538
8 0.03944315545243619
0 0.03944315545243619
9 0.02320185614849188
6 0.02320185614849188
5 0.02320185614849188
3 0.018561484918793503
1 0.013921113689095127
doc : 97
6 0.85625
3 0.035416666666666666
2 0.020833333333333332
0 0.016666666666666666
4 0.014583333333333334
9 0.0125
1 0.0125
8 0.010416666666666666
7 0.010416666666666666
5 0.010416666666666666
doc : 98
6 0.8191056910569107
7 0.06707317073170732
3 0.022357723577235776
4 0.01829268292682927
2 0.014227642276422765
0 0.014227642276422765
8 0.012195121951219513
1 0.012195121951219513
9 0.010162601626016262
5 0.010162601626016262
doc : 99
7 0.9101796407185629
8 0.01347305389221557
6 0.011976047904191617
2 0.011976047904191617
5 0.010479041916167666
9 0.008982035928143714
3 0.008982035928143714
1 0.008982035928143714
4 0.0074850299401197605
0 0.0074850299401197605
