doc : 0
6 0.5735294117647058
9 0.07352941176470588
7 0.0661764705882353
5 0.051470588235294115
8 0.044117647058823525
1 0.044117647058823525
4 0.03676470588235294
3 0.03676470588235294
2 0.03676470588235294
0 0.03676470588235294
doc : 1
9 0.375
6 0.125
8 0.09166666666666666
7 0.075
5 0.06666666666666667
4 0.06666666666666667
1 0.058333333333333334
2 0.05
0 0.05
3 0.041666666666666664
doc : 2
4 0.8352144469525958
6 0.024830699774266364
3 0.02257336343115124
5 0.020316027088036117
7 0.01805869074492099
1 0.01805869074492099
0 0.01805869074492099
8 0.015801354401805866
9 0.013544018058690745
2 0.013544018058690745
doc : 3
4 0.9043250327653998
1 0.01703800786369594
3 0.01310615989515072
0 0.01310615989515072
6 0.010484927916120577
7 0.009174311926605505
2 0.009174311926605505
9 0.007863695937090433
8 0.007863695937090433
5 0.007863695937090433
doc : 4
0 0.861904761904762
3 0.03015873015873016
2 0.01904761904761905
5 0.01746031746031746
8 0.014285714285714285
7 0.014285714285714285
6 0.012698412698412698
1 0.011111111111111112
9 0.009523809523809525
4 0.009523809523809525
doc : 5
1 0.8005464480874317
9 0.040983606557377046
2 0.03278688524590164
7 0.02185792349726776
6 0.02185792349726776
8 0.01912568306010929
0 0.01912568306010929
3 0.01639344262295082
5 0.01366120218579235
4 0.01366120218579235
doc : 6
1 0.5060240963855422
9 0.13253012048192772
6 0.07228915662650603
8 0.05421686746987952
7 0.04819277108433735
3 0.042168674698795185
2 0.042168674698795185
5 0.03614457831325302
4 0.03614457831325302
0 0.030120481927710843
doc : 7
3 0.8226495726495727
4 0.08653846153846155
5 0.017094017094017096
7 0.012820512820512822
6 0.012820512820512822
9 0.011752136752136754
0 0.010683760683760684
8 0.009615384615384616
1 0.009615384615384616
2 0.006410256410256411
doc : 8
9 0.7929824561403509
2 0.028070175438596492
8 0.02456140350877193
7 0.02456140350877193
5 0.02456140350877193
1 0.02456140350877193
0 0.02456140350877193
4 0.021052631578947368
6 0.017543859649122806
3 0.017543859649122806
doc : 9
6 0.43859649122807015
5 0.1695906432748538
0 0.0935672514619883
9 0.06432748538011696
3 0.04678362573099415
7 0.04093567251461988
2 0.04093567251461988
1 0.04093567251461988
4 0.03508771929824561
8 0.029239766081871343
doc : 10
8 0.4978723404255319
9 0.23829787234042554
1 0.055319148936170216
0 0.05106382978723405
6 0.03404255319148936
7 0.029787234042553193
3 0.029787234042553193
5 0.02127659574468085
4 0.02127659574468085
2 0.02127659574468085
doc : 11
0 0.8170731707317074
8 0.024390243902439025
5 0.024390243902439025
9 0.021341463414634148
7 0.021341463414634148
6 0.021341463414634148
4 0.01829268292682927
3 0.01829268292682927
1 0.01829268292682927
2 0.01524390243902439
doc : 12
6 0.7300000000000001
5 0.04
9 0.03666666666666667
4 0.03333333333333333
3 0.03333333333333333
0 0.03333333333333333
7 0.030000000000000002
8 0.023333333333333334
1 0.023333333333333334
2 0.016666666666666666
doc : 13
9 0.48484848484848486
0 0.08333333333333334
8 0.07575757575757576
6 0.06818181818181818
4 0.05303030303030303
1 0.05303030303030303
7 0.045454545454545456
5 0.045454545454545456
3 0.045454545454545456
2 0.045454545454545456
doc : 14
9 0.504
8 0.07200000000000001
6 0.064
7 0.056
4 0.056
1 0.056
0 0.056
5 0.048
3 0.048
2 0.04
doc : 15
9 0.45669291338582674
6 0.09448818897637795
8 0.07874015748031496
7 0.06299212598425197
4 0.06299212598425197
3 0.05511811023622047
1 0.05511811023622047
5 0.047244094488188976
2 0.047244094488188976
0 0.03937007874015748
doc : 16
1 0.5754189944134078
9 0.11731843575418995
7 0.05027932960893855
8 0.0446927374301676
0 0.0446927374301676
5 0.03910614525139665
3 0.03910614525139665
4 0.0335195530726257
6 0.02793296089385475
2 0.02793296089385475
doc : 17
1 0.5852272727272727
9 0.09090909090909091
6 0.05113636363636364
8 0.045454545454545456
7 0.045454545454545456
4 0.03977272727272727
3 0.03977272727272727
2 0.03977272727272727
0 0.03409090909090909
5 0.02840909090909091
doc : 18
1 0.5838150289017341
9 0.1329479768786127
8 0.046242774566473986
7 0.04046242774566474
6 0.04046242774566474
5 0.03468208092485549
0 0.03468208092485549
4 0.028901734104046242
3 0.028901734104046242
2 0.028901734104046242
doc : 19
9 0.488
8 0.07200000000000001
6 0.07200000000000001
5 0.07200000000000001
4 0.064
0 0.056
2 0.048
1 0.048
7 0.04
3 0.04
doc : 20
9 0.847305389221557
7 0.02095808383233533
3 0.02095808383233533
5 0.017964071856287428
0 0.017964071856287428
8 0.014970059880239521
6 0.014970059880239521
4 0.014970059880239521
2 0.014970059880239521
1 0.014970059880239521
doc : 21
9 0.7936507936507936
1 0.031746031746031744
7 0.027777777777777776
8 0.023809523809523808
6 0.023809523809523808
5 0.01984126984126984
4 0.01984126984126984
3 0.01984126984126984
2 0.01984126984126984
0 0.01984126984126984
doc : 22
3 0.8165217391304348
7 0.0408695652173913
8 0.02782608695652174
4 0.02434782608695652
6 0.020869565217391306
5 0.02
0 0.019130434782608695
2 0.01565217391304348
1 0.00782608695652174
9 0.006956521739130435
doc : 23
1 0.5966850828729282
9 0.1270718232044199
5 0.03867403314917127
3 0.03867403314917127
2 0.03867403314917127
0 0.03867403314917127
8 0.03314917127071823
7 0.03314917127071823
6 0.027624309392265192
4 0.027624309392265192
doc : 24
1 0.5235294117647059
9 0.17058823529411765
8 0.07058823529411765
6 0.03529411764705882
5 0.03529411764705882
4 0.03529411764705882
2 0.03529411764705882
0 0.03529411764705882
7 0.029411764705882353
3 0.029411764705882353
doc : 25
1 0.5029239766081871
9 0.1286549707602339
8 0.1111111111111111
6 0.05263157894736842
3 0.04678362573099415
5 0.03508771929824561
2 0.03508771929824561
7 0.029239766081871343
4 0.029239766081871343
0 0.029239766081871343
doc : 26
5 0.5666666666666667
6 0.075
9 0.0625
2 0.05
3 0.04583333333333333
1 0.04583333333333333
7 0.041666666666666664
0 0.041666666666666664
4 0.0375
8 0.03333333333333333
doc : 27
4 0.9065420560747663
3 0.014018691588785047
9 0.012461059190031152
5 0.010903426791277258
1 0.010903426791277258
8 0.009345794392523364
7 0.009345794392523364
6 0.009345794392523364
0 0.009345794392523364
2 0.00778816199376947
doc : 28
6 0.572463768115942
9 0.09420289855072464
7 0.050724637681159424
1 0.050724637681159424
2 0.043478260869565216
0 0.043478260869565216
8 0.036231884057971016
5 0.036231884057971016
4 0.036231884057971016
3 0.036231884057971016
doc : 29
6 0.5735294117647058
9 0.07352941176470588
8 0.051470588235294115
7 0.051470588235294115
5 0.051470588235294115
4 0.044117647058823525
1 0.044117647058823525
3 0.03676470588235294
2 0.03676470588235294
0 0.03676470588235294
doc : 30
6 0.5588235294117647
9 0.08088235294117647
5 0.058823529411764705
0 0.058823529411764705
1 0.051470588235294115
8 0.044117647058823525
7 0.03676470588235294
4 0.03676470588235294
3 0.03676470588235294
2 0.03676470588235294
doc : 31
6 0.8708414872798433
5 0.01761252446183953
1 0.01761252446183953
8 0.015655577299412915
4 0.015655577299412915
9 0.0136986301369863
7 0.0136986301369863
2 0.0136986301369863
0 0.011741682974559686
3 0.009784735812133072
doc : 32
5 0.3768844221105528
8 0.135678391959799
7 0.08040201005025126
6 0.08040201005025126
9 0.07537688442211056
4 0.06030150753768844
0 0.06030150753768844
1 0.05527638190954774
3 0.04522613065326633
2 0.03015075376884422
doc : 33
8 0.4978540772532189
9 0.27467811158798283
1 0.055793991416309016
0 0.04291845493562232
7 0.02145922746781116
6 0.02145922746781116
5 0.02145922746781116
4 0.02145922746781116
3 0.02145922746781116
2 0.02145922746781116
doc : 34
9 0.8098859315589354
5 0.022813688212927757
3 0.022813688212927757
2 0.022813688212927757
1 0.022813688212927757
0 0.022813688212927757
8 0.019011406844106463
7 0.019011406844106463
6 0.019011406844106463
4 0.019011406844106463
doc : 35
9 0.8126984126984127
7 0.031746031746031744
3 0.02857142857142857
6 0.01904761904761905
5 0.01904761904761905
4 0.01904761904761905
2 0.01904761904761905
1 0.01904761904761905
8 0.015873015873015872
0 0.015873015873015872
doc : 36
4 0.8225563909774437
0 0.039097744360902256
8 0.028571428571428574
7 0.02706766917293233
5 0.02105263157894737
2 0.01654135338345865
3 0.013533834586466165
1 0.013533834586466165
9 0.010526315789473686
6 0.0075187969924812035
doc : 37
8 0.5808080808080809
6 0.09090909090909091
9 0.06565656565656566
7 0.045454545454545456
5 0.045454545454545456
1 0.045454545454545456
3 0.03535353535353536
2 0.03535353535353536
0 0.030303030303030304
4 0.025252525252525256
doc : 38
8 0.481981981981982
9 0.27927927927927926
1 0.05405405405405406
5 0.036036036036036036
0 0.036036036036036036
7 0.02252252252252252
6 0.02252252252252252
4 0.02252252252252252
3 0.02252252252252252
2 0.02252252252252252
doc : 39
8 0.4872611464968153
5 0.2356687898089172
0 0.06050955414012739
6 0.04777070063694268
7 0.0445859872611465
2 0.038216560509554146
9 0.028662420382165606
4 0.019108280254777073
3 0.019108280254777073
1 0.019108280254777073
doc : 40
9 0.8205128205128205
5 0.02564102564102564
2 0.021978021978021976
0 0.021978021978021976
8 0.018315018315018316
7 0.018315018315018316
6 0.018315018315018316
4 0.018315018315018316
3 0.018315018315018316
1 0.018315018315018316
doc : 41
9 0.7913669064748202
1 0.02877697841726619
5 0.025179856115107917
3 0.025179856115107917
2 0.025179856115107917
0 0.025179856115107917
8 0.02158273381294964
6 0.02158273381294964
7 0.017985611510791366
4 0.017985611510791366
doc : 42
9 0.7854251012145749
2 0.02834008097165992
1 0.02834008097165992
0 0.02834008097165992
5 0.024291497975708502
4 0.024291497975708502
8 0.020242914979757085
7 0.020242914979757085
6 0.020242914979757085
3 0.020242914979757085
doc : 43
9 0.7948717948717948
3 0.029304029304029304
1 0.029304029304029304
7 0.02564102564102564
8 0.021978021978021976
6 0.021978021978021976
2 0.021978021978021976
5 0.018315018315018316
4 0.018315018315018316
0 0.018315018315018316
doc : 44
2 0.6639566395663956
7 0.1002710027100271
9 0.07046070460704607
4 0.02981029810298103
5 0.024390243902439025
0 0.024390243902439025
8 0.02168021680216802
6 0.02168021680216802
3 0.02168021680216802
1 0.02168021680216802
doc : 45
8 0.7582938388625593
5 0.047393364928909956
6 0.03981042654028436
2 0.03601895734597157
7 0.035071090047393366
9 0.02085308056872038
4 0.018009478672985784
0 0.018009478672985784
3 0.016113744075829384
1 0.01042654028436019
doc : 46
7 0.8619909502262444
2 0.0248868778280543
9 0.020361990950226245
0 0.01809954751131222
8 0.015837104072398193
6 0.013574660633484163
5 0.011312217194570137
4 0.011312217194570137
3 0.011312217194570137
1 0.011312217194570137
doc : 47
9 0.8158844765342961
8 0.02888086642599278
1 0.02888086642599278
7 0.018050541516245487
6 0.018050541516245487
5 0.018050541516245487
4 0.018050541516245487
3 0.018050541516245487
2 0.018050541516245487
0 0.018050541516245487
doc : 48
9 0.8456591639871383
7 0.01929260450160772
1 0.01929260450160772
0 0.01929260450160772
8 0.01607717041800643
6 0.01607717041800643
5 0.01607717041800643
4 0.01607717041800643
3 0.01607717041800643
2 0.01607717041800643
doc : 49
9 0.8156996587030717
2 0.027303754266211604
7 0.023890784982935155
4 0.023890784982935155
3 0.023890784982935155
8 0.017064846416382253
6 0.017064846416382253
5 0.017064846416382253
1 0.017064846416382253
0 0.017064846416382253
doc : 50
9 0.8172413793103448
1 0.03103448275862069
0 0.027586206896551724
2 0.020689655172413793
8 0.017241379310344827
7 0.017241379310344827
6 0.017241379310344827
5 0.017241379310344827
4 0.017241379310344827
3 0.017241379310344827
doc : 51
6 0.5808823529411765
9 0.07352941176470588
8 0.051470588235294115
3 0.051470588235294115
7 0.044117647058823525
5 0.044117647058823525
1 0.044117647058823525
4 0.03676470588235294
2 0.03676470588235294
0 0.03676470588235294
doc : 52
6 0.5766423357664233
9 0.072992700729927
8 0.058394160583941604
1 0.058394160583941604
0 0.051094890510948905
7 0.0364963503649635
5 0.0364963503649635
4 0.0364963503649635
3 0.0364963503649635
2 0.0364963503649635
doc : 53
7 0.8666666666666667
5 0.01728395061728395
4 0.01728395061728395
1 0.01728395061728395
9 0.014814814814814815
2 0.014814814814814815
0 0.014814814814814815
8 0.012345679012345678
6 0.012345679012345678
3 0.012345679012345678
doc : 54
2 0.772887323943662
5 0.04929577464788733
7 0.040492957746478875
9 0.035211267605633804
6 0.02640845070422535
3 0.024647887323943664
0 0.017605633802816902
1 0.012323943661971832
8 0.01056338028169014
4 0.01056338028169014
doc : 55
8 0.5346820809248555
5 0.13583815028901733
6 0.08959537572254335
0 0.04046242774566474
9 0.03757225433526011
2 0.03757225433526011
7 0.03468208092485549
1 0.03468208092485549
4 0.028901734104046242
3 0.026011560693641616
doc : 56
1 0.7111801242236024
9 0.10869565217391304
6 0.03416149068322981
7 0.03105590062111801
2 0.021739130434782608
0 0.021739130434782608
8 0.018633540372670808
5 0.018633540372670808
3 0.018633540372670808
4 0.015527950310559004
doc : 57
9 0.496
8 0.07200000000000001
0 0.07200000000000001
1 0.064
7 0.056
6 0.056
5 0.056
4 0.048
3 0.04
2 0.04
doc : 58
2 0.6006441223832528
7 0.23993558776167473
8 0.037037037037037035
0 0.030595813204508857
9 0.028985507246376812
5 0.01610305958132045
1 0.014492753623188406
3 0.01288244766505636
4 0.011272141706924315
6 0.008051529790660225
doc : 59
8 0.6179540709812108
6 0.1649269311064718
5 0.050104384133611686
1 0.03549060542797494
2 0.033402922755741124
0 0.029227557411273482
9 0.027139874739039664
3 0.016701461377870562
7 0.012526096033402922
4 0.012526096033402922
doc : 60
5 0.4356659142212189
4 0.1963882618510158
0 0.11963882618510158
3 0.05191873589164785
8 0.0474040632054176
6 0.03837471783295711
1 0.03386004514672686
7 0.03160270880361173
9 0.024830699774266364
2 0.020316027088036117
doc : 61
9 0.7857142857142857
8 0.031746031746031744
0 0.031746031746031744
7 0.027777777777777776
1 0.023809523809523808
6 0.01984126984126984
5 0.01984126984126984
4 0.01984126984126984
3 0.01984126984126984
2 0.01984126984126984
doc : 62
9 0.8168498168498168
0 0.029304029304029304
3 0.021978021978021976
2 0.021978021978021976
8 0.018315018315018316
7 0.018315018315018316
6 0.018315018315018316
5 0.018315018315018316
4 0.018315018315018316
1 0.018315018315018316
doc : 63
7 0.8681055155875299
3 0.021582733812949638
9 0.016786570743405275
8 0.016786570743405275
2 0.016786570743405275
6 0.01199040767386091
5 0.01199040767386091
4 0.01199040767386091
1 0.01199040767386091
0 0.01199040767386091
doc : 64
5 0.5898305084745763
9 0.06779661016949153
7 0.06101694915254237
6 0.05423728813559322
0 0.04745762711864407
8 0.04067796610169491
3 0.04067796610169491
2 0.03389830508474576
1 0.03389830508474576
4 0.030508474576271184
doc : 65
9 0.27108433734939763
5 0.1566265060240964
6 0.10843373493975904
8 0.09036144578313253
3 0.09036144578313253
2 0.0783132530120482
4 0.06626506024096386
1 0.05421686746987952
7 0.042168674698795185
0 0.042168674698795185
doc : 66
8 0.7647058823529411
9 0.044117647058823525
6 0.03308823529411765
3 0.03308823529411765
1 0.025735294117647058
7 0.022058823529411763
0 0.022058823529411763
5 0.01838235294117647
4 0.01838235294117647
2 0.01838235294117647
doc : 67
0 0.7245508982035929
5 0.05389221556886228
3 0.038922155688622756
7 0.03293413173652695
8 0.029940119760479042
1 0.029940119760479042
9 0.023952095808383235
6 0.023952095808383235
2 0.023952095808383235
4 0.017964071856287428
doc : 68
7 0.8301435406698564
2 0.03588516746411483
1 0.023923444976076555
8 0.019138755980861243
5 0.019138755980861243
9 0.01674641148325359
0 0.01674641148325359
3 0.014354066985645932
6 0.011961722488038277
4 0.011961722488038277
doc : 69
7 0.5063291139240507
5 0.08860759493670886
3 0.06962025316455696
9 0.06329113924050633
6 0.056962025316455694
2 0.05063291139240506
8 0.04430379746835443
1 0.04430379746835443
4 0.0379746835443038
0 0.0379746835443038
doc : 70
7 0.5
9 0.08227848101265822
2 0.08227848101265822
5 0.06329113924050633
3 0.06329113924050633
6 0.05063291139240506
1 0.04430379746835443
0 0.04430379746835443
8 0.0379746835443038
4 0.03164556962025317
doc : 71
6 0.5474452554744526
9 0.10218978102189781
8 0.08029197080291971
1 0.043795620437956206
0 0.043795620437956206
7 0.0364963503649635
5 0.0364963503649635
4 0.0364963503649635
3 0.0364963503649635
2 0.0364963503649635
doc : 72
6 0.5652173913043478
9 0.07246376811594203
1 0.06521739130434782
7 0.050724637681159424
0 0.050724637681159424
8 0.043478260869565216
4 0.043478260869565216
5 0.036231884057971016
3 0.036231884057971016
2 0.036231884057971016
doc : 73
5 0.4512820512820513
6 0.17435897435897435
0 0.05641025641025641
9 0.05128205128205128
8 0.05128205128205128
7 0.05128205128205128
3 0.05128205128205128
2 0.041025641025641026
4 0.035897435897435895
1 0.035897435897435895
doc : 74
7 0.8564705882352941
9 0.023529411764705882
6 0.018823529411764704
0 0.018823529411764704
1 0.016470588235294115
5 0.014117647058823528
4 0.014117647058823528
2 0.014117647058823528
8 0.011764705882352941
3 0.011764705882352941
doc : 75
7 0.8144796380090499
9 0.05429864253393665
3 0.0248868778280543
2 0.020361990950226245
6 0.01809954751131222
4 0.015837104072398193
5 0.013574660633484163
1 0.013574660633484163
0 0.013574660633484163
8 0.011312217194570137
doc : 76
9 0.8393939393939394
8 0.021212121212121213
5 0.021212121212121213
6 0.01818181818181818
4 0.01818181818181818
2 0.01818181818181818
1 0.01818181818181818
7 0.015151515151515152
3 0.015151515151515152
0 0.015151515151515152
doc : 77
9 0.8125
5 0.02717391304347826
6 0.024456521739130432
2 0.021739130434782608
1 0.021739130434782608
0 0.021739130434782608
8 0.019021739130434784
7 0.019021739130434784
4 0.019021739130434784
3 0.01358695652173913
doc : 78
9 0.8223684210526315
2 0.02631578947368421
1 0.02631578947368421
8 0.019736842105263157
7 0.019736842105263157
6 0.019736842105263157
5 0.01644736842105263
4 0.01644736842105263
3 0.01644736842105263
0 0.01644736842105263
doc : 79
1 0.5796178343949044
9 0.07006369426751592
8 0.06369426751592357
0 0.050955414012738856
6 0.0445859872611465
5 0.0445859872611465
7 0.038216560509554146
3 0.038216560509554146
2 0.038216560509554146
4 0.03184713375796178
doc : 80
2 0.8977853492333902
7 0.06416808631459398
5 0.007382169222032936
6 0.0056785917092561046
1 0.0056785917092561046
3 0.0051107325383304945
8 0.004542873367404884
9 0.003975014196479273
4 0.0028392958546280523
0 0.0028392958546280523
doc : 81
6 0.7293233082706767
5 0.05513784461152882
9 0.045112781954887216
7 0.03508771929824561
8 0.03258145363408521
3 0.02506265664160401
2 0.022556390977443608
1 0.020050125313283207
0 0.020050125313283207
4 0.015037593984962405
doc : 82
0 0.8980021030494216
4 0.015772870662460567
1 0.013669821240799159
7 0.012618296529968454
2 0.011566771819137749
9 0.010515247108307046
6 0.010515247108307046
5 0.010515247108307046
8 0.008412197686645636
3 0.008412197686645636
doc : 83
3 0.7554630593132154
4 0.16857440166493237
5 0.014568158168574402
8 0.011446409989594173
0 0.011446409989594173
6 0.010405827263267432
2 0.008324661810613945
7 0.007284079084287201
9 0.0062434963579604584
1 0.0062434963579604584
doc : 84
2 0.7630057803468208
7 0.06936416184971098
9 0.031791907514450865
8 0.028901734104046242
5 0.02023121387283237
1 0.02023121387283237
4 0.017341040462427744
3 0.017341040462427744
0 0.017341040462427744
6 0.014450867052023121
doc : 85
5 0.35384615384615387
2 0.1076923076923077
7 0.08461538461538462
8 0.07692307692307693
1 0.07692307692307693
9 0.06923076923076923
6 0.06153846153846154
4 0.06153846153846154
3 0.06153846153846154
0 0.046153846153846156
doc : 86
6 0.7259259259259259
5 0.04938271604938271
2 0.044444444444444446
9 0.03950617283950617
8 0.0345679012345679
0 0.027160493827160494
7 0.022222222222222223
3 0.022222222222222223
1 0.022222222222222223
4 0.012345679012345678
doc : 87
7 0.8695652173913044
2 0.01790281329923274
1 0.01790281329923274
9 0.015345268542199489
6 0.015345268542199489
8 0.012787723785166242
5 0.012787723785166242
4 0.012787723785166242
3 0.012787723785166242
0 0.012787723785166242
doc : 88
9 0.848297213622291
1 0.021671826625386997
7 0.018575851393188854
3 0.018575851393188854
8 0.015479876160990714
6 0.015479876160990714
5 0.015479876160990714
4 0.015479876160990714
2 0.015479876160990714
0 0.015479876160990714
doc : 89
8 0.7463235294117647
9 0.044117647058823525
6 0.044117647058823525
3 0.03308823529411765
0 0.025735294117647058
7 0.022058823529411763
5 0.022058823529411763
2 0.022058823529411763
1 0.022058823529411763
4 0.01838235294117647
doc : 90
5 0.6885245901639344
0 0.05737704918032787
8 0.05191256830601093
2 0.04918032786885246
9 0.040983606557377046
6 0.030054644808743168
7 0.02185792349726776
4 0.02185792349726776
1 0.02185792349726776
3 0.01639344262295082
doc : 91
6 0.391705069124424
5 0.21658986175115208
9 0.09216589861751152
8 0.07373271889400922
0 0.04608294930875576
1 0.041474654377880185
7 0.03686635944700461
3 0.03686635944700461
2 0.03686635944700461
4 0.027649769585253454
doc : 92
0 0.7037037037037037
6 0.07716049382716049
5 0.04938271604938271
7 0.027777777777777776
3 0.027777777777777776
2 0.027777777777777776
8 0.024691358024691357
9 0.021604938271604937
4 0.021604938271604937
1 0.018518518518518517
doc : 93
1 0.8594104308390023
5 0.030385487528344673
8 0.028117913832199547
0 0.025850340136054424
6 0.015419501133786848
2 0.0108843537414966
7 0.009523809523809525
9 0.009070294784580499
3 0.007709750566893424
4 0.0036281179138321997
doc : 94
3 0.8944543828264758
4 0.024150268336314847
5 0.01699463327370304
6 0.014311270125223614
8 0.009838998211091235
0 0.009838998211091235
9 0.008944543828264758
2 0.008050089445438283
1 0.008050089445438283
7 0.0053667262969588556
doc : 95
5 0.6050420168067226
6 0.10084033613445378
0 0.09523809523809523
3 0.0392156862745098
7 0.03361344537815126
2 0.03361344537815126
9 0.03081232492997199
1 0.03081232492997199
8 0.01680672268907563
4 0.014005602240896359
doc : 96
6 0.5474452554744526
9 0.08759124087591241
7 0.06569343065693431
1 0.051094890510948905
0 0.051094890510948905
5 0.043795620437956206
2 0.043795620437956206
8 0.0364963503649635
4 0.0364963503649635
3 0.0364963503649635
doc : 97
7 0.6812169312169312
2 0.10714285714285714
5 0.04894179894179894
6 0.041005291005291
8 0.031746031746031744
9 0.027777777777777776
0 0.02513227513227513
3 0.015873015873015872
4 0.011904761904761904
1 0.009259259259259259
doc : 98
2 0.7041420118343195
7 0.08284023668639053
0 0.05029585798816568
9 0.038461538461538464
8 0.023668639053254437
4 0.023668639053254437
5 0.02071005917159763
3 0.02071005917159763
6 0.01775147928994083
1 0.01775147928994083
doc : 99
4 0.8985239852398523
6 0.016605166051660517
8 0.012915129151291513
7 0.01107011070110701
5 0.01107011070110701
2 0.01107011070110701
1 0.01107011070110701
9 0.00922509225092251
3 0.00922509225092251
0 0.00922509225092251
