doc : 0
5 0.5333333333333333
8 0.11333333333333334
0 0.07333333333333333
9 0.05333333333333334
6 0.05333333333333334
2 0.04
7 0.03333333333333333
4 0.03333333333333333
3 0.03333333333333333
1 0.03333333333333333
doc : 1
6 0.972347913524384
9 0.004022121669180492
4 0.004022121669180492
5 0.0030165912518853692
3 0.0030165912518853692
2 0.0030165912518853692
0 0.0030165912518853692
8 0.0025138260432378077
7 0.0025138260432378077
1 0.0025138260432378077
doc : 2
8 0.6521739130434783
3 0.16183574879227053
5 0.02898550724637681
4 0.02898550724637681
7 0.024154589371980676
1 0.024154589371980676
0 0.024154589371980676
9 0.021739130434782608
6 0.016908212560386472
2 0.016908212560386472
doc : 3
6 0.8220064724919094
8 0.03559870550161812
7 0.022653721682847898
5 0.01941747572815534
0 0.01941747572815534
9 0.016181229773462785
4 0.016181229773462785
3 0.016181229773462785
2 0.016181229773462785
1 0.016181229773462785
doc : 4
5 0.6916167664670659
6 0.21107784431137727
2 0.023952095808383235
8 0.019461077844311378
3 0.012724550898203594
7 0.011976047904191617
0 0.01122754491017964
9 0.0074850299401197605
1 0.006736526946107785
4 0.0037425149700598802
doc : 5
8 0.810126582278481
3 0.03291139240506329
5 0.03037974683544304
6 0.02278481012658228
9 0.020253164556962026
2 0.020253164556962026
1 0.017721518987341773
0 0.017721518987341773
7 0.01518987341772152
4 0.012658227848101266
doc : 6
2 0.8947368421052632
9 0.03397129186602871
7 0.024880382775119617
3 0.011961722488038277
0 0.008133971291866028
8 0.006220095693779904
4 0.006220095693779904
6 0.005263157894736842
5 0.004784688995215311
1 0.003827751196172249
doc : 7
7 0.5257731958762887
9 0.218213058419244
4 0.06013745704467354
3 0.05326460481099656
8 0.037800687285223365
0 0.03436426116838488
2 0.022336769759450172
5 0.018900343642611683
6 0.015463917525773196
1 0.013745704467353952
doc : 8
7 0.6427145708582834
9 0.12175648702594809
3 0.0718562874251497
4 0.04790419161676646
8 0.02395209580838323
1 0.02395209580838323
0 0.02395209580838323
6 0.017964071856287425
5 0.015968063872255488
2 0.00998003992015968
doc : 9
2 0.4170854271356784
3 0.1457286432160804
8 0.08040201005025126
6 0.07537688442211056
9 0.05527638190954774
7 0.05527638190954774
5 0.05025125628140704
0 0.05025125628140704
1 0.04522613065326633
4 0.02512562814070352
doc : 10
5 0.48333333333333334
9 0.09166666666666666
8 0.075
3 0.058333333333333334
0 0.058333333333333334
7 0.05
6 0.05
1 0.05
4 0.041666666666666664
2 0.041666666666666664
doc : 11
1 0.5788497217068646
5 0.1261595547309833
3 0.07606679035250465
7 0.06679035250463822
2 0.04823747680890538
4 0.029684601113172542
8 0.025974025974025976
9 0.016697588126159554
0 0.016697588126159554
6 0.014842300556586271
doc : 12
9 0.46923076923076923
3 0.2576923076923077
8 0.10673076923076924
5 0.07307692307692308
2 0.02980769230769231
7 0.01826923076923077
0 0.016346153846153847
1 0.011538461538461539
6 0.009615384615384616
4 0.007692307692307693
doc : 13
9 0.885
2 0.015
8 0.0125
7 0.0125
6 0.0125
5 0.0125
4 0.0125
3 0.0125
1 0.0125
0 0.0125
doc : 14
6 0.5430107526881721
5 0.10483870967741936
4 0.10215053763440861
8 0.07258064516129033
3 0.048387096774193554
0 0.048387096774193554
2 0.024193548387096777
9 0.01881720430107527
7 0.01881720430107527
1 0.01881720430107527
doc : 15
9 0.620253164556962
7 0.1655306718597858
8 0.062317429406037
4 0.05355404089581305
5 0.02531645569620253
3 0.024342745861733205
6 0.02142161635832522
2 0.01071080817916261
0 0.009737098344693282
1 0.006815968841285297
doc : 16
6 0.85
8 0.019444444444444445
5 0.019444444444444445
1 0.019444444444444445
0 0.019444444444444445
7 0.016666666666666666
9 0.01388888888888889
4 0.01388888888888889
3 0.01388888888888889
2 0.01388888888888889
doc : 17
6 0.7280219780219781
0 0.15384615384615385
9 0.016483516483516484
7 0.016483516483516484
5 0.016483516483516484
8 0.013736263736263738
4 0.013736263736263738
3 0.013736263736263738
2 0.013736263736263738
1 0.013736263736263738
doc : 18
7 0.39097744360902253
4 0.18045112781954886
5 0.06766917293233082
9 0.06015037593984962
8 0.06015037593984962
3 0.06015037593984962
6 0.05263157894736842
2 0.045112781954887216
1 0.045112781954887216
0 0.03759398496240601
doc : 19
7 0.738095238095238
4 0.07539682539682539
5 0.027777777777777776
2 0.027777777777777776
0 0.027777777777777776
6 0.023809523809523808
9 0.01984126984126984
8 0.01984126984126984
3 0.01984126984126984
1 0.01984126984126984
doc : 20
0 0.9228824273072062
9 0.012642225031605564
8 0.010113780025284451
3 0.010113780025284451
2 0.008849557522123894
7 0.007585335018963338
4 0.007585335018963338
1 0.007585335018963338
6 0.006321112515802782
5 0.006321112515802782
doc : 21
2 0.2041884816753927
5 0.16753926701570682
1 0.14136125654450263
0 0.12041884816753927
7 0.07853403141361257
8 0.06806282722513089
6 0.06282722513089006
3 0.05759162303664922
9 0.05235602094240838
4 0.04712041884816754
doc : 22
8 0.8688524590163934
0 0.027570789865871834
6 0.022354694485842028
3 0.021609538002980627
5 0.01564828614008942
9 0.013412816691505215
2 0.011177347242921014
7 0.00894187779433681
4 0.005216095380029807
1 0.005216095380029807
doc : 23
0 0.6756756756756757
8 0.08353808353808354
3 0.06633906633906633
5 0.04176904176904177
9 0.03931203931203931
7 0.022113022113022112
2 0.022113022113022112
1 0.019656019656019656
6 0.014742014742014743
4 0.014742014742014743
doc : 24
0 0.9289276807980049
8 0.011221945137157107
9 0.00997506234413965
7 0.008728179551122194
6 0.008728179551122194
5 0.007481296758104738
4 0.006234413965087282
3 0.006234413965087282
2 0.006234413965087282
1 0.006234413965087282
doc : 25
3 0.5988538681948424
1 0.16905444126074498
5 0.05444126074498567
8 0.04297994269340974
9 0.03151862464183381
6 0.028653295128939826
2 0.022922636103151862
7 0.017191977077363897
4 0.017191977077363897
0 0.017191977077363897
doc : 26
6 0.6006600660066007
8 0.07920792079207921
5 0.07920792079207921
0 0.0594059405940594
4 0.039603960396039604
2 0.033003300330033
1 0.033003300330033
3 0.0297029702970297
9 0.026402640264026403
7 0.019801980198019802
doc : 27
9 0.733955659276546
8 0.1248541423570595
0 0.03733955659276546
5 0.028004667444574093
3 0.026837806301050173
6 0.012835472578763127
2 0.011668611435239205
7 0.009334889148191364
1 0.008168028004667444
4 0.007001166861143523
doc : 28
1 0.4104803493449781
3 0.15720524017467247
9 0.11790393013100436
5 0.08733624454148471
8 0.06986899563318777
2 0.043668122270742356
7 0.03930131004366812
4 0.026200873362445413
0 0.026200873362445413
6 0.021834061135371178
doc : 29
3 0.43373493975903615
8 0.2620481927710844
5 0.08132530120481928
7 0.042168674698795185
6 0.03614457831325302
9 0.03313253012048193
4 0.030120481927710843
0 0.030120481927710843
2 0.02710843373493976
1 0.024096385542168676
doc : 30
0 0.9245283018867924
7 0.013836477987421382
8 0.011320754716981131
9 0.00880503144654088
2 0.00880503144654088
3 0.007547169811320755
6 0.006289308176100628
5 0.006289308176100628
4 0.006289308176100628
1 0.006289308176100628
doc : 31
6 0.9679700499168054
3 0.005823627287853577
5 0.004575707154742097
9 0.004159733777038269
7 0.004159733777038269
0 0.0033277870216306157
8 0.0029118136439267887
2 0.0029118136439267887
4 0.0020798668885191347
1 0.0020798668885191347
doc : 32
0 0.7808695652173914
3 0.050434782608695654
8 0.04521739130434783
5 0.036521739130434785
9 0.017391304347826087
1 0.017391304347826087
2 0.01565217391304348
6 0.01391304347826087
4 0.01217391304347826
7 0.010434782608695653
doc : 33
8 0.6105263157894737
0 0.06842105263157895
5 0.05263157894736842
1 0.04736842105263158
9 0.042105263157894736
7 0.042105263157894736
3 0.042105263157894736
6 0.03684210526315789
4 0.031578947368421054
2 0.02631578947368421
doc : 34
4 0.4101858224363386
7 0.3874741913282863
8 0.12663454920853406
3 0.015829318651066758
5 0.012388162422573984
0 0.012388162422573984
9 0.01032346868547832
2 0.009635237439779766
6 0.008947006194081212
1 0.006194081211286992
doc : 35
1 0.9675107501194458
4 0.008122312470138556
8 0.003822264691829909
2 0.003822264691829909
0 0.0033444816053511705
7 0.002866698518872432
6 0.002866698518872432
3 0.002866698518872432
9 0.002388915432393693
5 0.002388915432393693
doc : 36
5 0.6482213438735177
4 0.11462450592885375
1 0.05928853754940711
2 0.04743083003952569
7 0.035573122529644265
3 0.02766798418972332
8 0.01976284584980237
6 0.01976284584980237
9 0.015810276679841896
0 0.011857707509881422
doc : 37
7 0.8466257668711655
4 0.12269938650306747
1 0.0054132082280765065
9 0.005052327679538072
2 0.004691447130999639
5 0.004330566582461205
6 0.0036088054853843374
8 0.00288704438830747
0 0.002526163839769036
3 0.0021652832912306026
doc : 38
9 0.8488964346349746
8 0.03735144312393888
5 0.027164685908319185
0 0.01697792869269949
6 0.015280135823429542
7 0.011884550084889643
3 0.011884550084889643
2 0.011884550084889643
4 0.010186757215619693
1 0.008488964346349746
doc : 39
8 0.8913907284768212
0 0.026490066225165563
2 0.02119205298013245
9 0.013245033112582781
7 0.010596026490066225
6 0.009271523178807948
3 0.007947019867549669
5 0.006622516556291391
4 0.006622516556291391
1 0.006622516556291391
doc : 40
3 0.6666666666666666
7 0.07098765432098765
2 0.06481481481481481
8 0.04938271604938271
0 0.037037037037037035
9 0.030864197530864196
6 0.027777777777777776
5 0.018518518518518517
1 0.018518518518518517
4 0.015432098765432098
doc : 41
8 0.8993548387096775
3 0.014193548387096775
0 0.014193548387096775
7 0.012903225806451613
5 0.01161290322580645
9 0.01032258064516129
6 0.01032258064516129
2 0.01032258064516129
4 0.00903225806451613
1 0.007741935483870968
doc : 42
8 0.628361858190709
3 0.10513447432762836
7 0.05623471882640587
5 0.044009779951100246
9 0.039119804400977995
0 0.039119804400977995
1 0.02444987775061125
6 0.022004889975550123
4 0.022004889975550123
2 0.019559902200488997
doc : 43
5 0.7404021937842779
8 0.062157221206581355
1 0.062157221206581355
3 0.03473491773308958
7 0.02010968921389397
6 0.02010968921389397
9 0.016453382084095063
4 0.014625228519195612
2 0.014625228519195612
0 0.014625228519195612
doc : 44
3 0.4306049822064057
1 0.21708185053380782
8 0.07473309608540925
7 0.06761565836298931
5 0.0498220640569395
0 0.046263345195729534
9 0.03558718861209964
4 0.03558718861209964
6 0.021352313167259787
2 0.021352313167259787
doc : 45
8 0.8350000000000001
6 0.03666666666666667
3 0.025
5 0.023333333333333334
4 0.016666666666666666
1 0.016666666666666666
2 0.015000000000000001
7 0.011666666666666667
9 0.01
0 0.01
doc : 46
5 0.6476190476190476
3 0.06666666666666668
4 0.04761904761904762
1 0.04285714285714286
8 0.0380952380952381
7 0.0380952380952381
2 0.03333333333333334
9 0.028571428571428574
6 0.028571428571428574
0 0.028571428571428574
doc : 47
5 0.7957894736842105
2 0.04
9 0.031578947368421054
1 0.031578947368421054
6 0.02526315789473684
8 0.021052631578947368
3 0.01894736842105263
4 0.014736842105263158
7 0.010526315789473684
0 0.010526315789473684
doc : 48
3 0.7994157740993184
8 0.08568646543330088
0 0.02531645569620253
7 0.022395326192794548
6 0.013631937682570594
5 0.013631937682570594
1 0.013631937682570594
9 0.01071080817916261
4 0.007789678675754625
2 0.007789678675754625
doc : 49
5 0.40650406504065045
8 0.12195121951219513
9 0.0894308943089431
6 0.06504065040650407
0 0.06504065040650407
7 0.05691056910569106
1 0.05691056910569106
3 0.04878048780487805
2 0.04878048780487805
4 0.04065040650406505
doc : 50
2 0.6083333333333333
8 0.0875
3 0.07916666666666666
9 0.05416666666666667
5 0.0375
7 0.03333333333333333
4 0.029166666666666667
6 0.025
0 0.025
1 0.020833333333333332
doc : 51
0 0.7550251256281407
8 0.1407035175879397
3 0.01884422110552764
5 0.017587939698492462
6 0.016331658291457288
9 0.013819095477386936
7 0.011306532663316583
1 0.010050251256281407
2 0.008793969849246231
4 0.007537688442211055
doc : 52
8 0.6611374407582938
3 0.07582938388625593
5 0.07345971563981044
0 0.05213270142180095
6 0.04502369668246446
9 0.026066350710900476
7 0.018957345971563982
2 0.018957345971563982
1 0.016587677725118485
4 0.011848341232227489
doc : 53
4 0.4269293924466338
7 0.4121510673234811
8 0.10016420361247948
5 0.015599343185550082
3 0.0090311986863711
1 0.0090311986863711
9 0.007389162561576354
6 0.007389162561576354
2 0.006568144499178982
0 0.005747126436781609
doc : 54
8 0.6625916870415648
0 0.11124694376528117
3 0.06968215158924206
9 0.05990220048899755
7 0.02567237163814181
6 0.023227383863080684
5 0.018337408312958436
2 0.014669926650366748
4 0.007334963325183374
1 0.007334963325183374
doc : 55
5 0.7378190255220417
7 0.06496519721577726
8 0.04640371229698376
1 0.037122969837587005
4 0.02320185614849188
9 0.02088167053364269
3 0.02088167053364269
0 0.02088167053364269
2 0.016241299303944315
6 0.01160092807424594
doc : 56
5 0.6487804878048781
8 0.06341463414634146
2 0.04878048780487805
3 0.04390243902439024
1 0.04390243902439024
9 0.03902439024390244
6 0.029268292682926828
4 0.029268292682926828
0 0.029268292682926828
7 0.024390243902439025
doc : 57
0 0.7608370702541106
8 0.13153961136023917
9 0.04185351270553064
5 0.016442451420029897
2 0.01046337817638266
3 0.008968609865470852
7 0.007473841554559044
6 0.007473841554559044
4 0.007473841554559044
1 0.007473841554559044
doc : 58
3 0.8604336043360433
1 0.025745257452574527
5 0.02168021680216802
8 0.017615176151761516
9 0.014905149051490514
7 0.013550135501355014
2 0.013550135501355014
0 0.012195121951219513
6 0.01084010840108401
4 0.009485094850948509
doc : 59
4 0.9902629016553067
7 0.002846228746910344
5 0.002022320425436297
8 0.0011235113474646094
2 7.490075649764063E-4
0 7.490075649764063E-4
3 6.741068084787657E-4
1 5.99206051981125E-4
9 5.243052954834844E-4
6 4.494045389858438E-4
doc : 60
5 0.745
2 0.07333333333333333
0 0.03833333333333334
8 0.035
3 0.030000000000000002
1 0.021666666666666667
7 0.015000000000000001
6 0.015000000000000001
4 0.015000000000000001
9 0.011666666666666667
doc : 61
5 0.8052516411378555
8 0.0350109409190372
6 0.030634573304157548
3 0.024070021881838072
2 0.02188183807439825
0 0.019693654266958426
7 0.0175054704595186
4 0.0175054704595186
9 0.015317286652078774
1 0.01312910284463895
doc : 62
2 0.6763975155279504
1 0.15838509316770186
5 0.12484472049689442
8 0.010559006211180125
4 0.007453416149068323
9 0.006211180124223603
0 0.004968944099378882
7 0.004347826086956522
6 0.0037267080745341614
3 0.0031055900621118015
doc : 63
9 0.958664546899841
2 0.006359300476947536
7 0.004769475357710652
5 0.004769475357710652
4 0.004769475357710652
1 0.004769475357710652
8 0.0039745627980922104
6 0.0039745627980922104
3 0.0039745627980922104
0 0.0039745627980922104
doc : 64
4 0.2773109243697479
7 0.21008403361344538
8 0.08403361344537814
3 0.08403361344537814
1 0.06722689075630252
9 0.058823529411764705
5 0.058823529411764705
0 0.058823529411764705
6 0.05042016806722689
2 0.05042016806722689
doc : 65
6 0.7519582245430809
0 0.12010443864229765
2 0.02610966057441253
8 0.018276762402088774
9 0.01566579634464752
5 0.01566579634464752
7 0.013054830287206266
4 0.013054830287206266
3 0.013054830287206266
1 0.013054830287206266
doc : 66
0 0.3564154786150712
5 0.1995926680244399
8 0.18940936863543786
9 0.06109979633401221
3 0.038696537678207736
2 0.038696537678207736
1 0.038696537678207736
6 0.032586558044806514
7 0.030549898167006106
4 0.01425661914460285
doc : 67
1 0.9647377938517179
4 0.008589511754068717
7 0.004972875226039783
2 0.0045207956600361665
8 0.0031645569620253164
5 0.0031645569620253164
3 0.0031645569620253164
9 0.0027124773960217
6 0.0027124773960217
0 0.0022603978300180833
doc : 68
3 0.5404255319148936
5 0.0851063829787234
7 0.07659574468085106
2 0.06808510638297872
9 0.05106382978723405
8 0.0425531914893617
1 0.0425531914893617
0 0.03829787234042553
4 0.029787234042553193
6 0.025531914893617023
doc : 69
6 0.7146341463414634
0 0.13170731707317074
8 0.04390243902439024
2 0.02195121951219512
5 0.01951219512195122
9 0.014634146341463414
7 0.014634146341463414
3 0.014634146341463414
4 0.012195121951219513
1 0.012195121951219513
doc : 70
8 0.5009633911368016
9 0.10211946050096339
5 0.09826589595375722
2 0.07707129094412331
3 0.057803468208092484
0 0.04431599229287091
6 0.04238921001926782
1 0.036608863198458574
7 0.028901734104046242
4 0.011560693641618497
doc : 71
5 0.6143106457242583
8 0.10820244328097732
3 0.10820244328097732
0 0.038394415357766144
2 0.034904013961605584
6 0.02443280977312391
1 0.020942408376963352
9 0.019197207678883072
7 0.015706806282722512
4 0.015706806282722512
doc : 72
8 0.23928571428571427
3 0.175
0 0.16428571428571428
5 0.1607142857142857
6 0.06428571428571428
1 0.049999999999999996
2 0.04285714285714286
9 0.039285714285714285
7 0.039285714285714285
4 0.024999999999999998
doc : 73
3 0.8750000000000001
8 0.040584415584415584
9 0.01866883116883117
0 0.016233766233766236
6 0.012987012987012988
2 0.00892857142857143
7 0.007305194805194806
5 0.007305194805194806
1 0.007305194805194806
4 0.005681818181818182
doc : 74
5 0.8146453089244852
1 0.05263157894736842
4 0.02288329519450801
8 0.020594965675057208
9 0.016018306636155607
7 0.016018306636155607
6 0.016018306636155607
3 0.016018306636155607
0 0.013729977116704806
2 0.011441647597254004
doc : 75
0 0.596745027124774
3 0.11211573236889692
2 0.09945750452079566
8 0.05244122965641953
5 0.03616636528028933
7 0.028933092224231464
6 0.019891500904159132
1 0.019891500904159132
9 0.018083182640144666
4 0.0162748643761302
doc : 76
0 0.6944625407166124
9 0.17459283387622151
8 0.0736156351791531
7 0.013029315960912053
5 0.013029315960912053
6 0.00977198697068404
3 0.006514657980456026
1 0.005863192182410423
2 0.005211726384364821
4 0.003908794788273616
doc : 77
8 0.7306273062730627
0 0.20387453874538744
9 0.01014760147601476
3 0.01014760147601476
2 0.00922509225092251
6 0.008302583025830259
7 0.007380073800738007
4 0.007380073800738007
1 0.007380073800738007
5 0.005535055350553505
doc : 78
9 0.6712802768166091
7 0.10207612456747406
5 0.06401384083044982
8 0.058823529411764705
3 0.029411764705882353
2 0.01730103806228374
1 0.01730103806228374
6 0.015570934256055364
0 0.01384083044982699
4 0.010380622837370242
doc : 79
2 0.3895131086142322
1 0.149812734082397
3 0.12734082397003746
8 0.09737827715355805
5 0.0749063670411985
0 0.04119850187265918
9 0.033707865168539325
7 0.0299625468164794
4 0.0299625468164794
6 0.026217228464419477
doc : 80
3 0.3736842105263158
8 0.2736842105263158
0 0.1013157894736842
5 0.05789473684210526
1 0.05657894736842105
7 0.04078947368421053
6 0.035526315789473684
2 0.02763157894736842
9 0.024999999999999998
4 0.007894736842105263
doc : 81
5 0.6444444444444444
8 0.13629629629629628
3 0.07555555555555556
9 0.038518518518518514
7 0.026666666666666665
2 0.02222222222222222
6 0.017777777777777778
0 0.017777777777777778
4 0.01037037037037037
1 0.01037037037037037
doc : 82
3 0.4968944099378882
5 0.21827861579414376
8 0.10292812777284828
1 0.08695652173913043
7 0.02484472049689441
9 0.021295474711623782
6 0.01685891748003549
4 0.015084294587400179
0 0.009760425909494233
2 0.00709849157054126
doc : 83
9 0.8231062209056285
8 0.06898011002962336
3 0.02877697841726619
5 0.021159542953872196
0 0.02031316123571731
7 0.012695725772323318
2 0.011002962336013543
6 0.007617435463393991
4 0.0033855268726195515
1 0.0029623360135421074
doc : 84
0 0.8
8 0.046153846153846156
5 0.03076923076923077
3 0.03076923076923077
9 0.025174825174825173
6 0.01818181818181818
4 0.015384615384615385
2 0.015384615384615385
1 0.009790209790209791
7 0.008391608391608392
doc : 85
2 0.33544303797468356
6 0.10759493670886076
5 0.10126582278481013
7 0.08227848101265822
1 0.08227848101265822
0 0.0759493670886076
8 0.06329113924050633
3 0.056962025316455694
9 0.05063291139240506
4 0.04430379746835443
doc : 86
8 0.8610827374872319
3 0.05311542390194076
9 0.018386108273748723
5 0.011235955056179775
2 0.011235955056179775
7 0.010214504596527068
6 0.010214504596527068
0 0.010214504596527068
1 0.008171603677221655
4 0.006128702757916242
doc : 87
8 0.8868715083798883
5 0.018156424581005588
0 0.018156424581005588
7 0.01675977653631285
3 0.012569832402234637
2 0.012569832402234637
6 0.009776536312849162
1 0.009776536312849162
9 0.008379888268156424
4 0.006983240223463688
doc : 88
7 0.6006796941376381
9 0.24468988954970264
8 0.038232795242141036
3 0.03313508920985556
6 0.020390824129141887
4 0.01869158878504673
5 0.014443500424808835
0 0.014443500424808835
2 0.009345794392523366
1 0.00594732370433305
doc : 89
3 0.9523809523809523
9 0.016121031746031744
5 0.006448412698412698
2 0.006200396825396825
8 0.005704365079365079
7 0.004216269841269841
6 0.002728174603174603
0 0.00248015873015873
1 0.002232142857142857
4 0.001488095238095238
doc : 90
7 0.39
8 0.20285714285714285
1 0.14142857142857143
5 0.10857142857142857
3 0.07428571428571429
0 0.025714285714285714
9 0.02
2 0.015714285714285715
4 0.012857142857142857
6 0.008571428571428572
doc : 91
5 0.6829268292682927
4 0.06775067750677506
6 0.05420054200542006
2 0.04336043360433604
8 0.037940379403794036
7 0.03252032520325203
3 0.02710027100271003
9 0.018970189701897018
0 0.018970189701897018
1 0.016260162601626015
doc : 92
3 0.7995991983967935
8 0.09619238476953906
4 0.017034068136272545
9 0.01603206412825651
0 0.01603206412825651
7 0.01503006012024048
5 0.013026052104208416
6 0.01002004008016032
1 0.01002004008016032
2 0.007014028056112224
doc : 93
2 0.42323097463284376
9 0.20160213618157544
8 0.15086782376502003
3 0.12149532710280374
7 0.025367156208277702
0 0.025367156208277702
6 0.018691588785046728
5 0.016021361815754337
4 0.009345794392523364
1 0.008010680907877168
doc : 94
9 0.42424242424242425
7 0.21818181818181817
6 0.07878787878787878
8 0.06060606060606061
0 0.048484848484848485
3 0.04242424242424243
2 0.04242424242424243
5 0.03636363636363636
4 0.024242424242424242
1 0.024242424242424242
doc : 95
9 0.1
8 0.1
7 0.1
6 0.1
5 0.1
4 0.1
3 0.1
2 0.1
1 0.1
0 0.1
doc : 96
3 0.8298217179902755
8 0.04051863857374392
5 0.03079416531604538
7 0.028363047001620744
9 0.021880064829821716
2 0.01620745542949757
1 0.01053484602917342
0 0.01053484602917342
6 0.007293354943273905
4 0.004051863857374392
doc : 97
5 0.5360169491525424
1 0.2768361581920904
7 0.05084745762711865
9 0.038135593220338986
4 0.03742937853107345
3 0.02824858757062147
8 0.012005649717514125
2 0.012005649717514125
6 0.00423728813559322
0 0.00423728813559322
doc : 98
3 0.5775978407557355
2 0.12010796221322537
1 0.07152496626180836
7 0.07017543859649122
8 0.058029689608636977
5 0.04588394062078272
9 0.018893387314439944
4 0.018893387314439944
0 0.010796221322537112
6 0.008097165991902834
doc : 99
7 0.7522464698331194
2 0.04621309370988447
8 0.03979460847240051
3 0.03722721437740693
5 0.029525032092426184
9 0.028241335044929393
4 0.026957637997432605
0 0.01668806161745828
6 0.011553273427471117
1 0.011553273427471117
