doc : 0
7 0.9627023223082336
6 0.0049261083743842365
5 0.0049261083743842365
8 0.00422237860661506
3 0.00422237860661506
1 0.00422237860661506
0 0.00422237860661506
9 0.003518648838845883
4 0.003518648838845883
2 0.003518648838845883
doc : 1
5 0.9719827586206896
8 0.003879310344827586
7 0.003879310344827586
6 0.0034482758620689655
3 0.0034482758620689655
1 0.003017241379310345
0 0.003017241379310345
4 0.002586206896551724
2 0.002586206896551724
9 0.0021551724137931034
doc : 2
8 0.7614379084967321
1 0.04575163398692811
6 0.03594771241830066
2 0.029411764705882353
9 0.026143790849673203
7 0.026143790849673203
3 0.022875816993464054
5 0.0196078431372549
4 0.016339869281045753
0 0.016339869281045753
doc : 3
8 0.8679245283018868
1 0.0215633423180593
3 0.016172506738544475
9 0.013477088948787063
7 0.013477088948787063
6 0.013477088948787063
5 0.013477088948787063
4 0.013477088948787063
2 0.013477088948787063
0 0.013477088948787063
doc : 4
8 0.8517520215633424
3 0.026954177897574125
1 0.0215633423180593
6 0.016172506738544475
0 0.016172506738544475
9 0.013477088948787063
7 0.013477088948787063
5 0.013477088948787063
4 0.013477088948787063
2 0.013477088948787063
doc : 5
8 0.8490566037735849
3 0.02425876010781671
6 0.01886792452830189
1 0.01886792452830189
0 0.01886792452830189
2 0.016172506738544475
9 0.013477088948787063
7 0.013477088948787063
5 0.013477088948787063
4 0.013477088948787063
doc : 6
8 0.8436657681940701
3 0.02964959568733154
1 0.02425876010781671
6 0.01886792452830189
5 0.016172506738544475
9 0.013477088948787063
7 0.013477088948787063
4 0.013477088948787063
2 0.013477088948787063
0 0.013477088948787063
doc : 7
0 0.6934673366834171
1 0.05025125628140704
6 0.04522613065326633
5 0.035175879396984924
4 0.035175879396984924
2 0.035175879396984924
8 0.03015075376884422
9 0.02512562814070352
7 0.02512562814070352
3 0.02512562814070352
doc : 8
0 0.5975609756097561
8 0.07317073170731708
6 0.054878048780487805
2 0.04878048780487805
5 0.042682926829268296
4 0.042682926829268296
1 0.042682926829268296
3 0.03658536585365854
9 0.03048780487804878
7 0.03048780487804878
doc : 9
1 0.3235294117647059
8 0.1323529411764706
2 0.11764705882352941
0 0.09558823529411764
5 0.07352941176470588
4 0.058823529411764705
7 0.051470588235294115
6 0.051470588235294115
3 0.051470588235294115
9 0.044117647058823525
doc : 10
3 0.19254658385093165
8 0.18633540372670807
4 0.09937888198757763
9 0.09316770186335403
6 0.09316770186335403
2 0.09316770186335403
1 0.07453416149068323
0 0.06832298136645962
7 0.05590062111801242
5 0.043478260869565216
doc : 11
6 0.8112874779541446
9 0.03880070546737213
8 0.037037037037037035
2 0.02292768959435626
0 0.02292768959435626
1 0.019400352733686066
7 0.014109347442680775
5 0.012345679012345678
3 0.012345679012345678
4 0.008818342151675485
doc : 12
7 0.9648135116115412
1 0.0049261083743842365
9 0.00422237860661506
3 0.00422237860661506
0 0.00422237860661506
8 0.003518648838845883
6 0.003518648838845883
5 0.003518648838845883
4 0.003518648838845883
2 0.003518648838845883
doc : 13
5 0.9668103448275862
7 0.009482758620689655
3 0.0047413793103448275
1 0.004310344827586207
8 0.002586206896551724
6 0.002586206896551724
4 0.002586206896551724
0 0.002586206896551724
9 0.0021551724137931034
2 0.0021551724137931034
doc : 14
8 0.8544474393530997
1 0.02425876010781671
3 0.01886792452830189
9 0.016172506738544475
6 0.016172506738544475
5 0.016172506738544475
7 0.013477088948787063
4 0.013477088948787063
2 0.013477088948787063
0 0.013477088948787063
doc : 15
8 0.8598382749326146
1 0.02425876010781671
6 0.01886792452830189
0 0.016172506738544475
9 0.013477088948787063
7 0.013477088948787063
5 0.013477088948787063
4 0.013477088948787063
3 0.013477088948787063
2 0.013477088948787063
doc : 16
8 0.8517520215633424
1 0.02425876010781671
3 0.0215633423180593
9 0.016172506738544475
5 0.016172506738544475
2 0.016172506738544475
7 0.013477088948787063
6 0.013477088948787063
4 0.013477088948787063
0 0.013477088948787063
doc : 17
8 0.8544474393530997
1 0.026954177897574125
6 0.01886792452830189
9 0.016172506738544475
5 0.016172506738544475
7 0.013477088948787063
4 0.013477088948787063
3 0.013477088948787063
2 0.013477088948787063
0 0.013477088948787063
doc : 18
8 0.8571428571428572
3 0.0215633423180593
1 0.01886792452830189
9 0.016172506738544475
6 0.016172506738544475
2 0.016172506738544475
7 0.013477088948787063
5 0.013477088948787063
4 0.013477088948787063
0 0.013477088948787063
doc : 19
8 0.8463611859838276
1 0.03504043126684636
0 0.01886792452830189
9 0.016172506738544475
4 0.016172506738544475
7 0.013477088948787063
6 0.013477088948787063
5 0.013477088948787063
3 0.013477088948787063
2 0.013477088948787063
doc : 20
8 0.8490566037735849
1 0.03234501347708895
3 0.01886792452830189
6 0.016172506738544475
4 0.016172506738544475
9 0.013477088948787063
7 0.013477088948787063
5 0.013477088948787063
2 0.013477088948787063
0 0.013477088948787063
doc : 21
8 0.862533692722372
1 0.0215633423180593
6 0.016172506738544475
3 0.016172506738544475
2 0.016172506738544475
9 0.013477088948787063
7 0.013477088948787063
5 0.013477088948787063
4 0.013477088948787063
0 0.013477088948787063
doc : 22
8 0.8571428571428572
1 0.026954177897574125
7 0.016172506738544475
6 0.016172506738544475
0 0.016172506738544475
9 0.013477088948787063
5 0.013477088948787063
4 0.013477088948787063
3 0.013477088948787063
2 0.013477088948787063
doc : 23
8 0.8517520215633424
6 0.02425876010781671
3 0.01886792452830189
9 0.016172506738544475
4 0.016172506738544475
2 0.016172506738544475
1 0.016172506738544475
7 0.013477088948787063
5 0.013477088948787063
0 0.013477088948787063
doc : 24
7 0.9619985925404645
5 0.007037297677691766
6 0.0049261083743842365
3 0.00422237860661506
2 0.00422237860661506
9 0.003518648838845883
8 0.003518648838845883
4 0.003518648838845883
1 0.003518648838845883
0 0.003518648838845883
doc : 25
5 0.9620689655172414
7 0.01336206896551724
8 0.003879310344827586
2 0.003879310344827586
6 0.0034482758620689655
3 0.0034482758620689655
9 0.002586206896551724
4 0.002586206896551724
0 0.002586206896551724
1 0.0021551724137931034
doc : 26
8 0.8652291105121295
2 0.01886792452830189
5 0.016172506738544475
1 0.016172506738544475
0 0.016172506738544475
9 0.013477088948787063
7 0.013477088948787063
6 0.013477088948787063
4 0.013477088948787063
3 0.013477088948787063
doc : 27
8 0.8547945205479452
1 0.024657534246575342
3 0.019178082191780823
6 0.016438356164383564
0 0.016438356164383564
9 0.0136986301369863
7 0.0136986301369863
5 0.0136986301369863
4 0.0136986301369863
2 0.0136986301369863
doc : 28
8 0.8584070796460177
1 0.02064896755162242
7 0.017699115044247787
9 0.014749262536873156
6 0.014749262536873156
5 0.014749262536873156
4 0.014749262536873156
3 0.014749262536873156
2 0.014749262536873156
0 0.014749262536873156
doc : 29
8 0.8463611859838276
6 0.02425876010781671
1 0.0215633423180593
3 0.01886792452830189
7 0.016172506738544475
4 0.016172506738544475
0 0.016172506738544475
9 0.013477088948787063
5 0.013477088948787063
2 0.013477088948787063
doc : 30
8 0.8679245283018868
6 0.01886792452830189
5 0.016172506738544475
2 0.016172506738544475
9 0.013477088948787063
7 0.013477088948787063
4 0.013477088948787063
3 0.013477088948787063
1 0.013477088948787063
0 0.013477088948787063
doc : 31
8 0.8463611859838276
1 0.02964959568733154
9 0.0215633423180593
3 0.01886792452830189
0 0.016172506738544475
7 0.013477088948787063
6 0.013477088948787063
5 0.013477088948787063
4 0.013477088948787063
2 0.013477088948787063
doc : 32
8 0.8490566037735849
3 0.026954177897574125
1 0.0215633423180593
5 0.01886792452830189
6 0.016172506738544475
9 0.013477088948787063
7 0.013477088948787063
4 0.013477088948787063
2 0.013477088948787063
0 0.013477088948787063
doc : 33
0 0.758364312267658
4 0.040892193308550186
2 0.040892193308550186
5 0.026022304832713755
3 0.026022304832713755
9 0.022304832713754646
8 0.022304832713754646
7 0.022304832713754646
1 0.022304832713754646
6 0.018587360594795536
doc : 34
1 0.7600896860986547
2 0.053811659192825115
4 0.03811659192825112
9 0.026905829596412557
6 0.026905829596412557
8 0.02466367713004484
5 0.02242152466367713
3 0.017937219730941704
0 0.017937219730941704
7 0.011210762331838564
doc : 35
2 0.5524475524475524
1 0.15034965034965034
6 0.055944055944055944
3 0.04895104895104895
0 0.04195804195804196
9 0.038461538461538464
5 0.03496503496503497
8 0.027972027972027972
7 0.027972027972027972
4 0.02097902097902098
doc : 36
7 0.9619985925404645
5 0.0063335679099225895
1 0.0049261083743842365
8 0.00422237860661506
2 0.00422237860661506
0 0.00422237860661506
9 0.003518648838845883
6 0.003518648838845883
4 0.003518648838845883
3 0.003518648838845883
doc : 37
5 0.9672413793103448
7 0.005603448275862069
8 0.0047413793103448275
3 0.003879310344827586
1 0.003879310344827586
4 0.0034482758620689655
2 0.0034482758620689655
6 0.003017241379310345
9 0.002586206896551724
0 0.0021551724137931034
doc : 38
7 0.9619985925404645
9 0.0049261083743842365
5 0.0049261083743842365
2 0.0049261083743842365
8 0.00422237860661506
6 0.00422237860661506
4 0.00422237860661506
3 0.003518648838845883
1 0.003518648838845883
0 0.003518648838845883
doc : 39
6 0.6090225563909775
1 0.12781954887218044
3 0.04887218045112782
8 0.041353383458646614
4 0.03759398496240601
2 0.03759398496240601
0 0.03007518796992481
9 0.022556390977443608
7 0.022556390977443608
5 0.022556390977443608
doc : 40
1 0.48295454545454547
8 0.11363636363636365
6 0.08522727272727273
3 0.07386363636363637
2 0.0625
0 0.05681818181818182
9 0.03409090909090909
5 0.03409090909090909
7 0.02840909090909091
4 0.02840909090909091
doc : 41
3 0.8052516411378555
1 0.05908096280087527
8 0.03938730853391685
6 0.019693654266958426
4 0.015317286652078774
2 0.015317286652078774
0 0.01312910284463895
9 0.010940919037199124
7 0.010940919037199124
5 0.010940919037199124
doc : 42
3 0.8073701842546064
8 0.07202680067001675
1 0.03350083752093802
0 0.01675041876046901
9 0.01340033500837521
5 0.01340033500837521
4 0.01340033500837521
2 0.01172529313232831
7 0.010050251256281407
6 0.008375209380234505
doc : 43
1 0.6147186147186147
0 0.0735930735930736
8 0.05194805194805195
5 0.05194805194805195
2 0.04329004329004329
3 0.03896103896103896
9 0.03463203463203463
7 0.03463203463203463
6 0.030303030303030304
4 0.025974025974025976
doc : 44
1 0.7451612903225806
3 0.03225806451612903
8 0.02903225806451613
7 0.02903225806451613
6 0.02903225806451613
5 0.02903225806451613
4 0.02903225806451613
2 0.02903225806451613
9 0.025806451612903226
0 0.02258064516129032
doc : 45
1 0.8739054290718039
6 0.024518388791593695
8 0.021015761821366025
9 0.01576182136602452
2 0.014010507880910683
5 0.012259194395796848
4 0.010507880910683012
3 0.010507880910683012
7 0.008756567425569177
0 0.008756567425569177
doc : 46
2 0.538152610441767
8 0.08032128514056225
6 0.07630522088353413
9 0.0642570281124498
1 0.06024096385542168
0 0.06024096385542168
3 0.04417670682730923
7 0.0321285140562249
4 0.024096385542168672
5 0.020080321285140562
doc : 47
1 0.7420212765957447
8 0.08244680851063829
6 0.047872340425531915
3 0.031914893617021274
0 0.02127659574468085
5 0.018617021276595744
4 0.015957446808510637
9 0.013297872340425532
7 0.013297872340425532
2 0.013297872340425532
doc : 48
4 0.44203944203944207
9 0.40355940355940356
2 0.055796055796055795
6 0.04521404521404521
0 0.016354016354016353
8 0.010582010582010583
3 0.008658008658008658
1 0.007696007696007696
5 0.005772005772005772
7 0.004329004329004329
doc : 49
7 0.9612948627726953
5 0.007741027445460943
8 0.00422237860661506
6 0.00422237860661506
1 0.00422237860661506
0 0.00422237860661506
9 0.003518648838845883
4 0.003518648838845883
3 0.003518648838845883
2 0.003518648838845883
