doc : 0
9 0.2884615384615385
8 0.16346153846153846
6 0.08653846153846154
7 0.07692307692307693
2 0.07692307692307693
1 0.07692307692307693
3 0.06730769230769232
5 0.057692307692307696
0 0.057692307692307696
4 0.04807692307692308
doc : 1
9 0.6366120218579235
2 0.15300546448087432
8 0.03825136612021858
5 0.03825136612021858
4 0.0273224043715847
3 0.0273224043715847
0 0.02459016393442623
1 0.02185792349726776
7 0.01639344262295082
6 0.01639344262295082
doc : 2
6 0.7799401197604791
9 0.056886227544910184
8 0.031437125748503
7 0.029940119760479042
2 0.028443113772455092
1 0.02245508982035928
3 0.016467065868263474
5 0.011976047904191617
0 0.011976047904191617
4 0.010479041916167666
doc : 3
8 0.8065958636109558
6 0.07583379914291037
9 0.07005776038755357
0 0.010620458356623811
7 0.009316191540898081
3 0.005962362586174772
2 0.005962362586174772
1 0.00577603875535681
5 0.005217067262902925
4 0.004658095770449041
doc : 4
5 0.6712672521957339
0 0.06900878293601004
9 0.06775407779171894
8 0.04015056461731493
3 0.037641154328732745
2 0.030112923462986198
4 0.02760351317440401
7 0.023839397741530738
6 0.018820577164366373
1 0.013801756587202006
doc : 5
0 0.4771723122238586
6 0.1958762886597938
9 0.08100147275405008
2 0.0662739322533137
7 0.04418262150220913
5 0.035346097201767304
3 0.032400589101620025
8 0.027982326951399114
1 0.027982326951399114
4 0.011782032400589101
doc : 6
2 0.8175438596491228
6 0.02456140350877193
5 0.02456140350877193
1 0.02456140350877193
3 0.021052631578947368
9 0.017543859649122806
8 0.017543859649122806
7 0.017543859649122806
4 0.017543859649122806
0 0.017543859649122806
doc : 7
0 0.8602150537634409
9 0.01935483870967742
2 0.01935483870967742
7 0.017204301075268817
8 0.015053763440860214
5 0.015053763440860214
4 0.015053763440860214
1 0.015053763440860214
3 0.012903225806451613
6 0.010752688172043012
doc : 8
0 0.8666666666666667
2 0.02795698924731183
9 0.017204301075268817
7 0.015053763440860214
6 0.015053763440860214
8 0.012903225806451613
4 0.012903225806451613
5 0.010752688172043012
3 0.010752688172043012
1 0.010752688172043012
doc : 9
6 0.8249641319942611
9 0.03443328550932569
2 0.027259684361549498
0 0.021520803443328552
3 0.01865136298421808
8 0.017216642754662843
7 0.015781922525107604
1 0.015781922525107604
4 0.01291248206599713
5 0.011477761836441894
doc : 10
6 0.8503496503496504
3 0.023776223776223775
0 0.023776223776223775
9 0.022377622377622378
8 0.019580419580419582
7 0.01818181818181818
2 0.015384615384615385
1 0.009790209790209791
5 0.008391608391608392
4 0.008391608391608392
doc : 11
9 0.42018072289156627
8 0.32153614457831325
6 0.1121987951807229
1 0.03765060240963856
0 0.02560240963855422
2 0.024849397590361446
7 0.02033132530120482
5 0.015060240963855422
3 0.015060240963855422
4 0.007530120481927711
doc : 12
2 0.7735042735042735
9 0.03418803418803419
0 0.02991452991452992
7 0.025641025641025644
6 0.025641025641025644
1 0.025641025641025644
8 0.021367521367521368
5 0.021367521367521368
4 0.021367521367521368
3 0.021367521367521368
doc : 13
2 0.7740863787375415
9 0.036544850498338874
8 0.036544850498338874
6 0.03322259136212625
7 0.026578073089700997
1 0.023255813953488372
3 0.019933554817275746
5 0.016611295681063124
4 0.016611295681063124
0 0.016611295681063124
doc : 14
2 0.7628865979381443
3 0.030927835051546393
9 0.02577319587628866
8 0.02577319587628866
7 0.02577319587628866
6 0.02577319587628866
5 0.02577319587628866
4 0.02577319587628866
1 0.02577319587628866
0 0.02577319587628866
doc : 15
9 0.6260623229461757
2 0.0708215297450425
6 0.056657223796033995
1 0.0481586402266289
4 0.0453257790368272
7 0.042492917847025496
8 0.039660056657223795
3 0.0254957507082153
0 0.0254957507082153
5 0.019830028328611898
doc : 16
5 0.7582781456953642
1 0.039735099337748346
7 0.033112582781456956
6 0.033112582781456956
3 0.029801324503311258
8 0.023178807947019868
2 0.023178807947019868
0 0.023178807947019868
4 0.019867549668874173
9 0.016556291390728478
doc : 17
0 0.29069767441860467
2 0.10465116279069767
1 0.09302325581395349
8 0.08139534883720931
7 0.08139534883720931
5 0.08139534883720931
9 0.06976744186046512
4 0.06976744186046512
3 0.06976744186046512
6 0.05813953488372093
doc : 18
9 0.3089887640449438
8 0.1741573033707865
1 0.07865168539325842
7 0.07303370786516854
2 0.07303370786516854
0 0.07303370786516854
6 0.06741573033707865
5 0.056179775280898875
3 0.056179775280898875
4 0.03932584269662921
doc : 19
2 0.75
0 0.03645833333333333
6 0.03125
9 0.026041666666666664
8 0.026041666666666664
7 0.026041666666666664
5 0.026041666666666664
4 0.026041666666666664
3 0.026041666666666664
1 0.026041666666666664
doc : 20
5 0.8679956896551724
3 0.040948275862068964
7 0.018318965517241378
6 0.015625
9 0.013469827586206896
8 0.013469827586206896
2 0.009698275862068966
0 0.008081896551724138
1 0.007004310344827586
4 0.005387931034482759
doc : 21
9 0.4357541899441341
2 0.2011173184357542
1 0.09497206703910614
8 0.0446927374301676
7 0.03910614525139665
6 0.03910614525139665
5 0.03910614525139665
3 0.03910614525139665
4 0.0335195530726257
0 0.0335195530726257
doc : 22
0 0.4013605442176871
1 0.217687074829932
7 0.14285714285714285
9 0.06802721088435375
2 0.054421768707483
6 0.031746031746031744
4 0.024943310657596373
3 0.022675736961451247
8 0.020408163265306124
5 0.015873015873015872
doc : 23
3 0.9002057613168725
2 0.01851851851851852
6 0.01440329218106996
0 0.01440329218106996
8 0.010288065843621401
7 0.010288065843621401
9 0.00925925925925926
5 0.00823045267489712
4 0.00720164609053498
1 0.00720164609053498
doc : 24
2 0.30833333333333335
9 0.24166666666666667
3 0.075
7 0.058333333333333334
4 0.058333333333333334
0 0.058333333333333334
8 0.05
6 0.05
5 0.05
1 0.05
doc : 25
7 0.3054298642533937
3 0.2149321266968326
1 0.0904977375565611
0 0.07466063348416291
5 0.07239819004524888
9 0.07013574660633484
8 0.06787330316742082
6 0.0497737556561086
2 0.038461538461538464
4 0.015837104072398193
doc : 26
1 0.6423076923076924
0 0.06923076923076923
7 0.06153846153846154
9 0.05
5 0.046153846153846156
2 0.038461538461538464
6 0.026923076923076925
4 0.023076923076923078
3 0.023076923076923078
8 0.019230769230769232
doc : 27
0 0.6238670694864048
1 0.22658610271903323
2 0.04229607250755287
9 0.028700906344410877
3 0.019637462235649546
6 0.015105740181268881
5 0.012084592145015106
8 0.010574018126888218
7 0.010574018126888218
4 0.010574018126888218
doc : 28
5 0.5902578796561604
2 0.06303724928366762
1 0.06017191977077364
0 0.06017191977077364
7 0.05157593123209169
6 0.05157593123209169
9 0.040114613180515755
4 0.03151862464183381
3 0.03151862464183381
8 0.020057306590257878
doc : 29
3 0.50625
7 0.08125
2 0.06875
1 0.06875
9 0.0625
6 0.05625
5 0.043750000000000004
0 0.043750000000000004
4 0.037500000000000006
8 0.03125
doc : 30
0 0.3023255813953488
2 0.10465116279069767
6 0.09302325581395349
8 0.08139534883720931
5 0.08139534883720931
9 0.06976744186046512
7 0.06976744186046512
4 0.06976744186046512
1 0.06976744186046512
3 0.05813953488372093
doc : 31
0 0.28994082840236685
8 0.14201183431952663
9 0.11834319526627218
7 0.08875739644970414
2 0.07692307692307693
4 0.07100591715976332
6 0.0650887573964497
1 0.05917159763313609
3 0.05325443786982249
5 0.03550295857988166
doc : 32
2 0.35036496350364965
9 0.13138686131386862
6 0.10218978102189781
0 0.08029197080291971
5 0.06569343065693431
3 0.06569343065693431
1 0.06569343065693431
4 0.058394160583941604
7 0.043795620437956206
8 0.0364963503649635
doc : 33
3 0.6177285318559557
0 0.05817174515235457
1 0.04986149584487535
5 0.04709141274238227
9 0.0443213296398892
8 0.0443213296398892
7 0.04155124653739612
2 0.04155124653739612
6 0.0332409972299169
4 0.0221606648199446
doc : 34
2 0.7899159663865546
9 0.025210084033613446
8 0.025210084033613446
5 0.025210084033613446
4 0.025210084033613446
3 0.025210084033613446
7 0.021008403361344536
6 0.021008403361344536
1 0.021008403361344536
0 0.021008403361344536
doc : 35
2 0.7894736842105263
8 0.02834008097165992
7 0.02834008097165992
5 0.02834008097165992
6 0.024291497975708502
9 0.020242914979757085
4 0.020242914979757085
3 0.020242914979757085
1 0.020242914979757085
0 0.020242914979757085
doc : 36
0 0.2558139534883721
1 0.12790697674418605
8 0.10465116279069767
6 0.10465116279069767
9 0.08139534883720931
2 0.08139534883720931
5 0.06976744186046512
7 0.05813953488372093
4 0.05813953488372093
3 0.05813953488372093
doc : 37
4 0.9415584415584416
1 0.008658008658008658
7 0.007575757575757576
9 0.006493506493506494
6 0.006493506493506494
2 0.006493506493506494
0 0.006493506493506494
8 0.005411255411255411
5 0.005411255411255411
3 0.005411255411255411
doc : 38
4 0.9415584415584416
2 0.008658008658008658
1 0.007575757575757576
9 0.006493506493506494
7 0.006493506493506494
5 0.006493506493506494
0 0.006493506493506494
8 0.005411255411255411
6 0.005411255411255411
3 0.005411255411255411
doc : 39
1 0.9006156552330695
7 0.01934916446789798
3 0.018469656992084433
5 0.012313104661389622
2 0.012313104661389622
4 0.008795074758135445
8 0.0079155672823219
0 0.0079155672823219
9 0.007036059806508356
6 0.005277044854881266
doc : 40
5 0.6847682119205298
6 0.16556291390728478
1 0.033112582781456956
3 0.02781456953642384
8 0.023841059602649005
9 0.018543046357615896
7 0.015894039735099338
0 0.011920529801324502
2 0.010596026490066225
4 0.007947019867549669
doc : 41
9 0.58298755186722
8 0.15352697095435686
2 0.12448132780082988
6 0.03941908713692946
4 0.022821576763485476
7 0.02074688796680498
5 0.016597510373443983
1 0.014522821576763486
0 0.014522821576763486
3 0.01037344398340249
doc : 42
1 0.6755852842809364
0 0.08361204013377926
7 0.06354515050167224
2 0.046822742474916385
9 0.030100334448160536
8 0.023411371237458192
5 0.023411371237458192
6 0.020066889632107024
4 0.016722408026755852
3 0.016722408026755852
doc : 43
3 0.5692307692307692
5 0.11923076923076924
9 0.06153846153846154
6 0.05384615384615385
2 0.051923076923076926
7 0.046153846153846156
0 0.032692307692307694
4 0.028846153846153848
8 0.019230769230769232
1 0.01730769230769231
doc : 44
7 0.6944114149821641
3 0.1248513674197384
6 0.03923900118906064
9 0.03091557669441141
2 0.021403091557669437
0 0.021403091557669437
5 0.020214030915576692
8 0.016646848989298454
1 0.016646848989298454
4 0.01426872770511296
doc : 45
4 0.9437229437229437
6 0.007575757575757576
2 0.007575757575757576
0 0.007575757575757576
7 0.006493506493506494
9 0.005411255411255411
8 0.005411255411255411
5 0.005411255411255411
3 0.005411255411255411
1 0.005411255411255411
doc : 46
8 0.12727272727272726
1 0.12727272727272726
9 0.10909090909090909
7 0.09090909090909091
6 0.09090909090909091
5 0.09090909090909091
4 0.09090909090909091
3 0.09090909090909091
2 0.09090909090909091
0 0.09090909090909091
doc : 47
7 0.8846153846153847
2 0.020408163265306124
0 0.019623233908948195
9 0.01805337519623234
1 0.016483516483516484
3 0.01098901098901099
4 0.008634222919937207
8 0.00706436420722135
6 0.00706436420722135
5 0.00706436420722135
doc : 48
2 0.7438423645320197
3 0.03940886699507389
8 0.029556650246305417
5 0.029556650246305417
4 0.029556650246305417
0 0.029556650246305417
9 0.024630541871921183
7 0.024630541871921183
6 0.024630541871921183
1 0.024630541871921183
doc : 49
1 0.8786982248520709
7 0.01775147928994083
3 0.01775147928994083
6 0.014792899408284023
0 0.014792899408284023
9 0.013313609467455622
5 0.013313609467455622
2 0.011834319526627219
8 0.010355029585798816
4 0.0073964497041420114
