doc : 0
9 0.609090909090909
5 0.11363636363636363
1 0.049999999999999996
6 0.04090909090909091
7 0.03636363636363636
3 0.03636363636363636
0 0.03636363636363636
2 0.031818181818181815
8 0.022727272727272728
4 0.022727272727272728
doc : 1
9 0.6390728476821192
2 0.11920529801324503
8 0.046357615894039736
5 0.046357615894039736
4 0.03642384105960265
0 0.026490066225165563
7 0.023178807947019868
6 0.023178807947019868
1 0.023178807947019868
3 0.016556291390728478
doc : 2
5 0.6613861386138614
9 0.16435643564356436
6 0.03762376237623762
2 0.0297029702970297
8 0.023762376237623763
3 0.02178217821782178
4 0.015841584158415842
1 0.015841584158415842
0 0.015841584158415842
7 0.013861386138613862
doc : 3
0 0.5491638795986622
7 0.3632107023411371
8 0.031438127090301
4 0.010033444816053512
1 0.009364548494983277
3 0.008026755852842809
9 0.007357859531772575
5 0.007357859531772575
2 0.007357859531772575
6 0.006688963210702341
doc : 4
0 0.5630630630630631
7 0.33976833976833976
8 0.032175032175032175
5 0.021879021879021878
6 0.009009009009009009
4 0.007722007722007722
2 0.007722007722007722
1 0.007078507078507078
3 0.006435006435006435
9 0.005148005148005148
doc : 5
0 0.5530586766541823
7 0.23470661672908863
2 0.15418227215980024
8 0.012484394506866416
9 0.009987515605493134
1 0.009987515605493134
6 0.00749063670411985
5 0.00686641697877653
4 0.006242197253433208
3 0.004993757802746567
doc : 6
0 0.552482715273413
7 0.2306725329981144
2 0.14833438089252043
8 0.021370207416719043
4 0.01005656819610308
3 0.01005656819610308
6 0.009428032683846638
5 0.0069138906348208675
1 0.0056568196103079825
9 0.00502828409805154
doc : 7
0 0.5232323232323233
7 0.25723905723905727
4 0.17845117845117847
2 0.007407407407407408
8 0.006734006734006735
6 0.006734006734006735
9 0.0053872053872053875
5 0.0053872053872053875
1 0.0053872053872053875
3 0.00404040404040404
doc : 8
4 0.4601449275362319
6 0.13043478260869565
3 0.08514492753623189
7 0.07971014492753624
1 0.07427536231884058
5 0.050724637681159424
9 0.036231884057971016
0 0.034420289855072464
8 0.03260869565217391
2 0.016304347826086956
doc : 9
3 0.7405660377358491
8 0.04245283018867924
9 0.0330188679245283
6 0.0330188679245283
5 0.02830188679245283
1 0.02830188679245283
7 0.023584905660377357
4 0.023584905660377357
2 0.023584905660377357
0 0.023584905660377357
doc : 10
0 0.5124579124579125
7 0.25656565656565655
4 0.1878787878787879
8 0.010101010101010102
3 0.006060606060606061
2 0.006060606060606061
9 0.0053872053872053875
5 0.0053872053872053875
1 0.0053872053872053875
6 0.004713804713804714
doc : 11
0 0.6839475327920049
7 0.22485946283572766
8 0.021236727045596503
2 0.017489069331667707
4 0.013741411617738912
9 0.011867582760774514
6 0.008744534665833853
3 0.006870705808869456
1 0.006246096189881324
5 0.004996876951905059
doc : 12
0 0.5757575757575758
7 0.21272727272727274
2 0.13757575757575757
5 0.01818181818181818
8 0.016969696969696968
9 0.009696969696969697
1 0.009696969696969697
4 0.00909090909090909
6 0.006060606060606061
3 0.004242424242424242
doc : 13
0 0.549520766773163
7 0.23130990415335465
4 0.1501597444089457
8 0.019808306709265176
2 0.014057507987220448
6 0.011501597444089457
5 0.007028753993610224
3 0.007028753993610224
1 0.005750798722044728
9 0.0038338658146964857
doc : 14
0 0.5597722960151803
7 0.211258697027198
4 0.0961416824794434
2 0.06198608475648324
8 0.03099304237824162
6 0.011385199240986717
9 0.008855154965211892
5 0.007590132827324478
3 0.006957621758380772
1 0.005060088551549652
doc : 15
0 0.641042345276873
7 0.2671009771986971
2 0.013680781758957655
1 0.013029315960912053
6 0.011726384364820847
3 0.011726384364820847
4 0.011074918566775244
8 0.010423452768729642
5 0.010423452768729642
9 0.00977198697068404
doc : 16
0 0.5319284802043424
7 0.22924648786717752
2 0.18007662835249044
8 0.020434227330779056
9 0.012132822477650065
5 0.006385696040868455
3 0.005747126436781609
6 0.005108556832694764
4 0.004469987228607919
1 0.004469987228607919
doc : 17
0 0.578214059531349
7 0.22039265357821405
2 0.13616212792906904
8 0.016466117796073463
6 0.010766307789740342
9 0.009499683343888538
5 0.008233058898036731
4 0.007599746675110829
1 0.006966434452184927
3 0.005699810006333122
doc : 18
3 0.7091412742382271
7 0.09556786703601108
5 0.04016620498614958
6 0.036011080332409975
8 0.03462603878116344
1 0.023545706371191136
0 0.02077562326869806
2 0.01662049861495845
9 0.012465373961218837
4 0.0110803324099723
doc : 19
0 0.5620347394540943
7 0.23387096774193547
4 0.12655086848635236
2 0.02915632754342432
9 0.011166253101736972
8 0.01054590570719603
6 0.007444168734491315
5 0.007444168734491315
3 0.006203473945409429
1 0.005583126550868486
doc : 20
0 0.5413142485361093
7 0.25894599869876384
2 0.1457384515289525
1 0.009759271307742356
6 0.009108653220559532
9 0.008458035133376708
4 0.008458035133376708
8 0.007156798959011061
3 0.0065061808718282375
5 0.004554326610279766
doc : 21
8 0.8542713567839196
5 0.0524048815506102
1 0.02297200287150036
2 0.014357501794687725
9 0.012921751615218953
6 0.012203876525484566
7 0.010768126346015794
0 0.008614501076812634
4 0.006460875807609476
3 0.005025125628140704
doc : 22
0 0.6340819022457067
7 0.2655217965653897
8 0.021136063408190225
2 0.018494055482166448
5 0.011889035667107
1 0.011889035667107
3 0.011228533685601057
9 0.009247027741083224
6 0.009247027741083224
4 0.00726552179656539
doc : 23
0 0.5497861942577886
7 0.2272449602932193
2 0.17470983506414173
8 0.009773976786805132
4 0.00794135613927917
3 0.007330482590103849
1 0.007330482590103849
5 0.006719609040928528
9 0.005497861942577887
6 0.0036652412950519244
doc : 24
0 0.4862795149968092
7 0.24633056796426295
6 0.202297383535418
8 0.021059349074664967
3 0.01021059349074665
5 0.009572431397574984
9 0.006381620931716656
2 0.006381620931716656
1 0.006381620931716656
4 0.005105296745373325
doc : 25
0 0.5371517027863777
7 0.3630030959752322
3 0.021671826625386997
9 0.01934984520123839
8 0.015479876160990714
6 0.011609907120743035
4 0.010835913312693499
2 0.007739938080495357
5 0.006965944272445821
1 0.006191950464396285
doc : 26
1 0.6684434968017058
6 0.08635394456289978
8 0.046908315565031986
3 0.046908315565031986
7 0.039445628997867806
5 0.03731343283582089
9 0.026652452025586353
4 0.02025586353944563
0 0.019189765458422173
2 0.008528784648187633
doc : 27
3 0.6301115241635687
9 0.20260223048327136
5 0.03903345724907063
2 0.0241635687732342
7 0.022304832713754646
1 0.022304832713754646
0 0.022304832713754646
8 0.013011152416356878
4 0.013011152416356878
6 0.011152416356877323
doc : 28
9 0.6903225806451613
2 0.05161290322580645
7 0.03870967741935484
1 0.03870967741935484
0 0.03870967741935484
3 0.035483870967741936
8 0.03225806451612903
5 0.02903225806451613
4 0.025806451612903226
6 0.01935483870967742
doc : 29
6 0.7207122774133083
7 0.08341143392689784
1 0.06466729147141519
8 0.04217432052483599
3 0.02155576382380506
9 0.018744142455482664
2 0.016869728209934397
0 0.014058106841611996
4 0.011246485473289597
5 0.006560449859418931
doc : 30
0 0.5562208915502329
7 0.26147704590818366
4 0.11776447105788423
9 0.01264138389886893
8 0.01264138389886893
5 0.010645375914836993
6 0.008649367930805056
3 0.006653359946773121
2 0.006653359946773121
1 0.006653359946773121
doc : 31
8 0.8132807363576595
5 0.036817882971729124
6 0.03550295857988166
1 0.02958579881656805
3 0.02366863905325444
4 0.021696252465483234
9 0.01643655489809336
2 0.009861932938856016
7 0.006574621959237344
0 0.006574621959237344
doc : 32
0 0.562049062049062
7 0.22366522366522368
1 0.1443001443001443
8 0.023809523809523808
6 0.015151515151515152
4 0.00937950937950938
3 0.006493506493506494
5 0.005772005772005772
2 0.00505050505050505
9 0.004329004329004329
doc : 33
0 0.5770925110132159
7 0.2315921963499056
5 0.11390811831340467
8 0.024543738200125866
9 0.019509125235997484
6 0.010698552548772814
3 0.006922592825676526
4 0.0062932662051604785
1 0.005034612964128383
2 0.004405286343612335
doc : 34
0 0.5700389105058365
7 0.23281452658884563
2 0.1232166018158236
8 0.01815823605706874
6 0.013618677042801557
5 0.01232166018158236
4 0.009727626459143969
3 0.007133592736705577
9 0.006485084306095979
1 0.006485084306095979
doc : 35
8 0.850925925925926
5 0.03333333333333333
7 0.026851851851851852
4 0.019444444444444445
2 0.018518518518518517
6 0.012037037037037037
1 0.011111111111111112
0 0.010185185185185186
9 0.009259259259259259
3 0.008333333333333333
doc : 36
3 0.42105263157894735
7 0.08552631578947367
6 0.07894736842105263
5 0.07894736842105263
8 0.06578947368421052
1 0.06578947368421052
2 0.05921052631578947
0 0.05263157894736842
9 0.046052631578947366
4 0.046052631578947366
doc : 37
9 0.8500772797527048
6 0.02936630602782071
7 0.023183925811437404
1 0.021638330757341576
2 0.02009273570324575
8 0.013910355486862442
5 0.012364760432766615
4 0.010819165378670788
0 0.010819165378670788
3 0.0077279752704791345
doc : 38
9 0.4592220828105395
6 0.19322459222082808
7 0.13801756587202008
1 0.060225846925972396
8 0.03889585947302383
3 0.03638644918444165
0 0.028858218318695103
2 0.018820577164366373
4 0.015056461731493099
5 0.011292346298619823
doc : 39
6 0.6825266611977031
5 0.11156685808039377
8 0.04675963904840033
7 0.036915504511895
4 0.030352748154224778
9 0.02789171452009844
3 0.024610336341263334
1 0.015586546349466776
2 0.01394585726004922
0 0.009844134536505332
doc : 40
0 0.5855216465578424
7 0.33924769339957417
2 0.017743080198722498
5 0.0127750177430802
8 0.009226401703335699
3 0.008516678495386799
1 0.0078069552874379
4 0.007097232079489
9 0.0063875088715401
6 0.0056777856635912
doc : 41
8 0.8184480234260615
4 0.04319180087847731
5 0.029282576866764276
6 0.024890190336749635
1 0.02342606149341142
9 0.01683748169838946
2 0.013177159590043924
0 0.010980966325036604
3 0.010248901903367497
7 0.00951683748169839
doc : 42
8 0.7763347763347763
5 0.13203463203463203
6 0.023809523809523808
0 0.012987012987012988
9 0.011544011544011544
3 0.010822510822510822
1 0.010822510822510822
7 0.007936507936507936
2 0.007936507936507936
4 0.005772005772005772
doc : 43
0 0.5415212840195394
7 0.270062805303559
5 0.1360781577110956
8 0.01605024424284717
6 0.009071877180739707
2 0.006978367062107466
1 0.0062805303558967195
3 0.005582693649685973
9 0.004884856943475227
4 0.003489183531053733
doc : 44
0 0.5708692247454973
7 0.26703210649960846
5 0.11511354737666406
8 0.011746280344557557
9 0.007830853563038372
1 0.007830853563038372
4 0.006264682850430697
6 0.004698512137823022
2 0.004698512137823022
3 0.003915426781519186
doc : 45
8 0.8370607028753995
6 0.05111821086261981
1 0.0362087326943557
3 0.015974440894568693
4 0.012779552715654953
9 0.011714589989350373
7 0.010649627263045795
0 0.010649627263045795
5 0.008519701810436636
2 0.005324813631522898
doc : 46
0 0.5759162303664921
7 0.23859386686611816
6 0.1338818249813014
8 0.015706806282722512
9 0.009723261032161555
4 0.005983545250560957
5 0.005235602094240838
2 0.005235602094240838
1 0.005235602094240838
3 0.004487658937920718
doc : 47
3 0.7413249211356466
9 0.050473186119873815
8 0.031545741324921134
2 0.031545741324921134
7 0.028391167192429023
6 0.028391167192429023
4 0.025236593059936908
1 0.022082018927444793
0 0.022082018927444793
5 0.01892744479495268
doc : 48
3 0.1511627906976744
4 0.11627906976744186
2 0.11627906976744186
8 0.10465116279069767
1 0.10465116279069767
9 0.09302325581395349
7 0.09302325581395349
6 0.08139534883720931
5 0.06976744186046512
0 0.06976744186046512
doc : 49
1 0.46963562753036436
6 0.305668016194332
7 0.04453441295546559
5 0.04251012145748988
8 0.038461538461538464
3 0.02834008097165992
9 0.024291497975708502
0 0.024291497975708502
2 0.012145748987854251
4 0.010121457489878543
