doc : 0
4 0.4436741767764298
1 0.2270363951473137
5 0.1611785095320624
7 0.07105719237435008
9 0.038128249566724434
0 0.01733102253032929
8 0.012131715771230503
2 0.012131715771230503
6 0.008665511265164644
3 0.008665511265164644
doc : 1
1 0.9125514403292182
3 0.0308641975308642
9 0.00823045267489712
7 0.00823045267489712
6 0.00823045267489712
5 0.00823045267489712
2 0.00720164609053498
0 0.00617283950617284
8 0.0051440329218107005
4 0.0051440329218107005
doc : 2
4 0.45064377682403434
1 0.23605150214592274
5 0.18669527896995708
7 0.027896995708154508
8 0.023605150214592273
3 0.017167381974248927
9 0.015021459227467811
6 0.015021459227467811
2 0.015021459227467811
0 0.012875536480686695
doc : 3
1 0.44092827004219404
2 0.26160337552742613
5 0.13291139240506328
9 0.03375527426160337
4 0.03164556962025316
3 0.025316455696202528
7 0.02320675105485232
0 0.018987341772151896
8 0.016877637130801686
6 0.014767932489451475
doc : 4
2 0.4375
1 0.34615384615384615
5 0.06009615384615385
9 0.04326923076923077
4 0.03125
7 0.026442307692307696
8 0.014423076923076924
6 0.014423076923076924
0 0.014423076923076924
3 0.01201923076923077
doc : 5
1 0.61198738170347
9 0.21766561514195584
0 0.03470031545741325
4 0.025236593059936908
8 0.022082018927444793
7 0.01892744479495268
5 0.01892744479495268
3 0.01892744479495268
6 0.015772870662460567
2 0.015772870662460567
doc : 6
0 0.7183908045977011
8 0.15996168582375478
2 0.05411877394636015
5 0.016762452107279693
3 0.011973180076628351
7 0.011494252873563218
1 0.011494252873563218
9 0.0052681992337164744
6 0.0052681992337164744
4 0.0052681992337164744
doc : 7
2 0.9117983963344789
8 0.03207331042382589
5 0.012600229095074456
7 0.008018327605956473
1 0.006872852233676976
9 0.00572737686139748
6 0.00572737686139748
4 0.00572737686139748
3 0.00572737686139748
0 0.00572737686139748
doc : 8
4 0.7458823529411764
8 0.07058823529411765
5 0.042352941176470586
9 0.03529411764705882
7 0.018823529411764704
6 0.018823529411764704
2 0.018823529411764704
1 0.018823529411764704
3 0.016470588235294115
0 0.014117647058823528
doc : 9
6 0.9136490250696379
4 0.02414113277623027
7 0.015784586815227482
5 0.009285051067780874
3 0.008356545961002786
0 0.007428040854224698
2 0.0064995357474466105
8 0.005571030640668524
9 0.004642525533890437
1 0.004642525533890437
doc : 10
2 0.9129438717067584
8 0.025200458190148912
5 0.012600229095074456
3 0.009163802978235968
7 0.008018327605956473
0 0.008018327605956473
1 0.006872852233676976
9 0.00572737686139748
6 0.00572737686139748
4 0.00572737686139748
doc : 11
2 0.885809312638581
5 0.037694013303769404
8 0.02993348115299335
9 0.007760532150776054
4 0.007760532150776054
3 0.0066518847006651885
1 0.0066518847006651885
0 0.0066518847006651885
7 0.005543237250554323
6 0.005543237250554323
doc : 12
8 0.8647990255785627
9 0.06455542021924482
4 0.010962241169305723
7 0.0097442143727162
2 0.0097442143727162
0 0.0097442143727162
5 0.008526187576126675
3 0.008526187576126675
6 0.007308160779537149
1 0.0060901339829476245
doc : 13
8 0.8946280991735538
0 0.01859504132231405
9 0.012396694214876033
2 0.012396694214876033
7 0.010330578512396695
6 0.010330578512396695
5 0.010330578512396695
4 0.010330578512396695
3 0.010330578512396695
1 0.010330578512396695
doc : 14
8 0.8907563025210083
3 0.01680672268907563
6 0.014705882352941176
9 0.012605042016806723
7 0.012605042016806723
5 0.010504201680672268
4 0.010504201680672268
2 0.010504201680672268
1 0.010504201680672268
0 0.010504201680672268
doc : 15
8 0.897119341563786
6 0.01440329218106996
9 0.01234567901234568
2 0.01234567901234568
1 0.01234567901234568
7 0.010288065843621401
5 0.010288065843621401
4 0.010288065843621401
3 0.010288065843621401
0 0.010288065843621401
doc : 16
8 0.8824786324786326
2 0.017094017094017096
0 0.017094017094017096
7 0.012820512820512822
4 0.012820512820512822
3 0.012820512820512822
1 0.012820512820512822
9 0.010683760683760684
6 0.010683760683760684
5 0.010683760683760684
doc : 17
8 0.8930041152263375
0 0.020576131687242802
5 0.01234567901234568
2 0.01234567901234568
9 0.010288065843621401
7 0.010288065843621401
6 0.010288065843621401
4 0.010288065843621401
3 0.010288065843621401
1 0.010288065843621401
doc : 18
8 0.9
9 0.02181818181818182
7 0.01090909090909091
5 0.01090909090909091
0 0.01090909090909091
6 0.00909090909090909
4 0.00909090909090909
3 0.00909090909090909
2 0.00909090909090909
1 0.00909090909090909
doc : 19
8 0.9016393442622951
0 0.014344262295081968
2 0.012295081967213115
9 0.010245901639344263
7 0.010245901639344263
6 0.010245901639344263
5 0.010245901639344263
4 0.010245901639344263
3 0.010245901639344263
1 0.010245901639344263
doc : 20
8 0.9035433070866141
1 0.013779527559055118
7 0.011811023622047244
0 0.011811023622047244
9 0.00984251968503937
6 0.00984251968503937
5 0.00984251968503937
4 0.00984251968503937
3 0.00984251968503937
2 0.00984251968503937
doc : 21
8 0.8978723404255319
1 0.014893617021276596
5 0.012765957446808512
9 0.010638297872340425
7 0.010638297872340425
6 0.010638297872340425
4 0.010638297872340425
3 0.010638297872340425
2 0.010638297872340425
0 0.010638297872340425
doc : 22
8 0.8785425101214575
9 0.020242914979757085
7 0.01417004048582996
5 0.01417004048582996
2 0.01417004048582996
1 0.01417004048582996
6 0.012145748987854251
0 0.012145748987854251
4 0.010121457489878543
3 0.010121457489878543
doc : 23
0 0.700398406374502
1 0.20318725099601595
4 0.024701195219123506
2 0.01752988047808765
9 0.01593625498007968
8 0.01354581673306773
6 0.006374501992031873
5 0.006374501992031873
3 0.006374501992031873
7 0.005577689243027889
doc : 24
9 0.8638036809815951
4 0.0343558282208589
3 0.026993865030674847
1 0.0147239263803681
5 0.013496932515337423
8 0.011042944785276074
0 0.011042944785276074
6 0.008588957055214725
2 0.008588957055214725
7 0.00736196319018405
doc : 25
5 0.9696176008381352
7 0.005762179151388162
1 0.0041906757464641176
9 0.003143006809848088
6 0.003143006809848088
4 0.003143006809848088
2 0.003143006809848088
8 0.0026191723415400735
3 0.0026191723415400735
0 0.0026191723415400735
doc : 26
7 0.8846715328467153
4 0.04233576642335766
5 0.016058394160583942
2 0.010218978102189781
1 0.00875912408759124
0 0.00875912408759124
9 0.0072992700729927005
8 0.0072992700729927005
6 0.0072992700729927005
3 0.0072992700729927005
doc : 27
6 0.9567370034186019
4 0.019568548862430743
7 0.004243781681009077
8 0.003536484734174231
2 0.0034186019097017565
0 0.0034186019097017565
3 0.0031828362607568077
9 0.0027113049628669102
5 0.0017682423670871154
1 0.0014145938936696923
doc : 28
1 0.6611570247933884
9 0.13636363636363635
2 0.0371900826446281
8 0.028925619834710745
6 0.024793388429752067
5 0.024793388429752067
4 0.024793388429752067
7 0.02066115702479339
3 0.02066115702479339
0 0.02066115702479339
doc : 29
1 0.8677685950413223
0 0.02066115702479339
5 0.01859504132231405
9 0.01652892561983471
4 0.01652892561983471
7 0.014462809917355372
8 0.012396694214876033
2 0.012396694214876033
6 0.010330578512396695
3 0.010330578512396695
doc : 30
5 0.9539130434782609
1 0.018260869565217393
2 0.004782608695652174
7 0.004347826086956522
4 0.00391304347826087
9 0.0034782608695652175
6 0.0034782608695652175
8 0.003043478260869565
0 0.0026086956521739132
3 0.002173913043478261
doc : 31
5 0.954625550660793
1 0.019823788546255508
8 0.003964757709251102
6 0.003964757709251102
2 0.003964757709251102
7 0.0030837004405286344
4 0.0030837004405286344
9 0.0026431718061674008
3 0.0026431718061674008
0 0.0022026431718061676
doc : 32
0 0.6715661429295489
8 0.26659908768373036
2 0.021794221996958945
3 0.012164216928535226
7 0.00506842372022301
4 0.00506842372022301
9 0.00456158134820071
6 0.00456158134820071
1 0.00456158134820071
5 0.0040547389761784085
doc : 33
9 0.7033603707995365
2 0.19119351100811124
4 0.01853997682502897
7 0.01738122827346466
6 0.01738122827346466
5 0.012746234067207415
1 0.012746234067207415
3 0.010428736964078795
0 0.009269988412514484
8 0.006952491309385863
doc : 34
9 0.7513513513513513
2 0.15027027027027026
5 0.024864864864864864
7 0.017297297297297298
4 0.017297297297297298
8 0.00972972972972973
3 0.0075675675675675675
1 0.0075675675675675675
0 0.0075675675675675675
6 0.006486486486486486
doc : 35
9 0.8446927374301675
1 0.048044692737430165
5 0.02346368715083799
4 0.017877094972067038
6 0.013407821229050279
3 0.012290502793296089
2 0.011173184357541898
0 0.011173184357541898
7 0.01005586592178771
8 0.007821229050279328
doc : 36
9 0.7658643326039387
2 0.13894967177242887
5 0.03938730853391685
4 0.010940919037199124
7 0.009846827133479213
3 0.0087527352297593
8 0.007658643326039387
6 0.006564551422319475
1 0.006564551422319475
0 0.005470459518599562
doc : 37
7 0.9066193853427896
4 0.030141843971631204
2 0.012411347517730497
3 0.010638297872340425
5 0.01004728132387707
6 0.008865248226950354
8 0.0076832151300236405
1 0.004728132387706856
0 0.004728132387706856
9 0.004137115839243499
doc : 38
7 0.9032409581963363
4 0.03757632691404415
5 0.023015500234852045
3 0.007515265382808831
2 0.007515265382808831
8 0.005636449037106623
1 0.005166744950681071
0 0.0037576326914044154
9 0.0032879286049788633
6 0.0032879286049788633
doc : 39
4 0.7392739273927392
7 0.13696369636963696
1 0.07315731573157315
5 0.012651265126512651
6 0.00935093509350935
9 0.00715071507150715
8 0.006600660066006601
3 0.006600660066006601
2 0.0049504950495049506
0 0.0033003300330033004
doc : 40
1 0.9194630872483222
4 0.015659955257270694
3 0.012304250559284116
9 0.010067114093959731
6 0.008948545861297539
8 0.007829977628635347
5 0.007829977628635347
2 0.006711409395973154
7 0.005592841163310961
0 0.005592841163310961
doc : 41
1 0.46892307692307694
3 0.464
6 0.019692307692307693
4 0.01723076923076923
5 0.008923076923076924
9 0.005230769230769231
8 0.0043076923076923075
2 0.004
0 0.004
7 0.0036923076923076927
doc : 42
1 0.9447698744769873
6 0.008368200836820083
5 0.008368200836820083
3 0.0066945606694560665
4 0.005857740585774058
2 0.005857740585774058
9 0.00502092050209205
8 0.00502092050209205
7 0.00502092050209205
0 0.00502092050209205
doc : 43
7 0.896830530401035
4 0.045601552393272966
5 0.012289780077619664
2 0.010025873221216041
3 0.009702457956015525
6 0.008408796895213455
9 0.00517464424320828
8 0.004527813712807245
0 0.00388098318240621
1 0.0035575679172056922
doc : 44
1 0.35294117647058826
2 0.257703081232493
5 0.20168067226890757
9 0.05322128851540616
3 0.028011204481792718
0 0.028011204481792718
8 0.025210084033613446
7 0.0196078431372549
6 0.0196078431372549
4 0.014005602240896359
doc : 45
1 0.4
4 0.2804597701149425
3 0.06436781609195402
9 0.05517241379310345
2 0.05517241379310345
0 0.05517241379310345
8 0.029885057471264367
5 0.022988505747126436
6 0.020689655172413793
7 0.016091954022988506
doc : 46
9 0.9228791773778919
6 0.014138817480719794
3 0.012853470437017993
1 0.010282776349614395
5 0.007712082262210797
8 0.006426735218508997
7 0.006426735218508997
4 0.006426735218508997
2 0.006426735218508997
0 0.006426735218508997
doc : 47
9 0.9195849546044098
6 0.014267185473411154
7 0.011673151750972763
1 0.010376134889753566
0 0.010376134889753566
3 0.007782101167315175
8 0.006485084306095979
5 0.006485084306095979
4 0.006485084306095979
2 0.006485084306095979
doc : 48
3 0.9203778677462887
4 0.022267206477732792
8 0.01147098515519568
7 0.008771929824561403
2 0.007422402159244264
0 0.0067476383265856945
6 0.006072874493927126
1 0.006072874493927126
9 0.005398110661268556
5 0.005398110661268556
doc : 49
4 0.4326241134751773
8 0.12056737588652482
0 0.12056737588652482
3 0.10992907801418439
1 0.04964539007092199
7 0.0425531914893617
9 0.035460992907801414
2 0.031914893617021274
6 0.028368794326241134
5 0.028368794326241134
