doc : 0
8 0.943217665615142
9 0.007360672975814931
7 0.006309148264984227
6 0.006309148264984227
5 0.006309148264984227
4 0.006309148264984227
2 0.006309148264984227
1 0.006309148264984227
0 0.006309148264984227
3 0.005257623554153523
doc : 1
7 0.36979166666666663
6 0.2864583333333333
9 0.078125
1 0.057291666666666664
2 0.046875
0 0.041666666666666664
8 0.03645833333333333
3 0.03125
5 0.026041666666666664
4 0.026041666666666664
doc : 2
7 0.30625
6 0.18125000000000002
9 0.1
5 0.08125
2 0.07500000000000001
1 0.06875
8 0.0625
3 0.05625
0 0.037500000000000006
4 0.03125
doc : 3
7 0.3067484662576687
6 0.19631901840490798
2 0.13496932515337423
9 0.06748466257668712
5 0.06748466257668712
8 0.05521472392638037
1 0.049079754601226995
0 0.049079754601226995
3 0.04294478527607362
4 0.03067484662576687
doc : 4
7 0.2033195020746888
6 0.1908713692946058
9 0.13692946058091288
2 0.12448132780082988
3 0.1078838174273859
1 0.07883817427385892
4 0.05394190871369295
8 0.04149377593360996
0 0.03734439834024896
5 0.024896265560165977
doc : 5
6 0.7746031746031746
7 0.06031746031746032
2 0.03492063492063492
5 0.025396825396825397
4 0.025396825396825397
9 0.015873015873015872
8 0.015873015873015872
3 0.015873015873015872
1 0.015873015873015872
0 0.015873015873015872
doc : 6
2 0.8233532934131736
5 0.02694610778443114
9 0.023952095808383235
6 0.023952095808383235
7 0.02095808383233533
1 0.017964071856287428
0 0.017964071856287428
8 0.014970059880239521
4 0.014970059880239521
3 0.014970059880239521
doc : 7
2 0.8053892215568863
6 0.029940119760479042
5 0.023952095808383235
0 0.023952095808383235
9 0.02095808383233533
4 0.02095808383233533
3 0.02095808383233533
1 0.02095808383233533
7 0.017964071856287428
8 0.014970059880239521
doc : 8
2 0.7325581395348837
6 0.06589147286821706
7 0.04263565891472868
5 0.03875968992248062
3 0.023255813953488372
9 0.01937984496124031
8 0.01937984496124031
4 0.01937984496124031
1 0.01937984496124031
0 0.01937984496124031
doc : 9
2 0.75
6 0.05737704918032787
8 0.03278688524590164
7 0.028688524590163935
5 0.02459016393442623
4 0.02459016393442623
9 0.020491803278688527
3 0.020491803278688527
1 0.020491803278688527
0 0.020491803278688527
doc : 10
4 0.24390243902439027
9 0.10569105691056911
6 0.10569105691056911
2 0.10569105691056911
5 0.0975609756097561
7 0.0894308943089431
1 0.0813008130081301
3 0.07317073170731708
0 0.05691056910569106
8 0.04065040650406505
doc : 11
8 0.9462592202318229
9 0.0073761854583772385
7 0.006322444678609061
5 0.006322444678609061
4 0.006322444678609061
1 0.006322444678609061
6 0.005268703898840885
3 0.005268703898840885
2 0.005268703898840885
0 0.005268703898840885
doc : 12
2 0.8293413173652695
5 0.02694610778443114
7 0.023952095808383235
9 0.02095808383233533
1 0.02095808383233533
6 0.017964071856287428
8 0.014970059880239521
4 0.014970059880239521
3 0.014970059880239521
0 0.014970059880239521
doc : 13
2 0.8081761006289309
5 0.03459119496855346
7 0.025157232704402517
6 0.025157232704402517
8 0.01886792452830189
3 0.01886792452830189
1 0.01886792452830189
0 0.01886792452830189
9 0.015723270440251572
4 0.015723270440251572
doc : 14
2 0.7752808988764045
8 0.033707865168539325
7 0.033707865168539325
6 0.0299625468164794
5 0.026217228464419477
3 0.026217228464419477
9 0.018726591760299626
4 0.018726591760299626
1 0.018726591760299626
0 0.018726591760299626
doc : 15
2 0.8383233532934132
9 0.02095808383233533
7 0.02095808383233533
5 0.02095808383233533
3 0.02095808383233533
4 0.017964071856287428
8 0.014970059880239521
6 0.014970059880239521
1 0.014970059880239521
0 0.014970059880239521
doc : 16
2 0.8258258258258259
7 0.03003003003003003
6 0.024024024024024024
9 0.018018018018018018
5 0.018018018018018018
3 0.018018018018018018
1 0.018018018018018018
0 0.018018018018018018
8 0.015015015015015015
4 0.015015015015015015
doc : 17
2 0.8313253012048193
5 0.03614457831325302
6 0.021084337349397592
7 0.01807228915662651
1 0.01807228915662651
9 0.015060240963855422
8 0.015060240963855422
4 0.015060240963855422
3 0.015060240963855422
0 0.015060240963855422
doc : 18
2 0.8263473053892216
7 0.038922155688622756
5 0.02095808383233533
9 0.017964071856287428
4 0.017964071856287428
1 0.017964071856287428
8 0.014970059880239521
6 0.014970059880239521
3 0.014970059880239521
0 0.014970059880239521
doc : 19
2 0.8198198198198198
7 0.036036036036036036
5 0.02702702702702703
9 0.02102102102102102
6 0.02102102102102102
8 0.015015015015015015
4 0.015015015015015015
3 0.015015015015015015
1 0.015015015015015015
0 0.015015015015015015
doc : 20
3 0.4490566037735849
7 0.3283018867924528
5 0.033962264150943396
2 0.033962264150943396
9 0.03018867924528302
0 0.03018867924528302
4 0.026415094339622643
1 0.026415094339622643
8 0.022641509433962266
6 0.018867924528301886
doc : 21
7 0.5608108108108109
6 0.10810810810810811
5 0.0472972972972973
4 0.0472972972972973
2 0.0472972972972973
9 0.04054054054054054
3 0.04054054054054054
1 0.04054054054054054
8 0.033783783783783786
0 0.033783783783783786
doc : 22
8 0.9435146443514644
6 0.008368200836820083
9 0.007322175732217572
4 0.007322175732217572
7 0.006276150627615062
2 0.006276150627615062
5 0.005230125523012552
3 0.005230125523012552
1 0.005230125523012552
0 0.005230125523012552
doc : 23
2 0.7153558052434457
7 0.08614232209737828
6 0.03745318352059925
8 0.0299625468164794
5 0.026217228464419477
9 0.02247191011235955
3 0.02247191011235955
1 0.02247191011235955
4 0.018726591760299626
0 0.018726591760299626
doc : 24
2 0.8018018018018018
7 0.04504504504504504
5 0.03003003003003003
6 0.024024024024024024
4 0.018018018018018018
3 0.018018018018018018
0 0.018018018018018018
9 0.015015015015015015
8 0.015015015015015015
1 0.015015015015015015
doc : 25
2 0.7782101167315175
6 0.038910505836575876
7 0.03501945525291829
4 0.027237354085603113
1 0.023346303501945526
9 0.019455252918287938
8 0.019455252918287938
5 0.019455252918287938
3 0.019455252918287938
0 0.019455252918287938
doc : 26
2 0.8078078078078078
7 0.03303303303303303
9 0.02702702702702703
6 0.024024024024024024
5 0.024024024024024024
0 0.02102102102102102
4 0.018018018018018018
8 0.015015015015015015
3 0.015015015015015015
1 0.015015015015015015
doc : 27
5 0.33492822966507174
9 0.15789473684210525
6 0.11961722488038277
7 0.11483253588516745
8 0.05263157894736842
4 0.05263157894736842
1 0.05263157894736842
2 0.043062200956937795
3 0.03827751196172249
0 0.03349282296650718
doc : 28
7 0.6477987421383649
6 0.06289308176100629
2 0.05660377358490566
3 0.03773584905660378
1 0.03773584905660378
9 0.031446540880503145
8 0.031446540880503145
5 0.031446540880503145
4 0.031446540880503145
0 0.031446540880503145
doc : 29
7 0.6477987421383649
6 0.07547169811320756
2 0.04402515723270441
9 0.03773584905660378
5 0.03773584905660378
8 0.031446540880503145
4 0.031446540880503145
3 0.031446540880503145
1 0.031446540880503145
0 0.031446540880503145
doc : 30
7 0.6603773584905661
6 0.050314465408805034
2 0.050314465408805034
5 0.04402515723270441
3 0.03773584905660378
9 0.031446540880503145
8 0.031446540880503145
4 0.031446540880503145
1 0.031446540880503145
0 0.031446540880503145
doc : 31
7 0.6971428571428572
6 0.045714285714285714
5 0.04
3 0.04
4 0.03428571428571429
9 0.02857142857142857
8 0.02857142857142857
2 0.02857142857142857
1 0.02857142857142857
0 0.02857142857142857
doc : 32
8 0.944327731092437
6 0.009453781512605041
9 0.007352941176470588
7 0.0063025210084033615
4 0.0063025210084033615
5 0.005252100840336134
3 0.005252100840336134
2 0.005252100840336134
1 0.005252100840336134
0 0.005252100840336134
doc : 33
1 0.6025104602510459
2 0.09623430962343095
6 0.08786610878661087
7 0.04184100418410042
5 0.03347280334728033
8 0.02928870292887029
4 0.02928870292887029
0 0.02928870292887029
9 0.025104602510460247
3 0.025104602510460247
doc : 34
1 0.6789667896678967
6 0.07011070110701106
2 0.06273062730627306
0 0.04059040590405904
9 0.033210332103321034
8 0.025830258302583026
3 0.025830258302583026
7 0.02214022140221402
5 0.02214022140221402
4 0.01845018450184502
doc : 35
7 0.6122448979591837
6 0.05442176870748299
9 0.047619047619047616
5 0.047619047619047616
4 0.047619047619047616
3 0.047619047619047616
8 0.04081632653061224
2 0.03401360544217687
1 0.03401360544217687
0 0.03401360544217687
doc : 36
7 0.5782312925170068
6 0.09523809523809523
2 0.061224489795918366
3 0.047619047619047616
8 0.04081632653061224
5 0.04081632653061224
9 0.03401360544217687
4 0.03401360544217687
1 0.03401360544217687
0 0.03401360544217687
doc : 37
7 0.6415094339622642
6 0.06289308176100629
5 0.04402515723270441
3 0.04402515723270441
9 0.03773584905660378
4 0.03773584905660378
2 0.03773584905660378
8 0.031446540880503145
1 0.031446540880503145
0 0.031446540880503145
doc : 38
5 0.4887892376681614
7 0.1210762331838565
4 0.07174887892376682
9 0.06726457399103139
1 0.06726457399103139
2 0.053811659192825115
6 0.03587443946188341
3 0.03587443946188341
0 0.03139013452914798
8 0.026905829596412557
doc : 39
7 0.6432160804020101
2 0.06030150753768844
9 0.04522613065326633
3 0.04522613065326633
6 0.04020100502512563
5 0.04020100502512563
4 0.035175879396984924
0 0.035175879396984924
1 0.03015075376884422
8 0.02512562814070352
doc : 40
2 0.8348348348348348
7 0.024024024024024024
5 0.024024024024024024
4 0.02102102102102102
9 0.018018018018018018
3 0.018018018018018018
8 0.015015015015015015
6 0.015015015015015015
1 0.015015015015015015
0 0.015015015015015015
doc : 41
2 0.7865168539325843
8 0.0299625468164794
6 0.0299625468164794
5 0.026217228464419477
7 0.02247191011235955
4 0.02247191011235955
3 0.02247191011235955
1 0.02247191011235955
9 0.018726591760299626
0 0.018726591760299626
doc : 42
3 0.9344450833812536
4 0.035077630822311676
7 0.005175388154111558
5 0.005175388154111558
2 0.0040253018976423235
1 0.0040253018976423235
0 0.0034502587694077054
9 0.002875215641173088
8 0.002875215641173088
6 0.002875215641173088
doc : 43
8 0.9480789200415368
6 0.008307372793354102
4 0.006230529595015576
0 0.006230529595015576
9 0.005192107995846313
7 0.005192107995846313
5 0.005192107995846313
3 0.005192107995846313
2 0.005192107995846313
1 0.005192107995846313
doc : 44
7 0.628930817610063
6 0.08805031446540881
9 0.03773584905660378
8 0.03773584905660378
5 0.03773584905660378
2 0.03773584905660378
1 0.03773584905660378
4 0.031446540880503145
3 0.031446540880503145
0 0.031446540880503145
doc : 45
0 0.5614035087719298
6 0.1111111111111111
1 0.08187134502923976
5 0.06432748538011696
7 0.05263157894736842
4 0.03508771929824561
2 0.029239766081871343
3 0.02631578947368421
8 0.02046783625730994
9 0.017543859649122806
doc : 46
0 0.7027863777089783
2 0.08668730650154799
3 0.052631578947368425
7 0.04024767801857585
5 0.027863777089783284
4 0.02476780185758514
6 0.018575851393188854
9 0.015479876160990714
8 0.015479876160990714
1 0.015479876160990714
doc : 47
6 0.8284789644012945
2 0.03236245954692557
7 0.01941747572815534
5 0.01941747572815534
4 0.01941747572815534
9 0.016181229773462785
8 0.016181229773462785
3 0.016181229773462785
1 0.016181229773462785
0 0.016181229773462785
doc : 48
6 0.8058823529411765
2 0.044117647058823525
7 0.023529411764705882
5 0.023529411764705882
3 0.020588235294117647
9 0.01764705882352941
1 0.01764705882352941
0 0.01764705882352941
8 0.014705882352941176
4 0.014705882352941176
doc : 49
6 0.8111455108359134
7 0.02476780185758514
5 0.02476780185758514
2 0.02476780185758514
4 0.021671826625386997
3 0.021671826625386997
9 0.018575851393188854
1 0.018575851393188854
0 0.018575851393188854
8 0.015479876160990714
doc : 50
6 0.8259493670886076
5 0.02531645569620253
7 0.022151898734177215
2 0.022151898734177215
1 0.022151898734177215
0 0.0189873417721519
9 0.015822784810126583
8 0.015822784810126583
4 0.015822784810126583
3 0.015822784810126583
doc : 51
6 0.8354898336414048
7 0.04621072088724584
1 0.022181146025878003
9 0.018484288354898334
2 0.018484288354898334
4 0.0166358595194085
5 0.012939001848428836
8 0.011090573012939002
3 0.009242144177449167
0 0.009242144177449167
doc : 52
3 0.5708661417322834
7 0.06299212598425197
6 0.06299212598425197
4 0.06299212598425197
1 0.05905511811023622
0 0.047244094488188976
9 0.04330708661417323
2 0.03937007874015748
8 0.027559055118110236
5 0.023622047244094488
doc : 53
1 0.7268041237113402
2 0.05154639175257732
9 0.03865979381443299
6 0.03608247422680412
5 0.03350515463917526
3 0.028350515463917526
4 0.02577319587628866
0 0.02577319587628866
7 0.01804123711340206
8 0.015463917525773196
doc : 54
8 0.9406150583244964
6 0.008483563096500531
9 0.007423117709437965
7 0.007423117709437965
2 0.007423117709437965
4 0.006362672322375399
1 0.006362672322375399
5 0.005302226935312832
3 0.005302226935312832
0 0.005302226935312832
doc : 55
6 0.8786231884057971
1 0.021739130434782608
7 0.016304347826086956
9 0.014492753623188406
8 0.014492753623188406
2 0.012681159420289856
5 0.010869565217391304
4 0.010869565217391304
0 0.010869565217391304
3 0.009057971014492754
doc : 56
6 0.7539267015706806
7 0.0549738219895288
2 0.044502617801047126
0 0.03926701570680628
5 0.020942408376963352
9 0.018324607329842934
8 0.018324607329842934
4 0.018324607329842934
1 0.018324607329842934
3 0.013089005235602094
doc : 57
6 0.793103448275862
7 0.04509283819628647
2 0.034482758620689655
0 0.02652519893899204
5 0.021220159151193633
4 0.01856763925729443
3 0.01856763925729443
1 0.015915119363395226
9 0.01326259946949602
8 0.01326259946949602
doc : 58
1 0.6748251748251748
6 0.07692307692307693
5 0.045454545454545456
4 0.038461538461538464
0 0.03496503496503497
8 0.027972027972027972
7 0.027972027972027972
3 0.027972027972027972
2 0.024475524475524476
9 0.02097902097902098
doc : 59
0 0.70147954743255
4 0.22367275892080069
3 0.034812880765883375
7 0.007832898172323759
8 0.0060922541340295904
6 0.0060922541340295904
2 0.0060922541340295904
5 0.005221932114882507
9 0.004351610095735422
1 0.004351610095735422
doc : 60
7 0.6971428571428572
6 0.045714285714285714
2 0.045714285714285714
5 0.03428571428571429
0 0.03428571428571429
9 0.02857142857142857
8 0.02857142857142857
4 0.02857142857142857
3 0.02857142857142857
1 0.02857142857142857
doc : 61
4 0.8592964824120604
6 0.02847571189279732
5 0.018425460636515914
7 0.01675041876046901
2 0.01675041876046901
9 0.01507537688442211
3 0.01172529313232831
1 0.01172529313232831
0 0.01172529313232831
8 0.010050251256281407
doc : 62
7 0.6040816326530613
5 0.0816326530612245
4 0.06122448979591837
6 0.05714285714285715
1 0.05714285714285715
9 0.04489795918367347
8 0.02448979591836735
3 0.02448979591836735
2 0.02448979591836735
0 0.020408163265306124
doc : 63
8 0.9479708636836629
4 0.007284079084287201
9 0.0062434963579604584
2 0.0062434963579604584
1 0.0062434963579604584
7 0.005202913631633716
6 0.005202913631633716
5 0.005202913631633716
3 0.005202913631633716
0 0.005202913631633716
doc : 64
1 0.3247011952191235
2 0.28486055776892427
6 0.18725099601593626
9 0.06374501992031872
5 0.03585657370517928
0 0.03386454183266932
7 0.02390438247011952
8 0.01792828685258964
4 0.013944223107569721
3 0.013944223107569721
doc : 65
2 0.3786127167630058
6 0.1907514450867052
1 0.15895953757225434
9 0.12427745664739884
8 0.028901734104046242
7 0.026011560693641616
0 0.026011560693641616
5 0.023121387283236993
3 0.023121387283236993
4 0.02023121387283237
doc : 66
4 0.7913043478260869
1 0.07391304347826087
6 0.02391304347826087
9 0.021739130434782608
2 0.017391304347826087
0 0.017391304347826087
5 0.015217391304347827
8 0.013043478260869566
7 0.013043478260869566
3 0.013043478260869566
doc : 67
4 0.789103690685413
5 0.09490333919156414
2 0.03690685413005272
3 0.014059753954305799
9 0.012302284710017574
6 0.012302284710017574
0 0.012302284710017574
1 0.01054481546572935
8 0.008787346221441124
7 0.008787346221441124
doc : 68
0 0.8581979320531758
9 0.03545051698670606
5 0.026587887740029542
7 0.014771048744460858
4 0.011816838995568686
3 0.011816838995568686
2 0.011816838995568686
1 0.011816838995568686
6 0.010339734121122601
8 0.007385524372230429
doc : 69
1 0.6534216335540839
5 0.10154525386313466
0 0.07947019867549669
9 0.03532008830022075
2 0.03532008830022075
6 0.030905077262693155
3 0.019867549668874173
4 0.017660044150110375
7 0.015452538631346577
8 0.011037527593818985
doc : 70
5 0.792258064516129
7 0.04129032258064516
6 0.03354838709677419
4 0.03354838709677419
2 0.0232258064516129
3 0.01806451612903226
9 0.016774193548387096
1 0.015483870967741935
0 0.014193548387096775
8 0.01161290322580645
doc : 71
5 0.8153503893214683
9 0.07230255839822024
4 0.05116796440489433
3 0.011123470522803115
8 0.010011123470522803
7 0.008898776418242492
2 0.008898776418242492
0 0.008898776418242492
1 0.00778642936596218
6 0.0055617352614015575
doc : 72
1 0.8367697594501718
6 0.03608247422680412
5 0.02577319587628866
0 0.02577319587628866
4 0.018900343642611683
8 0.012027491408934707
3 0.012027491408934707
2 0.012027491408934707
9 0.010309278350515464
7 0.010309278350515464
doc : 73
9 0.514018691588785
5 0.09345794392523364
4 0.08722741433021806
6 0.08411214953271028
1 0.04984423676012461
7 0.040498442367601244
2 0.040498442367601244
8 0.037383177570093455
0 0.028037383177570093
3 0.024922118380062305
doc : 74
8 0.9405630865484881
9 0.008342022940563087
2 0.008342022940563087
7 0.0072992700729927005
4 0.0072992700729927005
6 0.006256517205422315
0 0.006256517205422315
5 0.00521376433785193
3 0.00521376433785193
1 0.00521376433785193
doc : 75
6 0.7532467532467533
7 0.07467532467532469
2 0.045454545454545456
5 0.022727272727272728
9 0.01948051948051948
4 0.01948051948051948
8 0.016233766233766236
3 0.016233766233766236
1 0.016233766233766236
0 0.016233766233766236
doc : 76
6 0.7987012987012988
7 0.029220779220779224
2 0.029220779220779224
1 0.025974025974025976
9 0.022727272727272728
8 0.01948051948051948
5 0.01948051948051948
3 0.01948051948051948
0 0.01948051948051948
4 0.016233766233766236
doc : 77
6 0.7454545454545455
7 0.07878787878787878
5 0.03333333333333333
3 0.024242424242424242
1 0.024242424242424242
0 0.021212121212121213
9 0.01818181818181818
8 0.01818181818181818
4 0.01818181818181818
2 0.01818181818181818
doc : 78
2 0.8293413173652695
7 0.02694610778443114
6 0.02095808383233533
5 0.02095808383233533
3 0.02095808383233533
1 0.017964071856287428
0 0.017964071856287428
9 0.014970059880239521
8 0.014970059880239521
4 0.014970059880239521
doc : 79
2 0.8233532934131736
5 0.03293413173652695
3 0.02095808383233533
1 0.02095808383233533
9 0.017964071856287428
7 0.017964071856287428
6 0.017964071856287428
0 0.017964071856287428
8 0.014970059880239521
4 0.014970059880239521
doc : 80
2 0.8323353293413174
7 0.029940119760479042
6 0.02095808383233533
9 0.017964071856287428
8 0.017964071856287428
5 0.017964071856287428
4 0.017964071856287428
3 0.014970059880239521
1 0.014970059880239521
0 0.014970059880239521
doc : 81
2 0.8383233532934132
5 0.029940119760479042
7 0.02095808383233533
6 0.017964071856287428
0 0.017964071856287428
9 0.014970059880239521
8 0.014970059880239521
4 0.014970059880239521
3 0.014970059880239521
1 0.014970059880239521
doc : 82
2 0.8203592814371258
5 0.029940119760479042
6 0.02694610778443114
7 0.023952095808383235
9 0.02095808383233533
1 0.017964071856287428
8 0.014970059880239521
4 0.014970059880239521
3 0.014970059880239521
0 0.014970059880239521
doc : 83
2 0.8383233532934132
6 0.023952095808383235
3 0.023952095808383235
7 0.017964071856287428
5 0.017964071856287428
1 0.017964071856287428
9 0.014970059880239521
8 0.014970059880239521
4 0.014970059880239521
0 0.014970059880239521
doc : 84
7 0.5918367346938775
6 0.08163265306122448
2 0.061224489795918366
4 0.047619047619047616
8 0.04081632653061224
5 0.04081632653061224
9 0.03401360544217687
3 0.03401360544217687
1 0.03401360544217687
0 0.03401360544217687
doc : 85
8 0.9476987447698744
9 0.007322175732217572
6 0.006276150627615062
3 0.006276150627615062
1 0.006276150627615062
7 0.005230125523012552
5 0.005230125523012552
4 0.005230125523012552
2 0.005230125523012552
0 0.005230125523012552
doc : 86
2 0.8187311178247734
7 0.03625377643504532
9 0.021148036253776436
6 0.021148036253776436
5 0.01812688821752266
3 0.01812688821752266
1 0.01812688821752266
0 0.01812688821752266
8 0.015105740181268881
4 0.015105740181268881
doc : 87
2 0.8429003021148036
5 0.02416918429003021
9 0.01812688821752266
7 0.01812688821752266
6 0.01812688821752266
1 0.01812688821752266
8 0.015105740181268881
4 0.015105740181268881
3 0.015105740181268881
0 0.015105740181268881
doc : 88
2 0.8373493975903615
9 0.024096385542168676
5 0.024096385542168676
7 0.021084337349397592
6 0.01807228915662651
8 0.015060240963855422
4 0.015060240963855422
3 0.015060240963855422
1 0.015060240963855422
0 0.015060240963855422
doc : 89
2 0.8144654088050315
7 0.02830188679245283
6 0.02830188679245283
9 0.025157232704402517
5 0.022012578616352203
3 0.01886792452830189
8 0.015723270440251572
4 0.015723270440251572
1 0.015723270440251572
0 0.015723270440251572
doc : 90
6 0.34782608695652173
9 0.10869565217391304
7 0.10326086956521739
2 0.09239130434782608
5 0.07608695652173914
3 0.07065217391304347
4 0.06521739130434782
0 0.05434782608695652
1 0.048913043478260865
8 0.03260869565217391
doc : 91
1 0.8053596614950634
2 0.0465444287729196
6 0.029619181946403384
5 0.028208744710860365
7 0.02538787023977433
4 0.02538787023977433
0 0.015514809590973202
8 0.009873060648801129
9 0.007052186177715091
3 0.007052186177715091
doc : 92
7 0.642156862745098
2 0.058823529411764705
6 0.049019607843137254
3 0.049019607843137254
9 0.044117647058823525
4 0.0392156862745098
1 0.03431372549019608
5 0.029411764705882353
0 0.029411764705882353
8 0.024509803921568627
doc : 93
7 0.6225490196078431
6 0.0784313725490196
5 0.049019607843137254
2 0.044117647058823525
0 0.044117647058823525
9 0.0392156862745098
3 0.0392156862745098
4 0.029411764705882353
1 0.029411764705882353
8 0.024509803921568627
doc : 94
7 0.6914285714285714
6 0.05142857142857143
3 0.045714285714285714
5 0.04
9 0.02857142857142857
8 0.02857142857142857
4 0.02857142857142857
2 0.02857142857142857
1 0.02857142857142857
0 0.02857142857142857
doc : 95
9 0.861198738170347
2 0.04100946372239748
6 0.028391167192429023
0 0.012618296529968454
7 0.011041009463722396
3 0.011041009463722396
8 0.00946372239747634
5 0.00946372239747634
4 0.007886435331230283
1 0.007886435331230283
doc : 96
8 0.943455497382199
6 0.010471204188481676
2 0.007329842931937174
4 0.006282722513089006
1 0.006282722513089006
9 0.005235602094240838
7 0.005235602094240838
5 0.005235602094240838
3 0.005235602094240838
0 0.005235602094240838
doc : 97
9 0.8659305993690851
6 0.0362776025236593
2 0.02365930599369085
5 0.017350157728706624
7 0.014195583596214511
8 0.00946372239747634
4 0.00946372239747634
3 0.007886435331230283
1 0.007886435331230283
0 0.007886435331230283
doc : 98
2 0.8433734939759037
9 0.021084337349397592
7 0.021084337349397592
0 0.021084337349397592
5 0.01807228915662651
8 0.015060240963855422
6 0.015060240963855422
4 0.015060240963855422
3 0.015060240963855422
1 0.015060240963855422
doc : 99
2 0.8313253012048193
7 0.024096385542168676
6 0.024096385542168676
5 0.021084337349397592
8 0.01807228915662651
3 0.01807228915662651
1 0.01807228915662651
9 0.015060240963855422
4 0.015060240963855422
0 0.015060240963855422
