doc : 0
4 0.4991624790619766
7 0.3333333333333333
1 0.06532663316582915
3 0.020100502512562814
0 0.020100502512562814
8 0.018425460636515914
9 0.01340033500837521
2 0.01172529313232831
6 0.010050251256281407
5 0.008375209380234505
doc : 1
7 0.44136191677175285
2 0.4085750315258512
3 0.044136191677175286
4 0.025220680958385876
9 0.017654476670870112
1 0.017654476670870112
6 0.013871374527112231
0 0.012610340479192938
8 0.01008827238335435
5 0.008827238335435056
doc : 2
4 0.8205128205128205
3 0.03785103785103785
6 0.03418803418803419
9 0.026862026862026864
1 0.019536019536019536
8 0.017094017094017096
7 0.013431013431013432
0 0.01221001221001221
5 0.010989010989010988
2 0.007326007326007326
doc : 3
4 0.27350427350427353
7 0.11965811965811968
9 0.09401709401709403
3 0.09401709401709403
2 0.08547008547008547
6 0.07692307692307693
8 0.06837606837606838
5 0.06837606837606838
1 0.05982905982905984
0 0.05982905982905984
doc : 4
4 0.59
1 0.09
3 0.065
8 0.045
9 0.04
2 0.04
7 0.035
5 0.035
6 0.03
0 0.03
doc : 5
0 0.6047120418848168
6 0.1780104712041885
4 0.0549738219895288
5 0.03141361256544503
8 0.02617801047120419
3 0.02617801047120419
1 0.02356020942408377
2 0.020942408376963352
9 0.018324607329842934
7 0.015706806282722516
doc : 6
8 0.3372093023255814
5 0.09302325581395349
4 0.08139534883720931
3 0.08139534883720931
9 0.06976744186046512
7 0.06976744186046512
6 0.06976744186046512
2 0.06976744186046512
1 0.06976744186046512
0 0.05813953488372093
doc : 7
1 0.8954593453009503
4 0.03167898627243928
3 0.024287222808870114
5 0.01003167898627244
2 0.00897571277719113
9 0.006863780359028511
0 0.006863780359028511
7 0.006335797254487856
6 0.005279831045406547
8 0.004223864836325237
doc : 8
6 0.9490072202166066
4 0.018953068592057764
7 0.005415162454873647
9 0.004512635379061372
3 0.004512635379061372
0 0.004512635379061372
8 0.0036101083032490976
2 0.0036101083032490976
1 0.0036101083032490976
5 0.002256317689530686
doc : 9
3 0.778816199376947
4 0.07165109034267912
1 0.04361370716510903
5 0.024922118380062305
8 0.017133956386292833
6 0.01557632398753894
0 0.01557632398753894
2 0.012461059190031152
9 0.010903426791277258
7 0.009345794392523364
doc : 10
4 0.2602739726027397
3 0.1232876712328767
9 0.1095890410958904
8 0.0821917808219178
1 0.0821917808219178
7 0.0684931506849315
6 0.0684931506849315
5 0.0684931506849315
2 0.0684931506849315
0 0.0684931506849315
doc : 11
7 0.7698412698412698
3 0.09435626102292768
1 0.05291005291005291
2 0.031746031746031744
5 0.012345679012345678
4 0.01146384479717813
8 0.009700176366843033
9 0.007054673721340388
6 0.005291005291005291
0 0.005291005291005291
doc : 12
7 0.6870026525198939
4 0.05039787798408488
1 0.04509283819628647
3 0.03978779840848806
9 0.03713527851458886
0 0.03183023872679045
2 0.029177718832891244
8 0.02652519893899204
6 0.02652519893899204
5 0.02652519893899204
doc : 13
0 0.6375000000000001
7 0.05
8 0.043750000000000004
6 0.043750000000000004
5 0.043750000000000004
1 0.043750000000000004
4 0.037500000000000006
3 0.037500000000000006
9 0.03125
2 0.03125
doc : 14
4 0.24675324675324678
9 0.1038961038961039
1 0.1038961038961039
7 0.09090909090909091
5 0.09090909090909091
3 0.09090909090909091
6 0.07792207792207792
8 0.06493506493506494
2 0.06493506493506494
0 0.06493506493506494
doc : 15
4 0.6118012422360248
0 0.16925465838509315
1 0.06677018633540373
7 0.03571428571428571
3 0.03260869565217391
9 0.021739130434782608
2 0.018633540372670808
6 0.017080745341614904
8 0.013975155279503104
5 0.012422360248447204
doc : 16
0 0.43364485981308415
6 0.3850467289719626
8 0.026168224299065422
3 0.026168224299065422
7 0.024299065420560748
2 0.024299065420560748
1 0.024299065420560748
9 0.020560747663551402
5 0.01869158878504673
4 0.016822429906542057
doc : 17
6 0.5974842767295597
0 0.22955974842767296
8 0.03459119496855346
7 0.025157232704402517
3 0.022012578616352203
9 0.01886792452830189
5 0.01886792452830189
4 0.01886792452830189
1 0.01886792452830189
2 0.015723270440251572
doc : 18
2 0.5156794425087108
7 0.10452961672473868
1 0.07665505226480836
0 0.06968641114982578
8 0.05574912891986063
6 0.05574912891986063
4 0.041811846689895474
9 0.03484320557491289
3 0.024390243902439025
5 0.020905923344947737
doc : 19
0 0.6103448275862069
4 0.09655172413793103
6 0.07241379310344828
9 0.04827586206896552
3 0.03793103448275862
1 0.03103448275862069
8 0.027586206896551724
5 0.027586206896551724
7 0.02413793103448276
2 0.02413793103448276
doc : 20
8 0.313953488372093
9 0.09302325581395349
4 0.09302325581395349
3 0.08139534883720931
2 0.08139534883720931
7 0.06976744186046512
6 0.06976744186046512
5 0.06976744186046512
0 0.06976744186046512
1 0.05813953488372093
doc : 21
9 0.1
8 0.1
7 0.1
6 0.1
5 0.1
4 0.1
3 0.1
2 0.1
1 0.1
0 0.1
doc : 22
4 0.1797752808988764
5 0.15730337078651685
2 0.11797752808988764
3 0.09550561797752809
7 0.0898876404494382
8 0.08426966292134831
9 0.07865168539325842
0 0.07303370786516854
6 0.06179775280898876
1 0.06179775280898876
doc : 23
7 0.5524475524475524
3 0.08857808857808858
8 0.0675990675990676
9 0.06526806526806526
2 0.06060606060606061
5 0.04895104895104895
0 0.03263403263403263
1 0.030303030303030304
4 0.027972027972027972
6 0.02564102564102564
doc : 24
5 0.9120879120879121
6 0.010989010989010988
3 0.010989010989010988
1 0.010989010989010988
9 0.009157509157509158
8 0.009157509157509158
7 0.009157509157509158
4 0.009157509157509158
2 0.009157509157509158
0 0.009157509157509158
doc : 25
5 0.9077757685352622
9 0.012658227848101266
0 0.012658227848101266
4 0.0108499095840868
3 0.0108499095840868
8 0.009041591320072333
7 0.009041591320072333
6 0.009041591320072333
2 0.009041591320072333
1 0.009041591320072333
doc : 26
6 0.9534776600644864
4 0.011976047904191617
0 0.006448641179180101
3 0.005988023952095809
9 0.00460617227084293
8 0.00460617227084293
1 0.004145555043758637
7 0.0036849378166743437
5 0.0027637033625057578
2 0.002303086135421465
doc : 27
8 0.4426229508196722
7 0.07377049180327869
1 0.07377049180327869
0 0.07377049180327869
6 0.06557377049180328
5 0.06557377049180328
4 0.05737704918032787
9 0.04918032786885246
3 0.04918032786885246
2 0.04918032786885246
doc : 28
2 0.5916870415647921
4 0.18337408312958436
3 0.039119804400977995
8 0.03178484107579462
1 0.03178484107579462
9 0.029339853300733496
5 0.02689486552567237
0 0.02689486552567237
7 0.02444987775061125
6 0.014669926650366748
doc : 29
2 0.803076923076923
7 0.033846153846153845
4 0.033846153846153845
8 0.021538461538461538
3 0.021538461538461538
0 0.021538461538461538
5 0.01846153846153846
9 0.015384615384615385
6 0.015384615384615385
1 0.015384615384615385
doc : 30
7 0.802247191011236
2 0.04269662921348315
3 0.035955056179775284
4 0.022471910112359553
9 0.017977528089887642
5 0.017977528089887642
0 0.017977528089887642
8 0.015730337078651686
1 0.015730337078651686
6 0.011235955056179777
doc : 31
7 0.7707865168539326
2 0.040449438202247195
1 0.038202247191011236
4 0.03146067415730337
3 0.029213483146067417
8 0.02471910112359551
9 0.020224719101123598
0 0.020224719101123598
5 0.01348314606741573
6 0.011235955056179777
doc : 32
7 0.6553398058252426
3 0.08252427184466019
2 0.050970873786407765
0 0.046116504854368925
4 0.04368932038834951
9 0.02669902912621359
6 0.02669902912621359
1 0.02427184466019417
8 0.021844660194174755
5 0.021844660194174755
doc : 33
2 0.47434435575826683
7 0.4047890535917902
3 0.043329532497149374
4 0.014823261117445839
1 0.014823261117445839
0 0.012542759407069556
8 0.011402508551881414
6 0.010262257696693273
9 0.00798175598631699
5 0.005701254275940707
doc : 34
9 0.7235859124866596
3 0.06296691568836714
8 0.042689434364994665
1 0.0416221985058698
0 0.0416221985058698
2 0.029882604055496267
4 0.0192102454642476
7 0.016008537886873
5 0.013874066168623267
6 0.008537886872998933
doc : 35
5 0.9065934065934066
1 0.01282051282051282
7 0.010989010989010988
3 0.010989010989010988
2 0.010989010989010988
0 0.010989010989010988
9 0.009157509157509158
8 0.009157509157509158
6 0.009157509157509158
4 0.009157509157509158
doc : 36
8 0.4536082474226804
0 0.27319587628865977
5 0.05154639175257732
7 0.041237113402061855
4 0.041237113402061855
3 0.030927835051546393
1 0.030927835051546393
9 0.02577319587628866
6 0.02577319587628866
2 0.02577319587628866
doc : 37
9 0.7964148527528809
1 0.04865556978233034
0 0.03201024327784891
5 0.02432778489116517
8 0.02176696542893726
4 0.019206145966709345
3 0.019206145966709345
2 0.019206145966709345
7 0.010243277848911651
6 0.008962868117797694
doc : 38
4 0.39552238805970147
1 0.13432835820895522
3 0.09701492537313433
7 0.07462686567164178
9 0.05223880597014925
6 0.05223880597014925
5 0.05223880597014925
2 0.05223880597014925
8 0.04477611940298507
0 0.04477611940298507
doc : 39
8 0.8752362948960303
7 0.020793950850661626
2 0.017013232514177693
4 0.015122873345935728
3 0.015122873345935728
0 0.013232514177693762
9 0.011342155009451797
6 0.011342155009451797
5 0.011342155009451797
1 0.00945179584120983
doc : 40
0 0.6729559748427674
8 0.04402515723270441
1 0.04402515723270441
6 0.03773584905660378
4 0.03773584905660378
3 0.03773584905660378
9 0.031446540880503145
7 0.031446540880503145
5 0.031446540880503145
2 0.031446540880503145
doc : 41
0 0.64375
8 0.0625
9 0.043750000000000004
6 0.043750000000000004
7 0.037500000000000006
4 0.037500000000000006
1 0.037500000000000006
5 0.03125
3 0.03125
2 0.03125
doc : 42
3 0.7494356659142212
1 0.0654627539503386
4 0.05191873589164785
9 0.02257336343115124
0 0.02257336343115124
2 0.020316027088036117
8 0.01805869074492099
6 0.01805869074492099
7 0.015801354401805866
5 0.015801354401805866
doc : 43
8 0.5378151260504201
2 0.08403361344537814
0 0.07563025210084033
7 0.06302521008403361
4 0.058823529411764705
5 0.05042016806722689
1 0.05042016806722689
9 0.029411764705882353
3 0.029411764705882353
6 0.021008403361344536
doc : 44
1 0.5557163531114326
3 0.14037626628075253
7 0.12735166425470332
0 0.03907380607814761
5 0.030390738060781474
9 0.02894356005788712
4 0.02894356005788712
2 0.026049204052098405
8 0.013024602026049202
6 0.010130246020260492
doc : 45
8 0.36046511627906974
5 0.08139534883720931
3 0.08139534883720931
9 0.06976744186046512
7 0.06976744186046512
6 0.06976744186046512
4 0.06976744186046512
2 0.06976744186046512
1 0.06976744186046512
0 0.05813953488372093
doc : 46
2 0.7641921397379913
4 0.034934497816593885
7 0.026200873362445413
6 0.026200873362445413
5 0.026200873362445413
3 0.026200873362445413
1 0.026200873362445413
0 0.026200873362445413
9 0.021834061135371178
8 0.021834061135371178
doc : 47
0 0.5797101449275363
6 0.17681159420289855
4 0.0927536231884058
3 0.028985507246376812
2 0.028985507246376812
7 0.02318840579710145
1 0.02318840579710145
9 0.017391304347826087
8 0.014492753623188406
5 0.014492753623188406
doc : 48
8 0.6408163265306123
5 0.06122448979591837
9 0.05714285714285715
3 0.04489795918367347
4 0.04081632653061225
7 0.036734693877551024
0 0.036734693877551024
6 0.0326530612244898
1 0.028571428571428574
2 0.020408163265306124
doc : 49
9 0.9069557362240289
7 0.015356820234869015
3 0.014453477868112014
5 0.011743450767841012
2 0.01084010840108401
8 0.00993676603432701
0 0.00993676603432701
1 0.009033423667570008
4 0.006323396567299006
6 0.005420054200542005
