doc : 0
6 0.4803571428571428
4 0.225
2 0.18571428571428572
1 0.03214285714285714
8 0.01607142857142857
5 0.014285714285714285
9 0.012499999999999999
0 0.012499999999999999
7 0.010714285714285714
3 0.010714285714285714
doc : 1
6 0.6464088397790055
7 0.0718232044198895
8 0.049723756906077346
5 0.04419889502762431
4 0.03867403314917127
9 0.03314917127071823
2 0.03314917127071823
3 0.027624309392265192
1 0.027624309392265192
0 0.027624309392265192
doc : 2
6 0.5901639344262295
7 0.08196721311475409
4 0.04918032786885246
2 0.04918032786885246
8 0.04371584699453552
5 0.04371584699453552
9 0.03825136612021858
3 0.03825136612021858
1 0.03278688524590164
0 0.03278688524590164
doc : 3
6 0.6216216216216217
4 0.07567567567567568
7 0.05945945945945946
8 0.03783783783783784
5 0.03783783783783784
2 0.03783783783783784
9 0.032432432432432434
3 0.032432432432432434
1 0.032432432432432434
0 0.032432432432432434
doc : 4
6 0.525974025974026
7 0.07792207792207792
1 0.06493506493506494
5 0.05844155844155845
2 0.05844155844155845
4 0.05194805194805195
3 0.05194805194805195
8 0.03896103896103896
0 0.03896103896103896
9 0.03246753246753247
doc : 5
2 0.2808219178082192
4 0.2557077625570776
6 0.1598173515981735
0 0.07990867579908675
8 0.0593607305936073
7 0.05251141552511415
1 0.05251141552511415
3 0.0228310502283105
9 0.0182648401826484
5 0.0182648401826484
doc : 6
5 0.256
7 0.152
2 0.112
0 0.088
4 0.08
3 0.08
9 0.07200000000000001
6 0.064
1 0.056
8 0.04
doc : 7
0 0.38580246913580246
4 0.2777777777777778
5 0.07407407407407407
2 0.05864197530864197
1 0.04938271604938271
6 0.046296296296296294
9 0.030864197530864196
3 0.027777777777777776
8 0.024691358024691357
7 0.024691358024691357
doc : 8
9 0.6910994764397906
6 0.041884816753926704
8 0.03664921465968587
7 0.03664921465968587
5 0.03664921465968587
3 0.03664921465968587
2 0.03141361256544503
1 0.03141361256544503
0 0.03141361256544503
4 0.02617801047120419
doc : 9
5 0.4793388429752066
6 0.0743801652892562
0 0.0743801652892562
9 0.06611570247933884
4 0.06611570247933884
7 0.05785123966942149
1 0.05785123966942149
8 0.04132231404958678
3 0.04132231404958678
2 0.04132231404958678
doc : 10
7 0.42296918767507
5 0.2857142857142857
1 0.0896358543417367
6 0.036414565826330535
3 0.03361344537815126
2 0.03361344537815126
8 0.03081232492997199
9 0.028011204481792718
4 0.0196078431372549
0 0.0196078431372549
doc : 11
7 0.75390625
1 0.05078125
2 0.0390625
6 0.02734375
5 0.02734375
8 0.0234375
9 0.01953125
4 0.01953125
3 0.01953125
0 0.01953125
doc : 12
9 0.6153846153846154
6 0.06666666666666667
5 0.046153846153846156
4 0.046153846153846156
1 0.046153846153846156
0 0.046153846153846156
7 0.041025641025641026
8 0.035897435897435895
2 0.03076923076923077
3 0.02564102564102564
doc : 13
9 0.65625
4 0.06770833333333333
5 0.046875
0 0.041666666666666664
7 0.03645833333333333
2 0.03645833333333333
1 0.03645833333333333
8 0.026041666666666664
6 0.026041666666666664
3 0.026041666666666664
doc : 14
9 0.6615384615384615
4 0.05641025641025641
6 0.046153846153846156
5 0.041025641025641026
2 0.041025641025641026
0 0.035897435897435895
7 0.03076923076923077
3 0.03076923076923077
1 0.03076923076923077
8 0.02564102564102564
doc : 15
9 0.6910994764397906
5 0.05235602094240838
2 0.041884816753926704
0 0.041884816753926704
8 0.03141361256544503
7 0.03141361256544503
6 0.03141361256544503
4 0.02617801047120419
3 0.02617801047120419
1 0.02617801047120419
doc : 16
8 0.699604743083004
2 0.11198945981554678
4 0.09090909090909091
7 0.02635046113306983
9 0.019762845849802372
1 0.017127799736495388
5 0.00922266139657444
0 0.00922266139657444
6 0.007905138339920948
3 0.007905138339920948
doc : 17
3 0.9021372328458943
6 0.013498312710911137
4 0.013498312710911137
2 0.013498312710911137
5 0.012373453318335208
9 0.010123734533183354
8 0.010123734533183354
7 0.008998875140607425
1 0.007874015748031496
0 0.007874015748031496
doc : 18
5 0.6220095693779905
0 0.07655502392344497
8 0.043062200956937795
7 0.043062200956937795
4 0.043062200956937795
6 0.03827751196172249
9 0.03349282296650718
3 0.03349282296650718
2 0.03349282296650718
1 0.03349282296650718
doc : 19
9 0.6470588235294117
5 0.058823529411764705
6 0.0427807486631016
1 0.0427807486631016
8 0.0374331550802139
4 0.0374331550802139
2 0.0374331550802139
7 0.0320855614973262
3 0.0320855614973262
0 0.0320855614973262
doc : 20
5 0.6354166666666666
6 0.057291666666666664
3 0.05208333333333333
8 0.041666666666666664
4 0.041666666666666664
1 0.041666666666666664
0 0.041666666666666664
7 0.03125
2 0.03125
9 0.026041666666666664
doc : 21
7 0.7510729613733905
6 0.03862660944206009
8 0.034334763948497854
5 0.034334763948497854
9 0.02575107296137339
4 0.02575107296137339
1 0.02575107296137339
3 0.02145922746781116
2 0.02145922746781116
0 0.02145922746781116
doc : 22
7 0.7568627450980392
5 0.047058823529411764
9 0.0392156862745098
6 0.03137254901960784
2 0.027450980392156862
8 0.0196078431372549
4 0.0196078431372549
3 0.0196078431372549
1 0.0196078431372549
0 0.0196078431372549
doc : 23
7 0.7042801556420234
1 0.058365758754863814
8 0.05058365758754864
6 0.03501945525291829
2 0.03501945525291829
5 0.0311284046692607
9 0.023346303501945526
0 0.023346303501945526
4 0.019455252918287938
3 0.019455252918287938
doc : 24
7 0.7051792828685259
1 0.099601593625498
5 0.03187250996015936
9 0.027888446215139442
6 0.027888446215139442
4 0.02390438247011952
0 0.02390438247011952
8 0.0199203187250996
3 0.0199203187250996
2 0.0199203187250996
doc : 25
7 0.6880000000000001
9 0.096
6 0.032
2 0.032
5 0.028
4 0.028
0 0.028
8 0.024
3 0.024
1 0.02
doc : 26
7 0.720754716981132
4 0.07924528301886792
9 0.03773584905660377
2 0.03018867924528302
8 0.026415094339622643
6 0.026415094339622643
5 0.022641509433962266
3 0.018867924528301886
1 0.018867924528301886
0 0.018867924528301886
doc : 27
7 0.7159090909090909
4 0.08333333333333334
2 0.04166666666666667
1 0.030303030303030304
8 0.026515151515151516
9 0.022727272727272728
6 0.022727272727272728
5 0.01893939393939394
3 0.01893939393939394
0 0.01893939393939394
doc : 28
8 0.8341543513957307
9 0.0361247947454844
7 0.034482758620689655
0 0.02134646962233169
5 0.0180623973727422
6 0.013136288998357963
2 0.013136288998357963
4 0.011494252873563218
3 0.009852216748768473
1 0.008210180623973728
doc : 29
0 0.761487964989059
6 0.03938730853391685
2 0.03938730853391685
9 0.030634573304157548
5 0.0262582056892779
3 0.0262582056892779
7 0.02188183807439825
1 0.02188183807439825
8 0.019693654266958426
4 0.01312910284463895
doc : 30
7 0.7490196078431373
4 0.050980392156862744
9 0.03529411764705882
8 0.03137254901960784
6 0.027450980392156862
5 0.023529411764705882
1 0.023529411764705882
3 0.0196078431372549
2 0.0196078431372549
0 0.0196078431372549
doc : 31
7 0.7231404958677686
2 0.06611570247933884
8 0.03305785123966942
5 0.03305785123966942
6 0.028925619834710745
1 0.028925619834710745
4 0.024793388429752067
9 0.02066115702479339
3 0.02066115702479339
0 0.02066115702479339
doc : 32
7 0.7056603773584905
4 0.09056603773584906
5 0.033962264150943396
8 0.03018867924528302
9 0.026415094339622643
6 0.026415094339622643
1 0.026415094339622643
0 0.022641509433962266
3 0.018867924528301886
2 0.018867924528301886
doc : 33
7 0.7083333333333334
2 0.10606060606060606
5 0.03409090909090909
6 0.026515151515151516
4 0.026515151515151516
9 0.022727272727272728
8 0.01893939393939394
3 0.01893939393939394
1 0.01893939393939394
0 0.01893939393939394
doc : 34
7 0.7509727626459144
4 0.054474708171206226
5 0.03501945525291829
2 0.0311284046692607
8 0.027237354085603113
6 0.023346303501945526
9 0.019455252918287938
3 0.019455252918287938
1 0.019455252918287938
0 0.019455252918287938
doc : 35
7 0.7734375
6 0.03515625
9 0.03125
4 0.03125
5 0.02734375
8 0.0234375
3 0.01953125
2 0.01953125
1 0.01953125
0 0.01953125
doc : 36
7 0.714828897338403
4 0.08745247148288973
6 0.03802281368821293
9 0.026615969581749048
8 0.026615969581749048
5 0.026615969581749048
1 0.022813688212927757
3 0.019011406844106463
2 0.019011406844106463
0 0.019011406844106463
doc : 37
7 0.6984732824427481
2 0.09541984732824427
9 0.03435114503816794
5 0.03435114503816794
1 0.026717557251908396
8 0.022900763358778626
6 0.022900763358778626
4 0.022900763358778626
0 0.022900763358778626
3 0.019083969465648856
doc : 38
7 0.7245283018867925
4 0.05660377358490566
5 0.03773584905660377
6 0.033962264150943396
2 0.03018867924528302
8 0.026415094339622643
3 0.026415094339622643
9 0.022641509433962266
1 0.022641509433962266
0 0.018867924528301886
doc : 39
7 0.7045454545454546
4 0.07954545454545454
5 0.04166666666666667
8 0.030303030303030304
6 0.030303030303030304
2 0.030303030303030304
9 0.022727272727272728
0 0.022727272727272728
3 0.01893939393939394
1 0.01893939393939394
doc : 40
3 0.8985879332477534
5 0.01925545571245186
6 0.011553273427471117
4 0.011553273427471117
2 0.011553273427471117
9 0.010269576379974325
1 0.010269576379974325
0 0.010269576379974325
7 0.008985879332477534
8 0.007702182284980744
doc : 41
1 0.3592233009708738
2 0.2815533980582524
4 0.20194174757281552
9 0.04271844660194175
6 0.029126213592233007
0 0.02330097087378641
5 0.017475728155339806
3 0.017475728155339806
7 0.015533980582524271
8 0.011650485436893204
doc : 42
2 0.624
4 0.152
1 0.04533333333333333
9 0.042666666666666665
7 0.03733333333333333
6 0.026666666666666665
8 0.018666666666666665
5 0.018666666666666665
0 0.018666666666666665
3 0.016
doc : 43
0 0.3323262839879154
4 0.3202416918429003
2 0.07854984894259819
1 0.0755287009063444
6 0.04833836858006042
5 0.03625377643504532
7 0.03323262839879154
3 0.03323262839879154
9 0.02416918429003021
8 0.01812688821752266
doc : 44
7 0.6528301886792452
4 0.0830188679245283
9 0.05660377358490566
8 0.04150943396226415
5 0.03773584905660377
6 0.033962264150943396
3 0.03018867924528302
2 0.026415094339622643
1 0.018867924528301886
0 0.018867924528301886
doc : 45
7 0.690566037735849
4 0.07924528301886792
8 0.03773584905660377
6 0.033962264150943396
3 0.03018867924528302
9 0.026415094339622643
5 0.026415094339622643
2 0.026415094339622643
1 0.026415094339622643
0 0.022641509433962266
doc : 46
7 0.7537878787878788
4 0.04924242424242424
2 0.030303030303030304
9 0.026515151515151516
5 0.026515151515151516
8 0.022727272727272728
6 0.022727272727272728
3 0.022727272727272728
1 0.022727272727272728
0 0.022727272727272728
doc : 47
7 0.75390625
1 0.05078125
5 0.0390625
9 0.02734375
8 0.0234375
2 0.0234375
0 0.0234375
6 0.01953125
4 0.01953125
3 0.01953125
doc : 48
7 0.7056603773584905
4 0.07169811320754717
8 0.03773584905660377
2 0.03773584905660377
1 0.03773584905660377
5 0.03018867924528302
9 0.022641509433962266
6 0.018867924528301886
3 0.018867924528301886
0 0.018867924528301886
doc : 49
7 0.7034220532319392
4 0.08365019011406843
8 0.045627376425855515
9 0.034220532319391636
5 0.026615969581749048
2 0.026615969581749048
6 0.022813688212927757
3 0.019011406844106463
1 0.019011406844106463
0 0.019011406844106463
