doc : 0
5 0.11764705882352941
9 0.09803921568627451
8 0.09803921568627451
7 0.09803921568627451
6 0.09803921568627451
4 0.09803921568627451
3 0.09803921568627451
2 0.09803921568627451
1 0.09803921568627451
0 0.09803921568627451
doc : 1
1 0.6228070175438596
4 0.09868421052631579
5 0.08333333333333333
8 0.05701754385964912
9 0.03508771929824561
7 0.02850877192982456
6 0.019736842105263157
0 0.019736842105263157
3 0.017543859649122806
2 0.017543859649122806
doc : 2
9 0.7209302325581396
5 0.1416490486257928
0 0.025369978858350954
8 0.021141649048625793
1 0.021141649048625793
2 0.019027484143763214
7 0.014799154334038056
6 0.012684989429175477
4 0.012684989429175477
3 0.010570824524312896
doc : 3
8 0.5311203319502075
2 0.1037344398340249
6 0.07883817427385892
5 0.06224066390041494
0 0.058091286307053944
9 0.04149377593360996
7 0.03734439834024896
1 0.03319502074688797
3 0.029045643153526972
4 0.024896265560165977
doc : 4
8 0.7361963190184049
7 0.12423312883435583
5 0.02914110429447853
2 0.02147239263803681
0 0.019938650306748466
6 0.015337423312883436
3 0.015337423312883436
4 0.013803680981595092
1 0.013803680981595092
9 0.010736196319018405
doc : 5
7 0.9774266365688488
8 0.0065667966345167245
5 0.00348861071208701
2 0.002667761132772419
9 0.0020521239482864766
6 0.0020521239482864766
4 0.0016416991586291811
0 0.0016416991586291811
3 0.0014364867638005335
1 0.0010260619741432383
doc : 6
4 0.9470588235294117
0 0.00915032679738562
6 0.00718954248366013
1 0.0065359477124183
5 0.0058823529411764705
2 0.0058823529411764705
9 0.00522875816993464
7 0.00457516339869281
3 0.00457516339869281
8 0.00392156862745098
doc : 7
2 0.6458684654300169
8 0.11129848229342326
1 0.05902192242833052
3 0.04047217537942664
5 0.03709949409780776
0 0.03035413153456998
4 0.021922428330522763
9 0.02023608768971332
6 0.02023608768971332
7 0.013490725126475547
doc : 8
5 0.7252747252747254
9 0.038461538461538464
1 0.038461538461538464
3 0.03296703296703297
8 0.027472527472527476
7 0.027472527472527476
6 0.027472527472527476
4 0.027472527472527476
2 0.027472527472527476
0 0.027472527472527476
doc : 9
5 0.715
9 0.04
3 0.04
8 0.035
4 0.035
7 0.03
2 0.03
6 0.025
1 0.025
0 0.025
doc : 10
1 0.9313583815028901
0 0.017341040462427744
2 0.014450867052023121
3 0.008670520231213872
9 0.005780346820809248
8 0.0050578034682080926
6 0.0050578034682080926
5 0.0050578034682080926
7 0.0036127167630057803
4 0.0036127167630057803
doc : 11
3 0.8542780748663101
5 0.08422459893048127
4 0.009358288770053475
9 0.00802139037433155
8 0.00802139037433155
2 0.00802139037433155
1 0.00802139037433155
7 0.0066844919786096255
6 0.0066844919786096255
0 0.0066844919786096255
doc : 12
3 0.7430406852248395
5 0.16274089935760172
1 0.014989293361884369
7 0.01284796573875803
6 0.01284796573875803
9 0.010706638115631693
8 0.010706638115631693
4 0.010706638115631693
2 0.010706638115631693
0 0.010706638115631693
doc : 13
5 0.6978021978021979
3 0.049450549450549455
9 0.038461538461538464
8 0.038461538461538464
7 0.03296703296703297
6 0.03296703296703297
4 0.027472527472527476
2 0.027472527472527476
1 0.027472527472527476
0 0.027472527472527476
doc : 14
9 0.8782467532467533
5 0.049512987012987016
1 0.015422077922077924
8 0.011363636363636364
3 0.00892857142857143
2 0.00892857142857143
0 0.00892857142857143
6 0.008116883116883118
4 0.005681818181818182
7 0.00487012987012987
doc : 15
6 0.7427821522309711
3 0.05511811023622047
1 0.04199475065616798
5 0.03674540682414698
7 0.026246719160104987
0 0.026246719160104987
9 0.023622047244094488
8 0.01837270341207349
2 0.015748031496062992
4 0.013123359580052493
doc : 16
8 0.5885416666666666
3 0.06770833333333333
7 0.057291666666666664
9 0.046875
2 0.046875
6 0.041666666666666664
5 0.041666666666666664
4 0.03645833333333333
1 0.03645833333333333
0 0.03645833333333333
doc : 17
8 0.7450142450142451
2 0.06410256410256411
9 0.04700854700854701
5 0.03276353276353276
1 0.025641025641025644
4 0.022792022792022793
3 0.019943019943019943
7 0.017094017094017096
6 0.012820512820512822
0 0.012820512820512822
doc : 18
8 0.5469387755102041
6 0.0979591836734694
2 0.08571428571428572
9 0.05306122448979592
4 0.0489795918367347
3 0.04081632653061225
1 0.04081632653061225
5 0.0326530612244898
0 0.028571428571428574
7 0.02448979591836735
doc : 19
2 0.8949416342412452
8 0.042801556420233464
9 0.011186770428015564
7 0.010700389105058366
1 0.00924124513618677
6 0.008754863813229572
0 0.006809338521400778
4 0.00632295719844358
5 0.005836575875486381
3 0.003404669260700389
doc : 20
0 0.5739182692307693
7 0.3918269230769231
5 0.007211538461538462
3 0.005108173076923077
2 0.004807692307692308
1 0.00420673076923077
8 0.00390625
9 0.003605769230769231
4 0.003305288461538462
6 0.002103365384615385
doc : 21
7 0.9181523500810372
0 0.013776337115072933
5 0.012155591572123176
8 0.011345218800648298
1 0.01053484602917342
6 0.00972447325769854
2 0.008103727714748784
9 0.005672609400324149
3 0.005672609400324149
4 0.00486223662884927
doc : 22
9 0.756490599820949
3 0.10116383169203223
1 0.03849597135183527
2 0.03043867502238138
0 0.021486123545210387
5 0.017905102954341987
6 0.011638316920322292
4 0.008057296329453895
8 0.007162041181736795
7 0.007162041181736795
doc : 23
1 0.5760000000000001
3 0.12
9 0.076
5 0.044
0 0.04
8 0.036000000000000004
6 0.032
2 0.028
7 0.024
4 0.024
doc : 24
1 0.572289156626506
3 0.06626506024096386
0 0.060240963855421686
8 0.05421686746987952
9 0.04819277108433735
6 0.04819277108433735
5 0.042168674698795185
7 0.03614457831325302
4 0.03614457831325302
2 0.03614457831325302
doc : 25
8 0.6851851851851851
7 0.05092592592592592
2 0.046296296296296294
9 0.041666666666666664
5 0.037037037037037035
4 0.032407407407407406
1 0.032407407407407406
3 0.027777777777777776
6 0.023148148148148147
0 0.023148148148148147
doc : 26
8 0.6571428571428571
5 0.07142857142857142
1 0.04285714285714286
0 0.04285714285714286
4 0.03571428571428571
9 0.03214285714285714
7 0.03214285714285714
6 0.02857142857142857
3 0.02857142857142857
2 0.02857142857142857
doc : 27
8 0.8249027237354085
2 0.033073929961089495
6 0.02529182879377432
1 0.02529182879377432
9 0.021400778210116732
5 0.01556420233463035
3 0.01556420233463035
0 0.01556420233463035
7 0.011673151750972763
4 0.011673151750972763
doc : 28
6 0.8966613672496025
5 0.017488076311605726
7 0.014308426073131956
3 0.014308426073131956
4 0.011128775834658189
0 0.011128775834658189
9 0.009538950715421305
2 0.009538950715421305
8 0.007949125596184421
1 0.007949125596184421
doc : 29
5 0.8066914498141263
4 0.026022304832713755
3 0.026022304832713755
9 0.022304832713754646
2 0.022304832713754646
0 0.022304832713754646
8 0.018587360594795536
7 0.018587360594795536
6 0.018587360594795536
1 0.018587360594795536
doc : 30
6 0.896124031007752
5 0.015503875968992248
1 0.015503875968992248
7 0.013953488372093023
8 0.012403100775193798
3 0.010852713178294573
0 0.010852713178294573
4 0.009302325581395349
9 0.007751937984496124
2 0.007751937984496124
doc : 31
1 0.6545454545454545
2 0.05454545454545454
3 0.048484848484848485
0 0.048484848484848485
6 0.04242424242424243
9 0.030303030303030304
8 0.030303030303030304
7 0.030303030303030304
5 0.030303030303030304
4 0.030303030303030304
doc : 32
5 0.26717557251908397
8 0.1450381679389313
7 0.09923664122137404
2 0.0916030534351145
0 0.08396946564885496
9 0.06870229007633588
6 0.06870229007633588
3 0.06870229007633588
4 0.061068702290076333
1 0.04580152671755725
doc : 33
8 0.7491166077738516
1 0.04240282685512367
2 0.038869257950530034
7 0.028268551236749116
3 0.028268551236749116
9 0.024734982332155476
5 0.024734982332155476
6 0.021201413427561835
4 0.021201413427561835
0 0.021201413427561835
doc : 34
9 0.4705882352941177
8 0.24767801857585142
5 0.05882352941176471
3 0.043343653250773995
6 0.04024767801857585
2 0.04024767801857585
4 0.027863777089783284
1 0.027863777089783284
0 0.027863777089783284
7 0.015479876160990714
doc : 35
8 0.78515625
9 0.02734375
2 0.02734375
7 0.0234375
6 0.0234375
5 0.0234375
4 0.0234375
1 0.0234375
0 0.0234375
3 0.01953125
doc : 36
8 0.567741935483871
9 0.0967741935483871
5 0.06451612903225806
7 0.05161290322580645
1 0.04516129032258064
3 0.03870967741935484
2 0.03870967741935484
6 0.03225806451612903
4 0.03225806451612903
0 0.03225806451612903
doc : 37
8 0.5597826086956521
5 0.10869565217391304
6 0.06521739130434782
2 0.06521739130434782
0 0.048913043478260865
9 0.03260869565217391
7 0.03260869565217391
3 0.03260869565217391
4 0.02717391304347826
1 0.02717391304347826
doc : 38
4 0.8567164179104477
5 0.03582089552238806
8 0.023880597014925373
2 0.016417910447761194
6 0.014925373134328358
3 0.011940298507462687
9 0.010447761194029851
7 0.010447761194029851
1 0.010447761194029851
0 0.008955223880597015
doc : 39
6 0.5531400966183575
7 0.1400966183574879
9 0.06763285024154589
8 0.04830917874396135
3 0.04589371980676328
4 0.033816425120772944
2 0.03140096618357488
0 0.03140096618357488
5 0.024154589371980676
1 0.024154589371980676
doc : 40
4 0.12962962962962962
7 0.1111111111111111
5 0.1111111111111111
9 0.09259259259259259
8 0.09259259259259259
6 0.09259259259259259
3 0.09259259259259259
2 0.09259259259259259
1 0.09259259259259259
0 0.09259259259259259
doc : 41
5 0.4595469255663431
8 0.3899676375404531
4 0.04045307443365696
6 0.02912621359223301
2 0.01941747572815534
9 0.01779935275080906
7 0.012944983818770227
1 0.011326860841423949
0 0.011326860841423949
3 0.008090614886731393
doc : 42
8 0.598984771573604
4 0.09137055837563451
2 0.06091370558375634
5 0.055837563451776644
9 0.050761421319796954
1 0.035532994923857864
0 0.03045685279187817
7 0.025380710659898477
6 0.025380710659898477
3 0.025380710659898477
doc : 43
9 0.125
7 0.125
2 0.125
6 0.109375
8 0.09375
1 0.09375
0 0.09375
5 0.078125
4 0.078125
3 0.078125
doc : 44
8 0.71875
2 0.045454545454545456
7 0.036931818181818184
6 0.036931818181818184
4 0.036931818181818184
3 0.036931818181818184
5 0.02840909090909091
0 0.02556818181818182
9 0.017045454545454544
1 0.017045454545454544
doc : 45
5 0.5451127819548872
1 0.10526315789473684
8 0.09022556390977443
9 0.05263157894736842
2 0.05263157894736842
6 0.03383458646616541
3 0.03383458646616541
0 0.03383458646616541
7 0.02631578947368421
4 0.02631578947368421
doc : 46
3 0.42857142857142855
2 0.2594752186588921
5 0.06705539358600583
1 0.05830903790087463
0 0.04956268221574344
8 0.043731778425655975
6 0.03206997084548105
4 0.023323615160349854
7 0.02040816326530612
9 0.01749271137026239
doc : 47
2 0.3050847457627119
0 0.13135593220338984
1 0.11440677966101695
3 0.1016949152542373
6 0.09322033898305085
9 0.059322033898305086
8 0.059322033898305086
5 0.059322033898305086
4 0.046610169491525424
7 0.029661016949152543
doc : 48
5 0.38571428571428573
9 0.1523809523809524
8 0.09047619047619049
6 0.06666666666666668
2 0.06666666666666668
1 0.06666666666666668
4 0.05714285714285715
7 0.05238095238095239
0 0.0380952380952381
3 0.02380952380952381
doc : 49
9 0.17218543046357615
1 0.15894039735099338
6 0.12582781456953643
2 0.12582781456953643
5 0.11920529801324503
4 0.07947019867549669
3 0.059602649006622516
8 0.052980132450331126
7 0.052980132450331126
0 0.052980132450331126
