doc : 0
7 0.9453887884267631
9 0.026039783001808318
2 0.009403254972875226
4 0.003978300180831827
3 0.003616636528028933
1 0.0028933092224231465
5 0.002531645569620253
0 0.002531645569620253
8 0.0018083182640144665
6 0.0018083182640144665
doc : 1
2 0.9426695842450766
9 0.014442013129102845
7 0.013129102844638951
4 0.00962800875273523
8 0.003938730853391685
5 0.003938730853391685
0 0.00350109409190372
3 0.003063457330415755
1 0.003063457330415755
6 0.00262582056892779
doc : 2
2 0.5857988165680473
1 0.23076923076923078
7 0.04339250493096647
9 0.03155818540433925
5 0.021696252465483234
6 0.01972386587771203
8 0.01775147928994083
0 0.01775147928994083
4 0.015779092702169626
3 0.015779092702169626
doc : 3
4 0.7704239917269907
5 0.06928645294725957
7 0.054808686659772496
9 0.029989658738366082
3 0.017580144777662877
8 0.015511892450879009
6 0.014477766287487075
2 0.014477766287487075
0 0.007238883143743538
1 0.006204756980351603
doc : 4
5 0.4026548672566372
6 0.35176991150442477
8 0.08849557522123894
4 0.04424778761061947
1 0.030973451327433628
7 0.024336283185840708
0 0.021017699115044246
9 0.017699115044247787
2 0.00995575221238938
3 0.008849557522123894
doc : 5
9 0.5615686274509804
7 0.3372549019607843
2 0.047058823529411764
8 0.010196078431372548
4 0.009411764705882352
3 0.008627450980392156
0 0.00784313725490196
6 0.006274509803921568
1 0.006274509803921568
5 0.005490196078431373
doc : 6
2 0.9211026615969582
7 0.02614068441064639
9 0.014258555133079848
5 0.013307984790874524
0 0.005228136882129277
1 0.004752851711026616
8 0.0042775665399239545
6 0.0042775665399239545
4 0.003326996197718631
3 0.003326996197718631
doc : 7
1 0.617877094972067
4 0.1525139664804469
9 0.10111731843575418
7 0.07262569832402234
2 0.020670391061452513
3 0.012849162011173183
0 0.008379888268156424
8 0.005027932960893855
6 0.005027932960893855
5 0.003910614525139664
doc : 8
9 0.8884197828709288
2 0.033172496984318456
7 0.030156815440289503
4 0.013268998793727381
5 0.00904704463208685
0 0.007840772014475271
1 0.006031363088057901
3 0.0048250904704463205
8 0.00361881785283474
6 0.00361881785283474
doc : 9
9 0.876357056694813
7 0.04342581423401688
2 0.027141133896260553
4 0.015078407720144751
5 0.013268998793727381
1 0.006031363088057901
0 0.006031363088057901
3 0.0048250904704463205
8 0.004221954161640531
6 0.00361881785283474
doc : 10
7 0.3618320610687023
1 0.28549618320610687
9 0.2297709923664122
0 0.03969465648854962
2 0.02748091603053435
4 0.022900763358778626
5 0.011450381679389313
8 0.010687022900763359
3 0.0061068702290076335
6 0.004580152671755725
doc : 11
2 0.45382963493199713
3 0.3822476735862562
7 0.046528274874731566
9 0.026485325697924122
8 0.025053686471009303
5 0.01717967072297781
0 0.015748031496062992
1 0.013600572655690766
6 0.01145311381531854
4 0.007874015748031496
doc : 12
4 0.66049953746531
2 0.17761332099907495
9 0.06567992599444959
7 0.037927844588344126
8 0.012950971322849215
5 0.0120259019426457
0 0.010175763182238668
3 0.009250693802035153
6 0.008325624421831638
1 0.005550416281221092
doc : 13
7 0.9133064516129032
9 0.024865591397849465
5 0.010080645161290324
2 0.009408602150537635
8 0.008736559139784947
4 0.008064516129032258
1 0.008064516129032258
3 0.00739247311827957
0 0.005376344086021506
6 0.004704301075268817
doc : 14
7 0.9497267759562842
9 0.02477231329690346
2 0.006193078324225865
4 0.004007285974499089
5 0.0036429872495446266
1 0.003278688524590164
3 0.0025500910746812386
8 0.002185792349726776
6 0.0018214936247723133
0 0.0018214936247723133
doc : 15
9 0.44477911646586343
2 0.27811244979919675
7 0.16315261044176704
1 0.048192771084337345
4 0.03313253012048192
8 0.01506024096385542
5 0.006526104417670682
6 0.004518072289156626
3 0.003514056224899598
0 0.003012048192771084
doc : 16
5 0.7005730659025787
0 0.10601719197707736
8 0.04871060171919771
1 0.03724928366762178
3 0.034383954154727794
4 0.019340974212034383
2 0.017191977077363897
7 0.012893982808022923
6 0.012893982808022923
9 0.010744985673352435
doc : 17
0 0.8724489795918366
5 0.023809523809523808
3 0.01870748299319728
2 0.01870748299319728
7 0.015306122448979591
9 0.014455782312925169
8 0.00935374149659864
4 0.00935374149659864
1 0.00935374149659864
6 0.008503401360544217
doc : 18
4 0.7739420935412027
5 0.06458797327394208
9 0.04899777282850779
7 0.03897550111358575
1 0.017817371937639197
0 0.017817371937639197
3 0.014476614699331848
8 0.008908685968819599
6 0.008908685968819599
2 0.005567928730512249
doc : 19
1 0.5076923076923077
3 0.06923076923076923
6 0.06153846153846154
2 0.06153846153846154
9 0.05384615384615385
8 0.05384615384615385
7 0.05384615384615385
4 0.05384615384615385
0 0.046153846153846156
5 0.038461538461538464
doc : 20
4 0.6210131332082551
5 0.18198874296435272
9 0.0450281425891182
3 0.03377110694183865
8 0.0225140712945591
6 0.0225140712945591
7 0.020637898686679174
1 0.01876172607879925
2 0.016885553470919325
0 0.016885553470919325
doc : 21
5 0.480373831775701
7 0.30654205607476637
9 0.05046728971962617
2 0.041121495327102804
1 0.03551401869158879
4 0.026168224299065422
3 0.01869158878504673
6 0.014953271028037384
8 0.013084112149532711
0 0.013084112149532711
doc : 22
5 0.7140151515151515
7 0.16856060606060608
9 0.02556818181818182
0 0.023674242424242424
2 0.014204545454545456
6 0.013257575757575758
3 0.011363636363636364
1 0.011363636363636364
8 0.00946969696969697
4 0.008522727272727272
doc : 23
7 0.9422049538610976
2 0.013598834385624089
9 0.012627489072365225
4 0.008256435162700339
1 0.005342399222923749
3 0.0048567265662943174
5 0.003885381253035454
6 0.003399708596406022
8 0.0029140359397765905
0 0.0029140359397765905
doc : 24
4 0.6827768014059754
2 0.13796133567662566
9 0.09666080843585237
7 0.035149384885764495
1 0.014938488576449912
0 0.009666080843585237
8 0.006151142355008787
5 0.006151142355008787
6 0.005272407732864675
3 0.005272407732864675
doc : 25
2 0.9105431309904154
7 0.027476038338658148
9 0.01597444089456869
4 0.011501597444089457
5 0.008306709265175719
1 0.007028753993610224
0 0.006389776357827476
6 0.0044728434504792336
3 0.0044728434504792336
8 0.0038338658146964857
doc : 26
4 0.6813397129186604
2 0.17607655502392344
9 0.09282296650717703
7 0.010526315789473684
1 0.00861244019138756
6 0.0066985645933014355
3 0.0066985645933014355
8 0.005741626794258373
5 0.005741626794258373
0 0.005741626794258373
doc : 27
3 0.9035087719298245
0 0.029927760577915373
5 0.02528379772961816
1 0.009287925696594427
2 0.008255933952528379
4 0.007223942208462331
7 0.0046439628482972135
9 0.0041279669762641896
8 0.0041279669762641896
6 0.0036119711042311656
doc : 28
5 0.7301587301587301
1 0.06227106227106227
9 0.052503052503052504
0 0.04395604395604395
7 0.03418803418803419
8 0.02442002442002442
6 0.015873015873015872
3 0.013431013431013432
4 0.01221001221001221
2 0.010989010989010988
doc : 29
0 0.8669724770642202
1 0.022935779816513763
5 0.01926605504587156
3 0.01834862385321101
2 0.01743119266055046
9 0.012844036697247707
8 0.011926605504587157
6 0.011009174311926606
4 0.011009174311926606
7 0.008256880733944955
doc : 30
1 0.5076923076923077
3 0.08461538461538462
8 0.06153846153846154
4 0.06153846153846154
2 0.06153846153846154
5 0.05384615384615385
6 0.046153846153846156
0 0.046153846153846156
9 0.038461538461538464
7 0.038461538461538464
doc : 31
0 0.8708891595615103
5 0.020706455542021922
7 0.0194884287454324
9 0.014616321559074299
2 0.014616321559074299
1 0.014616321559074299
4 0.013398294762484775
3 0.013398294762484775
8 0.012180267965895249
6 0.0060901339829476245
doc : 32
5 0.5007429420505201
8 0.3313521545319465
4 0.04309063893016345
2 0.031203566121842496
9 0.017830609212481426
3 0.017830609212481426
1 0.017830609212481426
0 0.016344725111441305
7 0.01188707280832095
6 0.01188707280832095
doc : 33
8 0.5679442508710801
3 0.07317073170731707
1 0.06620209059233449
9 0.059233449477351915
5 0.05574912891986063
4 0.04878048780487805
6 0.041811846689895474
7 0.03484320557491289
0 0.0313588850174216
2 0.020905923344947737
doc : 34
6 0.8574126534466479
4 0.051935788479697834
8 0.0226628895184136
3 0.014164305949008499
1 0.013220018885741265
9 0.0113314447592068
7 0.0084985835694051
0 0.0084985835694051
5 0.007554296506137866
2 0.004721435316336167
doc : 35
1 0.8313817330210773
9 0.03747072599531616
8 0.023419203747072598
3 0.01873536299765808
0 0.01873536299765808
7 0.01639344262295082
6 0.01405152224824356
5 0.01405152224824356
2 0.01405152224824356
4 0.011709601873536299
doc : 36
8 0.3576158940397351
1 0.24503311258278146
3 0.0728476821192053
0 0.06622516556291391
5 0.059602649006622516
7 0.046357615894039736
6 0.046357615894039736
2 0.039735099337748346
9 0.033112582781456956
4 0.033112582781456956
doc : 37
8 0.8461538461538463
3 0.0405982905982906
2 0.017094017094017096
1 0.017094017094017096
6 0.01495726495726496
5 0.01495726495726496
0 0.01495726495726496
9 0.012820512820512822
7 0.010683760683760684
4 0.010683760683760684
doc : 38
7 0.9436152570480928
9 0.014925373134328358
2 0.013266998341625206
1 0.006080707573244887
4 0.004975124378109453
3 0.004422332780541736
8 0.0038695411829740185
0 0.0033167495854063015
6 0.002763957987838585
5 0.002763957987838585
doc : 39
5 0.37122557726465366
0 0.1882770870337478
3 0.16341030195381884
8 0.11190053285968028
4 0.05150976909413855
2 0.035523978685612786
1 0.021314387211367674
9 0.019538188277087035
7 0.019538188277087035
6 0.017761989342806393
doc : 40
9 0.7635814889336017
7 0.10663983903420524
1 0.05533199195171026
2 0.02012072434607646
4 0.014084507042253523
5 0.01006036217303823
3 0.009054325955734407
0 0.009054325955734407
8 0.006036217303822938
6 0.006036217303822938
doc : 41
1 0.49230769230769234
2 0.09230769230769231
4 0.08461538461538462
7 0.05384615384615385
5 0.05384615384615385
3 0.05384615384615385
8 0.046153846153846156
0 0.046153846153846156
9 0.038461538461538464
6 0.038461538461538464
doc : 42
8 0.8521560574948666
7 0.022587268993839837
3 0.022587268993839837
4 0.018480492813141684
6 0.01642710472279261
2 0.01642710472279261
0 0.01642710472279261
5 0.012320328542094456
1 0.012320328542094456
9 0.01026694045174538
doc : 43
5 0.44949494949494956
2 0.34722222222222227
3 0.09974747474747475
1 0.026515151515151516
0 0.021464646464646468
4 0.01388888888888889
9 0.012626262626262628
6 0.012626262626262628
7 0.00883838383838384
8 0.007575757575757576
doc : 44
2 0.9340579710144927
1 0.013043478260869566
7 0.012318840579710146
9 0.010144927536231883
5 0.007246376811594203
8 0.005797101449275362
6 0.004347826086956522
4 0.004347826086956522
3 0.004347826086956522
0 0.004347826086956522
doc : 45
2 0.910188679245283
7 0.022641509433962263
1 0.01509433962264151
9 0.012075471698113207
5 0.00981132075471698
3 0.00830188679245283
0 0.006792452830188679
4 0.0060377358490566035
8 0.005283018867924528
6 0.0037735849056603774
doc : 46
2 0.9267822736030827
7 0.018625561978163133
4 0.012202954399486191
9 0.009633911368015413
5 0.008349389852280025
3 0.006422607578676943
1 0.006422607578676943
0 0.00449582530507386
8 0.0038535645472061652
6 0.0032113037893384713
doc : 47
2 0.9412176347095871
7 0.01119664100769769
1 0.009097270818754373
9 0.007697690692792162
5 0.00629811056682995
0 0.00629811056682995
8 0.00489853044086774
6 0.00489853044086774
4 0.00489853044086774
3 0.003498950314905528
doc : 48
6 0.8650875386199793
8 0.027806385169927908
0 0.026776519052523172
5 0.01956745623069001
3 0.01544799176107106
9 0.012358393408856848
4 0.010298661174047374
1 0.009268795056642637
2 0.007209062821833161
7 0.006179196704428424
doc : 49
7 0.4781382228490832
3 0.2919605077574048
2 0.05218617771509168
9 0.04090267983074753
1 0.03244005641748942
4 0.02679830747531735
0 0.02538787023977433
8 0.022566995768688293
5 0.021156558533145273
6 0.00846262341325811
