doc : 0
9 0.2823529411764706
8 0.11764705882352941
5 0.11176470588235293
2 0.11176470588235293
7 0.1
6 0.08235294117647059
0 0.06470588235294117
4 0.047058823529411764
3 0.047058823529411764
1 0.03529411764705882
doc : 1
7 0.5904255319148936
6 0.0851063829787234
3 0.0797872340425532
9 0.03723404255319149
8 0.03723404255319149
5 0.03723404255319149
4 0.03723404255319149
2 0.03723404255319149
0 0.031914893617021274
1 0.026595744680851064
doc : 2
7 0.4814814814814815
3 0.0962962962962963
9 0.07407407407407407
6 0.07407407407407407
2 0.05925925925925926
4 0.05185185185185186
8 0.044444444444444446
0 0.044444444444444446
5 0.037037037037037035
1 0.037037037037037035
doc : 3
6 0.7613636363636364
8 0.07272727272727272
3 0.02727272727272727
2 0.024999999999999998
7 0.022727272727272728
5 0.022727272727272728
1 0.022727272727272728
9 0.020454545454545454
4 0.013636363636363636
0 0.011363636363636364
doc : 4
9 0.6230031948881789
7 0.08626198083067092
3 0.08306709265175719
5 0.04792332268370607
6 0.03514376996805112
4 0.03514376996805112
2 0.025559105431309903
1 0.025559105431309903
8 0.019169329073482427
0 0.019169329073482427
doc : 5
9 0.6462585034013605
7 0.07482993197278912
5 0.07142857142857142
3 0.05442176870748299
4 0.04421768707482993
2 0.03401360544217687
6 0.02040816326530612
0 0.02040816326530612
8 0.017006802721088433
1 0.017006802721088433
doc : 6
7 0.4525862068965517
9 0.11206896551724138
6 0.09051724137931035
5 0.07758620689655173
3 0.05603448275862069
2 0.05603448275862069
8 0.05172413793103448
0 0.04310344827586207
1 0.03879310344827586
4 0.021551724137931036
doc : 7
7 0.6230769230769231
6 0.05384615384615385
5 0.05384615384615385
9 0.05
2 0.04230769230769231
0 0.04230769230769231
3 0.038461538461538464
1 0.03461538461538462
8 0.03076923076923077
4 0.03076923076923077
doc : 8
7 0.6307692307692307
5 0.06923076923076923
3 0.06923076923076923
6 0.04230769230769231
2 0.04230769230769231
9 0.03461538461538462
8 0.03461538461538462
4 0.026923076923076925
0 0.026923076923076925
1 0.023076923076923078
doc : 9
7 0.3271604938271605
2 0.15432098765432098
3 0.1111111111111111
9 0.08641975308641975
5 0.06172839506172839
6 0.05555555555555555
4 0.05555555555555555
0 0.05555555555555555
1 0.04938271604938271
8 0.043209876543209874
doc : 10
7 0.5630841121495327
2 0.10046728971962617
3 0.07009345794392523
9 0.053738317757009345
4 0.04672897196261682
8 0.04205607476635514
6 0.0397196261682243
5 0.035046728971962614
1 0.02570093457943925
0 0.02336448598130841
doc : 11
8 0.4285714285714286
9 0.1510204081632653
0 0.06938775510204082
3 0.0653061224489796
2 0.0653061224489796
7 0.06122448979591837
6 0.05306122448979592
4 0.04081632653061225
5 0.036734693877551024
1 0.028571428571428574
doc : 12
2 0.28402366863905326
3 0.21893491124260356
6 0.08875739644970414
0 0.08875739644970414
9 0.08284023668639053
7 0.08284023668639053
1 0.047337278106508875
8 0.03550295857988166
5 0.03550295857988166
4 0.03550295857988166
doc : 13
7 0.5338345864661653
6 0.07518796992481203
9 0.06015037593984962
8 0.06015037593984962
0 0.06015037593984962
5 0.045112781954887216
4 0.045112781954887216
3 0.045112781954887216
2 0.03759398496240601
1 0.03759398496240601
doc : 14
6 0.42857142857142855
7 0.14285714285714285
8 0.06802721088435373
4 0.061224489795918366
3 0.061224489795918366
0 0.061224489795918366
9 0.05442176870748299
5 0.04081632653061224
2 0.04081632653061224
1 0.04081632653061224
doc : 15
2 0.22093023255813954
8 0.1744186046511628
9 0.09302325581395349
4 0.09302325581395349
7 0.08139534883720931
1 0.08139534883720931
3 0.06976744186046512
0 0.06976744186046512
6 0.05813953488372093
5 0.05813953488372093
doc : 16
7 0.49696969696969695
9 0.1606060606060606
0 0.0696969696969697
3 0.05757575757575758
6 0.05454545454545454
5 0.03939393939393939
8 0.03333333333333333
2 0.03333333333333333
4 0.02727272727272727
1 0.02727272727272727
doc : 17
9 0.6290322580645161
7 0.05376344086021506
6 0.05376344086021506
2 0.05376344086021506
5 0.051075268817204304
3 0.048387096774193554
0 0.03494623655913979
8 0.02688172043010753
1 0.02688172043010753
4 0.021505376344086023
doc : 18
6 0.4370860927152318
7 0.2052980132450331
8 0.052980132450331126
4 0.052980132450331126
1 0.052980132450331126
9 0.046357615894039736
3 0.046357615894039736
0 0.039735099337748346
5 0.033112582781456956
2 0.033112582781456956
doc : 19
7 0.4852941176470588
3 0.10294117647058823
2 0.07352941176470588
6 0.06862745098039216
5 0.06372549019607843
9 0.049019607843137254
0 0.044117647058823525
8 0.0392156862745098
1 0.0392156862745098
4 0.03431372549019608
doc : 20
0 0.8452722063037249
9 0.020057306590257878
7 0.020057306590257878
2 0.020057306590257878
5 0.017191977077363897
3 0.017191977077363897
1 0.017191977077363897
8 0.014326647564469913
6 0.014326647564469913
4 0.014326647564469913
doc : 21
0 0.8452722063037249
7 0.025787965616045846
2 0.020057306590257878
9 0.017191977077363897
6 0.017191977077363897
1 0.017191977077363897
8 0.014326647564469913
5 0.014326647564469913
4 0.014326647564469913
3 0.014326647564469913
doc : 22
7 0.3214285714285714
9 0.12857142857142856
2 0.08571428571428572
0 0.07857142857142857
8 0.07142857142857142
4 0.07142857142857142
3 0.07142857142857142
6 0.06428571428571428
5 0.05714285714285714
1 0.049999999999999996
doc : 23
2 0.5789473684210527
7 0.11634349030470914
9 0.07479224376731301
6 0.060941828254847646
8 0.038781163434903045
4 0.030470914127423823
1 0.027700831024930747
0 0.027700831024930747
5 0.024930747922437674
3 0.019390581717451522
doc : 24
9 0.6219178082191781
0 0.07945205479452055
7 0.049315068493150684
8 0.04657534246575343
5 0.038356164383561646
2 0.038356164383561646
4 0.03561643835616438
3 0.03561643835616438
6 0.03287671232876713
1 0.021917808219178082
doc : 25
9 0.1
8 0.1
7 0.1
6 0.1
5 0.1
4 0.1
3 0.1
2 0.1
1 0.1
0 0.1
doc : 26
2 0.26744186046511625
9 0.10465116279069767
8 0.10465116279069767
6 0.09302325581395349
7 0.08139534883720931
0 0.08139534883720931
4 0.06976744186046512
3 0.06976744186046512
1 0.06976744186046512
5 0.05813953488372093
doc : 27
5 0.8403141361256545
7 0.02356020942408377
0 0.02356020942408377
2 0.020942408376963352
4 0.018324607329842934
3 0.018324607329842934
1 0.015706806282722516
9 0.013089005235602094
8 0.013089005235602094
6 0.013089005235602094
doc : 28
5 0.8590425531914894
0 0.02127659574468085
2 0.018617021276595744
9 0.015957446808510637
8 0.015957446808510637
7 0.015957446808510637
6 0.013297872340425532
4 0.013297872340425532
3 0.013297872340425532
1 0.013297872340425532
doc : 29
5 0.851063829787234
7 0.026595744680851064
2 0.018617021276595744
0 0.018617021276595744
9 0.015957446808510637
8 0.015957446808510637
6 0.013297872340425532
4 0.013297872340425532
3 0.013297872340425532
1 0.013297872340425532
doc : 30
7 0.2647058823529412
2 0.1764705882352941
9 0.11764705882352941
5 0.11764705882352941
6 0.08823529411764705
8 0.051470588235294115
4 0.051470588235294115
1 0.051470588235294115
0 0.044117647058823525
3 0.03676470588235294
doc : 31
0 0.839541547277937
7 0.028653295128939826
5 0.022922636103151862
9 0.017191977077363897
2 0.017191977077363897
1 0.017191977077363897
8 0.014326647564469913
6 0.014326647564469913
4 0.014326647564469913
3 0.014326647564469913
doc : 32
5 0.8563829787234042
7 0.02127659574468085
0 0.02127659574468085
2 0.018617021276595744
1 0.015957446808510637
9 0.013297872340425532
8 0.013297872340425532
6 0.013297872340425532
4 0.013297872340425532
3 0.013297872340425532
doc : 33
1 0.9338565022421524
2 0.010089686098654708
7 0.008968609865470852
4 0.008968609865470852
0 0.007847533632286996
9 0.006726457399103139
5 0.006726457399103139
8 0.005605381165919282
6 0.005605381165919282
3 0.005605381165919282
doc : 34
9 0.5631399317406144
2 0.10238907849829351
7 0.05802047781569966
6 0.05460750853242321
8 0.04778156996587031
0 0.04436860068259386
4 0.040955631399317405
1 0.034129692832764506
5 0.027303754266211604
3 0.027303754266211604
doc : 35
9 0.1
8 0.1
7 0.1
6 0.1
5 0.1
4 0.1
3 0.1
2 0.1
1 0.1
0 0.1
doc : 36
9 0.7576374745417515
6 0.04276985743380855
8 0.038696537678207736
2 0.032586558044806514
7 0.030549898167006106
5 0.024439918533604887
0 0.02240325865580448
3 0.018329938900203666
4 0.016293279022403257
1 0.016293279022403257
doc : 37
3 0.7980099502487562
8 0.05970149253731343
9 0.03482587064676617
2 0.025870646766169153
5 0.02189054726368159
0 0.01890547263681592
7 0.01691542288557214
6 0.010945273631840795
4 0.007960199004975124
1 0.004975124378109453
doc : 38
9 0.1
8 0.1
7 0.1
6 0.1
5 0.1
4 0.1
3 0.1
2 0.1
1 0.1
0 0.1
doc : 39
9 0.1
8 0.1
7 0.1
6 0.1
5 0.1
4 0.1
3 0.1
2 0.1
1 0.1
0 0.1
doc : 40
0 0.5388127853881278
2 0.1095890410958904
7 0.0684931506849315
9 0.0547945205479452
6 0.0547945205479452
3 0.045662100456621
8 0.0410958904109589
5 0.0365296803652968
1 0.0273972602739726
4 0.0228310502283105
doc : 41
6 0.7736263736263737
2 0.041758241758241756
8 0.03956043956043956
7 0.035164835164835165
9 0.026373626373626374
0 0.01978021978021978
5 0.017582417582417582
4 0.015384615384615385
3 0.015384615384615385
1 0.015384615384615385
doc : 42
2 0.7892376681614349
6 0.05829596412556054
7 0.03811659192825112
8 0.026905829596412557
0 0.017937219730941704
9 0.01569506726457399
1 0.01569506726457399
4 0.013452914798206279
3 0.013452914798206279
5 0.011210762331838564
doc : 43
8 0.6233766233766234
6 0.08441558441558442
7 0.06493506493506494
2 0.045454545454545456
3 0.04220779220779221
0 0.03896103896103896
9 0.029220779220779224
1 0.025974025974025976
5 0.022727272727272728
4 0.022727272727272728
doc : 44
8 0.2925170068027211
6 0.22448979591836735
4 0.13605442176870747
7 0.061224489795918366
2 0.061224489795918366
3 0.05442176870748299
1 0.047619047619047616
0 0.047619047619047616
9 0.04081632653061224
5 0.03401360544217687
doc : 45
7 0.43043478260869567
3 0.1391304347826087
0 0.1
8 0.09565217391304348
6 0.0782608695652174
2 0.043478260869565216
5 0.0391304347826087
9 0.030434782608695653
4 0.021739130434782608
1 0.021739130434782608
doc : 46
2 0.3664596273291925
3 0.15527950310559005
7 0.13664596273291924
9 0.08074534161490683
8 0.06211180124223602
0 0.049689440993788817
5 0.043478260869565216
6 0.037267080745341616
4 0.037267080745341616
1 0.03105590062111801
doc : 47
2 0.7613293051359517
7 0.05740181268882175
6 0.04229607250755287
8 0.027190332326283987
9 0.021148036253776436
1 0.021148036253776436
5 0.01812688821752266
4 0.01812688821752266
3 0.01812688821752266
0 0.015105740181268881
doc : 48
4 0.9279763504434291
8 0.03359312012899758
1 0.010212308519215264
6 0.008062348830959418
3 0.005106154259607632
0 0.004837409298575651
7 0.003762429454447729
2 0.0024187046492878256
5 0.002149959688255845
9 0.0018812147272238644
doc : 49
9 0.1
8 0.1
7 0.1
6 0.1
5 0.1
4 0.1
3 0.1
2 0.1
1 0.1
0 0.1
