doc : 0
2 0.23204419889502761
7 0.1712707182320442
9 0.12154696132596685
6 0.10497237569060773
8 0.09392265193370165
5 0.08839779005524862
3 0.06077348066298342
1 0.049723756906077346
0 0.04419889502762431
4 0.03314917127071823
doc : 1
4 0.5092250922509225
2 0.22509225092250923
0 0.055350553505535055
5 0.04059040590405904
8 0.033210332103321034
7 0.02952029520295203
6 0.02952029520295203
1 0.02952029520295203
3 0.025830258302583026
9 0.02214022140221402
doc : 2
4 0.6757575757575758
2 0.15757575757575756
7 0.030303030303030304
8 0.021212121212121213
6 0.021212121212121213
5 0.021212121212121213
3 0.021212121212121213
9 0.01818181818181818
0 0.01818181818181818
1 0.015151515151515152
doc : 3
4 0.703030303030303
2 0.14545454545454545
6 0.024242424242424242
0 0.024242424242424242
7 0.021212121212121213
8 0.01818181818181818
5 0.01818181818181818
9 0.015151515151515152
3 0.015151515151515152
1 0.015151515151515152
doc : 4
4 0.6606060606060606
2 0.17272727272727273
7 0.03636363636363636
8 0.021212121212121213
5 0.021212121212121213
9 0.01818181818181818
6 0.01818181818181818
1 0.01818181818181818
0 0.01818181818181818
3 0.015151515151515152
doc : 5
4 0.6524390243902439
2 0.15853658536585366
8 0.03353658536585366
3 0.03048780487804878
6 0.027439024390243903
5 0.021341463414634148
1 0.021341463414634148
0 0.021341463414634148
9 0.01829268292682927
7 0.01524390243902439
doc : 6
4 0.6818181818181818
2 0.14545454545454545
8 0.030303030303030304
0 0.02727272727272727
3 0.024242424242424242
7 0.021212121212121213
6 0.01818181818181818
5 0.01818181818181818
1 0.01818181818181818
9 0.015151515151515152
doc : 7
4 0.6727272727272727
2 0.16363636363636364
5 0.02727272727272727
6 0.024242424242424242
0 0.024242424242424242
7 0.021212121212121213
9 0.01818181818181818
8 0.01818181818181818
3 0.015151515151515152
1 0.015151515151515152
doc : 8
5 0.7330827067669172
2 0.041353383458646614
7 0.03759398496240601
9 0.03383458646616541
8 0.03383458646616541
6 0.02631578947368421
0 0.02631578947368421
4 0.022556390977443608
3 0.022556390977443608
1 0.022556390977443608
doc : 9
5 0.20800000000000002
7 0.168
0 0.112
8 0.10400000000000001
2 0.10400000000000001
4 0.088
9 0.064
3 0.056
6 0.048
1 0.048
doc : 10
0 0.6819923371647509
2 0.11877394636015325
1 0.03065134099616858
9 0.026819923371647507
7 0.026819923371647507
5 0.026819923371647507
8 0.022988505747126436
6 0.022988505747126436
4 0.022988505747126436
3 0.019157088122605363
doc : 11
4 0.6848484848484848
2 0.1484848484848485
6 0.030303030303030304
3 0.02727272727272727
7 0.024242424242424242
1 0.021212121212121213
5 0.01818181818181818
9 0.015151515151515152
8 0.015151515151515152
0 0.015151515151515152
doc : 12
4 0.6666666666666666
2 0.1484848484848485
6 0.030303030303030304
7 0.02727272727272727
3 0.02727272727272727
0 0.024242424242424242
8 0.021212121212121213
5 0.021212121212121213
9 0.01818181818181818
1 0.015151515151515152
doc : 13
4 0.6848484848484848
2 0.1606060606060606
7 0.02727272727272727
6 0.024242424242424242
9 0.01818181818181818
8 0.01818181818181818
5 0.01818181818181818
0 0.01818181818181818
3 0.015151515151515152
1 0.015151515151515152
doc : 14
0 0.6551724137931034
2 0.13026819923371646
4 0.034482758620689655
8 0.03065134099616858
3 0.03065134099616858
7 0.026819923371647507
9 0.022988505747126436
6 0.022988505747126436
5 0.022988505747126436
1 0.022988505747126436
doc : 15
4 0.6636363636363637
2 0.16666666666666666
6 0.02727272727272727
3 0.02727272727272727
7 0.024242424242424242
5 0.024242424242424242
8 0.01818181818181818
1 0.01818181818181818
9 0.015151515151515152
0 0.015151515151515152
doc : 16
4 0.6696969696969697
2 0.15454545454545454
7 0.030303030303030304
6 0.030303030303030304
8 0.024242424242424242
5 0.021212121212121213
3 0.01818181818181818
1 0.01818181818181818
0 0.01818181818181818
9 0.015151515151515152
doc : 17
0 0.6973180076628352
2 0.12260536398467432
9 0.03065134099616858
7 0.022988505747126436
4 0.022988505747126436
3 0.022988505747126436
1 0.022988505747126436
8 0.019157088122605363
6 0.019157088122605363
5 0.019157088122605363
doc : 18
9 0.5695067264573991
5 0.15695067264573992
4 0.04484304932735426
2 0.04035874439461883
1 0.04035874439461883
8 0.03139013452914798
7 0.03139013452914798
3 0.03139013452914798
6 0.026905829596412557
0 0.026905829596412557
doc : 19
6 0.29508196721311475
8 0.11475409836065574
7 0.11475409836065574
2 0.1092896174863388
9 0.08743169398907104
4 0.08196721311475409
3 0.07650273224043716
5 0.04371584699453552
1 0.03825136612021858
0 0.03825136612021858
doc : 20
0 0.6666666666666666
2 0.11877394636015325
7 0.034482758620689655
9 0.03065134099616858
4 0.03065134099616858
3 0.03065134099616858
1 0.026819923371647507
8 0.022988505747126436
6 0.019157088122605363
5 0.019157088122605363
doc : 21
4 0.6636363636363637
2 0.1393939393939394
6 0.03939393939393939
7 0.030303030303030304
5 0.02727272727272727
3 0.02727272727272727
0 0.021212121212121213
9 0.01818181818181818
1 0.01818181818181818
8 0.015151515151515152
doc : 22
4 0.6878787878787879
2 0.14545454545454545
7 0.03636363636363636
3 0.024242424242424242
8 0.021212121212121213
0 0.021212121212121213
5 0.01818181818181818
9 0.015151515151515152
6 0.015151515151515152
1 0.015151515151515152
doc : 23
4 0.6585365853658537
2 0.13719512195121952
7 0.03658536585365854
8 0.03048780487804878
6 0.03048780487804878
0 0.027439024390243903
5 0.024390243902439025
3 0.024390243902439025
9 0.01524390243902439
1 0.01524390243902439
doc : 24
4 0.696969696969697
2 0.1484848484848485
6 0.02727272727272727
7 0.024242424242424242
8 0.021212121212121213
1 0.01818181818181818
0 0.01818181818181818
9 0.015151515151515152
5 0.015151515151515152
3 0.015151515151515152
doc : 25
7 0.4476744186046512
2 0.11046511627906977
1 0.08139534883720931
5 0.06976744186046512
9 0.06395348837209303
6 0.05813953488372093
4 0.046511627906976744
8 0.040697674418604654
3 0.040697674418604654
0 0.040697674418604654
doc : 26
7 0.4877049180327869
5 0.10245901639344263
6 0.0819672131147541
0 0.06967213114754099
2 0.05737704918032787
8 0.05327868852459017
1 0.05327868852459017
9 0.03278688524590164
4 0.03278688524590164
3 0.028688524590163935
doc : 27
7 0.4774193548387097
2 0.12258064516129032
8 0.09032258064516129
0 0.05806451612903226
6 0.05161290322580645
3 0.05161290322580645
5 0.03870967741935484
4 0.03870967741935484
1 0.03870967741935484
9 0.03225806451612903
doc : 28
1 0.674565560821485
2 0.10742496050552923
0 0.07266982622432859
6 0.04107424960505529
8 0.023696682464454975
4 0.022116903633491312
5 0.020537124802527645
7 0.014218009478672985
3 0.014218009478672985
9 0.009478672985781991
doc : 29
5 0.3275862068965517
8 0.14655172413793102
1 0.08620689655172414
6 0.07758620689655173
9 0.06896551724137931
7 0.06896551724137931
3 0.06896551724137931
2 0.06034482758620689
0 0.05172413793103448
4 0.04310344827586207
doc : 30
8 0.6567901234567901
2 0.10617283950617283
7 0.08888888888888889
6 0.046913580246913576
4 0.022222222222222223
9 0.019753086419753086
0 0.01728395061728395
5 0.014814814814814815
1 0.014814814814814815
3 0.012345679012345678
doc : 31
8 0.6269592476489028
2 0.12852664576802508
6 0.0438871473354232
4 0.04075235109717868
7 0.03761755485893417
3 0.03134796238244514
0 0.03134796238244514
1 0.0219435736677116
9 0.018808777429467086
5 0.018808777429467086
doc : 32
8 0.7386934673366834
2 0.09798994974874373
7 0.03768844221105528
4 0.02763819095477387
6 0.020100502512562814
0 0.020100502512562814
9 0.01507537688442211
3 0.01507537688442211
1 0.01507537688442211
5 0.01256281407035176
doc : 33
8 0.6546762589928057
7 0.10071942446043165
2 0.09592326139088728
6 0.04796163069544364
4 0.019184652278177457
3 0.019184652278177457
1 0.016786570743405275
0 0.016786570743405275
9 0.014388489208633093
5 0.014388489208633093
doc : 34
4 0.6727272727272727
2 0.15151515151515152
0 0.02727272727272727
8 0.024242424242424242
7 0.024242424242424242
6 0.024242424242424242
5 0.021212121212121213
3 0.021212121212121213
1 0.01818181818181818
9 0.015151515151515152
doc : 35
4 0.590027700831025
2 0.10526315789473684
5 0.08587257617728532
8 0.04986149584487535
7 0.0443213296398892
6 0.038781163434903045
0 0.024930747922437674
3 0.0221606648199446
1 0.0221606648199446
9 0.01662049861495845
doc : 36
3 0.8069105691056911
2 0.03658536585365854
7 0.02845528455284553
5 0.024390243902439025
6 0.022357723577235776
0 0.020325203252032523
8 0.01829268292682927
9 0.016260162601626018
4 0.016260162601626018
1 0.010162601626016262
doc : 37
9 0.45662100456621
7 0.1004566210045662
5 0.0867579908675799
8 0.0684931506849315
1 0.0639269406392694
0 0.0639269406392694
6 0.0593607305936073
4 0.045662100456621
3 0.0273972602739726
2 0.0273972602739726
doc : 38
9 0.6464968152866243
2 0.08598726114649682
7 0.07961783439490447
5 0.03503184713375796
3 0.03184713375796178
6 0.028662420382165606
8 0.025477707006369428
4 0.02229299363057325
1 0.02229299363057325
0 0.02229299363057325
doc : 39
3 0.8317757009345794
2 0.02570093457943925
6 0.02336448598130841
7 0.02102803738317757
4 0.02102803738317757
8 0.018691588785046728
9 0.016355140186915886
5 0.016355140186915886
0 0.014018691588785045
1 0.011682242990654205
doc : 40
3 0.7760532150776053
2 0.05543237250554324
5 0.03325942350332594
4 0.024390243902439025
9 0.022172949002217293
7 0.022172949002217293
6 0.019955654101995565
1 0.017738359201773836
8 0.015521064301552107
0 0.013303769401330377
doc : 41
7 0.49032258064516127
6 0.10967741935483871
2 0.08387096774193549
8 0.07741935483870968
4 0.05161290322580645
1 0.04516129032258064
9 0.03870967741935484
3 0.03870967741935484
5 0.03225806451612903
0 0.03225806451612903
doc : 42
8 0.6840731070496083
2 0.1227154046997389
7 0.04177545691906005
6 0.03655352480417755
4 0.028720626631853787
5 0.020887728459530026
3 0.018276762402088774
0 0.018276762402088774
9 0.01566579634464752
1 0.013054830287206266
doc : 43
6 0.44036697247706424
8 0.3761467889908257
2 0.06972477064220184
7 0.022018348623853212
4 0.02018348623853211
0 0.01834862385321101
9 0.01651376146788991
5 0.012844036697247707
1 0.012844036697247707
3 0.011009174311926606
doc : 44
8 0.7265822784810126
2 0.10126582278481013
7 0.035443037974683546
0 0.02531645569620253
6 0.02278481012658228
4 0.02278481012658228
5 0.017721518987341773
3 0.017721518987341773
9 0.01518987341772152
1 0.01518987341772152
doc : 45
8 0.7279596977329975
2 0.08312342569269521
7 0.042821158690176324
6 0.03526448362720403
4 0.025188916876574305
3 0.022670025188916875
9 0.017632241813602016
0 0.017632241813602016
1 0.015113350125944584
5 0.012594458438287152
doc : 46
5 0.2835820895522388
6 0.15422885572139303
9 0.11940298507462686
3 0.10945273631840796
1 0.07462686567164178
7 0.06965174129353234
2 0.06467661691542288
8 0.04477611940298507
4 0.03980099502487562
0 0.03980099502487562
doc : 47
1 0.5471698113207547
3 0.11556603773584906
5 0.0660377358490566
9 0.05660377358490566
2 0.05660377358490566
0 0.04952830188679245
7 0.04716981132075471
6 0.025943396226415092
8 0.02122641509433962
4 0.014150943396226415
doc : 48
3 0.7991718426501035
2 0.041407867494824016
8 0.033126293995859216
6 0.026915113871635612
7 0.020703933747412008
5 0.018633540372670808
4 0.018633540372670808
0 0.016563146997929608
1 0.014492753623188408
9 0.010351966873706004
doc : 49
6 0.46972477064220186
8 0.3229357798165138
2 0.060550458715596334
7 0.05137614678899083
9 0.022018348623853212
0 0.01834862385321101
5 0.014678899082568808
4 0.014678899082568808
3 0.012844036697247707
1 0.012844036697247707
