doc : 0
8 0.8851224105461393
2 0.01694915254237288
0 0.015065913370998116
9 0.013182674199623351
5 0.013182674199623351
3 0.013182674199623351
7 0.011299435028248588
6 0.011299435028248588
1 0.011299435028248588
4 0.009416195856873822
doc : 1
8 0.42
6 0.1
2 0.08
1 0.07
9 0.06
5 0.06
3 0.06
7 0.05
4 0.05
0 0.05
doc : 2
8 0.2796610169491525
1 0.11864406779661017
6 0.1016949152542373
5 0.09322033898305085
9 0.0847457627118644
0 0.07627118644067797
3 0.06779661016949153
2 0.06779661016949153
4 0.059322033898305086
7 0.05084745762711865
doc : 3
8 0.40298507462686567
9 0.08208955223880597
1 0.08208955223880597
0 0.08208955223880597
6 0.06716417910447761
7 0.05970149253731343
3 0.05970149253731343
2 0.05970149253731343
5 0.05223880597014925
4 0.05223880597014925
doc : 4
3 0.7269503546099291
0 0.06028368794326241
7 0.035460992907801414
5 0.031914893617021274
8 0.028368794326241134
1 0.028368794326241134
6 0.024822695035460994
4 0.024822695035460994
2 0.02127659574468085
9 0.017730496453900707
doc : 5
3 0.48464163822525597
1 0.11262798634812286
8 0.10921501706484642
4 0.06484641638225257
0 0.06484641638225257
6 0.05460750853242321
5 0.04436860068259386
7 0.027303754266211604
2 0.020477815699658702
9 0.017064846416382253
doc : 6
3 0.5955056179775281
6 0.06741573033707865
1 0.06741573033707865
9 0.0449438202247191
8 0.0449438202247191
7 0.03932584269662921
5 0.03932584269662921
0 0.03932584269662921
2 0.033707865168539325
4 0.028089887640449437
doc : 7
0 0.9331140350877193
1 0.009868421052631578
7 0.008771929824561403
4 0.008771929824561403
6 0.007675438596491228
5 0.007675438596491228
9 0.006578947368421052
3 0.006578947368421052
8 0.005482456140350877
2 0.005482456140350877
doc : 8
2 0.5572207084468664
6 0.2888283378746594
8 0.02861035422343324
5 0.027247956403269755
4 0.021798365122615803
9 0.01907356948228883
3 0.01907356948228883
7 0.014986376021798364
0 0.013623978201634877
1 0.009536784741144414
doc : 9
8 0.4761399787910923
6 0.4316012725344645
9 0.018027571580063628
5 0.018027571580063628
2 0.013785790031813364
7 0.010604453870625663
0 0.009544008483563097
1 0.008483563096500531
4 0.007423117709437965
3 0.006362672322375399
doc : 10
0 0.9342105263157894
3 0.009868421052631578
7 0.008771929824561403
9 0.007675438596491228
8 0.007675438596491228
5 0.006578947368421052
4 0.006578947368421052
2 0.006578947368421052
1 0.006578947368421052
6 0.005482456140350877
doc : 11
6 0.7408637873754153
2 0.0664451827242525
1 0.036544850498338874
9 0.03322259136212625
7 0.029900332225913623
8 0.023255813953488372
4 0.019933554817275746
5 0.016611295681063124
3 0.016611295681063124
0 0.016611295681063124
doc : 12
6 0.7884615384615384
3 0.03205128205128205
2 0.03205128205128205
8 0.02564102564102564
5 0.022435897435897436
4 0.022435897435897436
0 0.022435897435897436
7 0.019230769230769232
1 0.019230769230769232
9 0.016025641025641024
doc : 13
6 0.7961783439490446
2 0.0445859872611465
5 0.02229299363057325
3 0.02229299363057325
1 0.02229299363057325
9 0.019108280254777073
8 0.019108280254777073
7 0.019108280254777073
4 0.019108280254777073
0 0.01592356687898089
doc : 14
8 0.7019064124783362
7 0.06759098786828423
3 0.04332755632582322
9 0.03292894280762565
6 0.03292894280762565
5 0.02946273830155979
2 0.02946273830155979
4 0.025996533795493933
1 0.020797227036395145
0 0.015597920277296359
doc : 15
8 0.20588235294117646
6 0.11764705882352941
3 0.11764705882352941
2 0.11764705882352941
9 0.11029411764705882
7 0.08823529411764705
1 0.07352941176470588
4 0.0661764705882353
5 0.051470588235294115
0 0.051470588235294115
doc : 16
9 0.859375
3 0.025390625
8 0.017578125
6 0.015625
5 0.015625
2 0.015625
1 0.015625
0 0.013671875
7 0.01171875
4 0.009765625
doc : 17
7 0.7191011235955056
4 0.14357053682896379
5 0.06491885143570537
3 0.016229712858926344
6 0.012484394506866416
8 0.011235955056179775
1 0.008739076154806492
0 0.008739076154806492
9 0.00749063670411985
2 0.00749063670411985
doc : 18
8 0.4848993288590604
6 0.3674496644295302
9 0.03859060402684564
2 0.03691275167785235
4 0.015100671140939596
0 0.015100671140939596
3 0.01174496644295302
1 0.01174496644295302
5 0.010067114093959731
7 0.008389261744966443
doc : 19
3 0.272
9 0.256
1 0.07200000000000001
0 0.07200000000000001
5 0.064
8 0.056
4 0.056
2 0.056
7 0.048
6 0.048
doc : 20
9 0.8747514910536779
4 0.019880715705765405
6 0.017892644135188866
8 0.015904572564612324
3 0.015904572564612324
7 0.011928429423459244
2 0.011928429423459244
0 0.011928429423459244
5 0.009940357852882702
1 0.009940357852882702
doc : 21
6 0.7183098591549296
2 0.10422535211267606
3 0.030985915492957747
0 0.02535211267605634
9 0.022535211267605635
8 0.022535211267605635
7 0.022535211267605635
5 0.01971830985915493
1 0.01971830985915493
4 0.014084507042253521
doc : 22
6 0.7845659163987139
2 0.04501607717041801
3 0.028938906752411574
8 0.02572347266881029
1 0.02572347266881029
7 0.022508038585209004
5 0.01929260450160772
9 0.01607717041800643
4 0.01607717041800643
0 0.01607717041800643
doc : 23
6 0.7874251497005988
2 0.0658682634730539
3 0.02694610778443114
8 0.02095808383233533
1 0.02095808383233533
4 0.017964071856287428
9 0.014970059880239521
7 0.014970059880239521
5 0.014970059880239521
0 0.014970059880239521
doc : 24
8 0.6061746987951807
7 0.23268072289156627
3 0.03614457831325302
5 0.03463855421686747
1 0.024096385542168676
6 0.01957831325301205
2 0.017319277108433735
9 0.010542168674698796
0 0.010542168674698796
4 0.008283132530120483
doc : 25
3 0.26811594202898553
9 0.12318840579710146
5 0.10869565217391304
8 0.10144927536231885
1 0.08695652173913043
2 0.07971014492753624
6 0.07246376811594203
7 0.06521739130434782
0 0.050724637681159424
4 0.043478260869565216
doc : 26
0 0.9237726098191215
1 0.014211886304909561
4 0.0103359173126615
3 0.009043927648578812
8 0.007751937984496124
7 0.007751937984496124
5 0.007751937984496124
9 0.006459948320413437
6 0.006459948320413437
2 0.006459948320413437
doc : 27
4 0.8279445727482679
7 0.08198614318706697
5 0.03348729792147806
6 0.011547344110854504
3 0.010392609699769052
9 0.008083140877598153
8 0.008083140877598153
0 0.0069284064665127015
2 0.005773672055427252
1 0.005773672055427252
doc : 28
9 0.4068627450980392
1 0.1323529411764706
6 0.07352941176470588
3 0.06862745098039216
2 0.06862745098039216
7 0.06372549019607843
5 0.06372549019607843
8 0.049019607843137254
0 0.049019607843137254
4 0.024509803921568627
doc : 29
8 0.8054347826086956
3 0.06195652173913044
6 0.026086956521739132
1 0.026086956521739132
5 0.02282608695652174
2 0.015217391304347827
7 0.013043478260869566
9 0.011956521739130435
4 0.008695652173913044
0 0.008695652173913044
doc : 30
3 0.44878048780487806
1 0.14634146341463414
6 0.1024390243902439
0 0.07317073170731707
7 0.04390243902439024
5 0.04390243902439024
8 0.03902439024390244
2 0.03902439024390244
4 0.03414634146341464
9 0.029268292682926828
doc : 31
8 0.7607843137254902
6 0.043137254901960784
3 0.0392156862745098
7 0.027450980392156862
4 0.023529411764705882
2 0.023529411764705882
0 0.023529411764705882
9 0.0196078431372549
5 0.0196078431372549
1 0.0196078431372549
doc : 32
6 0.7869822485207101
2 0.05029585798816568
8 0.029585798816568046
3 0.026627218934911243
7 0.02071005917159763
4 0.02071005917159763
1 0.01775147928994083
0 0.01775147928994083
9 0.014792899408284023
5 0.014792899408284023
doc : 33
6 0.8070739549839229
2 0.04501607717041801
3 0.02572347266881029
5 0.01929260450160772
1 0.01929260450160772
0 0.01929260450160772
9 0.01607717041800643
8 0.01607717041800643
7 0.01607717041800643
4 0.01607717041800643
doc : 34
6 0.798076923076923
2 0.05128205128205128
8 0.022435897435897436
7 0.022435897435897436
3 0.022435897435897436
0 0.019230769230769232
9 0.016025641025641024
5 0.016025641025641024
4 0.016025641025641024
1 0.016025641025641024
doc : 35
5 0.7637305699481864
7 0.18860103626943003
4 0.016580310880829015
3 0.007253886010362694
6 0.005181347150259067
8 0.00466321243523316
9 0.004145077720207254
1 0.003626943005181347
2 0.0031088082901554403
0 0.0031088082901554403
doc : 36
7 0.8681454097350586
4 0.05606900800985829
5 0.024645717806531117
3 0.009858287122612447
1 0.009242144177449169
9 0.0073937153419593345
8 0.0073937153419593345
6 0.006161429451632779
0 0.006161429451632779
2 0.004929143561306223
doc : 37
4 0.7709011943539631
7 0.10314875135722042
5 0.040173724212812165
3 0.031487513572204126
6 0.014115092290988058
9 0.010857763300760045
8 0.00760043431053203
2 0.00760043431053203
0 0.00760043431053203
1 0.006514657980456026
doc : 38
8 0.6286522148916117
3 0.14797360980207352
6 0.06597549481621112
7 0.03110273327049953
2 0.02639019792648445
4 0.02544769085768143
9 0.0235626767200754
0 0.022620169651272386
1 0.016965127238454288
5 0.011310084825636193
doc : 39
6 0.7838709677419354
2 0.054838709677419356
3 0.02903225806451613
1 0.02258064516129032
8 0.01935483870967742
7 0.01935483870967742
5 0.01935483870967742
4 0.01935483870967742
9 0.016129032258064516
0 0.016129032258064516
doc : 40
9 0.7674418604651163
6 0.09043927648578812
8 0.04909560723514212
0 0.020671834625323
1 0.016795865633074936
3 0.015503875968992248
2 0.012919896640826874
4 0.0103359173126615
7 0.009043927648578812
5 0.007751937984496124
doc : 41
6 0.7674418604651163
2 0.046511627906976744
3 0.03322259136212625
8 0.026578073089700997
5 0.026578073089700997
0 0.026578073089700997
7 0.019933554817275746
1 0.019933554817275746
9 0.016611295681063124
4 0.016611295681063124
doc : 42
6 0.8269230769230769
2 0.047337278106508875
8 0.034023668639053255
1 0.016272189349112426
7 0.014792899408284023
3 0.014792899408284023
9 0.013313609467455622
5 0.013313609467455622
0 0.010355029585798816
4 0.008875739644970414
doc : 43
0 0.9211469534050178
7 0.015531660692951015
6 0.01075268817204301
8 0.008363201911589008
3 0.008363201911589008
2 0.008363201911589008
1 0.008363201911589008
5 0.007168458781362007
9 0.005973715651135005
4 0.005973715651135005
doc : 44
4 0.8465974625144176
7 0.06228373702422146
5 0.03114186851211073
3 0.011534025374855825
1 0.011534025374855825
0 0.010380622837370242
8 0.008073817762399078
2 0.006920415224913495
9 0.0057670126874279125
6 0.0057670126874279125
doc : 45
3 0.6881188118811882
0 0.04950495049504951
6 0.039603960396039604
1 0.039603960396039604
9 0.034653465346534656
5 0.034653465346534656
7 0.0297029702970297
4 0.0297029702970297
2 0.0297029702970297
8 0.024752475247524754
doc : 46
3 0.6704545454545455
6 0.045454545454545456
2 0.045454545454545456
9 0.03977272727272727
8 0.03977272727272727
5 0.03409090909090909
4 0.03409090909090909
0 0.03409090909090909
7 0.02840909090909091
1 0.02840909090909091
doc : 47
2 0.6308411214953271
6 0.20841121495327103
8 0.04672897196261683
5 0.03271028037383178
9 0.02149532710280374
1 0.019626168224299065
7 0.012149532710280374
3 0.011214953271028038
0 0.010280373831775701
4 0.0065420560747663555
doc : 48
3 0.7430555555555555
4 0.034722222222222224
1 0.034722222222222224
0 0.034722222222222224
8 0.03125
7 0.03125
5 0.03125
9 0.024305555555555552
6 0.017361111111111112
2 0.017361111111111112
doc : 49
6 0.8141025641025641
5 0.02564102564102564
2 0.02564102564102564
4 0.022435897435897436
3 0.022435897435897436
0 0.022435897435897436
9 0.019230769230769232
8 0.016025641025641024
7 0.016025641025641024
1 0.016025641025641024
doc : 50
6 0.8
2 0.05161290322580645
0 0.025806451612903226
9 0.01935483870967742
7 0.01935483870967742
3 0.01935483870967742
8 0.016129032258064516
5 0.016129032258064516
4 0.016129032258064516
1 0.016129032258064516
doc : 51
6 0.8012820512820512
3 0.03205128205128205
2 0.03205128205128205
8 0.02564102564102564
9 0.019230769230769232
7 0.019230769230769232
4 0.019230769230769232
0 0.019230769230769232
5 0.016025641025641024
1 0.016025641025641024
doc : 52
3 0.6167664670658684
9 0.059880239520958084
8 0.059880239520958084
0 0.05389221556886228
5 0.04191616766467066
1 0.04191616766467066
6 0.035928143712574856
7 0.029940119760479042
4 0.029940119760479042
2 0.029940119760479042
doc : 53
9 0.43946188340807174
1 0.14349775784753363
6 0.07623318385650224
8 0.07174887892376682
0 0.07174887892376682
5 0.06278026905829596
3 0.04932735426008968
2 0.03587443946188341
4 0.026905829596412557
7 0.02242152466367713
doc : 54
7 0.6457831325301205
3 0.26104417670682734
4 0.048995983935742976
5 0.008032128514056226
2 0.007228915662650603
9 0.00642570281124498
8 0.00642570281124498
6 0.00642570281124498
0 0.005622489959839358
1 0.004016064257028113
doc : 55
1 0.7773892773892774
7 0.046620046620046623
3 0.04079254079254079
4 0.038461538461538464
0 0.019813519813519812
9 0.018648018648018648
5 0.017482517482517484
8 0.015151515151515152
6 0.013986013986013986
2 0.011655011655011656
doc : 56
1 0.8141592920353982
3 0.08075221238938053
5 0.02654867256637168
7 0.017699115044247787
4 0.0165929203539823
9 0.011061946902654867
6 0.011061946902654867
8 0.007743362831858407
0 0.007743362831858407
2 0.00663716814159292
doc : 57
5 0.6769230769230768
7 0.20056980056980056
4 0.06552706552706553
3 0.016524216524216522
6 0.010826210826210825
1 0.010826210826210825
8 0.005698005698005697
2 0.005128205128205128
9 0.003988603988603988
0 0.003988603988603988
doc : 58
6 0.8150684931506849
9 0.045662100456621
4 0.0228310502283105
1 0.0228310502283105
5 0.02054794520547945
8 0.01598173515981735
7 0.01598173515981735
3 0.01598173515981735
0 0.0136986301369863
2 0.01141552511415525
doc : 59
6 0.8150684931506849
9 0.0410958904109589
4 0.0228310502283105
0 0.0228310502283105
2 0.02054794520547945
8 0.0182648401826484
3 0.0182648401826484
1 0.01598173515981735
7 0.0136986301369863
5 0.01141552511415525
doc : 60
2 0.9132670551936922
6 0.057936235858759004
9 0.005485087418580734
3 0.005485087418580734
8 0.0034281796366129585
7 0.0030853616729516627
4 0.0030853616729516627
0 0.0030853616729516627
1 0.002742543709290367
5 0.002399725745629071
doc : 61
6 0.8427835051546392
8 0.023195876288659795
3 0.023195876288659795
7 0.020618556701030927
4 0.01804123711340206
0 0.01804123711340206
9 0.015463917525773196
5 0.01288659793814433
2 0.01288659793814433
1 0.01288659793814433
doc : 62
6 0.8403141361256545
2 0.02356020942408377
5 0.018324607329842934
4 0.018324607329842934
3 0.018324607329842934
0 0.018324607329842934
9 0.015706806282722516
8 0.015706806282722516
7 0.015706806282722516
1 0.015706806282722516
doc : 63
6 0.8308823529411764
4 0.02696078431372549
2 0.02696078431372549
3 0.0196078431372549
9 0.01715686274509804
7 0.01715686274509804
5 0.01715686274509804
8 0.014705882352941176
1 0.014705882352941176
0 0.014705882352941176
doc : 64
3 0.1875
1 0.17500000000000002
6 0.1
7 0.08750000000000001
5 0.08750000000000001
0 0.08750000000000001
9 0.07500000000000001
8 0.07500000000000001
4 0.0625
2 0.0625
doc : 65
1 0.6778350515463918
3 0.11597938144329897
6 0.03350515463917526
0 0.030927835051546393
7 0.028350515463917526
4 0.028350515463917526
9 0.02577319587628866
5 0.023195876288659795
2 0.020618556701030927
8 0.015463917525773196
doc : 66
6 0.7993527508090615
2 0.045307443365695796
8 0.022653721682847898
7 0.022653721682847898
3 0.022653721682847898
9 0.01941747572815534
5 0.01941747572815534
4 0.016181229773462785
1 0.016181229773462785
0 0.016181229773462785
doc : 67
7 0.687741935483871
5 0.21548387096774194
3 0.01806451612903226
1 0.016774193548387096
4 0.012903225806451613
2 0.01161290322580645
8 0.01032258064516129
0 0.01032258064516129
6 0.00903225806451613
9 0.007741935483870968
doc : 68
1 0.2544378698224852
0 0.14201183431952663
3 0.13609467455621302
9 0.09467455621301775
7 0.07100591715976332
6 0.07100591715976332
4 0.0650887573964497
2 0.05917159763313609
8 0.05325443786982249
5 0.05325443786982249
doc : 69
3 0.7067307692307693
9 0.04326923076923077
4 0.04326923076923077
6 0.038461538461538464
7 0.03365384615384616
1 0.03365384615384616
2 0.028846153846153848
8 0.02403846153846154
5 0.02403846153846154
0 0.02403846153846154
doc : 70
5 0.5443886097152429
0 0.17252931323283083
8 0.07705192629815745
1 0.06700167504187604
3 0.05025125628140704
9 0.02847571189279732
6 0.02345058626465662
2 0.01675041876046901
7 0.01172529313232831
4 0.008375209380234505
doc : 71
6 0.7123655913978495
8 0.0456989247311828
4 0.040322580645161296
1 0.03763440860215054
9 0.03225806451612903
0 0.03225806451612903
5 0.02956989247311828
2 0.02688172043010753
7 0.021505376344086023
3 0.021505376344086023
doc : 72
6 0.7300613496932516
7 0.09202453987730062
8 0.06134969325153375
4 0.026584867075664625
2 0.022494887525562373
9 0.016359918200409
5 0.014314928425357875
3 0.014314928425357875
0 0.01226993865030675
1 0.010224948875255624
doc : 73
1 0.7775590551181102
3 0.06299212598425197
0 0.03543307086614173
9 0.023622047244094488
7 0.021653543307086614
6 0.021653543307086614
2 0.017716535433070866
8 0.013779527559055118
5 0.013779527559055118
4 0.011811023622047244
doc : 74
4 0.7852422907488987
7 0.10462555066079296
5 0.045154185022026436
1 0.018722466960352426
3 0.009911894273127754
9 0.007709251101321587
8 0.007709251101321587
6 0.007709251101321587
2 0.006607929515418503
0 0.006607929515418503
doc : 75
4 0.9675174013921114
5 0.0069605568445475635
7 0.005104408352668214
8 0.004176334106728539
6 0.0032482598607888632
1 0.0032482598607888632
0 0.0027842227378190258
9 0.002320185614849188
3 0.002320185614849188
2 0.002320185614849188
doc : 76
5 0.6799493991144845
7 0.2049335863377609
4 0.06957621758380772
9 0.007590132827324478
6 0.007590132827324478
3 0.007590132827324478
1 0.007590132827324478
2 0.0056925996204933585
0 0.0056925996204933585
8 0.003795066413662239
doc : 77
3 0.16216216216216217
0 0.16216216216216217
1 0.12162162162162163
9 0.10810810810810811
7 0.0945945945945946
2 0.08108108108108109
8 0.06756756756756757
6 0.06756756756756757
5 0.06756756756756757
4 0.06756756756756757
doc : 78
7 0.7682291666666666
4 0.0954861111111111
5 0.07725694444444443
3 0.014756944444444444
1 0.010416666666666666
6 0.008680555555555556
9 0.006944444444444444
8 0.006076388888888888
2 0.006076388888888888
0 0.006076388888888888
doc : 79
4 0.9619136089177891
7 0.009289363678588018
6 0.005109150023223409
5 0.005109150023223409
8 0.004644681839294009
3 0.003251277287505806
2 0.002786809103576405
1 0.002786809103576405
0 0.002786809103576405
9 0.0023223409196470044
doc : 80
7 0.48562933597621405
5 0.43211100099108024
4 0.01684836471754212
3 0.014866204162537165
2 0.010901883052527254
8 0.009910802775024777
6 0.009910802775024777
9 0.007928642220019821
1 0.005946481665014866
0 0.005946481665014866
doc : 81
6 0.8084577114427861
3 0.03482587064676617
7 0.02736318407960199
2 0.02736318407960199
1 0.022388059701492536
8 0.01990049751243781
0 0.017412935323383085
9 0.014925373134328358
5 0.014925373134328358
4 0.01243781094527363
doc : 82
9 0.47189922480620156
6 0.3003875968992248
2 0.15406976744186046
8 0.022286821705426355
1 0.012596899224806201
3 0.01065891472868217
5 0.007751937984496124
7 0.006782945736434108
4 0.006782945736434108
0 0.006782945736434108
doc : 83
6 0.52
2 0.26285714285714284
9 0.06285714285714286
8 0.05333333333333333
5 0.024761904761904763
3 0.024761904761904763
1 0.02095238095238095
4 0.011428571428571429
7 0.009523809523809525
0 0.009523809523809525
doc : 84
2 0.8683236382866208
6 0.09571655208884189
3 0.010047593865679535
8 0.005817028027498678
1 0.004230565838180857
0 0.0037017451084082496
9 0.0031729243786356425
7 0.0031729243786356425
5 0.0031729243786356425
4 0.0026441036488630354
doc : 85
8 0.14035087719298245
5 0.12280701754385964
3 0.10526315789473684
0 0.10526315789473684
9 0.08771929824561403
7 0.08771929824561403
6 0.08771929824561403
4 0.08771929824561403
2 0.08771929824561403
1 0.08771929824561403
doc : 86
8 0.3958333333333333
4 0.08333333333333333
3 0.08333333333333333
0 0.07291666666666666
7 0.0625
6 0.0625
5 0.0625
2 0.0625
1 0.0625
9 0.05208333333333333
doc : 87
3 0.4927536231884058
8 0.11956521739130435
1 0.07971014492753624
9 0.06521739130434782
2 0.05434782608695652
6 0.050724637681159424
0 0.04710144927536232
5 0.036231884057971016
4 0.03260869565217391
7 0.021739130434782608
doc : 88
5 0.6487603305785123
7 0.2462809917355372
4 0.03884297520661157
3 0.01487603305785124
6 0.011570247933884297
1 0.010743801652892562
0 0.009917355371900825
9 0.008264462809917356
8 0.005785123966942148
2 0.004958677685950413
doc : 89
6 0.5030800821355237
2 0.31006160164271046
8 0.049281314168377825
0 0.03696098562628337
3 0.02053388090349076
9 0.018480492813141684
1 0.018480492813141684
7 0.01642710472279261
4 0.014373716632443533
5 0.012320328542094456
doc : 90
6 0.8045454545454545
0 0.04090909090909091
5 0.024999999999999998
4 0.022727272727272728
8 0.020454545454545454
2 0.020454545454545454
7 0.01818181818181818
3 0.01818181818181818
1 0.015909090909090907
9 0.013636363636363636
doc : 91
9 0.6509146341463414
6 0.2682926829268293
2 0.01524390243902439
1 0.012195121951219513
5 0.010670731707317074
8 0.009146341463414635
7 0.009146341463414635
3 0.009146341463414635
4 0.007621951219512195
0 0.007621951219512195
doc : 92
6 0.8379746835443038
4 0.02278481012658228
2 0.02278481012658228
9 0.020253164556962026
3 0.020253164556962026
8 0.017721518987341773
1 0.017721518987341773
0 0.01518987341772152
7 0.012658227848101266
5 0.012658227848101266
doc : 93
1 0.37864077669902907
7 0.11650485436893203
9 0.08737864077669902
3 0.07766990291262135
8 0.06796116504854369
4 0.058252427184466014
2 0.058252427184466014
0 0.058252427184466014
6 0.04854368932038834
5 0.04854368932038834
doc : 94
7 0.5897435897435898
3 0.20940170940170943
4 0.04487179487179488
5 0.03632478632478633
9 0.032051282051282055
0 0.021367521367521368
8 0.017094017094017096
6 0.017094017094017096
1 0.017094017094017096
2 0.01495726495726496
doc : 95
3 0.7129629629629629
4 0.046296296296296294
5 0.043209876543209874
1 0.043209876543209874
7 0.040123456790123455
9 0.027777777777777776
6 0.027777777777777776
8 0.024691358024691357
2 0.018518518518518517
0 0.015432098765432098
doc : 96
8 0.49056603773584906
3 0.08176100628930819
9 0.07547169811320756
7 0.06289308176100629
4 0.05660377358490566
2 0.05660377358490566
1 0.050314465408805034
5 0.04402515723270441
0 0.04402515723270441
6 0.03773584905660378
doc : 97
7 0.7922912205567453
3 0.11777301927194861
4 0.0278372591006424
5 0.017130620985010708
2 0.008565310492505354
0 0.008565310492505354
9 0.007494646680942184
8 0.007494646680942184
6 0.007494646680942184
1 0.005353319057815846
doc : 98
9 0.6554878048780488
6 0.25
2 0.021341463414634148
8 0.013719512195121951
3 0.013719512195121951
7 0.010670731707317074
1 0.010670731707317074
5 0.009146341463414635
4 0.007621951219512195
0 0.007621951219512195
doc : 99
6 0.830379746835443
2 0.02531645569620253
1 0.02278481012658228
0 0.02278481012658228
9 0.017721518987341773
8 0.017721518987341773
5 0.017721518987341773
4 0.017721518987341773
7 0.01518987341772152
3 0.012658227848101266
