doc : 0
6 0.3468208092485549
2 0.11560693641618497
7 0.10404624277456646
3 0.09248554913294797
4 0.07514450867052022
8 0.06936416184971098
1 0.057803468208092484
0 0.05202312138728323
5 0.046242774566473986
9 0.04046242774566474
doc : 1
8 0.272
6 0.176
9 0.088
4 0.088
7 0.08
2 0.08
3 0.064
1 0.056
5 0.048
0 0.048
doc : 2
6 0.731437598736177
2 0.052132701421800945
0 0.03475513428120063
9 0.03317535545023697
4 0.02843601895734597
1 0.02843601895734597
5 0.026856240126382307
8 0.02527646129541864
3 0.022116903633491312
7 0.017377567140600316
doc : 3
0 0.5328083989501312
7 0.23884514435695536
1 0.08398950131233596
5 0.047244094488188976
9 0.027559055118110236
2 0.023622047244094488
8 0.015748031496062992
4 0.013123359580052493
6 0.009186351706036745
3 0.007874015748031496
doc : 4
8 0.8553791887125219
0 0.04585537918871252
7 0.015873015873015872
4 0.014109347442680775
9 0.012345679012345678
6 0.012345679012345678
5 0.012345679012345678
3 0.010582010582010581
2 0.010582010582010581
1 0.010582010582010581
doc : 5
2 0.9027777777777779
7 0.016414141414141416
1 0.01388888888888889
9 0.012626262626262628
5 0.011363636363636364
8 0.00883838383838384
6 0.00883838383838384
4 0.00883838383838384
3 0.00883838383838384
0 0.007575757575757576
doc : 6
2 0.8647642679900744
0 0.02109181141439206
4 0.019851116625310174
9 0.018610421836228287
1 0.018610421836228287
7 0.016129032258064516
6 0.011166253101736972
8 0.009925558312655087
5 0.009925558312655087
3 0.009925558312655087
doc : 7
6 0.44390243902439025
2 0.11707317073170731
9 0.07317073170731707
3 0.07317073170731707
0 0.06829268292682927
8 0.04878048780487805
5 0.04878048780487805
4 0.04878048780487805
7 0.04390243902439024
1 0.03414634146341464
doc : 8
5 0.892462311557789
9 0.033165829145728645
1 0.01407035175879397
2 0.013065326633165831
8 0.011055276381909548
7 0.009045226130653268
6 0.008040201005025126
3 0.007035175879396985
0 0.007035175879396985
4 0.0050251256281407045
doc : 9
2 0.8862275449101796
7 0.017964071856287425
1 0.016766467065868262
0 0.016766467065868262
4 0.01437125748502994
9 0.010778443113772455
6 0.009580838323353293
5 0.009580838323353293
3 0.009580838323353293
8 0.008383233532934131
doc : 10
2 0.9025
7 0.0175
0 0.01625
9 0.01375
6 0.01
1 0.01
3 0.00875
5 0.0075
4 0.0075
8 0.00625
doc : 11
2 0.8988015978695074
9 0.015978695073235686
1 0.015978695073235686
5 0.014647137150466047
7 0.013315579227696406
6 0.009320905459387484
0 0.009320905459387484
4 0.007989347536617843
3 0.007989347536617843
8 0.006657789613848203
doc : 12
5 0.9130859375
9 0.0146484375
1 0.0146484375
2 0.0126953125
8 0.009765625
3 0.009765625
0 0.0087890625
7 0.0068359375
6 0.0048828125
4 0.0048828125
doc : 13
0 0.6270491803278689
5 0.07274590163934426
8 0.06557377049180328
1 0.06454918032786885
9 0.06045081967213115
7 0.03790983606557377
2 0.02766393442622951
4 0.020491803278688527
3 0.014344262295081968
6 0.009221311475409836
doc : 14
0 0.40193370165745856
1 0.3411602209944751
7 0.1229281767955801
4 0.04834254143646409
2 0.027624309392265192
9 0.019337016574585635
8 0.011049723756906077
3 0.011049723756906077
5 0.009668508287292817
6 0.006906077348066298
doc : 15
7 0.7525722684958354
0 0.14600685938265556
1 0.02645761881430671
5 0.020578147966683
8 0.013718765311121999
9 0.010779029887310141
2 0.009309162175404213
4 0.007839294463498285
6 0.006369426751592357
3 0.006369426751592357
doc : 16
1 0.6880165289256198
0 0.10847107438016529
7 0.08471074380165289
2 0.03305785123966942
5 0.025826446280991736
4 0.023760330578512397
9 0.013429752066115703
3 0.009297520661157025
8 0.007231404958677686
6 0.006198347107438017
doc : 17
0 0.8405572755417957
1 0.061919504643962855
2 0.020123839009287926
7 0.015479876160990714
8 0.01238390092879257
9 0.010835913312693499
6 0.010835913312693499
5 0.010835913312693499
4 0.009287925696594427
3 0.007739938080495357
doc : 18
4 0.7106796116504854
5 0.0970873786407767
7 0.04660194174757282
2 0.04271844660194175
0 0.02330097087378641
6 0.021359223300970873
9 0.015533980582524271
1 0.015533980582524271
8 0.013592233009708738
3 0.013592233009708738
doc : 19
6 0.4716417910447761
2 0.1791044776119403
5 0.056716417910447764
9 0.05373134328358209
8 0.05074626865671642
7 0.04776119402985075
3 0.04776119402985075
4 0.04477611940298507
0 0.029850746268656716
1 0.01791044776119403
doc : 20
8 0.8571428571428571
0 0.042328042328042326
1 0.01763668430335097
3 0.015873015873015872
9 0.014109347442680775
6 0.014109347442680775
5 0.010582010582010581
2 0.010582010582010581
7 0.008818342151675485
4 0.008818342151675485
doc : 21
0 0.4406091370558376
1 0.35939086294416245
3 0.04162436548223351
2 0.03654822335025381
4 0.03451776649746193
9 0.027411167512690356
7 0.024365482233502538
8 0.015228426395939087
5 0.012182741116751269
6 0.008121827411167513
doc : 22
5 0.9014084507042255
9 0.022132796780684107
1 0.01710261569416499
8 0.012072434607645876
7 0.011066398390342054
2 0.011066398390342054
0 0.008048289738430584
4 0.007042253521126762
6 0.005030181086519115
3 0.005030181086519115
doc : 23
9 0.8141025641025642
5 0.06410256410256411
7 0.019230769230769232
2 0.019230769230769232
8 0.017094017094017096
6 0.01495726495726496
0 0.01495726495726496
4 0.012820512820512822
1 0.012820512820512822
3 0.010683760683760684
doc : 24
1 0.6008403361344538
7 0.12605042016806722
2 0.0819327731092437
0 0.04831932773109243
5 0.037815126050420166
9 0.03361344537815126
6 0.021008403361344536
8 0.018907563025210083
4 0.018907563025210083
3 0.012605042016806723
doc : 25
7 0.6210235131396957
4 0.16044260027662519
5 0.10511756569847856
2 0.041493775933609964
1 0.02351313969571231
6 0.011065006915629323
9 0.009681881051175657
3 0.009681881051175657
0 0.009681881051175657
8 0.008298755186721992
doc : 26
7 0.6281859070464767
4 0.16941529235382308
5 0.09895052473763118
2 0.025487256371814093
1 0.0239880059970015
9 0.014992503748125937
6 0.013493253373313342
3 0.010494752623688156
8 0.0074962518740629685
0 0.0074962518740629685
doc : 27
4 0.6950495049504951
5 0.100990099009901
7 0.04950495049504951
2 0.0297029702970297
1 0.0297029702970297
6 0.025742574257425745
0 0.023762376237623763
9 0.017821782178217824
3 0.015841584158415842
8 0.011881188118811881
doc : 28
9 0.8105263157894737
5 0.07157894736842105
8 0.01894736842105263
0 0.01894736842105263
7 0.016842105263157894
6 0.014736842105263158
3 0.014736842105263158
2 0.01263157894736842
4 0.010526315789473684
1 0.010526315789473684
doc : 29
4 0.5389221556886228
0 0.08383233532934133
1 0.0658682634730539
8 0.05389221556886228
3 0.05389221556886228
2 0.05389221556886228
9 0.04790419161676647
6 0.04191616766467066
7 0.029940119760479042
5 0.029940119760479042
doc : 30
4 0.669882100750268
7 0.15541264737406216
6 0.04072883172561629
0 0.03751339764201501
5 0.031082529474812434
2 0.01822079314040729
1 0.015005359056806002
9 0.012861736334405145
8 0.010718113612004287
3 0.00857449088960343
doc : 31
4 0.597911227154047
1 0.10704960835509139
2 0.09138381201044386
0 0.05483028720626632
9 0.04960835509138381
7 0.028720626631853787
6 0.020887728459530026
5 0.020887728459530026
3 0.01566579634464752
8 0.013054830287206266
doc : 32
4 0.5934718100890208
1 0.09495548961424333
2 0.08308605341246292
9 0.05637982195845698
6 0.03857566765578635
5 0.032640949554896145
0 0.032640949554896145
7 0.02373887240356083
3 0.02373887240356083
8 0.02077151335311573
doc : 33
7 0.46831530139103555
0 0.23802163833075735
5 0.14837712519319937
2 0.03245749613601236
9 0.027820710973724884
4 0.026275115919629055
1 0.026275115919629055
8 0.012364760432766615
6 0.010819165378670788
3 0.00927357032457496
doc : 34
2 0.11764705882352941
9 0.09803921568627451
8 0.09803921568627451
7 0.09803921568627451
6 0.09803921568627451
5 0.09803921568627451
4 0.09803921568627451
3 0.09803921568627451
1 0.09803921568627451
0 0.09803921568627451
doc : 35
4 0.4367588932806324
2 0.1976284584980237
1 0.12648221343873517
0 0.05731225296442687
7 0.03952569169960474
6 0.03952569169960474
5 0.03952569169960474
9 0.02766798418972332
3 0.01976284584980237
8 0.015810276679841896
doc : 36
9 0.8085106382978724
5 0.0723404255319149
8 0.02127659574468085
1 0.019148936170212766
6 0.01702127659574468
0 0.014893617021276596
7 0.012765957446808512
4 0.012765957446808512
3 0.010638297872340425
2 0.010638297872340425
doc : 37
9 0.8061674008810573
5 0.059471365638766524
7 0.02863436123348018
0 0.024229074889867842
2 0.01762114537444934
8 0.015418502202643174
3 0.013215859030837006
1 0.013215859030837006
6 0.011013215859030838
4 0.011013215859030838
doc : 38
9 0.761904761904762
5 0.08616780045351474
2 0.034013605442176874
0 0.024943310657596373
8 0.015873015873015872
7 0.015873015873015872
6 0.015873015873015872
3 0.015873015873015872
1 0.015873015873015872
4 0.01360544217687075
doc : 39
4 0.5808383233532934
0 0.07185628742514971
1 0.059880239520958084
3 0.05389221556886228
9 0.04790419161676647
6 0.04191616766467066
8 0.035928143712574856
7 0.035928143712574856
5 0.035928143712574856
2 0.035928143712574856
doc : 40
1 0.873015873015873
2 0.022408963585434174
7 0.021475256769374416
5 0.018674136321195144
0 0.017740429505135387
9 0.011204481792717087
6 0.01027077497665733
8 0.009337068160597572
3 0.009337068160597572
4 0.006535947712418301
doc : 41
7 0.6727748691099477
0 0.21727748691099477
5 0.02356020942408377
1 0.02181500872600349
2 0.013961605584642234
9 0.012216404886561954
8 0.012216404886561954
4 0.011343804537521816
6 0.007853403141361256
3 0.006980802792321117
doc : 42
3 0.9151515151515152
8 0.026381461675579324
1 0.014973262032085561
5 0.01033868092691622
6 0.0074866310160427805
0 0.0074866310160427805
2 0.006417112299465241
7 0.004634581105169341
9 0.0035650623885918
4 0.0035650623885918
doc : 43
3 0.7609756097560976
8 0.1040650406504065
0 0.030894308943089432
6 0.024390243902439025
7 0.01788617886178862
2 0.01788617886178862
9 0.011382113821138212
5 0.011382113821138212
1 0.011382113821138212
4 0.00975609756097561
doc : 44
6 0.7791479820627802
8 0.16143497757847533
5 0.010089686098654708
4 0.007847533632286996
1 0.007847533632286996
0 0.007847533632286996
9 0.006726457399103139
7 0.006726457399103139
2 0.006726457399103139
3 0.005605381165919282
doc : 45
0 0.8297213622291022
1 0.0696594427244582
4 0.018575851393188854
7 0.017027863777089786
6 0.013931888544891642
5 0.01238390092879257
2 0.01238390092879257
9 0.009287925696594427
8 0.009287925696594427
3 0.007739938080495357
doc : 46
8 0.6765375854214123
7 0.06150341685649202
5 0.05239179954441913
9 0.04783599088838269
2 0.04328018223234624
4 0.0296127562642369
0 0.02733485193621868
6 0.02277904328018223
1 0.02277904328018223
3 0.01594533029612756
doc : 47
9 0.7899543378995433
5 0.0821917808219178
7 0.02054794520547945
6 0.0182648401826484
2 0.0182648401826484
4 0.01598173515981735
1 0.01598173515981735
8 0.0136986301369863
0 0.0136986301369863
3 0.01141552511415525
doc : 48
9 0.8342151675485008
5 0.0564373897707231
2 0.021164021164021163
1 0.021164021164021163
7 0.014109347442680775
6 0.012345679012345678
8 0.010582010582010581
4 0.010582010582010581
0 0.010582010582010581
3 0.008818342151675485
doc : 49
7 0.6145675265553869
0 0.21775417298937785
5 0.07966616084977239
1 0.03566009104704097
9 0.016691957511380882
6 0.012139605462822459
2 0.007587253414264037
8 0.006069802731411229
4 0.005311077389984826
3 0.004552352048558422
