doc : 0
6 0.8918495297805642
7 0.018808777429467086
2 0.018808777429467086
9 0.01567398119122257
8 0.009404388714733543
5 0.009404388714733543
4 0.009404388714733543
3 0.009404388714733543
0 0.009404388714733543
1 0.007836990595611285
doc : 1
6 0.8807692307692307
2 0.02564102564102564
8 0.015384615384615385
7 0.015384615384615385
1 0.014102564102564103
5 0.011538461538461539
0 0.011538461538461539
9 0.010256410256410256
4 0.008974358974358974
3 0.00641025641025641
doc : 2
6 0.8541666666666667
7 0.02840909090909091
2 0.022727272727272728
3 0.020833333333333336
9 0.015151515151515152
8 0.015151515151515152
1 0.013257575757575758
4 0.011363636363636364
5 0.00946969696969697
0 0.00946969696969697
doc : 3
2 0.44516129032258067
6 0.16129032258064516
7 0.06451612903225806
1 0.06451612903225806
5 0.05806451612903226
4 0.05161290322580645
0 0.04516129032258064
8 0.03870967741935484
3 0.03870967741935484
9 0.03225806451612903
doc : 4
2 0.6141304347826086
8 0.05434782608695652
4 0.05434782608695652
7 0.048913043478260865
6 0.048913043478260865
5 0.043478260869565216
3 0.03804347826086957
1 0.03804347826086957
0 0.03260869565217391
9 0.02717391304347826
doc : 5
2 0.5476190476190476
8 0.0873015873015873
4 0.06349206349206349
6 0.047619047619047616
5 0.047619047619047616
3 0.047619047619047616
9 0.03968253968253968
7 0.03968253968253968
1 0.03968253968253968
0 0.03968253968253968
doc : 6
2 0.5683760683760685
6 0.11965811965811968
8 0.05555555555555556
5 0.05555555555555556
1 0.042735042735042736
7 0.03418803418803419
4 0.03418803418803419
3 0.03418803418803419
9 0.02991452991452992
0 0.025641025641025644
doc : 7
6 0.7572016460905351
2 0.05349794238683128
8 0.03292181069958848
5 0.02469135802469136
4 0.02469135802469136
3 0.02469135802469136
9 0.020576131687242802
7 0.020576131687242802
1 0.020576131687242802
0 0.020576131687242802
doc : 8
2 0.632258064516129
6 0.05806451612903226
8 0.05161290322580645
7 0.03870967741935484
5 0.03870967741935484
4 0.03870967741935484
1 0.03870967741935484
0 0.03870967741935484
9 0.03225806451612903
3 0.03225806451612903
doc : 9
2 0.632258064516129
6 0.07741935483870968
8 0.04516129032258064
1 0.04516129032258064
0 0.03870967741935484
9 0.03225806451612903
7 0.03225806451612903
5 0.03225806451612903
4 0.03225806451612903
3 0.03225806451612903
doc : 10
0 0.6047819971870605
4 0.17440225035161744
9 0.10478199718706048
7 0.046413502109704644
3 0.03938115330520394
5 0.009845288326300985
2 0.007032348804500703
6 0.004922644163150493
8 0.0042194092827004225
1 0.0042194092827004225
doc : 11
0 0.6447848285922684
4 0.16849015317286653
9 0.06637490882567469
7 0.06418672501823487
3 0.02188183807439825
5 0.013858497447118891
8 0.005835156819839533
6 0.005835156819839533
2 0.00437636761487965
1 0.00437636761487965
doc : 12
6 0.14666666666666667
2 0.14666666666666667
8 0.12000000000000001
5 0.12000000000000001
7 0.09333333333333334
9 0.08
3 0.08
1 0.08
4 0.06666666666666667
0 0.06666666666666667
doc : 13
6 0.8662068965517241
3 0.023448275862068962
9 0.020689655172413793
2 0.019310344827586205
8 0.01793103448275862
5 0.01793103448275862
7 0.011034482758620689
1 0.009655172413793102
4 0.006896551724137931
0 0.006896551724137931
doc : 14
2 0.7681660899653979
6 0.04152249134948097
8 0.03460207612456748
1 0.03460207612456748
4 0.02422145328719723
0 0.02422145328719723
5 0.020761245674740483
9 0.01730103806228374
7 0.01730103806228374
3 0.01730103806228374
doc : 15
2 0.5650000000000001
8 0.1
6 0.09
7 0.045
3 0.045
5 0.04
4 0.03
1 0.03
0 0.03
9 0.025
doc : 16
2 0.3962264150943396
6 0.10377358490566037
5 0.09433962264150943
9 0.0660377358490566
8 0.0660377358490566
7 0.0660377358490566
3 0.05660377358490566
0 0.05660377358490566
4 0.04716981132075471
1 0.04716981132075471
doc : 17
2 0.525179856115108
8 0.08633093525179857
6 0.08633093525179857
9 0.06474820143884892
7 0.04316546762589928
5 0.04316546762589928
1 0.04316546762589928
4 0.03597122302158273
3 0.03597122302158273
0 0.03597122302158273
doc : 18
6 0.7598425196850394
2 0.051181102362204724
8 0.047244094488188976
7 0.023622047244094488
9 0.01968503937007874
5 0.01968503937007874
4 0.01968503937007874
3 0.01968503937007874
1 0.01968503937007874
0 0.01968503937007874
doc : 19
2 0.20930232558139533
6 0.12790697674418605
5 0.11627906976744186
0 0.10465116279069767
1 0.09302325581395349
9 0.08139534883720931
8 0.06976744186046512
7 0.06976744186046512
4 0.06976744186046512
3 0.05813953488372093
doc : 20
8 0.8906976744186046
6 0.013953488372093023
1 0.013953488372093023
9 0.011627906976744186
7 0.011627906976744186
5 0.011627906976744186
4 0.011627906976744186
3 0.011627906976744186
2 0.011627906976744186
0 0.011627906976744186
doc : 21
8 0.7218813905930471
3 0.14110429447852763
4 0.030674846625766874
2 0.02044989775051125
9 0.018404907975460124
7 0.014314928425357875
5 0.014314928425357875
1 0.014314928425357875
0 0.014314928425357875
6 0.010224948875255624
doc : 22
8 0.8894117647058822
6 0.014117647058823528
2 0.014117647058823528
9 0.011764705882352941
7 0.011764705882352941
5 0.011764705882352941
4 0.011764705882352941
3 0.011764705882352941
1 0.011764705882352941
0 0.011764705882352941
doc : 23
8 0.8611111111111112
3 0.019444444444444445
4 0.016666666666666666
2 0.016666666666666666
0 0.016666666666666666
9 0.01388888888888889
7 0.01388888888888889
6 0.01388888888888889
5 0.01388888888888889
1 0.01388888888888889
doc : 24
2 0.7630522088353413
6 0.03614457831325301
0 0.03614457831325301
9 0.0321285140562249
8 0.024096385542168672
5 0.024096385542168672
1 0.024096385542168672
7 0.020080321285140562
4 0.020080321285140562
3 0.020080321285140562
doc : 25
4 0.5309278350515464
9 0.3324742268041237
7 0.05670103092783505
3 0.02577319587628866
0 0.01804123711340206
8 0.007731958762886598
5 0.007731958762886598
2 0.007731958762886598
6 0.006443298969072165
1 0.006443298969072165
doc : 26
1 0.964244521337947
2 0.007497116493656286
8 0.005190311418685121
6 0.004036908881199539
9 0.0034602076124567475
4 0.0034602076124567475
3 0.0034602076124567475
7 0.0028835063437139563
5 0.0028835063437139563
0 0.0028835063437139563
doc : 27
2 0.5178571428571428
6 0.11309523809523808
5 0.05952380952380952
1 0.05357142857142857
0 0.05357142857142857
9 0.047619047619047616
8 0.041666666666666664
7 0.041666666666666664
3 0.041666666666666664
4 0.02976190476190476
doc : 28
8 0.8857808857808858
4 0.018648018648018648
0 0.013986013986013986
9 0.011655011655011656
7 0.011655011655011656
6 0.011655011655011656
5 0.011655011655011656
3 0.011655011655011656
2 0.011655011655011656
1 0.011655011655011656
doc : 29
8 0.8901869158878504
9 0.014018691588785045
2 0.014018691588785045
7 0.011682242990654205
6 0.011682242990654205
5 0.011682242990654205
4 0.011682242990654205
3 0.011682242990654205
1 0.011682242990654205
0 0.011682242990654205
doc : 30
8 0.8799999999999999
6 0.014117647058823528
5 0.014117647058823528
4 0.014117647058823528
2 0.014117647058823528
1 0.014117647058823528
0 0.014117647058823528
9 0.011764705882352941
7 0.011764705882352941
3 0.011764705882352941
doc : 31
8 0.8838862559241707
9 0.014218009478672987
6 0.014218009478672987
5 0.014218009478672987
4 0.014218009478672987
7 0.011848341232227489
3 0.011848341232227489
2 0.011848341232227489
1 0.011848341232227489
0 0.011848341232227489
doc : 32
8 0.8735362997658079
2 0.01873536299765808
6 0.01639344262295082
1 0.01639344262295082
5 0.01405152224824356
4 0.01405152224824356
9 0.011709601873536299
7 0.011709601873536299
3 0.011709601873536299
0 0.011709601873536299
doc : 33
8 0.8893905191873589
9 0.015801354401805866
4 0.013544018058690745
1 0.013544018058690745
7 0.01128668171557562
6 0.01128668171557562
5 0.01128668171557562
3 0.01128668171557562
2 0.01128668171557562
0 0.01128668171557562
doc : 34
8 0.8711943793911007
6 0.023419203747072598
4 0.02107728337236534
1 0.01405152224824356
9 0.011709601873536299
7 0.011709601873536299
5 0.011709601873536299
3 0.011709601873536299
2 0.011709601873536299
0 0.011709601873536299
doc : 35
6 0.7573221757322175
2 0.050209205020920494
8 0.03765690376569037
5 0.025104602510460247
1 0.025104602510460247
9 0.02092050209205021
7 0.02092050209205021
4 0.02092050209205021
3 0.02092050209205021
0 0.02092050209205021
doc : 36
2 0.745928338762215
8 0.06514657980456026
6 0.04560260586319218
7 0.026058631921824105
4 0.02280130293159609
9 0.01954397394136808
5 0.01954397394136808
3 0.01954397394136808
0 0.01954397394136808
1 0.016286644951140065
doc : 37
2 0.7368421052631579
6 0.05263157894736842
8 0.0443213296398892
1 0.036011080332409975
4 0.0332409972299169
5 0.024930747922437674
0 0.0221606648199446
3 0.019390581717451522
9 0.01662049861495845
7 0.013850415512465374
doc : 38
9 0.1
8 0.1
7 0.1
6 0.1
5 0.1
4 0.1
3 0.1
2 0.1
1 0.1
0 0.1
doc : 39
4 0.5412844036697247
9 0.30668414154652685
7 0.08256880733944955
3 0.015727391874180867
0 0.014416775884665793
5 0.011795543905635648
8 0.007863695937090433
6 0.00655307994757536
2 0.00655307994757536
1 0.00655307994757536
doc : 40
2 0.5084033613445378
6 0.18907563025210083
8 0.0546218487394958
7 0.05042016806722689
5 0.04621848739495798
1 0.037815126050420166
3 0.03361344537815126
9 0.029411764705882353
4 0.029411764705882353
0 0.021008403361344536
doc : 41
8 0.8772727272727272
4 0.020454545454545454
1 0.015909090909090907
0 0.015909090909090907
5 0.013636363636363636
9 0.011363636363636364
7 0.011363636363636364
6 0.011363636363636364
3 0.011363636363636364
2 0.011363636363636364
doc : 42
2 0.5072463768115942
1 0.08695652173913043
8 0.07971014492753624
6 0.07246376811594203
4 0.057971014492753624
3 0.043478260869565216
0 0.043478260869565216
9 0.036231884057971016
7 0.036231884057971016
5 0.036231884057971016
doc : 43
2 0.6239669421487604
7 0.07024793388429752
8 0.06198347107438017
5 0.05371900826446281
6 0.0371900826446281
3 0.0371900826446281
4 0.03305785123966942
9 0.028925619834710745
1 0.028925619834710745
0 0.024793388429752067
doc : 44
5 0.5475113122171946
6 0.0904977375565611
2 0.07692307692307693
8 0.05429864253393665
7 0.05429864253393665
3 0.04072398190045249
1 0.04072398190045249
9 0.031674208144796386
4 0.031674208144796386
0 0.031674208144796386
doc : 45
2 0.7522658610271903
6 0.054380664652567974
0 0.03323262839879154
1 0.030211480362537763
9 0.027190332326283987
3 0.027190332326283987
5 0.021148036253776436
4 0.021148036253776436
8 0.01812688821752266
7 0.015105740181268881
doc : 46
2 0.770392749244713
6 0.03625377643504532
4 0.030211480362537763
3 0.030211480362537763
0 0.027190332326283987
7 0.02416918429003021
5 0.02416918429003021
8 0.021148036253776436
9 0.01812688821752266
1 0.01812688821752266
doc : 47
6 0.7563025210084033
8 0.04201680672268907
2 0.04201680672268907
5 0.025210084033613446
4 0.025210084033613446
1 0.025210084033613446
9 0.021008403361344536
7 0.021008403361344536
3 0.021008403361344536
0 0.021008403361344536
doc : 48
4 0.5160051216389244
7 0.24455825864276567
9 0.11011523687580026
0 0.035851472471190776
5 0.030729833546734954
3 0.029449423815620997
6 0.010243277848911651
2 0.008962868117797694
8 0.0076824583866837385
1 0.006402048655569782
doc : 49
4 0.5412844036697247
9 0.2948885976408912
7 0.09436435124508519
3 0.020969855832241154
0 0.011795543905635648
8 0.009174311926605505
6 0.007863695937090433
5 0.00655307994757536
2 0.00655307994757536
1 0.00655307994757536
doc : 50
4 0.5595567867036011
9 0.32409972299168976
7 0.05124653739612189
0 0.013850415512465374
3 0.012465373961218837
8 0.009695290858725761
6 0.008310249307479225
5 0.006925207756232687
2 0.006925207756232687
1 0.006925207756232687
doc : 51
1 0.964244521337947
2 0.00865051903114187
8 0.005190311418685121
6 0.004036908881199539
3 0.0034602076124567475
9 0.0028835063437139563
7 0.0028835063437139563
5 0.0028835063437139563
4 0.0028835063437139563
0 0.0028835063437139563
doc : 52
2 0.577639751552795
5 0.09316770186335403
8 0.05590062111801242
6 0.049689440993788817
0 0.049689440993788817
7 0.037267080745341616
4 0.037267080745341616
1 0.037267080745341616
9 0.03105590062111801
3 0.03105590062111801
doc : 53
8 0.7079107505070994
3 0.15010141987829614
4 0.034482758620689655
0 0.02636916835699797
6 0.016227180527383367
2 0.016227180527383367
7 0.014198782961460446
9 0.012170385395537525
1 0.012170385395537525
5 0.010141987829614604
doc : 54
8 0.7842696629213484
9 0.04719101123595506
0 0.035955056179775284
4 0.03146067415730337
2 0.022471910112359553
7 0.020224719101123598
6 0.017977528089887642
5 0.01348314606741573
3 0.01348314606741573
1 0.01348314606741573
doc : 55
4 0.6205357142857143
9 0.24553571428571427
7 0.03125
2 0.017857142857142856
0 0.017857142857142856
6 0.015625
8 0.013392857142857142
5 0.013392857142857142
3 0.013392857142857142
1 0.011160714285714284
doc : 56
4 0.8565340909090909
5 0.07528409090909091
9 0.011363636363636364
8 0.009943181818181818
6 0.009943181818181818
7 0.008522727272727272
3 0.007102272727272728
2 0.007102272727272728
1 0.007102272727272728
0 0.007102272727272728
doc : 57
4 0.8609550561797753
5 0.07162921348314606
9 0.011235955056179775
2 0.009831460674157303
0 0.009831460674157303
6 0.008426966292134831
8 0.007022471910112359
7 0.007022471910112359
3 0.007022471910112359
1 0.007022471910112359
doc : 58
4 0.5241286863270778
0 0.41420911528150134
3 0.00938337801608579
1 0.00938337801608579
8 0.00804289544235925
2 0.00804289544235925
9 0.006702412868632708
7 0.006702412868632708
6 0.006702412868632708
5 0.006702412868632708
doc : 59
6 0.7255639097744361
2 0.07518796992481203
8 0.03759398496240601
4 0.03007518796992481
0 0.02631578947368421
5 0.022556390977443608
3 0.022556390977443608
1 0.022556390977443608
9 0.018796992481203006
7 0.018796992481203006
doc : 60
4 0.5123966942148761
0 0.4283746556473829
9 0.008264462809917356
6 0.008264462809917356
2 0.008264462809917356
8 0.006887052341597796
7 0.006887052341597796
5 0.006887052341597796
3 0.006887052341597796
1 0.006887052341597796
doc : 61
4 0.5248618784530387
0 0.4033149171270718
9 0.015193370165745856
6 0.009668508287292817
3 0.009668508287292817
8 0.008287292817679558
2 0.008287292817679558
7 0.006906077348066298
5 0.006906077348066298
1 0.006906077348066298
doc : 62
4 0.5127175368139223
0 0.4216867469879518
9 0.0107095046854083
8 0.0107095046854083
6 0.008032128514056224
5 0.008032128514056224
3 0.008032128514056224
7 0.006693440428380187
2 0.006693440428380187
1 0.006693440428380187
doc : 63
4 0.5134408602150538
0 0.42473118279569894
9 0.010752688172043012
2 0.010752688172043012
8 0.006720430107526883
7 0.006720430107526883
6 0.006720430107526883
5 0.006720430107526883
3 0.006720430107526883
1 0.006720430107526883
doc : 64
8 0.7777777777777779
9 0.08547008547008547
4 0.038461538461538464
2 0.019230769230769232
6 0.01495726495726496
3 0.01495726495726496
5 0.012820512820512822
1 0.012820512820512822
0 0.012820512820512822
7 0.010683760683760684
doc : 65
0 0.47198007471980075
4 0.4669987546699875
8 0.009962640099626401
3 0.009962640099626401
7 0.007471980074719801
5 0.007471980074719801
2 0.007471980074719801
9 0.0062266500622665
6 0.0062266500622665
1 0.0062266500622665
doc : 66
4 0.5019206145966709
5 0.4327784891165173
3 0.010243277848911651
9 0.008962868117797694
8 0.008962868117797694
7 0.008962868117797694
2 0.0076824583866837385
0 0.0076824583866837385
6 0.006402048655569782
1 0.006402048655569782
doc : 67
4 0.48531289910600256
5 0.4482758620689655
0 0.016602809706257982
7 0.010217113665389528
8 0.007662835249042146
9 0.006385696040868455
6 0.006385696040868455
3 0.006385696040868455
2 0.006385696040868455
1 0.006385696040868455
doc : 68
4 0.6551724137931034
9 0.22015915119363394
2 0.021220159151193633
7 0.01856763925729443
5 0.015915119363395226
0 0.015915119363395226
8 0.01326259946949602
6 0.01326259946949602
3 0.01326259946949602
1 0.01326259946949602
doc : 69
2 0.6321585903083701
1 0.15418502202643172
8 0.05726872246696036
6 0.05726872246696036
0 0.026431718061674013
5 0.015418502202643174
4 0.015418502202643174
3 0.015418502202643174
9 0.013215859030837006
7 0.013215859030837006
doc : 70
2 0.6776119402985075
6 0.11940298507462686
8 0.03582089552238806
1 0.029850746268656716
0 0.029850746268656716
7 0.026865671641791045
5 0.026865671641791045
4 0.020895522388059702
3 0.01791044776119403
9 0.014925373134328358
doc : 71
4 0.7964912280701755
3 0.054385964912280704
0 0.0456140350877193
9 0.0368421052631579
8 0.015789473684210527
6 0.012280701754385965
7 0.010526315789473684
5 0.010526315789473684
2 0.008771929824561403
1 0.008771929824561403
doc : 72
4 0.498079385403329
5 0.44174135723431496
8 0.010243277848911651
2 0.008962868117797694
9 0.0076824583866837385
3 0.0076824583866837385
7 0.006402048655569782
6 0.006402048655569782
1 0.006402048655569782
0 0.006402048655569782
doc : 73
4 0.6640625
9 0.2109375
0 0.03125
7 0.015625
8 0.013020833333333332
6 0.013020833333333332
5 0.013020833333333332
3 0.013020833333333332
2 0.013020833333333332
1 0.013020833333333332
doc : 74
4 0.47995139732685294
3 0.433778857837181
0 0.021871202916160386
9 0.014580801944106925
7 0.010935601458080193
5 0.009720534629404616
6 0.00850546780072904
8 0.007290400972053463
2 0.007290400972053463
1 0.006075334143377885
doc : 75
4 0.4891994917407878
5 0.44599745870393903
7 0.012706480304955529
3 0.010165184243964422
9 0.007623888182973317
8 0.007623888182973317
0 0.007623888182973317
6 0.006353240152477764
2 0.006353240152477764
1 0.006353240152477764
doc : 76
4 0.5539143279172821
9 0.3353028064992615
7 0.05612998522895126
3 0.008862629246676515
0 0.008862629246676515
8 0.007385524372230429
6 0.007385524372230429
5 0.007385524372230429
2 0.007385524372230429
1 0.007385524372230429
doc : 77
4 0.6733128834355828
7 0.24079754601226994
9 0.019938650306748466
3 0.012269938650306749
0 0.012269938650306749
6 0.009202453987730062
1 0.009202453987730062
8 0.007668711656441718
5 0.007668711656441718
2 0.007668711656441718
doc : 78
4 0.5783783783783785
7 0.34594594594594597
9 0.012162162162162163
8 0.010810810810810811
5 0.010810810810810811
2 0.010810810810810811
0 0.00945945945945946
3 0.008108108108108109
6 0.006756756756756757
1 0.006756756756756757
doc : 79
3 0.4689331770222743
4 0.4607268464243845
0 0.021101992966002344
9 0.010550996483001172
2 0.0082063305978898
6 0.007033997655334114
8 0.005861664712778429
7 0.005861664712778429
5 0.005861664712778429
1 0.005861664712778429
doc : 80
7 0.503976143141153
4 0.39363817097415504
9 0.03976143141153081
0 0.029821073558648107
3 0.007952286282306162
8 0.004970178926441351
6 0.004970178926441351
5 0.004970178926441351
2 0.004970178926441351
1 0.004970178926441351
doc : 81
4 0.5286885245901639
0 0.4057377049180328
9 0.012295081967213115
7 0.009562841530054645
3 0.00819672131147541
2 0.00819672131147541
8 0.006830601092896175
6 0.006830601092896175
5 0.006830601092896175
1 0.006830601092896175
doc : 82
4 0.5546772068511199
7 0.36231884057971014
5 0.015810276679841896
0 0.013175230566534916
3 0.011857707509881424
2 0.010540184453227932
8 0.00922266139657444
9 0.007905138339920948
6 0.007905138339920948
1 0.006587615283267458
doc : 83
3 0.4772462077012835
4 0.45040840140023336
0 0.01983663943990665
9 0.012835472578763127
2 0.009334889148191364
7 0.007001166861143523
8 0.005834305717619602
6 0.005834305717619602
5 0.005834305717619602
1 0.005834305717619602
doc : 84
4 0.5038659793814433
0 0.4368556701030928
9 0.00902061855670103
8 0.007731958762886598
7 0.007731958762886598
3 0.007731958762886598
2 0.007731958762886598
6 0.006443298969072165
5 0.006443298969072165
1 0.006443298969072165
doc : 85
4 0.48963133640552997
9 0.44585253456221197
7 0.01152073732718894
0 0.010368663594470046
5 0.009216589861751152
2 0.008064516129032258
8 0.006912442396313364
3 0.006912442396313364
6 0.00576036866359447
1 0.00576036866359447
doc : 86
4 0.9208053691275168
9 0.01610738255033557
7 0.009395973154362415
1 0.009395973154362415
8 0.008053691275167784
3 0.008053691275167784
0 0.008053691275167784
6 0.006711409395973154
5 0.006711409395973154
2 0.006711409395973154
doc : 87
3 0.4863905325443787
4 0.45443786982248524
0 0.011834319526627219
7 0.008284023668639054
9 0.007100591715976332
8 0.007100591715976332
5 0.007100591715976332
6 0.005917159763313609
2 0.005917159763313609
1 0.005917159763313609
doc : 88
9 0.5064478311840562
4 0.43962485345838215
0 0.0082063305978898
7 0.007033997655334114
6 0.007033997655334114
3 0.007033997655334114
2 0.007033997655334114
8 0.005861664712778429
5 0.005861664712778429
1 0.005861664712778429
doc : 89
4 0.9100671140939597
9 0.021476510067114093
7 0.01476510067114094
8 0.009395973154362415
0 0.009395973154362415
3 0.008053691275167784
6 0.006711409395973154
5 0.006711409395973154
2 0.006711409395973154
1 0.006711409395973154
doc : 90
3 0.48994082840236686
4 0.4414201183431953
0 0.014201183431952664
7 0.010650887573964497
5 0.009467455621301775
9 0.008284023668639054
2 0.008284023668639054
8 0.005917159763313609
6 0.005917159763313609
1 0.005917159763313609
doc : 91
9 0.5076201641266119
4 0.43845252051582645
0 0.009378663540445486
8 0.0082063305978898
2 0.007033997655334114
7 0.005861664712778429
6 0.005861664712778429
5 0.005861664712778429
3 0.005861664712778429
1 0.005861664712778429
doc : 92
4 0.5235069885641678
7 0.3290978398983482
3 0.08132147395171538
0 0.01397712833545108
9 0.011435832274459976
6 0.010165184243964422
2 0.010165184243964422
8 0.007623888182973317
5 0.006353240152477764
1 0.006353240152477764
doc : 93
4 0.48953488372093024
9 0.45
7 0.010465116279069767
0 0.009302325581395349
8 0.00813953488372093
2 0.00813953488372093
3 0.0069767441860465115
6 0.005813953488372093
5 0.005813953488372093
1 0.005813953488372093
doc : 94
4 0.4804597701149425
9 0.4517241379310345
0 0.017241379310344827
7 0.010344827586206896
5 0.009195402298850575
8 0.006896551724137931
3 0.006896551724137931
6 0.005747126436781609
2 0.005747126436781609
1 0.005747126436781609
doc : 95
4 0.48293299620733254
7 0.4487989886219975
5 0.011378002528445008
0 0.010113780025284451
9 0.008849557522123894
8 0.008849557522123894
3 0.008849557522123894
2 0.007585335018963338
6 0.006321112515802782
1 0.006321112515802782
doc : 96
4 0.49504950495049505
9 0.42574257425742573
0 0.02103960396039604
2 0.012376237623762377
5 0.008663366336633664
1 0.008663366336633664
8 0.007425742574257425
6 0.007425742574257425
3 0.007425742574257425
7 0.006188118811881188
doc : 97
3 0.4911242603550296
4 0.4485207100591716
7 0.010650887573964497
0 0.010650887573964497
9 0.008284023668639054
2 0.007100591715976332
8 0.005917159763313609
6 0.005917159763313609
5 0.005917159763313609
1 0.005917159763313609
doc : 98
4 0.4619952494061758
3 0.4619952494061758
7 0.015439429928741094
0 0.013064133016627079
9 0.009501187648456057
2 0.009501187648456057
8 0.00831353919239905
5 0.00831353919239905
6 0.005938242280285036
1 0.005938242280285036
doc : 99
4 0.5319444444444444
0 0.4041666666666667
8 0.009722222222222222
3 0.009722222222222222
9 0.008333333333333333
5 0.008333333333333333
7 0.006944444444444445
6 0.006944444444444445
2 0.006944444444444445
1 0.006944444444444445
