doc : 0
6 0.8776859504132232
4 0.02975206611570248
8 0.01818181818181818
9 0.013223140495867768
0 0.013223140495867768
5 0.011570247933884297
7 0.009917355371900825
1 0.009917355371900825
3 0.008264462809917356
2 0.008264462809917356
doc : 1
6 0.3269230769230769
4 0.22435897435897434
7 0.08974358974358974
8 0.07692307692307693
5 0.05769230769230769
1 0.05769230769230769
2 0.04487179487179487
0 0.04487179487179487
9 0.038461538461538464
3 0.038461538461538464
doc : 2
7 0.3422222222222222
5 0.1688888888888889
6 0.1511111111111111
8 0.1288888888888889
3 0.044444444444444446
2 0.044444444444444446
4 0.035555555555555556
0 0.035555555555555556
1 0.026666666666666665
9 0.022222222222222223
doc : 3
7 0.7151898734177216
8 0.06645569620253164
6 0.056962025316455694
1 0.03639240506329114
9 0.030063291139240507
5 0.02531645569620253
0 0.022151898734177215
4 0.01740506329113924
3 0.01740506329113924
2 0.012658227848101266
doc : 4
8 0.6565656565656566
6 0.07070707070707072
9 0.045454545454545456
5 0.045454545454545456
2 0.03535353535353536
7 0.030303030303030304
4 0.030303030303030304
3 0.030303030303030304
1 0.030303030303030304
0 0.025252525252525256
doc : 5
8 0.8263665594855305
5 0.022508038585209004
2 0.022508038585209004
9 0.01929260450160772
7 0.01929260450160772
6 0.01929260450160772
4 0.01929260450160772
1 0.01929260450160772
3 0.01607717041800643
0 0.01607717041800643
doc : 6
8 0.8392282958199356
7 0.022508038585209004
9 0.01929260450160772
5 0.01929260450160772
0 0.01929260450160772
6 0.01607717041800643
4 0.01607717041800643
3 0.01607717041800643
2 0.01607717041800643
1 0.01607717041800643
doc : 7
0 0.48750000000000004
8 0.1375
5 0.08750000000000001
7 0.05
9 0.043750000000000004
3 0.043750000000000004
2 0.043750000000000004
6 0.037500000000000006
1 0.037500000000000006
4 0.03125
doc : 8
0 0.570754716981132
8 0.07547169811320754
7 0.07547169811320754
5 0.04716981132075471
1 0.04716981132075471
9 0.04245283018867924
4 0.04245283018867924
6 0.0330188679245283
3 0.0330188679245283
2 0.0330188679245283
doc : 9
0 0.18556701030927836
9 0.15463917525773196
4 0.13402061855670103
7 0.09278350515463918
1 0.09278350515463918
6 0.08247422680412371
8 0.07216494845360824
3 0.07216494845360824
5 0.061855670103092786
2 0.05154639175257732
doc : 10
6 0.2233009708737864
0 0.20388349514563106
8 0.14563106796116504
1 0.08737864077669902
2 0.07766990291262135
4 0.058252427184466014
3 0.058252427184466014
9 0.04854368932038834
7 0.04854368932038834
5 0.04854368932038834
doc : 11
8 0.8070739549839229
6 0.028938906752411574
5 0.028938906752411574
1 0.02572347266881029
4 0.022508038585209004
3 0.01929260450160772
0 0.01929260450160772
9 0.01607717041800643
7 0.01607717041800643
2 0.01607717041800643
doc : 12
8 0.8295819935691319
6 0.028938906752411574
5 0.02572347266881029
4 0.01929260450160772
9 0.01607717041800643
7 0.01607717041800643
3 0.01607717041800643
2 0.01607717041800643
1 0.01607717041800643
0 0.01607717041800643
doc : 13
8 0.819935691318328
6 0.028938906752411574
5 0.028938906752411574
7 0.01929260450160772
1 0.01929260450160772
0 0.01929260450160772
9 0.01607717041800643
4 0.01607717041800643
3 0.01607717041800643
2 0.01607717041800643
doc : 14
8 0.8167202572347266
5 0.028938906752411574
6 0.02572347266881029
2 0.022508038585209004
9 0.01929260450160772
4 0.01929260450160772
1 0.01929260450160772
7 0.01607717041800643
3 0.01607717041800643
0 0.01607717041800643
doc : 15
8 0.8231511254019293
6 0.03215434083601286
1 0.022508038585209004
5 0.01929260450160772
4 0.01929260450160772
0 0.01929260450160772
9 0.01607717041800643
7 0.01607717041800643
3 0.01607717041800643
2 0.01607717041800643
doc : 16
8 0.8135048231511254
6 0.02572347266881029
7 0.022508038585209004
5 0.022508038585209004
3 0.022508038585209004
9 0.01929260450160772
4 0.01929260450160772
2 0.01929260450160772
1 0.01929260450160772
0 0.01607717041800643
doc : 17
0 0.6680555555555556
7 0.10277777777777779
6 0.05555555555555556
8 0.04583333333333334
9 0.036111111111111115
4 0.02361111111111111
5 0.020833333333333336
2 0.019444444444444445
1 0.018055555555555557
3 0.009722222222222222
doc : 18
6 0.47368421052631576
7 0.10526315789473684
9 0.09398496240601503
2 0.07894736842105263
4 0.07518796992481203
8 0.045112781954887216
1 0.041353383458646614
5 0.03383458646616541
0 0.03007518796992481
3 0.022556390977443608
doc : 19
1 0.6666666666666666
6 0.08607198748043819
3 0.06572769953051644
8 0.048513302034428794
4 0.03442879499217527
5 0.023474178403755867
2 0.023474178403755867
9 0.02190923317683881
7 0.01564945226917058
0 0.014084507042253521
doc : 20
7 0.6351351351351351
4 0.0945945945945946
2 0.06756756756756757
8 0.038288288288288286
5 0.033783783783783786
9 0.03153153153153153
6 0.03153153153153153
0 0.02702702702702703
3 0.024774774774774775
1 0.015765765765765764
doc : 21
8 0.8295819935691319
6 0.03215434083601286
1 0.022508038585209004
4 0.01929260450160772
9 0.01607717041800643
7 0.01607717041800643
5 0.01607717041800643
3 0.01607717041800643
2 0.01607717041800643
0 0.01607717041800643
doc : 22
8 0.8392282958199356
6 0.01929260450160772
5 0.01929260450160772
4 0.01929260450160772
3 0.01929260450160772
1 0.01929260450160772
9 0.01607717041800643
7 0.01607717041800643
2 0.01607717041800643
0 0.01607717041800643
doc : 23
8 0.8231511254019293
6 0.028938906752411574
4 0.028938906752411574
9 0.01929260450160772
0 0.01929260450160772
7 0.01607717041800643
5 0.01607717041800643
3 0.01607717041800643
2 0.01607717041800643
1 0.01607717041800643
doc : 24
8 0.8167202572347266
6 0.03215434083601286
4 0.022508038585209004
1 0.022508038585209004
0 0.022508038585209004
5 0.01929260450160772
9 0.01607717041800643
7 0.01607717041800643
3 0.01607717041800643
2 0.01607717041800643
doc : 25
8 0.8263665594855305
6 0.03536977491961415
7 0.01929260450160772
5 0.01929260450160772
4 0.01929260450160772
9 0.01607717041800643
3 0.01607717041800643
2 0.01607717041800643
1 0.01607717041800643
0 0.01607717041800643
doc : 26
8 0.8295819935691319
5 0.02572347266881029
6 0.022508038585209004
4 0.01929260450160772
2 0.01929260450160772
1 0.01929260450160772
9 0.01607717041800643
7 0.01607717041800643
3 0.01607717041800643
0 0.01607717041800643
doc : 27
8 0.8231511254019293
6 0.028938906752411574
5 0.02572347266881029
9 0.01929260450160772
3 0.01929260450160772
1 0.01929260450160772
7 0.01607717041800643
4 0.01607717041800643
2 0.01607717041800643
0 0.01607717041800643
doc : 28
8 0.8231511254019293
6 0.02572347266881029
1 0.02572347266881029
7 0.022508038585209004
5 0.022508038585209004
9 0.01607717041800643
4 0.01607717041800643
3 0.01607717041800643
2 0.01607717041800643
0 0.01607717041800643
doc : 29
6 0.2272727272727273
7 0.10227272727272728
4 0.10227272727272728
0 0.10227272727272728
9 0.09090909090909091
2 0.09090909090909091
1 0.07954545454545454
8 0.06818181818181818
5 0.06818181818181818
3 0.06818181818181818
doc : 30
8 0.8295819935691319
7 0.02572347266881029
1 0.022508038585209004
6 0.01929260450160772
3 0.01929260450160772
2 0.01929260450160772
9 0.01607717041800643
5 0.01607717041800643
4 0.01607717041800643
0 0.01607717041800643
doc : 31
8 0.8102893890675241
6 0.03215434083601286
1 0.028938906752411574
7 0.022508038585209004
5 0.022508038585209004
4 0.01929260450160772
9 0.01607717041800643
3 0.01607717041800643
2 0.01607717041800643
0 0.01607717041800643
doc : 32
8 0.8392282958199356
5 0.02572347266881029
6 0.022508038585209004
9 0.01607717041800643
7 0.01607717041800643
4 0.01607717041800643
3 0.01607717041800643
2 0.01607717041800643
1 0.01607717041800643
0 0.01607717041800643
doc : 33
8 0.8263665594855305
6 0.028938906752411574
9 0.01929260450160772
7 0.01929260450160772
5 0.01929260450160772
2 0.01929260450160772
1 0.01929260450160772
4 0.01607717041800643
3 0.01607717041800643
0 0.01607717041800643
doc : 34
8 0.8102893890675241
6 0.02572347266881029
5 0.02572347266881029
7 0.022508038585209004
4 0.022508038585209004
1 0.022508038585209004
9 0.01929260450160772
3 0.01929260450160772
2 0.01607717041800643
0 0.01607717041800643
doc : 35
8 0.8488745980707395
5 0.01929260450160772
1 0.01929260450160772
9 0.01607717041800643
7 0.01607717041800643
6 0.01607717041800643
4 0.01607717041800643
3 0.01607717041800643
2 0.01607717041800643
0 0.01607717041800643
doc : 36
8 0.842443729903537
6 0.022508038585209004
5 0.01929260450160772
0 0.01929260450160772
9 0.01607717041800643
7 0.01607717041800643
4 0.01607717041800643
3 0.01607717041800643
2 0.01607717041800643
1 0.01607717041800643
doc : 37
8 0.8360128617363344
9 0.022508038585209004
5 0.022508038585209004
6 0.01929260450160772
1 0.01929260450160772
7 0.01607717041800643
4 0.01607717041800643
3 0.01607717041800643
2 0.01607717041800643
0 0.01607717041800643
doc : 38
8 0.8295819935691319
5 0.02572347266881029
6 0.022508038585209004
1 0.022508038585209004
4 0.01929260450160772
9 0.01607717041800643
7 0.01607717041800643
3 0.01607717041800643
2 0.01607717041800643
0 0.01607717041800643
doc : 39
0 0.4858490566037736
8 0.0990566037735849
5 0.08018867924528301
7 0.06132075471698113
4 0.06132075471698113
9 0.05660377358490566
6 0.04245283018867924
1 0.04245283018867924
2 0.03773584905660377
3 0.0330188679245283
doc : 40
9 0.945750452079566
4 0.012296564195298372
2 0.007956600361663653
7 0.007594936708860759
6 0.005786618444846293
0 0.0054249547920434
5 0.00433996383363472
8 0.003978300180831827
3 0.003616636528028933
1 0.0032549728752260397
doc : 41
9 0.8430379746835444
7 0.04556962025316456
4 0.02278481012658228
5 0.01518987341772152
2 0.01518987341772152
1 0.01518987341772152
8 0.013924050632911392
6 0.01139240506329114
0 0.010126582278481013
3 0.00759493670886076
doc : 42
9 0.7479591836734695
5 0.06326530612244899
7 0.06224489795918368
6 0.030612244897959186
2 0.025510204081632654
1 0.02142857142857143
4 0.020408163265306124
8 0.012244897959183675
0 0.011224489795918368
3 0.005102040816326531
doc : 43
2 0.8372310570626754
9 0.03648269410664172
4 0.03367633302151544
5 0.03274087932647334
1 0.01403180542563143
0 0.01403180542563143
7 0.011225444340505146
6 0.007483629560336763
8 0.006548175865294668
3 0.006548175865294668
doc : 44
7 0.5868421052631578
4 0.09736842105263158
8 0.06842105263157895
5 0.060526315789473685
0 0.03684210526315789
6 0.034210526315789476
1 0.034210526315789476
9 0.02894736842105263
3 0.02894736842105263
2 0.02368421052631579
doc : 45
8 0.8006430868167203
6 0.03215434083601286
5 0.03215434083601286
3 0.022508038585209004
9 0.01929260450160772
7 0.01929260450160772
4 0.01929260450160772
2 0.01929260450160772
1 0.01929260450160772
0 0.01607717041800643
doc : 46
8 0.8087774294670846
6 0.05642633228840125
1 0.025078369905956112
9 0.01567398119122257
7 0.01567398119122257
5 0.01567398119122257
4 0.01567398119122257
3 0.01567398119122257
2 0.01567398119122257
0 0.01567398119122257
doc : 47
8 0.746987951807229
1 0.045180722891566265
7 0.030120481927710843
6 0.030120481927710843
5 0.030120481927710843
4 0.030120481927710843
0 0.02710843373493976
2 0.024096385542168676
9 0.021084337349397592
3 0.015060240963855422
doc : 48
1 0.6111111111111112
6 0.2111111111111111
8 0.05
9 0.02777777777777778
7 0.022222222222222223
0 0.019444444444444445
4 0.016666666666666666
5 0.01388888888888889
3 0.01388888888888889
2 0.01388888888888889
doc : 49
1 0.663003663003663
6 0.05860805860805861
5 0.05860805860805861
8 0.054945054945054944
7 0.040293040293040296
0 0.029304029304029304
9 0.02564102564102564
4 0.02564102564102564
2 0.02564102564102564
3 0.018315018315018316
doc : 50
5 0.8194207836456558
6 0.04258943781942078
8 0.03577512776831346
9 0.02555366269165247
7 0.018739352640545145
1 0.017035775127768313
3 0.01192504258943782
4 0.010221465076660989
0 0.010221465076660989
2 0.008517887563884156
doc : 51
7 0.534923339011925
4 0.16013628620102216
2 0.12947189097103917
9 0.044293015332197615
8 0.030664395229982964
0 0.027257240204429302
6 0.022146507666098807
1 0.022146507666098807
5 0.015332197614991482
3 0.013628620102214651
doc : 52
2 0.33055555555555555
7 0.19722222222222224
4 0.11944444444444445
0 0.09444444444444444
9 0.061111111111111116
5 0.058333333333333334
1 0.05555555555555556
6 0.03333333333333333
8 0.02777777777777778
3 0.022222222222222223
doc : 53
0 0.6447638603696099
7 0.08624229979466119
8 0.06160164271047228
4 0.045174537987679675
2 0.04106776180698152
1 0.04106776180698152
6 0.026694045174537988
3 0.024640657084188913
9 0.014373716632443533
5 0.014373716632443533
doc : 54
6 0.37857142857142856
3 0.17142857142857143
8 0.11071428571428571
0 0.08214285714285714
5 0.07857142857142857
4 0.05357142857142857
1 0.04285714285714286
2 0.03571428571428571
9 0.024999999999999998
7 0.02142857142857143
doc : 55
1 0.7267904509283819
8 0.06100795755968169
6 0.05305039787798408
2 0.029177718832891244
4 0.02652519893899204
9 0.023872679045092837
5 0.023872679045092837
7 0.021220159151193633
3 0.01856763925729443
0 0.015915119363395226
doc : 56
1 0.8536184210526315
8 0.029605263157894735
6 0.02631578947368421
2 0.019736842105263157
5 0.018092105263157895
4 0.014802631578947368
9 0.009868421052631578
7 0.009868421052631578
3 0.009868421052631578
0 0.008223684210526315
doc : 57
1 0.6129032258064516
2 0.1003584229390681
6 0.06093189964157706
5 0.053763440860215055
8 0.043010752688172046
7 0.03942652329749104
9 0.03225806451612903
3 0.021505376344086023
4 0.017921146953405017
0 0.017921146953405017
doc : 58
7 0.23510971786833854
5 0.20689655172413793
6 0.1786833855799373
8 0.07523510971786834
4 0.07210031347962383
2 0.06269592476489028
0 0.06269592476489028
1 0.04702194357366771
3 0.03761755485893417
9 0.0219435736677116
doc : 59
0 0.5162601626016261
6 0.10569105691056911
8 0.10162601626016261
5 0.05691056910569106
1 0.04878048780487805
9 0.04065040650406505
2 0.04065040650406505
4 0.03658536585365854
3 0.02845528455284553
7 0.024390243902439025
doc : 60
3 0.9526493799323562
6 0.007328072153325817
5 0.006764374295377677
4 0.006764374295377677
8 0.005636978579481398
7 0.005636978579481398
2 0.003945885005636978
1 0.003945885005636978
0 0.003945885005636978
9 0.0033821871476888386
doc : 61
0 0.48648648648648646
7 0.16461916461916462
4 0.10565110565110565
5 0.04668304668304668
1 0.04668304668304668
8 0.04176904176904177
6 0.036855036855036855
9 0.03194103194103194
3 0.022113022113022112
2 0.0171990171990172
doc : 62
2 0.89419795221843
7 0.017064846416382253
8 0.013651877133105802
4 0.013651877133105802
5 0.011945392491467578
1 0.011945392491467578
6 0.010238907849829351
0 0.010238907849829351
9 0.008532423208191127
3 0.008532423208191127
doc : 63
2 0.8839590443686007
1 0.02218430034129693
0 0.015358361774744027
8 0.013651877133105802
7 0.013651877133105802
4 0.013651877133105802
3 0.011945392491467578
9 0.008532423208191127
6 0.008532423208191127
5 0.008532423208191127
doc : 64
3 0.9499165275459098
4 0.008903728436282694
5 0.008347245409015025
2 0.006121313299944352
0 0.005564830272676683
6 0.005008347245409015
9 0.004451864218141347
8 0.004451864218141347
7 0.0038953811908736787
1 0.00333889816360601
doc : 65
0 0.5
2 0.09146341463414634
4 0.06097560975609756
3 0.06097560975609756
1 0.06097560975609756
8 0.054878048780487805
9 0.04878048780487805
6 0.042682926829268296
5 0.042682926829268296
7 0.03658536585365854
doc : 66
1 0.74822695035461
8 0.05319148936170213
6 0.03900709219858156
4 0.028368794326241134
2 0.028368794326241134
0 0.024822695035460994
9 0.02127659574468085
5 0.02127659574468085
7 0.017730496453900707
3 0.017730496453900707
doc : 67
1 0.8370253164556962
6 0.03955696202531646
2 0.03481012658227848
8 0.020569620253164556
0 0.015822784810126583
9 0.014240506329113924
4 0.012658227848101266
5 0.00949367088607595
7 0.007911392405063292
3 0.007911392405063292
doc : 68
6 0.4574712643678161
8 0.135632183908046
5 0.07816091954022988
1 0.06436781609195402
0 0.06206896551724138
7 0.052873563218390804
4 0.05057471264367816
9 0.041379310344827586
3 0.029885057471264367
2 0.027586206896551724
doc : 69
4 0.6403785488958991
3 0.2334384858044164
8 0.026813880126182965
6 0.022082018927444793
5 0.022082018927444793
7 0.014195583596214511
0 0.012618296529968454
2 0.011041009463722396
9 0.00946372239747634
1 0.007886435331230283
doc : 70
7 0.7490421455938697
6 0.047892720306513405
0 0.040229885057471264
4 0.034482758620689655
5 0.032567049808429116
8 0.026819923371647507
2 0.021072796934865898
3 0.017241379310344827
1 0.017241379310344827
9 0.013409961685823753
doc : 71
6 0.43703703703703706
2 0.12222222222222223
1 0.10740740740740741
7 0.06666666666666667
0 0.05925925925925926
9 0.05555555555555556
8 0.04814814814814815
4 0.044444444444444446
3 0.03333333333333333
5 0.02592592592592593
doc : 72
0 0.46794871794871795
8 0.09615384615384615
7 0.07692307692307693
6 0.0641025641025641
3 0.0641025641025641
5 0.05769230769230769
4 0.05128205128205128
1 0.04487179487179487
9 0.038461538461538464
2 0.038461538461538464
doc : 73
0 0.4263157894736842
7 0.14210526315789473
4 0.08947368421052632
1 0.08947368421052632
5 0.07368421052631578
9 0.04736842105263158
3 0.042105263157894736
8 0.03684210526315789
6 0.02631578947368421
2 0.02631578947368421
doc : 74
4 0.8053892215568863
8 0.02694610778443114
6 0.02694610778443114
5 0.02694610778443114
0 0.02694610778443114
2 0.02095808383233533
3 0.017964071856287428
1 0.017964071856287428
9 0.014970059880239521
7 0.014970059880239521
doc : 75
5 0.9043624161073825
8 0.020134228187919462
1 0.01174496644295302
7 0.010067114093959731
3 0.010067114093959731
2 0.010067114093959731
9 0.008389261744966443
6 0.008389261744966443
4 0.008389261744966443
0 0.008389261744966443
doc : 76
0 0.25157232704402516
6 0.18238993710691825
8 0.11949685534591195
4 0.08176100628930819
9 0.07547169811320756
7 0.06918238993710692
5 0.05660377358490566
2 0.05660377358490566
1 0.05660377358490566
3 0.050314465408805034
doc : 77
0 0.5914893617021276
6 0.08085106382978724
8 0.07659574468085106
2 0.055319148936170216
9 0.0425531914893617
4 0.0425531914893617
1 0.03404255319148936
5 0.029787234042553193
7 0.025531914893617023
3 0.02127659574468085
doc : 78
0 0.19444444444444442
6 0.16666666666666666
8 0.14814814814814814
1 0.1111111111111111
9 0.08333333333333333
4 0.07407407407407407
7 0.06481481481481481
2 0.06481481481481481
5 0.046296296296296294
3 0.046296296296296294
doc : 79
0 0.40740740740740744
1 0.11851851851851852
8 0.07407407407407407
7 0.06666666666666667
4 0.06666666666666667
2 0.06666666666666667
9 0.05185185185185186
6 0.05185185185185186
5 0.05185185185185186
3 0.044444444444444446
doc : 80
1 0.7990762124711316
0 0.03695150115473441
8 0.03233256351039261
2 0.027713625866050806
7 0.023094688221709007
9 0.018475750577367205
4 0.018475750577367205
3 0.018475750577367205
5 0.013856812933025403
6 0.011547344110854504
doc : 81
1 0.7736720554272517
2 0.03695150115473441
8 0.03233256351039261
4 0.03233256351039261
7 0.027713625866050806
0 0.027713625866050806
9 0.025404157043879907
6 0.016166281755196306
5 0.016166281755196306
3 0.011547344110854504
doc : 82
2 0.45535714285714285
3 0.36941964285714285
7 0.032366071428571425
4 0.03125
8 0.024553571428571428
9 0.02232142857142857
1 0.020089285714285712
0 0.015625
6 0.01450892857142857
5 0.01450892857142857
doc : 83
4 0.7638036809815951
3 0.06748466257668712
9 0.03067484662576687
8 0.027607361963190184
1 0.024539877300613498
7 0.018404907975460124
6 0.018404907975460124
5 0.018404907975460124
2 0.015337423312883436
0 0.015337423312883436
doc : 84
9 0.8318804483188045
7 0.039850560398505604
8 0.026151930261519303
4 0.023661270236612703
1 0.021170610211706103
5 0.0136986301369863
2 0.0136986301369863
6 0.0112079701120797
0 0.0112079701120797
3 0.007471980074719801
doc : 85
4 0.578512396694215
3 0.1046831955922865
2 0.06060606060606061
1 0.05785123966942149
0 0.05234159779614325
9 0.03581267217630854
6 0.03581267217630854
5 0.030303030303030304
8 0.027548209366391185
7 0.01652892561983471
doc : 86
5 0.8510971786833855
2 0.0438871473354232
6 0.02664576802507837
8 0.017241379310344827
3 0.012539184952978056
9 0.0109717868338558
1 0.0109717868338558
7 0.009404388714733543
4 0.009404388714733543
0 0.007836990595611285
doc : 87
5 0.8801916932907348
8 0.027156549520766772
4 0.019169329073482427
2 0.012779552715654952
1 0.012779552715654952
6 0.011182108626198083
9 0.009584664536741214
3 0.009584664536741214
0 0.009584664536741214
7 0.007987220447284345
doc : 88
8 0.22033898305084745
6 0.2033898305084746
0 0.15254237288135594
4 0.0847457627118644
2 0.07627118644067797
3 0.06779661016949153
9 0.059322033898305086
1 0.05084745762711865
7 0.0423728813559322
5 0.0423728813559322
doc : 89
3 0.9569298729983435
4 0.011595803423522916
5 0.005521811154058531
2 0.004969630038652678
9 0.0038652678078409724
7 0.0038652678078409724
1 0.0038652678078409724
8 0.003313086692435119
6 0.003313086692435119
0 0.0027609055770292656
doc : 90
0 0.41735537190082644
1 0.10330578512396695
8 0.09504132231404959
7 0.08677685950413223
4 0.07024793388429752
2 0.07024793388429752
6 0.06198347107438017
5 0.03305785123966942
3 0.03305785123966942
9 0.028925619834710745
doc : 91
0 0.5560975609756098
3 0.0975609756097561
9 0.05365853658536585
8 0.05365853658536585
2 0.04878048780487805
1 0.04390243902439024
7 0.03902439024390244
5 0.03902439024390244
6 0.03414634146341464
4 0.03414634146341464
doc : 92
5 0.8777429467084639
8 0.028213166144200625
6 0.018808777429467086
1 0.014106583072100312
7 0.012539184952978056
0 0.012539184952978056
9 0.0109717868338558
3 0.009404388714733543
4 0.007836990595611285
2 0.007836990595611285
doc : 93
0 0.9250513347022588
4 0.013347022587268994
6 0.012320328542094456
7 0.01026694045174538
5 0.007186858316221767
3 0.007186858316221767
1 0.007186858316221767
8 0.006160164271047228
2 0.006160164271047228
9 0.00513347022587269
doc : 94
4 0.6230769230769231
3 0.2353846153846154
5 0.046153846153846156
8 0.021538461538461538
9 0.013846153846153847
0 0.013846153846153847
7 0.012307692307692308
6 0.012307692307692308
2 0.010769230769230769
1 0.010769230769230769
doc : 95
4 0.6391437308868502
3 0.24311926605504589
5 0.03058103975535168
8 0.02599388379204893
7 0.013761467889908258
1 0.012232415902140673
6 0.010703363914373088
0 0.009174311926605505
9 0.00764525993883792
2 0.00764525993883792
doc : 96
1 0.7602179836512262
8 0.05449591280653951
6 0.04087193460490463
2 0.03542234332425068
5 0.02997275204359673
0 0.01907356948228883
9 0.01634877384196185
3 0.01634877384196185
7 0.013623978201634877
4 0.013623978201634877
doc : 97
7 0.30115830115830117
8 0.27413127413127414
5 0.1312741312741313
6 0.05791505791505792
4 0.04633204633204634
1 0.04633204633204634
9 0.04247104247104247
2 0.03861003861003861
0 0.03474903474903475
3 0.02702702702702703
doc : 98
0 0.36363636363636365
6 0.13636363636363635
1 0.09090909090909091
7 0.08677685950413223
2 0.07024793388429752
5 0.06611570247933884
8 0.06198347107438017
4 0.05785123966942149
9 0.045454545454545456
3 0.02066115702479339
doc : 99
4 0.796969696969697
3 0.03333333333333333
9 0.024242424242424242
8 0.024242424242424242
5 0.024242424242424242
0 0.024242424242424242
1 0.021212121212121213
7 0.01818181818181818
6 0.01818181818181818
2 0.015151515151515152
