doc : 0
7 0.8609958506224067
3 0.02074688796680498
9 0.01867219917012448
2 0.01867219917012448
5 0.016597510373443983
8 0.014522821576763486
4 0.014522821576763486
6 0.012448132780082988
1 0.012448132780082988
0 0.01037344398340249
doc : 1
7 0.7828571428571428
9 0.037142857142857144
8 0.037142857142857144
5 0.025714285714285714
3 0.025714285714285714
1 0.022857142857142857
2 0.02
4 0.017142857142857144
0 0.017142857142857144
6 0.014285714285714285
doc : 2
5 0.8580015026296018
3 0.032306536438767845
0 0.029301277235161533
8 0.021412471825694966
1 0.015777610818933134
7 0.012396694214876033
9 0.0101427498121713
2 0.009767092411720512
4 0.007137490608564989
6 0.0037565740045078892
doc : 3
7 0.4418604651162791
9 0.06976744186046512
8 0.06976744186046512
2 0.06976744186046512
6 0.05813953488372093
5 0.05813953488372093
4 0.05813953488372093
3 0.05813953488372093
1 0.05813953488372093
0 0.05813953488372093
doc : 4
0 0.2138364779874214
8 0.169811320754717
5 0.16352201257861637
3 0.1069182389937107
1 0.08176100628930819
2 0.06918238993710692
4 0.06289308176100629
7 0.050314465408805034
6 0.04402515723270441
9 0.03773584905660378
doc : 5
1 0.4013605442176871
5 0.10884353741496598
8 0.09523809523809523
7 0.06802721088435373
4 0.06802721088435373
9 0.05442176870748299
6 0.05442176870748299
3 0.05442176870748299
2 0.05442176870748299
0 0.04081632653061224
doc : 6
0 0.7630827783063749
3 0.05423406279733587
5 0.048525214081826834
1 0.039961941008563276
9 0.01807802093244529
8 0.01807802093244529
7 0.01807802093244529
2 0.014272121788772598
4 0.013320647002854425
6 0.012369172216936251
doc : 7
1 0.7456647398843931
3 0.057803468208092484
7 0.04335260115606936
9 0.028901734104046242
8 0.026011560693641616
4 0.023121387283236993
6 0.02023121387283237
2 0.02023121387283237
5 0.017341040462427744
0 0.017341040462427744
doc : 8
1 0.6954732510288066
3 0.06995884773662552
9 0.04938271604938272
7 0.041152263374485604
8 0.02469135802469136
6 0.02469135802469136
5 0.02469135802469136
4 0.02469135802469136
2 0.02469135802469136
0 0.020576131687242802
doc : 9
3 0.7028112449799196
0 0.1606425702811245
5 0.03748326639892905
1 0.022757697456492636
9 0.018741633199464525
7 0.014725568942436412
4 0.013386880856760375
2 0.012048192771084336
8 0.0107095046854083
6 0.006693440428380187
doc : 10
2 0.9217171717171717
9 0.0202020202020202
7 0.014309764309764309
1 0.009259259259259259
8 0.007575757575757575
5 0.006734006734006734
0 0.005892255892255892
4 0.00505050505050505
3 0.00505050505050505
6 0.004208754208754209
doc : 11
7 0.43023255813953487
1 0.08139534883720931
9 0.06976744186046512
5 0.06976744186046512
8 0.05813953488372093
6 0.05813953488372093
4 0.05813953488372093
3 0.05813953488372093
2 0.05813953488372093
0 0.05813953488372093
doc : 12
0 0.7388888888888889
3 0.10396825396825397
1 0.03650793650793651
9 0.03253968253968254
8 0.031746031746031744
7 0.01904761904761905
6 0.011111111111111112
5 0.009523809523809525
2 0.00873015873015873
4 0.007936507936507936
doc : 13
1 0.49999999999999994
3 0.22995780590717296
9 0.06118143459915611
0 0.03797468354430379
6 0.03375527426160337
8 0.03164556962025316
7 0.03164556962025316
5 0.025316455696202528
4 0.025316455696202528
2 0.02320675105485232
doc : 14
1 0.8730769230769231
7 0.019230769230769232
3 0.019230769230769232
9 0.01730769230769231
6 0.013461538461538462
4 0.013461538461538462
0 0.013461538461538462
2 0.011538461538461539
8 0.009615384615384616
5 0.009615384615384616
doc : 15
1 0.8754863813229572
9 0.017509727626459144
7 0.017509727626459144
6 0.01556420233463035
0 0.01556420233463035
2 0.013618677042801557
8 0.011673151750972763
5 0.011673151750972763
4 0.011673151750972763
3 0.009727626459143969
doc : 16
8 0.345679012345679
0 0.1111111111111111
2 0.08641975308641975
1 0.08641975308641975
7 0.08024691358024691
4 0.07407407407407407
9 0.06172839506172839
3 0.06172839506172839
6 0.04938271604938271
5 0.043209876543209874
doc : 17
7 0.4418604651162791
1 0.09302325581395349
9 0.05813953488372093
8 0.05813953488372093
6 0.05813953488372093
5 0.05813953488372093
4 0.05813953488372093
3 0.05813953488372093
2 0.05813953488372093
0 0.05813953488372093
doc : 18
7 0.45348837209302323
8 0.06976744186046512
0 0.06976744186046512
9 0.05813953488372093
6 0.05813953488372093
5 0.05813953488372093
4 0.05813953488372093
3 0.05813953488372093
2 0.05813953488372093
1 0.05813953488372093
doc : 19
3 0.580375782881002
1 0.1440501043841336
8 0.07933194154488517
7 0.039665970772442584
6 0.037578288100208766
5 0.03549060542797494
9 0.029227557411273482
0 0.022964509394572022
4 0.020876826722338204
2 0.010438413361169102
doc : 20
3 0.6541244573082489
7 0.14182344428364688
8 0.07959479015918958
9 0.03473227206946454
1 0.026049204052098405
4 0.01736613603473227
2 0.01736613603473227
0 0.011577424023154847
6 0.010130246020260492
5 0.00723589001447178
doc : 21
7 0.46511627906976744
1 0.06976744186046512
9 0.05813953488372093
8 0.05813953488372093
6 0.05813953488372093
5 0.05813953488372093
4 0.05813953488372093
3 0.05813953488372093
2 0.05813953488372093
0 0.05813953488372093
doc : 22
7 0.8724279835390947
3 0.02263374485596708
2 0.01851851851851852
9 0.01440329218106996
0 0.01440329218106996
6 0.01234567901234568
4 0.01234567901234568
1 0.01234567901234568
8 0.010288065843621401
5 0.010288065843621401
doc : 23
7 0.43023255813953487
0 0.08139534883720931
9 0.06976744186046512
2 0.06976744186046512
8 0.05813953488372093
6 0.05813953488372093
5 0.05813953488372093
4 0.05813953488372093
3 0.05813953488372093
1 0.05813953488372093
doc : 24
6 0.6844919786096256
4 0.07754010695187165
3 0.05080213903743315
8 0.04545454545454545
1 0.034759358288770054
7 0.029411764705882353
9 0.02406417112299465
2 0.0213903743315508
5 0.01871657754010695
0 0.013368983957219251
doc : 25
4 0.203125
7 0.1484375
8 0.1328125
6 0.1015625
3 0.0859375
1 0.0859375
0 0.078125
9 0.0625
5 0.0546875
2 0.046875
doc : 26
6 0.9265648102513554
7 0.014292755051749631
3 0.01133563331690488
8 0.010842779694430755
4 0.009364218827008379
2 0.0073928043371118786
9 0.006407097092163628
5 0.005421389847215377
0 0.005421389847215377
1 0.002957121734844751
doc : 27
9 0.2971887550200803
4 0.1606425702811245
1 0.11646586345381525
8 0.10441767068273092
7 0.10441767068273092
3 0.0642570281124498
2 0.048192771084337345
6 0.03614457831325301
0 0.03614457831325301
5 0.0321285140562249
doc : 28
9 0.8968386023294509
8 0.018302828618968387
2 0.016638935108153077
7 0.011647254575707155
1 0.011647254575707155
3 0.009983361064891847
0 0.009983361064891847
6 0.008319467554076539
5 0.008319467554076539
4 0.008319467554076539
doc : 29
9 0.8950524737631184
2 0.020989505247376312
7 0.01649175412293853
8 0.013493253373313342
3 0.01199400299850075
4 0.008995502248875561
1 0.008995502248875561
0 0.008995502248875561
6 0.0074962518740629685
5 0.0074962518740629685
doc : 30
7 0.8352713178294574
3 0.029069767441860465
9 0.025193798449612403
8 0.025193798449612403
1 0.01744186046511628
6 0.015503875968992248
2 0.015503875968992248
0 0.013565891472868217
5 0.011627906976744186
4 0.011627906976744186
doc : 31
7 0.4418604651162791
1 0.08139534883720931
3 0.06976744186046512
9 0.05813953488372093
8 0.05813953488372093
6 0.05813953488372093
5 0.05813953488372093
4 0.05813953488372093
2 0.05813953488372093
0 0.05813953488372093
doc : 32
4 0.899513776337115
8 0.01620745542949757
9 0.012965964343598054
7 0.011345218800648298
6 0.011345218800648298
3 0.011345218800648298
1 0.011345218800648298
0 0.00972447325769854
5 0.008103727714748784
2 0.008103727714748784
doc : 33
9 0.1
8 0.1
7 0.1
6 0.1
5 0.1
4 0.1
3 0.1
2 0.1
1 0.1
0 0.1
doc : 34
7 0.3953488372093023
9 0.09302325581395349
8 0.06976744186046512
5 0.06976744186046512
2 0.06976744186046512
1 0.06976744186046512
6 0.05813953488372093
4 0.05813953488372093
3 0.05813953488372093
0 0.05813953488372093
doc : 35
4 0.8342939481268011
8 0.05763688760806916
9 0.023054755043227664
0 0.023054755043227664
1 0.018731988472622477
7 0.010086455331412104
6 0.008645533141210374
3 0.008645533141210374
2 0.008645533141210374
5 0.007204610951008645
doc : 36
8 0.42790697674418604
1 0.14883720930232558
3 0.07441860465116279
7 0.06976744186046512
9 0.06511627906976744
6 0.06511627906976744
4 0.046511627906976744
0 0.037209302325581395
5 0.03255813953488372
2 0.03255813953488372
doc : 37
1 0.4533333333333333
8 0.10222222222222223
9 0.09111111111111111
5 0.08222222222222222
7 0.07111111111111111
3 0.057777777777777775
2 0.05333333333333333
4 0.051111111111111114
0 0.022222222222222223
6 0.015555555555555555
doc : 38
0 0.5454545454545454
1 0.1919191919191919
3 0.0707070707070707
8 0.052525252525252523
5 0.044444444444444446
9 0.022222222222222223
6 0.022222222222222223
7 0.01818181818181818
2 0.01818181818181818
4 0.014141414141414142
doc : 39
8 0.8205128205128205
0 0.02564102564102564
9 0.022435897435897436
3 0.022435897435897436
7 0.019230769230769232
5 0.019230769230769232
4 0.019230769230769232
1 0.019230769230769232
6 0.016025641025641024
2 0.016025641025641024
doc : 40
9 0.9118942731277533
8 0.013215859030837003
2 0.011747430249632892
6 0.010279001468428781
0 0.010279001468428781
7 0.008810572687224669
5 0.008810572687224669
4 0.008810572687224669
1 0.008810572687224669
3 0.007342143906020558
doc : 41
0 0.8539944903581267
3 0.02203856749311295
8 0.01928374655647383
9 0.01652892561983471
5 0.01652892561983471
4 0.01652892561983471
7 0.013774104683195593
6 0.013774104683195593
2 0.013774104683195593
1 0.013774104683195593
doc : 42
8 0.36462093862815886
9 0.23826714801444043
1 0.10830324909747292
7 0.07581227436823106
2 0.04693140794223827
4 0.043321299638989175
3 0.043321299638989175
0 0.036101083032490974
6 0.021660649819494587
5 0.021660649819494587
doc : 43
1 0.49624060150375937
9 0.08270676691729323
4 0.06766917293233082
3 0.06766917293233082
0 0.06015037593984962
2 0.05263157894736842
7 0.045112781954887216
6 0.045112781954887216
5 0.045112781954887216
8 0.03759398496240601
doc : 44
1 0.15503875968992248
8 0.14728682170542634
9 0.12403100775193798
4 0.10852713178294573
3 0.10077519379844961
6 0.09302325581395349
2 0.07751937984496124
0 0.07751937984496124
7 0.06201550387596899
5 0.05426356589147287
doc : 45
7 0.45348837209302323
8 0.06976744186046512
0 0.06976744186046512
9 0.05813953488372093
6 0.05813953488372093
5 0.05813953488372093
4 0.05813953488372093
3 0.05813953488372093
2 0.05813953488372093
1 0.05813953488372093
doc : 46
8 0.7808764940239044
9 0.03585657370517928
7 0.027888446215139442
3 0.027888446215139442
2 0.02390438247011952
1 0.02390438247011952
6 0.0199203187250996
5 0.0199203187250996
4 0.0199203187250996
0 0.0199203187250996
doc : 47
8 0.8211678832116788
2 0.025547445255474453
3 0.021897810218978103
0 0.021897810218978103
9 0.01824817518248175
7 0.01824817518248175
6 0.01824817518248175
5 0.01824817518248175
4 0.01824817518248175
1 0.01824817518248175
doc : 48
8 0.7910447761194029
9 0.029850746268656716
7 0.026119402985074626
6 0.022388059701492536
5 0.022388059701492536
3 0.022388059701492536
2 0.022388059701492536
1 0.022388059701492536
0 0.022388059701492536
4 0.018656716417910446
doc : 49
8 0.8247422680412371
6 0.024054982817869414
9 0.020618556701030927
4 0.020618556701030927
2 0.020618556701030927
0 0.020618556701030927
7 0.01718213058419244
5 0.01718213058419244
3 0.01718213058419244
1 0.01718213058419244
