doc : 0
2 0.8432835820895522
5 0.02487562189054726
1 0.022388059701492536
9 0.01990049751243781
3 0.017412935323383085
0 0.017412935323383085
8 0.014925373134328358
4 0.014925373134328358
7 0.01243781094527363
6 0.01243781094527363
doc : 1
8 0.7402985074626866
2 0.056716417910447764
5 0.03880597014925373
4 0.03283582089552239
9 0.029850746268656716
7 0.023880597014925373
1 0.023880597014925373
6 0.020895522388059702
0 0.01791044776119403
3 0.014925373134328358
doc : 2
7 0.44649446494464945
3 0.14760147601476015
9 0.06273062730627306
8 0.06273062730627306
1 0.05166051660516605
0 0.05166051660516605
4 0.047970479704797044
2 0.047970479704797044
5 0.04428044280442804
6 0.03690036900369004
doc : 3
7 0.618991793669402
1 0.16764361078546305
3 0.10902696365767878
8 0.025791324736225085
4 0.021101992966002344
0 0.0164126611957796
5 0.014067995310668229
2 0.010550996483001172
9 0.009378663540445486
6 0.007033997655334114
doc : 4
5 0.6009174311926605
8 0.22477064220183487
7 0.0672782874617737
0 0.022935779816513763
1 0.020642201834862386
9 0.019877675840978593
2 0.016819571865443424
3 0.012996941896024464
4 0.00764525993883792
6 0.0061162079510703364
doc : 5
2 0.5319148936170213
3 0.1276595744680851
9 0.05851063829787234
4 0.05851063829787234
5 0.047872340425531915
8 0.0425531914893617
7 0.03723404255319149
1 0.03723404255319149
0 0.031914893617021274
6 0.026595744680851064
doc : 6
0 0.5695006747638326
8 0.19973009446693657
7 0.048582995951417005
3 0.04723346828609986
1 0.03508771929824561
9 0.031039136302294195
4 0.02564102564102564
5 0.014844804318488529
2 0.014844804318488529
6 0.013495276653171389
doc : 7
4 0.8911392405063291
8 0.0189873417721519
1 0.017721518987341773
6 0.013924050632911392
9 0.012658227848101266
3 0.01139240506329114
2 0.01139240506329114
0 0.008860759493670886
7 0.00759493670886076
5 0.006329113924050633
doc : 8
1 0.872822299651568
7 0.024390243902439025
3 0.02264808362369338
9 0.017421602787456445
2 0.013937282229965157
6 0.010452961672473868
4 0.010452961672473868
0 0.010452961672473868
8 0.008710801393728223
5 0.008710801393728223
doc : 9
8 0.45813953488372094
9 0.15813953488372093
1 0.12790697674418605
4 0.07441860465116279
7 0.046511627906976744
3 0.044186046511627906
0 0.03488372093023256
2 0.023255813953488372
5 0.020930232558139535
6 0.011627906976744186
doc : 10
7 0.5885714285714285
1 0.12285714285714286
3 0.06571428571428571
9 0.045714285714285714
8 0.04285714285714286
5 0.03428571428571429
2 0.03142857142857143
4 0.025714285714285714
0 0.025714285714285714
6 0.017142857142857144
doc : 11
3 0.7546728971962616
7 0.06775700934579439
1 0.0397196261682243
4 0.02803738317757009
0 0.02803738317757009
8 0.02336448598130841
2 0.018691588785046728
9 0.014018691588785045
6 0.014018691588785045
5 0.011682242990654205
doc : 12
0 0.7229987293519695
8 0.1181702668360864
9 0.035578144853875476
3 0.029224904701397714
4 0.025412960609911057
1 0.024142312579415504
2 0.01905972045743329
7 0.010165184243964422
6 0.007623888182973317
5 0.007623888182973317
doc : 13
7 0.892416225749559
3 0.01763668430335097
1 0.015873015873015872
9 0.014109347442680775
2 0.012345679012345678
5 0.010582010582010581
4 0.010582010582010581
8 0.008818342151675485
6 0.008818342151675485
0 0.008818342151675485
doc : 14
7 0.8888888888888888
8 0.015873015873015872
1 0.015873015873015872
0 0.014109347442680775
5 0.012345679012345678
3 0.012345679012345678
2 0.012345679012345678
9 0.010582010582010581
6 0.008818342151675485
4 0.008818342151675485
doc : 15
2 0.5170454545454546
8 0.08522727272727273
3 0.08522727272727273
9 0.05681818181818182
0 0.05681818181818182
7 0.05113636363636364
5 0.045454545454545456
1 0.03977272727272727
4 0.03409090909090909
6 0.02840909090909091
doc : 16
6 0.8866071428571428
2 0.07946428571428571
7 0.005803571428571429
9 0.004910714285714286
3 0.004910714285714286
1 0.004910714285714286
5 0.0040178571428571425
8 0.0035714285714285713
0 0.0031249999999999997
4 0.0026785714285714286
doc : 17
3 0.5752608047690015
1 0.28912071535022354
7 0.029806259314456036
6 0.02533532041728763
4 0.020864381520119227
9 0.01639344262295082
8 0.013412816691505215
2 0.010432190760059613
0 0.010432190760059613
5 0.00894187779433681
doc : 18
1 0.4860050890585242
3 0.13740458015267176
7 0.13486005089058525
9 0.06361323155216285
4 0.04580152671755726
2 0.033078880407124686
8 0.027989821882951654
0 0.027989821882951654
5 0.025445292620865142
6 0.017811704834605598
doc : 19
2 0.6988416988416989
3 0.07722007722007722
1 0.055984555984555984
0 0.04054054054054054
8 0.03088803088803089
7 0.0250965250965251
6 0.0250965250965251
4 0.017374517374517374
5 0.015444015444015444
9 0.013513513513513514
doc : 20
6 0.9355755566082425
2 0.028896257697773566
1 0.007579346281383231
7 0.005684509711037423
9 0.0047370914258645196
8 0.0037896731406916154
3 0.0037896731406916154
0 0.0037896731406916154
4 0.0033159639981051635
5 0.0028422548555187117
doc : 21
4 0.9291698400609292
9 0.011424219345011425
8 0.010662604722010662
7 0.008377760853008377
1 0.008377760853008377
6 0.007616146230007616
5 0.006854531607006855
3 0.006854531607006855
0 0.006092916984006093
2 0.00456968773800457
doc : 22
3 0.44389027431421446
1 0.18204488778054861
7 0.13216957605985036
2 0.10723192019950124
0 0.029925187032418952
9 0.022443890274314215
6 0.022443890274314215
5 0.022443890274314215
8 0.0199501246882793
4 0.017456359102244388
doc : 23
2 0.411764705882353
1 0.09803921568627451
7 0.09150326797385622
0 0.08496732026143791
6 0.06535947712418301
8 0.058823529411764705
3 0.058823529411764705
9 0.05228758169934641
5 0.04575163398692811
4 0.032679738562091505
doc : 24
9 0.9255441008018328
1 0.01145475372279496
4 0.010309278350515464
3 0.010309278350515464
7 0.009163802978235968
8 0.006872852233676976
6 0.006872852233676976
2 0.006872852233676976
0 0.006872852233676976
5 0.00572737686139748
doc : 25
8 0.6828644501278773
3 0.1061381074168798
0 0.05754475703324809
4 0.04603580562659847
9 0.04092071611253197
1 0.02173913043478261
2 0.014066496163682865
5 0.011508951406649617
7 0.010230179028132993
6 0.00895140664961637
doc : 26
7 0.4332129963898917
1 0.12996389891696752
9 0.11913357400722022
3 0.09386281588447654
4 0.06498194945848376
8 0.043321299638989175
2 0.036101083032490974
5 0.03249097472924188
0 0.02888086642599278
6 0.018050541516245487
doc : 27
3 0.7870182555780934
1 0.034482758620689655
9 0.032454361054766734
7 0.030425963488843813
2 0.02434077079107505
0 0.02434077079107505
8 0.02231237322515213
4 0.018255578093306288
5 0.014198782961460446
6 0.012170385395537525
doc : 28
2 0.7896995708154506
0 0.04291845493562232
5 0.03862660944206009
6 0.027896995708154508
9 0.02145922746781116
4 0.019313304721030045
1 0.019313304721030045
7 0.015021459227467811
3 0.015021459227467811
8 0.01072961373390558
doc : 29
3 0.5180505415162455
7 0.1371841155234657
1 0.09927797833935019
9 0.09025270758122744
4 0.04693140794223827
2 0.03790613718411553
8 0.023465703971119134
6 0.019855595667870037
0 0.01624548736462094
5 0.010830324909747294
doc : 30
8 0.642626480086114
3 0.14747039827771796
9 0.03982777179763186
0 0.035522066738428414
5 0.03121636167922497
4 0.027987082884822385
1 0.023681377825618945
7 0.02260495156081808
2 0.02152852529601722
6 0.007534983853606027
doc : 31
9 0.9173272933182334
4 0.013590033975084938
1 0.01245753114382786
7 0.010192525481313703
2 0.010192525481313703
8 0.007927519818799548
6 0.007927519818799548
3 0.007927519818799548
0 0.006795016987542469
5 0.005662514156285391
doc : 32
4 0.6886792452830189
9 0.08176100628930819
2 0.03459119496855346
1 0.031446540880503145
8 0.02830188679245283
7 0.02830188679245283
6 0.02830188679245283
3 0.02830188679245283
5 0.025157232704402517
0 0.025157232704402517
doc : 33
1 0.33941605839416056
3 0.33211678832116787
9 0.12043795620437955
7 0.040145985401459854
4 0.040145985401459854
2 0.0364963503649635
6 0.029197080291970802
8 0.021897810218978103
0 0.021897810218978103
5 0.01824817518248175
doc : 34
2 0.7624633431085044
3 0.03519061583577712
0 0.03225806451612903
9 0.02932551319648094
7 0.026392961876832845
6 0.026392961876832845
8 0.02346041055718475
4 0.02346041055718475
1 0.02346041055718475
5 0.01759530791788856
doc : 35
3 0.6376811594202899
9 0.08281573498964803
4 0.04968944099378882
5 0.04554865424430642
8 0.041407867494824016
1 0.037267080745341616
0 0.031055900621118016
2 0.026915113871635612
7 0.02484472049689441
6 0.02277432712215321
doc : 36
5 0.404
8 0.268
4 0.076
9 0.048
2 0.048
0 0.048
7 0.036000000000000004
6 0.024
3 0.024
1 0.024
doc : 37
5 0.6324435318275154
8 0.16221765913757702
2 0.049281314168377825
9 0.03285420944558522
4 0.026694045174537988
3 0.024640657084188913
0 0.024640657084188913
7 0.02053388090349076
1 0.014373716632443533
6 0.012320328542094456
doc : 38
1 0.8960817717206133
5 0.015332197614991482
3 0.015332197614991482
6 0.01192504258943782
4 0.01192504258943782
9 0.010221465076660989
8 0.010221465076660989
7 0.010221465076660989
2 0.010221465076660989
0 0.008517887563884156
doc : 39
8 0.6201780415430267
2 0.1543026706231454
5 0.05341246290801187
1 0.04154302670623146
9 0.026706231454005934
0 0.02373887240356083
7 0.02077151335311573
6 0.02077151335311573
3 0.02077151335311573
4 0.017804154302670624
doc : 40
1 0.8945578231292517
3 0.017006802721088433
7 0.015306122448979591
2 0.015306122448979591
8 0.011904761904761904
9 0.01020408163265306
6 0.01020408163265306
5 0.008503401360544217
4 0.008503401360544217
0 0.008503401360544217
doc : 41
5 0.7415254237288136
1 0.0423728813559322
4 0.03389830508474576
9 0.029661016949152543
8 0.029661016949152543
3 0.029661016949152543
0 0.029661016949152543
7 0.0211864406779661
6 0.0211864406779661
2 0.0211864406779661
doc : 42
5 0.7796610169491526
2 0.03389830508474576
9 0.025423728813559324
3 0.025423728813559324
1 0.025423728813559324
0 0.025423728813559324
8 0.0211864406779661
7 0.0211864406779661
6 0.0211864406779661
4 0.0211864406779661
doc : 43
4 0.7517241379310344
9 0.06896551724137931
3 0.03218390804597701
0 0.029885057471264367
8 0.027586206896551724
7 0.022988505747126436
6 0.01839080459770115
1 0.01839080459770115
5 0.016091954022988506
2 0.013793103448275862
doc : 44
8 0.5798525798525799
0 0.12530712530712532
9 0.07371007371007371
2 0.04914004914004914
7 0.036855036855036855
4 0.036855036855036855
3 0.03194103194103194
5 0.029484029484029485
1 0.022113022113022112
6 0.014742014742014743
doc : 45
1 0.34814814814814815
9 0.21481481481481482
8 0.1
0 0.08148148148148149
4 0.07407407407407407
3 0.05555555555555556
5 0.044444444444444446
2 0.040740740740740744
7 0.022222222222222223
6 0.018518518518518517
doc : 46
2 0.7591623036649215
4 0.04712041884816754
8 0.03926701570680628
1 0.03141361256544503
0 0.02356020942408377
9 0.020942408376963352
7 0.020942408376963352
3 0.020942408376963352
6 0.018324607329842934
5 0.018324607329842934
doc : 47
0 0.8308026030368764
4 0.02819956616052061
9 0.026030368763557486
2 0.021691973969631236
1 0.019522776572668113
8 0.01735357917570499
7 0.01735357917570499
5 0.015184381778741866
3 0.013015184381778743
6 0.010845986984815618
doc : 48
0 0.8201970443349754
4 0.04187192118226601
8 0.019704433497536946
5 0.019704433497536946
3 0.019704433497536946
9 0.017241379310344827
6 0.017241379310344827
1 0.017241379310344827
7 0.014778325123152709
2 0.012315270935960592
doc : 49
0 0.7048346055979644
9 0.06361323155216285
7 0.04580152671755726
3 0.04071246819338423
2 0.033078880407124686
4 0.03053435114503817
8 0.025445292620865142
1 0.025445292620865142
5 0.017811704834605598
6 0.012722646310432571
