doc : 0
0 0.7966903073286051
8 0.0591016548463357
5 0.030732860520094562
2 0.02127659574468085
7 0.016548463356973995
4 0.016548463356973995
1 0.016548463356973995
9 0.014184397163120567
6 0.014184397163120567
3 0.014184397163120567
doc : 1
0 0.5213379469434833
8 0.2560553633217993
6 0.10265282583621685
5 0.032295271049596314
7 0.0265282583621684
2 0.02306805074971165
3 0.011534025374855825
1 0.011534025374855825
4 0.008073817762399078
9 0.006920415224913495
doc : 2
1 0.13953488372093023
8 0.12790697674418605
0 0.11627906976744186
6 0.10465116279069767
5 0.10465116279069767
4 0.10465116279069767
9 0.08139534883720931
3 0.08139534883720931
7 0.06976744186046512
2 0.06976744186046512
doc : 3
7 0.6167023554603854
8 0.18308351177730195
0 0.0417558886509636
5 0.03961456102783726
6 0.029978586723768737
9 0.022483940042826552
1 0.022483940042826552
4 0.017130620985010708
2 0.0139186295503212
3 0.01284796573875803
doc : 4
7 0.5198412698412698
8 0.2628968253968254
6 0.05952380952380952
5 0.050595238095238096
0 0.03373015873015873
9 0.022817460317460316
2 0.016865079365079364
1 0.01488095238095238
3 0.011904761904761904
4 0.006944444444444444
doc : 5
9 0.7055961070559611
8 0.1362530413625304
4 0.024330900243309004
0 0.024330900243309004
7 0.021897810218978103
5 0.021897810218978103
1 0.019464720194647202
6 0.0170316301703163
2 0.0170316301703163
3 0.012165450121654502
doc : 6
8 0.5107913669064749
0 0.08992805755395684
7 0.0683453237410072
2 0.0683453237410072
6 0.06474820143884892
5 0.05755395683453238
1 0.05035971223021583
9 0.03237410071942446
3 0.03237410071942446
4 0.025179856115107917
doc : 7
1 0.16279069767441862
8 0.13953488372093023
7 0.10465116279069767
5 0.10465116279069767
0 0.10465116279069767
9 0.09302325581395349
6 0.08139534883720931
3 0.08139534883720931
2 0.06976744186046512
4 0.05813953488372093
doc : 8
2 0.7953861584754263
8 0.11434302908726178
6 0.019558676028084254
9 0.0160481444332999
5 0.015045135406218655
1 0.009528585757271816
3 0.009027081243731194
7 0.00802407221664995
0 0.007522567703109328
4 0.005516549648946841
doc : 9
8 0.5218508997429305
2 0.10282776349614395
9 0.07455012853470437
5 0.07455012853470437
7 0.06426735218508997
0 0.05912596401028277
1 0.04113110539845758
3 0.030848329048843187
4 0.01799485861182519
6 0.012853470437017993
doc : 10
4 0.9082931110136024
0 0.059675296182536204
8 0.006581834137779728
2 0.004387889425186486
9 0.003949100482667837
7 0.0035103115401491883
6 0.0035103115401491883
5 0.0035103115401491883
1 0.0035103115401491883
3 0.00307152259763054
doc : 11
4 0.9501385041551246
0 0.013388734995383194
8 0.0110803324099723
2 0.0046168051708217915
7 0.004155124653739612
9 0.003693444136657433
6 0.003693444136657433
5 0.003231763619575254
1 0.003231763619575254
3 0.002770083102493075
doc : 12
7 0.33587786259541985
8 0.2900763358778626
2 0.0648854961832061
9 0.061068702290076333
5 0.061068702290076333
3 0.05343511450381679
1 0.04961832061068702
6 0.04198473282442748
0 0.022900763358778626
4 0.019083969465648856
doc : 13
8 0.43083003952569165
9 0.19367588932806323
3 0.07905138339920947
2 0.05533596837944664
5 0.05138339920948616
4 0.05138339920948616
0 0.043478260869565216
1 0.035573122529644265
7 0.03162055335968379
6 0.02766798418972332
doc : 14
1 0.3785488958990536
7 0.17981072555205047
8 0.13249211356466878
9 0.10410094637223974
5 0.0473186119873817
3 0.044164037854889586
2 0.04100946372239748
4 0.028391167192429023
0 0.025236593059936908
6 0.01892744479495268
doc : 15
3 0.788594470046083
1 0.11635944700460829
9 0.017857142857142856
4 0.016705069124423964
7 0.016129032258064516
6 0.014976958525345621
8 0.010368663594470046
5 0.008064516129032258
0 0.006912442396313364
2 0.004032258064516129
doc : 16
1 0.5099337748344371
3 0.152317880794702
7 0.08278145695364239
4 0.056291390728476824
2 0.04966887417218543
9 0.04304635761589404
5 0.029801324503311258
6 0.026490066225165563
0 0.026490066225165563
8 0.023178807947019868
doc : 17
7 0.5457413249211356
8 0.11356466876971609
1 0.0946372239747634
5 0.056782334384858045
9 0.0473186119873817
2 0.03785488958990536
3 0.031545741324921134
0 0.031545741324921134
6 0.025236593059936908
4 0.015772870662460567
doc : 18
6 0.6015338446148716
0 0.15971990663554517
8 0.14871623874624873
2 0.02434144714904968
5 0.01833944648216072
9 0.014004668222740912
7 0.012670890296765588
4 0.0073357785928642874
1 0.007002334111370456
3 0.006335445148382794
doc : 19
9 0.1
8 0.1
7 0.1
6 0.1
5 0.1
4 0.1
3 0.1
2 0.1
1 0.1
0 0.1
doc : 20
0 0.7372654155495979
9 0.06970509383378017
1 0.040214477211796246
5 0.036193029490616625
2 0.02680965147453083
3 0.02412868632707775
8 0.021447721179624665
7 0.020107238605898123
6 0.012064343163538875
4 0.012064343163538875
doc : 21
7 0.6801075268817205
1 0.10215053763440861
9 0.0456989247311828
5 0.03494623655913979
3 0.03225806451612903
0 0.03225806451612903
8 0.021505376344086023
4 0.021505376344086023
6 0.016129032258064516
2 0.013440860215053765
doc : 22
9 0.749003984063745
2 0.04780876494023904
4 0.03585657370517928
8 0.03187250996015936
7 0.02390438247011952
6 0.02390438247011952
5 0.02390438247011952
3 0.02390438247011952
1 0.0199203187250996
0 0.0199203187250996
doc : 23
9 0.737012987012987
2 0.04220779220779221
8 0.03571428571428572
1 0.03246753246753247
5 0.029220779220779224
4 0.029220779220779224
3 0.029220779220779224
7 0.022727272727272728
6 0.022727272727272728
0 0.01948051948051948
doc : 24
5 0.6861471861471862
8 0.06926406926406926
7 0.05627705627705628
0 0.05411255411255411
9 0.032467532467532464
1 0.030303030303030304
6 0.023809523809523808
4 0.017316017316017316
3 0.015151515151515152
2 0.015151515151515152
doc : 25
8 0.8342541436464088
0 0.05156537753222836
2 0.022099447513812154
1 0.01841620626151013
9 0.016574585635359115
7 0.01289134438305709
4 0.01289134438305709
3 0.01289134438305709
6 0.009208103130755065
5 0.009208103130755065
doc : 26
8 0.8354661791590493
0 0.056672760511883
1 0.02010968921389397
2 0.018281535648994516
9 0.012797074954296161
7 0.012797074954296161
4 0.012797074954296161
6 0.010968921389396709
3 0.010968921389396709
5 0.009140767824497258
doc : 27
5 0.7469287469287469
0 0.05405405405405405
8 0.04668304668304668
7 0.029484029484029485
1 0.027027027027027025
4 0.02457002457002457
2 0.022113022113022112
9 0.019656019656019656
6 0.014742014742014743
3 0.014742014742014743
doc : 28
7 0.32323232323232326
9 0.11111111111111112
8 0.11111111111111112
5 0.09090909090909091
4 0.07070707070707072
1 0.07070707070707072
3 0.06060606060606061
2 0.06060606060606061
6 0.05050505050505051
0 0.05050505050505051
doc : 29
7 0.5271317829457365
2 0.1421188630490956
5 0.06201550387596899
9 0.05426356589147287
1 0.04909560723514212
6 0.03875968992248062
3 0.03875968992248062
4 0.03617571059431525
8 0.02583979328165375
0 0.02583979328165375
doc : 30
0 0.6877729257641921
8 0.15065502183406113
6 0.03275109170305677
5 0.021834061135371178
2 0.021834061135371178
9 0.01965065502183406
7 0.01965065502183406
4 0.01965065502183406
3 0.013100436681222707
1 0.013100436681222707
doc : 31
3 0.8569105691056911
9 0.03577235772357724
8 0.022764227642276424
1 0.01951219512195122
5 0.014634146341463414
4 0.014634146341463414
7 0.00975609756097561
6 0.00975609756097561
2 0.008130081300813007
0 0.008130081300813007
doc : 32
9 0.6536248561565017
8 0.14499424626006904
5 0.06098964326812428
3 0.0333716915995397
2 0.028768699654775604
0 0.02186421173762946
7 0.019562715765247412
6 0.019562715765247412
1 0.010356731875719217
4 0.006904487917146145
doc : 33
1 0.38636363636363635
7 0.13636363636363635
8 0.12727272727272726
5 0.06363636363636363
0 0.05909090909090909
6 0.05454545454545454
2 0.05454545454545454
9 0.049999999999999996
3 0.04090909090909091
4 0.02727272727272727
doc : 34
6 0.897982062780269
3 0.028026905829596414
5 0.01233183856502242
1 0.011210762331838564
7 0.010089686098654708
2 0.010089686098654708
9 0.008968609865470852
4 0.007847533632286996
0 0.007847533632286996
8 0.005605381165919282
doc : 35
5 0.6859296482412061
8 0.09045226130653267
7 0.052763819095477386
2 0.05025125628140704
9 0.02763819095477387
6 0.022613065326633167
1 0.020100502512562814
0 0.020100502512562814
4 0.01507537688442211
3 0.01507537688442211
doc : 36
5 0.748
9 0.032
8 0.032
3 0.032
1 0.032
7 0.028
6 0.024
4 0.024
2 0.024
0 0.024
doc : 37
2 0.6654099905749293
7 0.12629594721960413
9 0.0527803958529689
8 0.05089538171536286
5 0.03110273327049953
1 0.021677662582469368
0 0.01885014137606032
6 0.017907634307257305
3 0.008482563619227144
4 0.006597549481621112
doc : 38
0 0.6483050847457628
8 0.0847457627118644
4 0.05084745762711865
7 0.038135593220338986
2 0.038135593220338986
6 0.03389830508474576
3 0.029661016949152543
1 0.029661016949152543
5 0.025423728813559324
9 0.0211864406779661
doc : 39
0 0.7955271565495208
8 0.08466453674121405
7 0.020766773162939296
6 0.01757188498402556
2 0.01757188498402556
9 0.01597444089456869
4 0.01597444089456869
5 0.012779552715654952
3 0.009584664536741214
1 0.009584664536741214
doc : 40
1 0.5819672131147541
9 0.05737704918032787
7 0.05737704918032787
8 0.05327868852459017
6 0.05327868852459017
3 0.04918032786885246
4 0.045081967213114756
5 0.04098360655737705
0 0.04098360655737705
2 0.020491803278688527
doc : 41
0 0.2205128205128205
8 0.2
1 0.14871794871794872
7 0.09743589743589744
4 0.08717948717948718
3 0.07179487179487179
2 0.05641025641025641
9 0.046153846153846156
6 0.035897435897435895
5 0.035897435897435895
doc : 42
5 0.7229299363057325
8 0.0732484076433121
1 0.03503184713375796
2 0.03184713375796178
6 0.028662420382165606
9 0.025477707006369428
3 0.025477707006369428
7 0.02229299363057325
0 0.019108280254777073
4 0.01592356687898089
doc : 43
7 0.36180904522613067
0 0.17587939698492464
8 0.12060301507537688
2 0.07035175879396985
9 0.06532663316582915
1 0.06532663316582915
5 0.04522613065326633
6 0.035175879396984924
3 0.035175879396984924
4 0.02512562814070352
doc : 44
1 0.8854282536151279
4 0.017797552836484983
9 0.014460511679644048
3 0.014460511679644048
8 0.013348164627363737
0 0.013348164627363737
6 0.012235817575083427
7 0.010011123470522803
2 0.010011123470522803
5 0.008898776418242492
doc : 45
8 0.39097744360902253
9 0.12781954887218044
3 0.10526315789473684
7 0.06766917293233082
5 0.06766917293233082
0 0.06766917293233082
2 0.05263157894736842
4 0.045112781954887216
6 0.03759398496240601
1 0.03759398496240601
doc : 46
9 0.1
8 0.1
7 0.1
6 0.1
5 0.1
4 0.1
3 0.1
2 0.1
1 0.1
0 0.1
doc : 47
4 0.8272884283246977
8 0.03281519861830742
1 0.02245250431778929
0 0.02245250431778929
7 0.020725388601036267
3 0.017271157167530225
9 0.015544041450777202
2 0.015544041450777202
5 0.013816925734024179
6 0.012089810017271156
doc : 48
4 0.8501070663811564
1 0.032119914346895075
7 0.019271948608137045
6 0.019271948608137045
8 0.017130620985010708
9 0.014989293361884369
3 0.01284796573875803
0 0.01284796573875803
5 0.010706638115631693
2 0.010706638115631693
doc : 49
4 0.8461538461538463
9 0.023504273504273508
7 0.023504273504273508
1 0.021367521367521368
0 0.021367521367521368
5 0.01495726495726496
8 0.012820512820512822
6 0.012820512820512822
3 0.012820512820512822
2 0.010683760683760684
