doc : 0
2 0.8248337028824834
8 0.031042128603104215
4 0.024390243902439025
3 0.022172949002217293
9 0.019955654101995565
7 0.017738359201773836
5 0.017738359201773836
1 0.017738359201773836
6 0.013303769401330377
0 0.011086474501108647
doc : 1
2 0.8344988344988346
8 0.027972027972027972
3 0.02564102564102564
7 0.018648018648018648
4 0.018648018648018648
6 0.016317016317016316
5 0.016317016317016316
0 0.016317016317016316
1 0.013986013986013986
9 0.011655011655011656
doc : 2
2 0.751937984496124
9 0.06395348837209303
0 0.03488372093023256
4 0.029069767441860465
5 0.027131782945736434
3 0.027131782945736434
8 0.023255813953488372
1 0.01744186046511628
7 0.013565891472868217
6 0.011627906976744186
doc : 3
2 0.7824074074074073
3 0.06018518518518518
7 0.032407407407407406
8 0.023148148148148147
1 0.023148148148148147
5 0.020833333333333332
6 0.016203703703703703
9 0.013888888888888888
4 0.013888888888888888
0 0.013888888888888888
doc : 4
2 0.8468271334792122
3 0.024070021881838072
5 0.02188183807439825
7 0.019693654266958426
8 0.0175054704595186
1 0.0175054704595186
0 0.0175054704595186
6 0.01312910284463895
9 0.010940919037199124
4 0.010940919037199124
doc : 5
2 0.8288288288288288
3 0.038288288288288286
5 0.02252252252252252
9 0.018018018018018018
1 0.018018018018018018
7 0.015765765765765764
6 0.015765765765765764
4 0.015765765765765764
8 0.013513513513513514
0 0.013513513513513514
doc : 6
2 0.7696737044145873
0 0.08061420345489444
4 0.03262955854126679
3 0.02111324376199616
1 0.019193857965451054
9 0.01727447216890595
8 0.01727447216890595
5 0.01727447216890595
6 0.013435700575815739
7 0.011516314779270634
doc : 7
0 0.5495495495495496
7 0.08408408408408408
4 0.07807807807807808
3 0.07507507507507508
2 0.05405405405405406
1 0.05105105105105105
8 0.036036036036036036
5 0.03303303303303303
6 0.02102102102102102
9 0.018018018018018018
doc : 8
7 0.3488372093023256
8 0.09302325581395349
6 0.08139534883720931
0 0.08139534883720931
9 0.06976744186046512
4 0.06976744186046512
3 0.06976744186046512
1 0.06976744186046512
5 0.05813953488372093
2 0.05813953488372093
doc : 9
8 0.7077464788732395
1 0.1028169014084507
4 0.08028169014084507
7 0.036619718309859155
2 0.016901408450704227
0 0.016901408450704227
5 0.013380281690140846
9 0.011971830985915494
3 0.007746478873239437
6 0.005633802816901409
doc : 10
2 0.7807692307692308
0 0.0826923076923077
4 0.038461538461538464
5 0.021153846153846155
1 0.021153846153846155
9 0.011538461538461539
8 0.011538461538461539
7 0.011538461538461539
3 0.011538461538461539
6 0.009615384615384616
doc : 11
2 0.8102678571428571
3 0.04464285714285714
7 0.026785714285714284
5 0.026785714285714284
1 0.020089285714285712
8 0.015625
4 0.015625
0 0.015625
6 0.013392857142857142
9 0.011160714285714284
doc : 12
2 0.8276595744680851
3 0.05319148936170213
8 0.019148936170212766
9 0.01702127659574468
7 0.01702127659574468
5 0.014893617021276596
0 0.014893617021276596
4 0.012765957446808512
1 0.012765957446808512
6 0.010638297872340425
doc : 13
7 0.9125248508946322
8 0.013253810470510271
9 0.011928429423459244
1 0.01126573889993373
5 0.010603048376408217
4 0.010603048376408217
2 0.009940357852882704
6 0.008614976805831677
3 0.005964214711729622
0 0.005301524188204109
doc : 14
7 0.9356223175965666
2 0.011444921316165951
1 0.008583690987124463
9 0.00715307582260372
4 0.00715307582260372
6 0.006437768240343348
3 0.006437768240343348
8 0.005722460658082976
5 0.005722460658082976
0 0.005722460658082976
doc : 15
5 0.7804878048780488
8 0.03547671840354767
7 0.03325942350332594
4 0.024390243902439025
2 0.024390243902439025
0 0.024390243902439025
6 0.022172949002217293
3 0.022172949002217293
1 0.019955654101995565
9 0.013303769401330377
doc : 16
3 0.924698795180723
2 0.014307228915662652
0 0.014307228915662652
5 0.01280120481927711
4 0.011295180722891566
7 0.007530120481927711
9 0.0037650602409638554
8 0.0037650602409638554
6 0.0037650602409638554
1 0.0037650602409638554
doc : 17
5 0.32870370370370366
1 0.14351851851851852
8 0.09722222222222221
7 0.08796296296296297
3 0.07870370370370369
6 0.06944444444444445
0 0.06481481481481481
4 0.05092592592592592
9 0.041666666666666664
2 0.037037037037037035
doc : 18
9 0.8461538461538461
3 0.048494983277591976
2 0.026755852842809364
7 0.018394648829431436
1 0.013377926421404682
4 0.011705685618729096
5 0.010033444816053512
8 0.008361204013377926
6 0.008361204013377926
0 0.008361204013377926
doc : 19
1 0.6088117489986649
8 0.15086782376502003
7 0.0787716955941255
9 0.04806408544726302
0 0.03337783711615487
2 0.022696929238985312
4 0.018691588785046728
5 0.016021361815754337
6 0.01335113484646195
3 0.009345794392523364
doc : 20
5 0.484118291347207
3 0.2683461117196057
7 0.12595837897042717
9 0.025191675794085433
6 0.0208105147864184
1 0.0208105147864184
0 0.01971522453450164
8 0.014238773274917852
2 0.014238773274917852
4 0.0065717415115005475
doc : 21
7 0.313953488372093
0 0.11627906976744186
8 0.09302325581395349
2 0.08139534883720931
9 0.06976744186046512
6 0.06976744186046512
4 0.06976744186046512
3 0.06976744186046512
5 0.05813953488372093
1 0.05813953488372093
doc : 22
3 0.8134328358208955
0 0.05223880597014925
7 0.026119402985074626
5 0.020522388059701493
9 0.016791044776119403
8 0.016791044776119403
6 0.016791044776119403
4 0.013059701492537313
2 0.013059701492537313
1 0.011194029850746268
doc : 23
5 0.25133689839572193
2 0.21390374331550802
4 0.1657754010695187
1 0.0748663101604278
7 0.06951871657754011
6 0.053475935828877004
0 0.053475935828877004
9 0.0427807486631016
3 0.0427807486631016
8 0.0320855614973262
doc : 24
5 0.7705627705627706
2 0.03463203463203463
8 0.030303030303030304
0 0.030303030303030304
1 0.025974025974025976
9 0.021645021645021644
7 0.021645021645021644
6 0.021645021645021644
4 0.021645021645021644
3 0.021645021645021644
doc : 25
1 0.27450980392156865
7 0.2
8 0.11764705882352941
9 0.09411764705882353
6 0.07058823529411765
5 0.058823529411764705
0 0.058823529411764705
4 0.054901960784313725
3 0.03529411764705882
2 0.03529411764705882
doc : 26
4 0.7801008303677344
8 0.117141162514828
3 0.04418742586002373
0 0.034104389086595494
1 0.008303677342823251
2 0.0050415183867141165
7 0.00430011862396204
5 0.0034104389086595495
6 0.002372479240806643
9 0.0010379596678529064
doc : 27
1 0.3412969283276451
5 0.21843003412969283
6 0.11945392491467577
0 0.09215017064846416
9 0.07508532423208192
8 0.051194539249146756
7 0.034129692832764506
4 0.027303754266211604
2 0.023890784982935155
3 0.017064846416382253
doc : 28
0 0.5555555555555556
2 0.1002710027100271
9 0.0948509485094851
5 0.07046070460704607
3 0.04607046070460705
8 0.03252032520325203
7 0.03252032520325203
1 0.02710027100271003
6 0.02168021680216802
4 0.018970189701897018
doc : 29
1 0.8763250883392226
8 0.030035335689045935
5 0.015901060070671377
3 0.015901060070671377
0 0.014134275618374558
7 0.012367491166077738
9 0.0088339222614841
6 0.0088339222614841
4 0.0088339222614841
2 0.0088339222614841
doc : 30
2 0.799249530956848
3 0.07317073170731707
5 0.0225140712945591
1 0.020637898686679174
8 0.01876172607879925
9 0.0150093808630394
0 0.0150093808630394
6 0.013133208255159474
7 0.01125703564727955
4 0.01125703564727955
doc : 31
2 0.810546875
3 0.06640625
5 0.01953125
4 0.01953125
8 0.017578125
6 0.015625
9 0.013671875
1 0.013671875
7 0.01171875
0 0.01171875
doc : 32
0 0.6269315673289183
1 0.08388520971302428
3 0.06622516556291391
9 0.04856512141280353
2 0.03532008830022075
4 0.030905077262693155
7 0.02869757174392936
5 0.02869757174392936
8 0.026490066225165563
6 0.024282560706401765
doc : 33
9 0.8899253731343283
1 0.018656716417910446
5 0.016791044776119403
8 0.013059701492537313
6 0.011194029850746268
4 0.011194029850746268
0 0.011194029850746268
7 0.009328358208955223
3 0.009328358208955223
2 0.009328358208955223
doc : 34
9 0.8833034111310593
4 0.01974865350089767
2 0.01436265709156194
8 0.012567324955116697
7 0.012567324955116697
5 0.012567324955116697
1 0.012567324955116697
0 0.012567324955116697
3 0.010771992818671455
6 0.008976660682226212
doc : 35
1 0.21088435374149658
0 0.19047619047619047
5 0.1292517006802721
2 0.11564625850340135
8 0.08163265306122448
7 0.07482993197278912
9 0.061224489795918366
4 0.05442176870748299
6 0.047619047619047616
3 0.03401360544217687
doc : 36
1 0.7888386123680242
7 0.06485671191553545
9 0.03469079939668175
5 0.025641025641025644
2 0.021116138763197588
8 0.01809954751131222
0 0.015082956259426848
6 0.013574660633484163
3 0.010558069381598794
4 0.007541478129713424
doc : 37
6 0.8404669260700389
1 0.027237354085603113
3 0.02529182879377432
2 0.023346303501945526
9 0.017509727626459144
7 0.017509727626459144
0 0.01556420233463035
8 0.013618677042801557
5 0.009727626459143969
4 0.009727626459143969
doc : 38
1 0.5847619047619048
6 0.17333333333333334
7 0.07047619047619047
5 0.06285714285714286
4 0.022857142857142857
2 0.022857142857142857
9 0.017142857142857144
8 0.017142857142857144
3 0.017142857142857144
0 0.011428571428571429
doc : 39
2 0.73
3 0.154
7 0.024
4 0.018000000000000002
9 0.014
0 0.014
8 0.012
6 0.012
5 0.012
1 0.01
doc : 40
2 0.7933333333333333
0 0.04666666666666667
5 0.03333333333333333
1 0.03333333333333333
3 0.028888888888888888
9 0.015555555555555555
8 0.013333333333333332
7 0.013333333333333332
6 0.011111111111111112
4 0.011111111111111112
doc : 41
2 0.7246127366609294
3 0.16867469879518074
6 0.01549053356282272
4 0.01549053356282272
9 0.013769363166953529
7 0.013769363166953529
8 0.012048192771084338
5 0.012048192771084338
1 0.012048192771084338
0 0.012048192771084338
doc : 42
6 0.7898758357211079
0 0.13419293218720152
1 0.014804202483285577
8 0.012893982808022923
3 0.012416427889207259
9 0.010983763132760267
5 0.007640878701050621
4 0.007640878701050621
7 0.0057306590257879654
2 0.0038204393505253103
doc : 43
5 0.2323943661971831
3 0.2323943661971831
2 0.09859154929577466
9 0.09154929577464789
4 0.08450704225352113
7 0.06338028169014084
0 0.056338028169014086
8 0.04929577464788733
1 0.04929577464788733
6 0.04225352112676056
doc : 44
6 0.8468809073724007
3 0.030245746691871456
7 0.02457466918714556
1 0.020793950850661626
0 0.015122873345935728
8 0.013232514177693762
5 0.013232514177693762
2 0.013232514177693762
9 0.011342155009451797
4 0.011342155009451797
doc : 45
6 0.8294117647058823
7 0.0392156862745098
1 0.03725490196078431
8 0.01568627450980392
2 0.01568627450980392
5 0.013725490196078431
4 0.013725490196078431
0 0.013725490196078431
3 0.011764705882352941
9 0.00980392156862745
doc : 46
1 0.8811188811188811
8 0.018648018648018648
9 0.013986013986013986
6 0.013986013986013986
4 0.013986013986013986
7 0.011655011655011656
5 0.011655011655011656
3 0.011655011655011656
2 0.011655011655011656
0 0.011655011655011656
doc : 47
5 0.7792207792207793
2 0.030303030303030304
0 0.030303030303030304
8 0.025974025974025976
6 0.025974025974025976
9 0.021645021645021644
7 0.021645021645021644
4 0.021645021645021644
3 0.021645021645021644
1 0.021645021645021644
doc : 48
7 0.3372093023255814
0 0.11627906976744186
6 0.09302325581395349
4 0.09302325581395349
8 0.06976744186046512
9 0.05813953488372093
5 0.05813953488372093
3 0.05813953488372093
2 0.05813953488372093
1 0.05813953488372093
doc : 49
7 0.313953488372093
8 0.10465116279069767
0 0.10465116279069767
6 0.08139534883720931
9 0.06976744186046512
4 0.06976744186046512
3 0.06976744186046512
1 0.06976744186046512
5 0.05813953488372093
2 0.05813953488372093
