doc : 0
1 0.41860465116279066
4 0.08139534883720931
8 0.06976744186046512
7 0.06976744186046512
2 0.06976744186046512
9 0.05813953488372093
6 0.05813953488372093
5 0.05813953488372093
3 0.05813953488372093
0 0.05813953488372093
doc : 1
1 0.41860465116279066
8 0.06976744186046512
6 0.06976744186046512
4 0.06976744186046512
3 0.06976744186046512
0 0.06976744186046512
9 0.05813953488372093
7 0.05813953488372093
5 0.05813953488372093
2 0.05813953488372093
doc : 2
1 0.4069767441860465
9 0.06976744186046512
8 0.06976744186046512
7 0.06976744186046512
6 0.06976744186046512
4 0.06976744186046512
2 0.06976744186046512
5 0.05813953488372093
3 0.05813953488372093
0 0.05813953488372093
doc : 3
1 0.38372093023255816
6 0.09302325581395349
4 0.09302325581395349
3 0.06976744186046512
2 0.06976744186046512
9 0.05813953488372093
8 0.05813953488372093
7 0.05813953488372093
5 0.05813953488372093
0 0.05813953488372093
doc : 4
4 0.44285714285714284
1 0.2857142857142857
8 0.07714285714285714
0 0.04
7 0.03142857142857143
2 0.03142857142857143
3 0.02857142857142857
9 0.022857142857142857
6 0.02
5 0.02
doc : 5
0 0.6147540983606558
3 0.06557377049180328
6 0.06147540983606558
1 0.05327868852459017
8 0.04098360655737705
9 0.036885245901639344
2 0.036885245901639344
4 0.03278688524590164
7 0.028688524590163935
5 0.028688524590163935
doc : 6
8 0.6707317073170732
1 0.09146341463414634
9 0.05030487804878049
4 0.038109756097560975
3 0.03353658536585366
0 0.03201219512195122
7 0.027439024390243903
2 0.025914634146341466
6 0.01676829268292683
5 0.013719512195121951
doc : 7
6 0.8565217391304348
8 0.026086956521739132
9 0.02391304347826087
5 0.015217391304347827
4 0.015217391304347827
2 0.015217391304347827
3 0.013043478260869566
0 0.013043478260869566
7 0.010869565217391304
1 0.010869565217391304
doc : 8
2 0.3875968992248062
6 0.11627906976744186
1 0.09689922480620156
8 0.09302325581395349
4 0.06976744186046512
9 0.06589147286821706
0 0.06589147286821706
7 0.03875968992248062
3 0.03488372093023256
5 0.031007751937984496
doc : 9
0 0.6791044776119403
1 0.05970149253731343
8 0.048507462686567165
4 0.048507462686567165
9 0.03731343283582089
6 0.033582089552238806
3 0.026119402985074626
2 0.026119402985074626
5 0.022388059701492536
7 0.018656716417910446
doc : 10
9 0.45871559633027525
6 0.1437308868501529
8 0.14067278287461774
4 0.0581039755351682
3 0.04892966360856269
2 0.04281345565749235
7 0.03669724770642202
5 0.024464831804281346
0 0.024464831804281346
1 0.021406727828746176
doc : 11
2 0.31679389312977096
6 0.282442748091603
4 0.11832061068702289
7 0.061068702290076333
5 0.05343511450381679
3 0.05343511450381679
8 0.03435114503816794
1 0.030534351145038167
9 0.026717557251908396
0 0.022900763358778626
doc : 12
9 0.1
8 0.1
7 0.1
6 0.1
5 0.1
4 0.1
3 0.1
2 0.1
1 0.1
0 0.1
doc : 13
6 0.83451536643026
9 0.028368794326241134
2 0.028368794326241134
4 0.018912529550827423
0 0.018912529550827423
8 0.014184397163120567
7 0.014184397163120567
5 0.014184397163120567
3 0.014184397163120567
1 0.014184397163120567
doc : 14
6 0.7482993197278911
8 0.07346938775510203
2 0.053061224489795916
3 0.03537414965986394
5 0.01768707482993197
4 0.01768707482993197
0 0.014965986394557823
9 0.013605442176870748
1 0.013605442176870748
7 0.012244897959183673
doc : 15
2 0.5683890577507599
3 0.10638297872340426
7 0.05167173252279635
0 0.0486322188449848
8 0.04559270516717325
6 0.03951367781155015
9 0.0364741641337386
4 0.0364741641337386
1 0.0364741641337386
5 0.030395136778115502
doc : 16
2 0.4876847290640394
6 0.16748768472906403
7 0.059113300492610835
4 0.059113300492610835
8 0.04926108374384237
1 0.04433497536945813
9 0.034482758620689655
3 0.034482758620689655
0 0.034482758620689655
5 0.029556650246305417
doc : 17
5 0.950952380952381
6 0.010476190476190476
2 0.010476190476190476
8 0.006666666666666666
9 0.004285714285714286
7 0.004285714285714286
4 0.0038095238095238095
3 0.003333333333333333
1 0.002857142857142857
0 0.002857142857142857
doc : 18
9 0.7176470588235293
2 0.07058823529411765
8 0.051764705882352935
4 0.03529411764705882
7 0.025882352941176467
3 0.025882352941176467
1 0.023529411764705882
0 0.018823529411764704
5 0.016470588235294115
6 0.014117647058823528
doc : 19
1 0.538135593220339
2 0.11440677966101695
6 0.059322033898305086
4 0.059322033898305086
0 0.059322033898305086
9 0.05508474576271186
8 0.038135593220338986
7 0.029661016949152543
5 0.025423728813559324
3 0.0211864406779661
doc : 20
2 0.4827586206896552
6 0.19704433497536947
4 0.06403940886699508
7 0.04926108374384237
3 0.04433497536945813
8 0.03940886699507389
5 0.034482758620689655
9 0.029556650246305417
1 0.029556650246305417
0 0.029556650246305417
doc : 21
6 0.8247191011235956
9 0.03370786516853933
3 0.02471910112359551
2 0.02471910112359551
8 0.017977528089887642
5 0.017977528089887642
7 0.015730337078651686
0 0.015730337078651686
4 0.01348314606741573
1 0.011235955056179777
doc : 22
4 0.808454425363276
2 0.04491413474240423
6 0.036988110964332896
3 0.021136063408190225
5 0.018494055482166448
8 0.017173051519154558
1 0.01453104359313078
9 0.013210039630118891
0 0.013210039630118891
7 0.011889035667107
doc : 23
9 0.6326219512195123
8 0.14481707317073172
6 0.05182926829268293
7 0.03048780487804878
0 0.028963414634146343
4 0.025914634146341466
2 0.025914634146341466
3 0.024390243902439025
5 0.019817073170731708
1 0.01524390243902439
doc : 24
9 0.7616766467065869
8 0.04790419161676647
0 0.041916167664670656
2 0.03952095808383233
4 0.032335329341317366
7 0.019161676646706587
3 0.019161676646706587
1 0.019161676646706587
6 0.013173652694610778
5 0.005988023952095809
doc : 25
1 0.7363636363636363
0 0.049999999999999996
7 0.04772727272727272
8 0.03409090909090909
4 0.029545454545454545
5 0.022727272727272728
2 0.022727272727272728
9 0.020454545454545454
6 0.01818181818181818
3 0.01818181818181818
doc : 26
2 0.7927382753403933
9 0.05597579425113464
5 0.027231467473524965
6 0.0226928895612708
7 0.02118003025718608
4 0.018154311649016642
8 0.01664145234493192
3 0.015128593040847202
1 0.015128593040847202
0 0.015128593040847202
doc : 27
4 0.3866171003717472
2 0.12639405204460966
6 0.08921933085501858
0 0.08178438661710037
1 0.07806691449814127
3 0.06691449814126393
8 0.055762081784386616
7 0.0483271375464684
9 0.04460966542750929
5 0.022304832713754646
doc : 28
2 0.7213740458015266
6 0.04961832061068702
3 0.04961832061068702
0 0.04198473282442748
7 0.030534351145038167
9 0.022900763358778626
8 0.022900763358778626
5 0.022900763358778626
4 0.019083969465648856
1 0.019083969465648856
doc : 29
2 0.5406360424028268
6 0.17667844522968199
9 0.045936395759717315
4 0.045936395759717315
7 0.038869257950530034
3 0.038869257950530034
1 0.03180212014134275
8 0.028268551236749116
0 0.028268551236749116
5 0.024734982332155476
doc : 30
0 0.8092105263157894
4 0.029605263157894735
7 0.02631578947368421
9 0.023026315789473683
8 0.019736842105263157
5 0.019736842105263157
3 0.019736842105263157
2 0.019736842105263157
6 0.01644736842105263
1 0.01644736842105263
doc : 31
7 0.14705882352941177
4 0.1323529411764706
0 0.11764705882352941
8 0.10294117647058823
2 0.10294117647058823
1 0.10294117647058823
9 0.07352941176470588
6 0.07352941176470588
5 0.07352941176470588
3 0.07352941176470588
doc : 32
4 0.14705882352941177
5 0.11764705882352941
2 0.11764705882352941
0 0.11764705882352941
1 0.10294117647058823
8 0.08823529411764705
7 0.08823529411764705
9 0.07352941176470588
6 0.07352941176470588
3 0.07352941176470588
doc : 33
8 0.1323529411764706
7 0.1323529411764706
0 0.1323529411764706
3 0.11764705882352941
4 0.10294117647058823
1 0.08823529411764705
9 0.07352941176470588
6 0.07352941176470588
5 0.07352941176470588
2 0.07352941176470588
doc : 34
2 0.6381322957198443
3 0.07976653696498054
6 0.07392996108949416
4 0.07003891050583658
9 0.038910505836575876
1 0.03501945525291829
8 0.019455252918287938
0 0.017509727626459144
5 0.01556420233463035
7 0.011673151750972763
doc : 35
2 0.29508196721311475
6 0.2857142857142857
8 0.12177985948477751
0 0.07494145199063232
9 0.05620608899297424
3 0.04215456674473068
1 0.04215456674473068
4 0.0351288056206089
7 0.03044496487119438
5 0.01639344262295082
doc : 36
9 0.1
8 0.1
7 0.1
6 0.1
5 0.1
4 0.1
3 0.1
2 0.1
1 0.1
0 0.1
doc : 37
0 0.4166666666666667
7 0.14583333333333334
8 0.09166666666666666
4 0.07916666666666666
9 0.075
3 0.05416666666666667
2 0.04583333333333333
1 0.0375
6 0.029166666666666667
5 0.025
doc : 38
1 0.38372093023255816
3 0.08139534883720931
2 0.08139534883720931
0 0.08139534883720931
6 0.06976744186046512
4 0.06976744186046512
9 0.05813953488372093
8 0.05813953488372093
7 0.05813953488372093
5 0.05813953488372093
doc : 39
8 0.5234159779614325
9 0.22865013774104684
6 0.08264462809917356
2 0.03581267217630854
5 0.024793388429752067
4 0.024793388429752067
3 0.02203856749311295
7 0.01928374655647383
1 0.01928374655647383
0 0.01928374655647383
doc : 40
8 0.36101083032490977
9 0.23104693140794225
2 0.09747292418772563
3 0.08303249097472924
4 0.06859205776173286
7 0.039711191335740074
6 0.036101083032490974
5 0.02888086642599278
1 0.02888086642599278
0 0.025270758122743684
doc : 41
7 0.7714958775029446
5 0.08833922261484098
2 0.03180212014134275
3 0.024734982332155476
4 0.017667844522968195
8 0.015312131919905771
9 0.014134275618374558
1 0.014134275618374558
6 0.012956419316843343
0 0.009422850412249705
doc : 42
5 0.9417571569595261
2 0.019743336623889437
8 0.006416584402764066
6 0.00592300098716683
9 0.005429417571569595
3 0.005429417571569595
7 0.004935834155972359
4 0.004442250740375123
1 0.002961500493583415
0 0.002961500493583415
doc : 43
8 0.7330595482546202
9 0.053388090349075976
3 0.053388090349075976
6 0.049281314168377825
4 0.022587268993839837
1 0.022587268993839837
5 0.02053388090349076
2 0.01642710472279261
0 0.01642710472279261
7 0.012320328542094456
doc : 44
1 0.46511627906976744
6 0.09302325581395349
8 0.07906976744186046
2 0.07906976744186046
9 0.06511627906976744
0 0.06046511627906977
4 0.04186046511627907
3 0.04186046511627907
7 0.037209302325581395
5 0.037209302325581395
doc : 45
3 0.8325281803542673
2 0.05152979066022544
8 0.01932367149758454
5 0.017713365539452495
7 0.01610305958132045
4 0.01610305958132045
9 0.014492753623188406
6 0.014492753623188406
1 0.00966183574879227
0 0.008051529790660225
doc : 46
3 0.8349358974358974
2 0.041666666666666664
6 0.028846153846153844
4 0.019230769230769232
5 0.017628205128205128
7 0.014423076923076922
8 0.01282051282051282
1 0.01282051282051282
0 0.009615384615384616
9 0.008012820512820512
doc : 47
3 0.5561277033985582
2 0.09989701338825953
6 0.08753861997940267
4 0.07209062821833162
5 0.040164778578784754
1 0.03810504634397528
9 0.03089598352214212
7 0.03089598352214212
8 0.028836251287332644
0 0.01544799176107106
doc : 48
1 0.6511627906976745
8 0.05813953488372093
2 0.05426356589147287
7 0.04263565891472868
0 0.04263565891472868
6 0.03488372093023256
5 0.031007751937984496
4 0.031007751937984496
3 0.031007751937984496
9 0.023255813953488372
doc : 49
1 0.6987341772151899
4 0.05822784810126582
3 0.05063291139240506
6 0.04810126582278481
0 0.035443037974683546
8 0.03037974683544304
2 0.027848101265822784
9 0.020253164556962026
7 0.017721518987341773
5 0.012658227848101266
