doc : 0
5 0.27586206896551724
7 0.12931034482758622
6 0.10344827586206896
0 0.10344827586206896
2 0.08620689655172414
4 0.07758620689655173
1 0.06896551724137931
8 0.06034482758620689
3 0.05172413793103448
9 0.04310344827586207
doc : 1
8 0.7275494672754946
6 0.0943683409436834
5 0.0639269406392694
9 0.030441400304414
2 0.0197869101978691
7 0.0167427701674277
3 0.0136986301369863
4 0.0121765601217656
1 0.0121765601217656
0 0.0091324200913242
doc : 2
5 0.6375838926174496
1 0.053691275167785234
4 0.04697986577181208
2 0.04697986577181208
3 0.040268456375838924
0 0.040268456375838924
9 0.03355704697986577
8 0.03355704697986577
7 0.03355704697986577
6 0.03355704697986577
doc : 3
6 0.5871369294605809
5 0.16390041493775934
7 0.12448132780082988
2 0.04564315352697095
8 0.016597510373443983
4 0.014522821576763486
3 0.012448132780082988
1 0.012448132780082988
0 0.012448132780082988
9 0.01037344398340249
doc : 4
6 0.47093889716840537
8 0.18330849478390462
5 0.12518628912071536
2 0.12220566318926974
0 0.028315946348733235
7 0.02682563338301043
9 0.013412816691505215
3 0.011922503725782414
4 0.010432190760059613
1 0.007451564828614009
doc : 5
5 0.421875
6 0.140625
3 0.09375
2 0.0703125
8 0.0546875
7 0.046875
4 0.046875
1 0.046875
9 0.0390625
0 0.0390625
doc : 6
5 0.27053140096618356
8 0.22705314009661834
6 0.1400966183574879
2 0.1111111111111111
7 0.08212560386473429
3 0.05314009661835749
0 0.03864734299516908
4 0.02898550724637681
9 0.024154589371980676
1 0.024154589371980676
doc : 7
9 0.32666666666666666
3 0.22
7 0.08666666666666667
5 0.06666666666666667
0 0.06666666666666667
4 0.060000000000000005
1 0.060000000000000005
8 0.04
6 0.04
2 0.03333333333333333
doc : 8
2 0.8676470588235294
6 0.03200692041522491
7 0.026816608996539794
3 0.02422145328719723
5 0.014705882352941176
8 0.009515570934256055
4 0.00865051903114187
1 0.006920415224913495
0 0.005190311418685121
9 0.004325259515570935
doc : 9
1 0.8298969072164948
5 0.028350515463917526
6 0.020618556701030927
4 0.020618556701030927
3 0.020618556701030927
0 0.020618556701030927
2 0.01804123711340206
7 0.015463917525773196
9 0.01288659793814433
8 0.01288659793814433
doc : 10
6 0.359375
8 0.1640625
0 0.1015625
2 0.09375
7 0.06640625
5 0.06640625
1 0.046875
4 0.0390625
3 0.0390625
9 0.0234375
doc : 11
5 0.5169491525423728
3 0.07627118644067797
1 0.07627118644067797
4 0.059322033898305086
2 0.059322033898305086
9 0.0423728813559322
8 0.0423728813559322
7 0.0423728813559322
6 0.0423728813559322
0 0.0423728813559322
doc : 12
8 0.3869565217391304
5 0.20434782608695654
6 0.11739130434782609
7 0.07391304347826087
2 0.07391304347826087
3 0.043478260869565216
4 0.026086956521739132
1 0.026086956521739132
0 0.026086956521739132
9 0.021739130434782608
doc : 13
5 0.4385026737967914
8 0.18716577540106952
6 0.0909090909090909
3 0.0748663101604278
2 0.0481283422459893
7 0.0427807486631016
1 0.0320855614973262
0 0.0320855614973262
9 0.026737967914438502
4 0.026737967914438502
doc : 14
5 0.7031700288184437
8 0.07780979827089336
7 0.040345821325648415
3 0.037463976945244955
0 0.03170028818443804
4 0.02881844380403458
6 0.02593659942363112
1 0.023054755043227664
2 0.017291066282420747
9 0.01440922190201729
doc : 15
5 0.6171875
0 0.0546875
2 0.046875
1 0.046875
9 0.0390625
8 0.0390625
7 0.0390625
6 0.0390625
4 0.0390625
3 0.0390625
doc : 16
5 0.6464088397790055
0 0.055248618784530384
2 0.049723756906077346
9 0.03867403314917127
6 0.03867403314917127
1 0.03867403314917127
8 0.03314917127071823
7 0.03314917127071823
4 0.03314917127071823
3 0.03314917127071823
doc : 17
5 0.6015625
8 0.0546875
2 0.0546875
4 0.046875
1 0.046875
9 0.0390625
7 0.0390625
6 0.0390625
3 0.0390625
0 0.0390625
doc : 18
7 0.3214285714285714
5 0.2571428571428571
2 0.07142857142857142
8 0.06428571428571428
9 0.05714285714285714
1 0.05714285714285714
6 0.049999999999999996
3 0.04285714285714286
0 0.04285714285714286
4 0.03571428571428571
doc : 19
1 0.8247422680412371
5 0.03865979381443299
6 0.02577319587628866
4 0.020618556701030927
7 0.01804123711340206
9 0.015463917525773196
8 0.015463917525773196
3 0.015463917525773196
2 0.01288659793814433
0 0.01288659793814433
doc : 20
4 0.8852258852258852
1 0.018315018315018316
3 0.015873015873015872
6 0.014652014652014652
5 0.014652014652014652
8 0.01221001221001221
2 0.01221001221001221
9 0.010989010989010988
7 0.009768009768009768
0 0.006105006105006105
doc : 21
5 0.48623853211009177
2 0.07339449541284404
8 0.06422018348623854
4 0.06422018348623854
1 0.06422018348623854
7 0.05504587155963303
6 0.05504587155963303
9 0.045871559633027525
3 0.045871559633027525
0 0.045871559633027525
doc : 22
5 0.6012269938650306
8 0.06134969325153374
2 0.05521472392638037
6 0.049079754601226995
4 0.049079754601226995
3 0.04294478527607362
7 0.03680981595092025
1 0.03680981595092025
0 0.03680981595092025
9 0.03067484662576687
doc : 23
5 0.6122448979591837
4 0.06802721088435373
8 0.047619047619047616
7 0.047619047619047616
1 0.047619047619047616
6 0.04081632653061224
9 0.03401360544217687
3 0.03401360544217687
2 0.03401360544217687
0 0.03401360544217687
doc : 24
5 0.2463768115942029
7 0.11594202898550725
8 0.10144927536231885
2 0.08695652173913043
0 0.08695652173913043
9 0.07246376811594203
6 0.07246376811594203
4 0.07246376811594203
3 0.07246376811594203
1 0.07246376811594203
doc : 25
5 0.531578947368421
4 0.13157894736842105
3 0.05789473684210526
2 0.05263157894736842
1 0.04736842105263158
9 0.042105263157894736
6 0.042105263157894736
8 0.03684210526315789
0 0.031578947368421054
7 0.02631578947368421
doc : 26
2 0.8545119705340699
3 0.03376304481276857
6 0.025782688766114177
7 0.02025782688766114
9 0.016574585635359115
4 0.012891344383057089
5 0.012277470841006752
8 0.009821976672805401
0 0.007980356046654388
1 0.006138735420503376
doc : 27
1 0.7858719646799117
4 0.0640176600441501
5 0.030905077262693155
8 0.024282560706401765
9 0.019867549668874173
3 0.019867549668874173
7 0.015452538631346577
6 0.015452538631346577
0 0.013245033112582781
2 0.011037527593818985
doc : 28
9 0.5412541254125413
3 0.15841584158415842
2 0.0594059405940594
0 0.04950495049504951
5 0.04620462046204621
6 0.039603960396039604
8 0.0297029702970297
4 0.0297029702970297
1 0.026402640264026403
7 0.019801980198019802
doc : 29
7 0.8566131025957973
6 0.058714462299134726
2 0.030902348578491962
3 0.014833127317676142
9 0.011124845488257106
0 0.007416563658838071
4 0.005562422744128553
1 0.005562422744128553
5 0.004944375772558714
8 0.004326328800988875
doc : 30
3 0.8448275862068966
2 0.022167487684729065
8 0.019704433497536946
5 0.019704433497536946
9 0.017241379310344827
7 0.017241379310344827
1 0.017241379310344827
6 0.014778325123152709
0 0.014778325123152709
4 0.012315270935960592
doc : 31
8 0.5854341736694678
3 0.10364145658263306
9 0.06722689075630252
5 0.05042016806722689
7 0.04481792717086835
6 0.036414565826330535
1 0.036414565826330535
4 0.028011204481792718
0 0.025210084033613446
2 0.022408963585434174
doc : 32
0 0.818359375
5 0.029296875
1 0.02734375
4 0.0234375
7 0.021484375
2 0.01953125
8 0.017578125
9 0.015625
3 0.015625
6 0.01171875
doc : 33
3 0.5
9 0.18367346938775508
6 0.07142857142857142
2 0.057823129251700675
4 0.04421768707482993
7 0.03401360544217687
0 0.03401360544217687
5 0.027210884353741496
1 0.027210884353741496
8 0.02040816326530612
doc : 34
0 0.660427807486631
1 0.11497326203208555
9 0.07219251336898395
5 0.029411764705882353
8 0.026737967914438502
7 0.0213903743315508
6 0.0213903743315508
3 0.0213903743315508
2 0.01871657754010695
4 0.013368983957219251
doc : 35
6 0.7890841813135986
8 0.06567992599444959
3 0.047178538390379283
5 0.0240518038852914
9 0.01757631822386679
2 0.014801110083256245
7 0.0120259019426457
4 0.011100832562442185
0 0.010175763182238668
1 0.008325624421831638
doc : 36
9 0.29906542056074764
3 0.18691588785046728
4 0.12149532710280372
8 0.07476635514018691
7 0.05607476635514018
6 0.05607476635514018
2 0.05607476635514018
0 0.05607476635514018
5 0.04672897196261682
1 0.04672897196261682
doc : 37
1 0.7724719101123595
4 0.047752808988764044
3 0.03651685393258427
2 0.025280898876404494
8 0.02247191011235955
6 0.02247191011235955
9 0.019662921348314606
5 0.019662921348314606
7 0.016853932584269662
0 0.016853932584269662
doc : 38
3 0.874468085106383
5 0.019148936170212766
7 0.01702127659574468
9 0.014893617021276596
8 0.012765957446808512
6 0.012765957446808512
4 0.012765957446808512
2 0.012765957446808512
0 0.012765957446808512
1 0.010638297872340425
doc : 39
4 0.9112627986348123
5 0.015358361774744027
8 0.010238907849829351
3 0.010238907849829351
1 0.010238907849829351
9 0.008532423208191127
7 0.008532423208191127
6 0.008532423208191127
2 0.008532423208191127
0 0.008532423208191127
doc : 40
4 0.9044684129429893
2 0.01386748844375963
3 0.012326656394453005
0 0.012326656394453005
6 0.01078582434514638
5 0.01078582434514638
1 0.01078582434514638
9 0.009244992295839754
8 0.007704160246533128
7 0.007704160246533128
doc : 41
4 0.9087947882736157
1 0.01465798045602606
3 0.013029315960912053
9 0.00977198697068404
6 0.00977198697068404
5 0.00977198697068404
2 0.00977198697068404
8 0.008143322475570033
7 0.008143322475570033
0 0.008143322475570033
doc : 42
4 0.9069373942470389
5 0.015228426395939085
6 0.011844331641285956
1 0.011844331641285956
9 0.01015228426395939
3 0.01015228426395939
8 0.008460236886632826
7 0.008460236886632826
2 0.008460236886632826
0 0.008460236886632826
doc : 43
4 0.9082191780821918
3 0.0136986301369863
1 0.012328767123287671
8 0.010958904109589041
7 0.010958904109589041
5 0.010958904109589041
0 0.009589041095890411
6 0.008219178082191782
2 0.008219178082191782
9 0.00684931506849315
doc : 44
0 0.41044776119402987
1 0.11940298507462686
4 0.08955223880597014
7 0.08208955223880597
5 0.06716417910447761
9 0.05223880597014925
3 0.05223880597014925
8 0.04477611940298507
6 0.04477611940298507
2 0.03731343283582089
doc : 45
9 0.47417840375586856
0 0.14553990610328638
3 0.11267605633802817
1 0.056338028169014086
7 0.04225352112676056
2 0.04225352112676056
5 0.03755868544600939
6 0.03286384976525822
4 0.03286384976525822
8 0.023474178403755867
doc : 46
3 0.864693446088795
5 0.019027484143763214
7 0.016913319238900635
6 0.016913319238900635
2 0.016913319238900635
9 0.014799154334038056
0 0.014799154334038056
4 0.012684989429175477
1 0.012684989429175477
8 0.010570824524312896
doc : 47
3 0.724907063197026
6 0.08736059479553902
9 0.04460966542750929
2 0.04275092936802974
4 0.027881040892193308
7 0.022304832713754646
1 0.01486988847583643
0 0.01486988847583643
5 0.011152416356877323
8 0.009293680297397768
doc : 48
9 0.547945205479452
4 0.0867579908675799
3 0.0684931506849315
7 0.0593607305936073
1 0.0547945205479452
8 0.0365296803652968
6 0.0365296803652968
5 0.0365296803652968
2 0.0365296803652968
0 0.0365296803652968
doc : 49
1 0.8323262839879154
4 0.055891238670694864
8 0.021148036253776436
9 0.019637462235649546
5 0.015105740181268881
6 0.013595166163141994
7 0.012084592145015106
0 0.012084592145015106
3 0.00906344410876133
2 0.00906344410876133
