doc : 0
5 0.9202733485193622
2 0.017084282460136675
1 0.01594533029612756
7 0.00797266514806378
3 0.00797266514806378
6 0.00683371298405467
0 0.00683371298405467
9 0.005694760820045558
8 0.005694760820045558
4 0.005694760820045558
doc : 1
6 0.7651858567543064
4 0.18948322756119673
7 0.008159564823209429
2 0.006346328195829556
9 0.005439709882139619
3 0.005439709882139619
1 0.005439709882139619
0 0.005439709882139619
8 0.004533091568449683
5 0.004533091568449683
doc : 2
7 0.3150684931506849
1 0.11643835616438356
9 0.0958904109589041
0 0.08904109589041095
3 0.0821917808219178
2 0.0821917808219178
5 0.0684931506849315
8 0.06164383561643835
4 0.04794520547945205
6 0.0410958904109589
doc : 3
3 0.6474820143884893
7 0.12949640287769784
2 0.046762589928057555
4 0.03237410071942446
5 0.02877697841726619
6 0.025179856115107917
1 0.025179856115107917
0 0.025179856115107917
9 0.02158273381294964
8 0.017985611510791366
doc : 4
3 0.5587188612099644
7 0.22064056939501778
2 0.05338078291814946
5 0.042704626334519574
4 0.02491103202846975
9 0.021352313167259787
8 0.021352313167259787
6 0.021352313167259787
1 0.01779359430604982
0 0.01779359430604982
doc : 5
3 0.8190184049079755
4 0.027607361963190184
9 0.02147239263803681
7 0.02147239263803681
5 0.02147239263803681
2 0.02147239263803681
0 0.02147239263803681
8 0.015337423312883436
6 0.015337423312883436
1 0.015337423312883436
doc : 6
3 0.8159509202453988
7 0.04294478527607362
2 0.024539877300613498
4 0.02147239263803681
5 0.018404907975460124
9 0.015337423312883436
8 0.015337423312883436
6 0.015337423312883436
1 0.015337423312883436
0 0.015337423312883436
doc : 7
3 0.8067484662576687
2 0.03680981595092025
7 0.03067484662576687
4 0.024539877300613498
0 0.02147239263803681
8 0.018404907975460124
9 0.015337423312883436
6 0.015337423312883436
5 0.015337423312883436
1 0.015337423312883436
doc : 8
3 0.803680981595092
7 0.049079754601226995
2 0.027607361963190184
9 0.018404907975460124
6 0.018404907975460124
5 0.018404907975460124
1 0.018404907975460124
8 0.015337423312883436
4 0.015337423312883436
0 0.015337423312883436
doc : 9
0 0.35514018691588783
7 0.23831775700934577
2 0.08411214953271028
4 0.0794392523364486
3 0.07009345794392523
8 0.04205607476635514
5 0.037383177570093455
1 0.037383177570093455
9 0.02803738317757009
6 0.02803738317757009
doc : 10
9 0.7174515235457064
2 0.08310249307479224
7 0.036011080332409975
1 0.0332409972299169
8 0.030470914127423823
6 0.027700831024930747
4 0.0221606648199446
0 0.019390581717451522
5 0.01662049861495845
3 0.013850415512465374
doc : 11
2 0.2764227642276423
7 0.14634146341463417
3 0.12195121951219513
0 0.11382113821138212
1 0.0894308943089431
9 0.06504065040650407
4 0.05691056910569106
8 0.04878048780487805
6 0.04065040650406505
5 0.04065040650406505
doc : 12
6 0.7543064369900272
4 0.18766999093381687
7 0.013599274705349048
2 0.008159564823209429
9 0.006346328195829556
8 0.006346328195829556
5 0.006346328195829556
3 0.006346328195829556
0 0.006346328195829556
1 0.004533091568449683
doc : 13
5 0.9328018223234623
7 0.009111617312072893
2 0.009111617312072893
8 0.00797266514806378
3 0.00797266514806378
0 0.00797266514806378
9 0.00683371298405467
4 0.00683371298405467
6 0.005694760820045558
1 0.005694760820045558
doc : 14
6 0.7833182230281052
4 0.1686310063463282
3 0.009972801450589302
9 0.007252946509519492
2 0.006346328195829556
5 0.005439709882139619
0 0.005439709882139619
8 0.004533091568449683
7 0.004533091568449683
1 0.004533091568449683
doc : 15
3 0.834355828220859
7 0.03067484662576687
1 0.02147239263803681
5 0.018404907975460124
2 0.018404907975460124
9 0.015337423312883436
8 0.015337423312883436
6 0.015337423312883436
4 0.015337423312883436
0 0.015337423312883436
doc : 16
3 0.8312883435582822
7 0.027607361963190184
2 0.02147239263803681
9 0.018404907975460124
8 0.018404907975460124
6 0.018404907975460124
0 0.018404907975460124
5 0.015337423312883436
4 0.015337423312883436
1 0.015337423312883436
doc : 17
3 0.8282208588957055
4 0.024539877300613498
2 0.024539877300613498
8 0.02147239263803681
7 0.02147239263803681
1 0.018404907975460124
9 0.015337423312883436
6 0.015337423312883436
5 0.015337423312883436
0 0.015337423312883436
doc : 18
3 0.8067484662576687
7 0.04294478527607362
4 0.03067484662576687
2 0.02147239263803681
6 0.018404907975460124
0 0.018404907975460124
9 0.015337423312883436
8 0.015337423312883436
5 0.015337423312883436
1 0.015337423312883436
doc : 19
3 0.8220858895705522
7 0.03680981595092025
2 0.024539877300613498
4 0.02147239263803681
6 0.018404907975460124
9 0.015337423312883436
8 0.015337423312883436
5 0.015337423312883436
1 0.015337423312883436
0 0.015337423312883436
doc : 20
3 0.8220858895705522
7 0.027607361963190184
2 0.024539877300613498
4 0.02147239263803681
0 0.02147239263803681
9 0.018404907975460124
6 0.018404907975460124
8 0.015337423312883436
5 0.015337423312883436
1 0.015337423312883436
doc : 21
3 0.8190184049079755
7 0.027607361963190184
2 0.027607361963190184
1 0.027607361963190184
5 0.018404907975460124
4 0.018404907975460124
9 0.015337423312883436
8 0.015337423312883436
6 0.015337423312883436
0 0.015337423312883436
doc : 22
3 0.8006134969325154
7 0.046012269938650305
2 0.03067484662576687
4 0.024539877300613498
6 0.018404907975460124
5 0.018404907975460124
9 0.015337423312883436
8 0.015337423312883436
1 0.015337423312883436
0 0.015337423312883436
doc : 23
3 0.8006134969325154
7 0.049079754601226995
4 0.03067484662576687
2 0.024539877300613498
9 0.018404907975460124
8 0.015337423312883436
6 0.015337423312883436
5 0.015337423312883436
1 0.015337423312883436
0 0.015337423312883436
doc : 24
0 0.7019867549668874
7 0.0728476821192053
2 0.05518763796909492
9 0.03532008830022075
6 0.030905077262693155
8 0.026490066225165563
3 0.026490066225165563
4 0.02207505518763797
5 0.015452538631346577
1 0.013245033112582781
doc : 25
6 0.7769718948322756
4 0.16319129646418856
3 0.009972801450589302
8 0.009066183136899365
7 0.009066183136899365
2 0.009066183136899365
0 0.007252946509519492
9 0.005439709882139619
1 0.005439709882139619
5 0.004533091568449683
doc : 26
5 0.9298850574712644
9 0.009195402298850575
8 0.009195402298850575
3 0.009195402298850575
0 0.009195402298850575
4 0.008045977011494253
7 0.006896551724137931
1 0.006896551724137931
6 0.005747126436781609
2 0.005747126436781609
doc : 27
6 0.7733454215775158
4 0.18041704442429737
0 0.007252946509519492
7 0.006346328195829556
2 0.006346328195829556
9 0.005439709882139619
8 0.005439709882139619
5 0.005439709882139619
3 0.005439709882139619
1 0.004533091568449683
doc : 28
3 0.7975460122699387
7 0.04294478527607362
2 0.03067484662576687
4 0.024539877300613498
1 0.02147239263803681
9 0.018404907975460124
0 0.018404907975460124
8 0.015337423312883436
6 0.015337423312883436
5 0.015337423312883436
doc : 29
3 0.8374233128834356
4 0.024539877300613498
2 0.024539877300613498
7 0.02147239263803681
9 0.015337423312883436
8 0.015337423312883436
6 0.015337423312883436
5 0.015337423312883436
1 0.015337423312883436
0 0.015337423312883436
doc : 30
3 0.8220858895705522
4 0.03067484662576687
7 0.024539877300613498
2 0.02147239263803681
9 0.018404907975460124
8 0.018404907975460124
1 0.018404907975460124
6 0.015337423312883436
5 0.015337423312883436
0 0.015337423312883436
doc : 31
3 0.8006134969325154
7 0.03987730061349693
4 0.027607361963190184
2 0.024539877300613498
0 0.024539877300613498
8 0.018404907975460124
1 0.018404907975460124
9 0.015337423312883436
6 0.015337423312883436
5 0.015337423312883436
doc : 32
3 0.8128834355828221
2 0.03680981595092025
7 0.027607361963190184
4 0.024539877300613498
9 0.018404907975460124
6 0.018404907975460124
8 0.015337423312883436
5 0.015337423312883436
1 0.015337423312883436
0 0.015337423312883436
doc : 33
3 0.8128834355828221
7 0.049079754601226995
4 0.024539877300613498
6 0.018404907975460124
1 0.018404907975460124
9 0.015337423312883436
8 0.015337423312883436
5 0.015337423312883436
2 0.015337423312883436
0 0.015337423312883436
doc : 34
3 0.8374233128834356
7 0.03067484662576687
8 0.018404907975460124
2 0.018404907975460124
0 0.018404907975460124
9 0.015337423312883436
6 0.015337423312883436
5 0.015337423312883436
4 0.015337423312883436
1 0.015337423312883436
doc : 35
3 0.8159509202453988
7 0.03067484662576687
4 0.024539877300613498
2 0.024539877300613498
5 0.02147239263803681
8 0.018404907975460124
0 0.018404907975460124
9 0.015337423312883436
6 0.015337423312883436
1 0.015337423312883436
doc : 36
3 0.8190184049079755
7 0.027607361963190184
2 0.027607361963190184
4 0.02147239263803681
0 0.02147239263803681
9 0.018404907975460124
6 0.018404907975460124
8 0.015337423312883436
5 0.015337423312883436
1 0.015337423312883436
doc : 37
0 0.5734406438631792
7 0.1488933601609658
1 0.07243460764587525
3 0.044265593561368215
4 0.03219315895372234
9 0.028169014084507046
8 0.028169014084507046
6 0.028169014084507046
5 0.022132796780684107
2 0.022132796780684107
doc : 38
6 0.7697189483227561
4 0.1813236627379873
7 0.008159564823209429
3 0.008159564823209429
5 0.007252946509519492
2 0.006346328195829556
0 0.005439709882139619
9 0.004533091568449683
8 0.004533091568449683
1 0.004533091568449683
doc : 39
6 0.7742520398912058
4 0.17497733454215775
5 0.008159564823209429
1 0.008159564823209429
7 0.006346328195829556
3 0.006346328195829556
9 0.005439709882139619
8 0.005439709882139619
2 0.005439709882139619
0 0.005439709882139619
doc : 40
5 0.9257990867579908
2 0.014840182648401826
4 0.010273972602739725
7 0.0091324200913242
1 0.007990867579908675
9 0.00684931506849315
8 0.00684931506849315
3 0.00684931506849315
6 0.005707762557077625
0 0.005707762557077625
doc : 41
3 0.8220858895705522
2 0.027607361963190184
7 0.024539877300613498
9 0.02147239263803681
4 0.02147239263803681
8 0.018404907975460124
6 0.018404907975460124
5 0.015337423312883436
1 0.015337423312883436
0 0.015337423312883436
doc : 42
3 0.8098159509202454
7 0.04294478527607362
2 0.024539877300613498
6 0.02147239263803681
4 0.02147239263803681
5 0.018404907975460124
9 0.015337423312883436
8 0.015337423312883436
1 0.015337423312883436
0 0.015337423312883436
doc : 43
3 0.8190184049079755
7 0.03067484662576687
4 0.024539877300613498
2 0.024539877300613498
9 0.018404907975460124
8 0.018404907975460124
1 0.018404907975460124
6 0.015337423312883436
5 0.015337423312883436
0 0.015337423312883436
doc : 44
2 0.5555555555555556
7 0.08888888888888889
3 0.05925925925925926
0 0.05185185185185186
8 0.044444444444444446
5 0.044444444444444446
4 0.044444444444444446
9 0.037037037037037035
6 0.037037037037037035
1 0.037037037037037035
doc : 45
2 0.5333333333333333
7 0.0962962962962963
3 0.06666666666666667
6 0.05185185185185186
4 0.05185185185185186
9 0.044444444444444446
0 0.044444444444444446
8 0.037037037037037035
5 0.037037037037037035
1 0.037037037037037035
doc : 46
2 0.5185185185185185
3 0.11111111111111112
7 0.07407407407407407
4 0.05185185185185186
9 0.044444444444444446
1 0.044444444444444446
0 0.044444444444444446
8 0.037037037037037035
6 0.037037037037037035
5 0.037037037037037035
doc : 47
1 0.6888888888888889
7 0.08703703703703704
3 0.053703703703703705
2 0.03333333333333333
0 0.02777777777777778
5 0.02592592592592593
4 0.022222222222222223
9 0.020370370370370372
8 0.020370370370370372
6 0.020370370370370372
doc : 48
9 0.6693227091633466
7 0.05179282868525896
0 0.04780876494023904
2 0.043824701195219126
8 0.03585657370517928
3 0.03585657370517928
1 0.03585657370517928
6 0.027888446215139442
4 0.027888446215139442
5 0.02390438247011952
doc : 49
8 0.778660612939841
9 0.039727582292849034
6 0.03859250851305335
1 0.03859250851305335
7 0.02724177071509648
4 0.019296254256526674
0 0.019296254256526674
5 0.0170261066969353
2 0.012485811577752554
3 0.009080590238365494
