doc : 0
3 0.8859857482185274
6 0.014251781472684086
2 0.014251781472684086
1 0.014251781472684086
9 0.011876484560570073
8 0.011876484560570073
7 0.011876484560570073
5 0.011876484560570073
4 0.011876484560570073
0 0.011876484560570073
doc : 1
7 0.15789473684210525
3 0.10526315789473684
2 0.10526315789473684
1 0.10526315789473684
9 0.08771929824561403
8 0.08771929824561403
6 0.08771929824561403
5 0.08771929824561403
4 0.08771929824561403
0 0.08771929824561403
doc : 2
7 0.35042735042735046
5 0.11965811965811968
0 0.11111111111111112
9 0.07692307692307693
1 0.06837606837606838
8 0.05982905982905984
3 0.05982905982905984
6 0.05128205128205129
4 0.05128205128205129
2 0.05128205128205129
doc : 3
7 0.4158415841584158
4 0.0891089108910891
2 0.0891089108910891
8 0.0594059405940594
6 0.0594059405940594
5 0.0594059405940594
3 0.0594059405940594
1 0.0594059405940594
0 0.0594059405940594
9 0.04950495049504951
doc : 4
7 0.5086705202312138
6 0.08670520231213873
0 0.07514450867052022
4 0.06936416184971098
2 0.057803468208092484
8 0.046242774566473986
9 0.04046242774566474
5 0.04046242774566474
1 0.04046242774566474
3 0.03468208092485549
doc : 5
7 0.20731707317073172
9 0.13414634146341464
1 0.13414634146341464
8 0.0975609756097561
6 0.07317073170731708
5 0.07317073170731708
4 0.07317073170731708
2 0.07317073170731708
0 0.07317073170731708
3 0.06097560975609756
doc : 6
7 0.5328947368421052
0 0.11184210526315788
2 0.07236842105263158
9 0.046052631578947366
3 0.046052631578947366
1 0.046052631578947366
8 0.039473684210526314
6 0.039473684210526314
5 0.03289473684210526
4 0.03289473684210526
doc : 7
7 0.16666666666666666
9 0.11666666666666667
4 0.1
3 0.1
2 0.1
8 0.08333333333333333
6 0.08333333333333333
5 0.08333333333333333
1 0.08333333333333333
0 0.08333333333333333
doc : 8
7 0.2803738317757009
0 0.1588785046728972
5 0.11214953271028036
4 0.09345794392523364
2 0.07476635514018691
9 0.06542056074766354
8 0.06542056074766354
6 0.05607476635514018
3 0.04672897196261682
1 0.04672897196261682
doc : 9
8 0.8
9 0.046464646464646465
7 0.030303030303030304
2 0.026262626262626262
4 0.022222222222222223
0 0.022222222222222223
6 0.01616161616161616
1 0.014141414141414142
5 0.012121212121212121
3 0.0101010101010101
doc : 10
7 0.4140127388535032
0 0.12738853503184713
2 0.11464968152866242
6 0.06369426751592357
9 0.050955414012738856
8 0.050955414012738856
5 0.050955414012738856
4 0.050955414012738856
1 0.0445859872611465
3 0.03184713375796178
doc : 11
3 0.8883610451306414
7 0.014251781472684086
6 0.014251781472684086
9 0.011876484560570073
8 0.011876484560570073
5 0.011876484560570073
4 0.011876484560570073
2 0.011876484560570073
1 0.011876484560570073
0 0.011876484560570073
doc : 12
2 0.12727272727272726
4 0.10909090909090909
1 0.10909090909090909
0 0.10909090909090909
9 0.09090909090909091
8 0.09090909090909091
7 0.09090909090909091
6 0.09090909090909091
5 0.09090909090909091
3 0.09090909090909091
doc : 13
3 0.8907363420427554
9 0.014251781472684086
8 0.011876484560570073
7 0.011876484560570073
6 0.011876484560570073
5 0.011876484560570073
4 0.011876484560570073
2 0.011876484560570073
1 0.011876484560570073
0 0.011876484560570073
doc : 14
7 0.6953405017921147
2 0.04659498207885305
6 0.043010752688172046
0 0.043010752688172046
5 0.035842293906810034
3 0.03225806451612903
1 0.03225806451612903
9 0.02867383512544803
8 0.021505376344086023
4 0.021505376344086023
doc : 15
7 0.3536585365853659
2 0.0975609756097561
3 0.08536585365853659
1 0.08536585365853659
4 0.07317073170731708
9 0.06097560975609756
8 0.06097560975609756
6 0.06097560975609756
5 0.06097560975609756
0 0.06097560975609756
doc : 16
8 0.8024439918533605
5 0.030549898167006106
7 0.026476578411405292
1 0.026476578411405292
0 0.024439918533604887
2 0.02240325865580448
9 0.02036659877800407
6 0.02036659877800407
4 0.01425661914460285
3 0.012219959266802444
doc : 17
9 0.8430962343096233
8 0.023012552301255228
2 0.023012552301255228
5 0.02092050209205021
4 0.018828451882845185
1 0.018828451882845185
3 0.014644351464435145
0 0.014644351464435145
7 0.012552301255230124
6 0.010460251046025104
doc : 18
9 0.845771144278607
5 0.029850746268656716
3 0.01990049751243781
2 0.01990049751243781
8 0.014925373134328358
7 0.014925373134328358
6 0.014925373134328358
0 0.014925373134328358
4 0.01243781094527363
1 0.01243781094527363
doc : 19
0 0.1694915254237288
4 0.15254237288135594
5 0.11864406779661017
7 0.11016949152542373
2 0.09322033898305085
1 0.09322033898305085
8 0.07627118644067797
9 0.06779661016949153
6 0.06779661016949153
3 0.05084745762711865
doc : 20
4 0.31645569620253167
2 0.12025316455696203
9 0.11392405063291139
8 0.0759493670886076
1 0.0759493670886076
0 0.0759493670886076
5 0.06962025316455696
7 0.056962025316455694
6 0.05063291139240506
3 0.04430379746835443
doc : 21
0 0.6498708010335917
8 0.165374677002584
7 0.0516795865633075
1 0.02971576227390181
5 0.02454780361757106
9 0.020671834625323
4 0.01937984496124031
6 0.018087855297157625
2 0.014211886304909561
3 0.006459948320413437
doc : 22
0 0.5047619047619049
2 0.08571428571428572
8 0.0761904761904762
7 0.06666666666666668
9 0.05714285714285715
6 0.05714285714285715
5 0.04285714285714286
4 0.0380952380952381
1 0.0380952380952381
3 0.03333333333333334
doc : 23
3 0.8883610451306414
7 0.014251781472684086
4 0.014251781472684086
9 0.011876484560570073
8 0.011876484560570073
6 0.011876484560570073
5 0.011876484560570073
2 0.011876484560570073
1 0.011876484560570073
0 0.011876484560570073
doc : 24
3 0.8931116389548694
9 0.011876484560570073
8 0.011876484560570073
7 0.011876484560570073
6 0.011876484560570073
5 0.011876484560570073
4 0.011876484560570073
2 0.011876484560570073
1 0.011876484560570073
0 0.011876484560570073
doc : 25
9 0.8547619047619048
8 0.02142857142857143
4 0.01904761904761905
7 0.01666666666666667
5 0.01666666666666667
1 0.01666666666666667
6 0.014285714285714287
2 0.014285714285714287
0 0.014285714285714287
3 0.011904761904761906
doc : 26
9 0.8704545454545454
2 0.022727272727272728
8 0.020454545454545454
7 0.013636363636363636
5 0.013636363636363636
3 0.013636363636363636
6 0.011363636363636364
4 0.011363636363636364
1 0.011363636363636364
0 0.011363636363636364
doc : 27
9 0.8515625
8 0.026041666666666664
4 0.018229166666666664
2 0.018229166666666664
7 0.015625
6 0.015625
5 0.015625
3 0.013020833333333332
1 0.013020833333333332
0 0.013020833333333332
doc : 28
8 0.47790055248618785
5 0.1712707182320442
9 0.09668508287292818
4 0.052486187845303865
0 0.052486187845303865
2 0.04696132596685083
1 0.03867403314917127
3 0.027624309392265192
6 0.019337016574585635
7 0.016574585635359115
doc : 29
8 0.4084507042253521
0 0.1267605633802817
7 0.09154929577464789
4 0.07746478873239437
1 0.07746478873239437
6 0.06338028169014084
9 0.04225352112676056
5 0.04225352112676056
3 0.035211267605633804
2 0.035211267605633804
doc : 30
8 0.34210526315789475
1 0.11052631578947368
2 0.10526315789473684
9 0.08947368421052632
0 0.07894736842105263
7 0.07368421052631578
4 0.07368421052631578
5 0.05789473684210526
6 0.03684210526315789
3 0.031578947368421054
doc : 31
1 0.7679425837320574
8 0.045454545454545456
9 0.03349282296650718
6 0.02631578947368421
7 0.023923444976076555
5 0.023923444976076555
0 0.023923444976076555
4 0.019138755980861243
2 0.019138755980861243
3 0.01674641148325359
doc : 32
4 0.8850574712643678
5 0.022988505747126436
1 0.017879948914431676
9 0.014048531289910602
8 0.014048531289910602
7 0.01277139208173691
6 0.008939974457215838
0 0.008939974457215838
3 0.007662835249042146
2 0.007662835249042146
doc : 33
5 0.3521739130434783
6 0.13478260869565217
0 0.1
7 0.09130434782608696
4 0.06956521739130435
1 0.06086956521739131
8 0.05652173913043478
2 0.05652173913043478
9 0.04782608695652174
3 0.030434782608695653
doc : 34
5 0.4136947218259629
6 0.3723252496433666
1 0.04850213980028531
8 0.029957203994293868
9 0.028530670470756064
4 0.028530670470756064
2 0.028530670470756064
0 0.02282453637660485
7 0.018544935805991442
3 0.008559201141226819
doc : 35
3 0.8788598574821853
6 0.0166270783847981
9 0.014251781472684086
4 0.014251781472684086
2 0.014251781472684086
1 0.014251781472684086
8 0.011876484560570073
7 0.011876484560570073
5 0.011876484560570073
0 0.011876484560570073
doc : 36
2 0.12727272727272726
4 0.10909090909090909
1 0.10909090909090909
0 0.10909090909090909
9 0.09090909090909091
8 0.09090909090909091
7 0.09090909090909091
6 0.09090909090909091
5 0.09090909090909091
3 0.09090909090909091
doc : 37
3 0.8859857482185274
8 0.014251781472684086
6 0.014251781472684086
5 0.014251781472684086
9 0.011876484560570073
7 0.011876484560570073
4 0.011876484560570073
2 0.011876484560570073
1 0.011876484560570073
0 0.011876484560570073
doc : 38
8 0.7805755395683454
4 0.046762589928057555
9 0.02877697841726619
5 0.02877697841726619
7 0.02158273381294964
1 0.02158273381294964
6 0.017985611510791366
3 0.017985611510791366
2 0.017985611510791366
0 0.017985611510791366
doc : 39
8 0.7589928057553957
5 0.03237410071942446
4 0.03237410071942446
2 0.03237410071942446
1 0.03237410071942446
9 0.02877697841726619
6 0.02877697841726619
7 0.017985611510791366
3 0.017985611510791366
0 0.017985611510791366
doc : 40
0 0.5210727969348659
7 0.09961685823754789
5 0.07662835249042145
4 0.05747126436781609
2 0.053639846743295014
9 0.04980842911877394
6 0.04597701149425287
1 0.042145593869731796
8 0.034482758620689655
3 0.019157088122605363
doc : 41
6 0.9020979020979021
2 0.01818181818181818
8 0.015384615384615385
1 0.012587412587412587
7 0.011188811188811189
5 0.009790209790209791
9 0.008391608391608392
0 0.008391608391608392
4 0.006993006993006993
3 0.006993006993006993
doc : 42
6 0.8827708703374778
7 0.021314387211367674
8 0.014209591474245116
3 0.014209591474245116
9 0.012433392539964477
5 0.012433392539964477
4 0.012433392539964477
2 0.012433392539964477
1 0.008880994671403197
0 0.008880994671403197
doc : 43
2 0.8443935926773456
9 0.02288329519450801
6 0.02288329519450801
5 0.02288329519450801
7 0.020594965675057208
8 0.016018306636155607
4 0.013729977116704806
3 0.013729977116704806
1 0.011441647597254004
0 0.011441647597254004
doc : 44
2 0.8398169336384439
9 0.02288329519450801
7 0.02288329519450801
8 0.020594965675057208
5 0.020594965675057208
6 0.016018306636155607
0 0.016018306636155607
4 0.013729977116704806
3 0.013729977116704806
1 0.013729977116704806
doc : 45
5 0.5461346633416458
1 0.09476309226932668
6 0.08229426433915212
7 0.062344139650872814
2 0.04987531172069826
9 0.04488778054862843
4 0.04239401496259351
0 0.032418952618453865
8 0.022443890274314215
3 0.022443890274314215
doc : 46
1 0.6488340192043895
5 0.12345679012345678
4 0.05624142661179698
9 0.03978052126200274
2 0.03566529492455418
6 0.03292181069958847
8 0.01783264746227709
7 0.01783264746227709
0 0.01783264746227709
3 0.009602194787379972
doc : 47
3 0.8883610451306414
6 0.014251781472684086
4 0.014251781472684086
9 0.011876484560570073
8 0.011876484560570073
7 0.011876484560570073
5 0.011876484560570073
2 0.011876484560570073
1 0.011876484560570073
0 0.011876484560570073
doc : 48
3 0.8931116389548694
9 0.011876484560570073
8 0.011876484560570073
7 0.011876484560570073
6 0.011876484560570073
5 0.011876484560570073
4 0.011876484560570073
2 0.011876484560570073
1 0.011876484560570073
0 0.011876484560570073
doc : 49
0 0.5972602739726027
7 0.11506849315068493
8 0.049315068493150684
6 0.049315068493150684
5 0.043835616438356165
4 0.043835616438356165
1 0.03287671232876713
2 0.030136986301369864
9 0.021917808219178082
3 0.016438356164383564
