doc : 0
7 0.2576530612244898
2 0.20153061224489793
9 0.16581632653061223
5 0.08418367346938775
1 0.05612244897959183
0 0.05612244897959183
8 0.0510204081632653
6 0.04846938775510204
4 0.04081632653061224
3 0.038265306122448974
doc : 1
9 0.8276515151515151
6 0.04640151515151515
5 0.03598484848484849
0 0.026515151515151516
8 0.022727272727272728
7 0.010416666666666668
3 0.008522727272727272
2 0.008522727272727272
1 0.007575757575757576
4 0.005681818181818182
doc : 2
7 0.6548672566371682
9 0.07079646017699115
2 0.05309734513274336
0 0.04424778761061947
6 0.03982300884955752
8 0.035398230088495575
5 0.02654867256637168
4 0.02654867256637168
3 0.02654867256637168
1 0.022123893805309734
doc : 3
0 0.8080985915492958
9 0.06690140845070423
8 0.02640845070422535
2 0.022887323943661973
6 0.02112676056338028
7 0.012323943661971832
5 0.01056338028169014
4 0.01056338028169014
3 0.01056338028169014
1 0.01056338028169014
doc : 4
0 0.8301886792452831
9 0.04528301886792453
8 0.026415094339622643
3 0.020754716981132074
6 0.016981132075471698
5 0.013207547169811321
2 0.013207547169811321
7 0.011320754716981133
4 0.011320754716981133
1 0.011320754716981133
doc : 5
0 0.7954545454545454
9 0.0472027972027972
2 0.043706293706293704
8 0.024475524475524476
6 0.024475524475524476
3 0.02097902097902098
5 0.012237762237762238
1 0.012237762237762238
7 0.01048951048951049
4 0.008741258741258742
doc : 6
0 0.5476973684210527
8 0.35855263157894735
9 0.019736842105263157
2 0.014802631578947368
6 0.013157894736842105
5 0.011513157894736841
1 0.009868421052631578
7 0.008223684210526315
4 0.008223684210526315
3 0.008223684210526315
doc : 7
2 0.5302013422818792
9 0.09731543624161074
8 0.07718120805369127
0 0.06375838926174497
7 0.05704697986577181
5 0.0436241610738255
3 0.0436241610738255
6 0.03355704697986577
4 0.030201342281879193
1 0.02348993288590604
doc : 8
9 0.25757575757575757
6 0.13636363636363635
5 0.12121212121212122
2 0.12121212121212122
8 0.08333333333333334
7 0.08333333333333334
4 0.06060606060606061
1 0.05303030303030303
3 0.045454545454545456
0 0.03787878787878788
doc : 9
3 0.8214849921011058
2 0.053712480252764615
7 0.02527646129541864
8 0.020537124802527645
6 0.01579778830963665
9 0.014218009478672985
5 0.014218009478672985
4 0.014218009478672985
1 0.011058451816745656
0 0.009478672985781991
doc : 10
0 0.5526315789473684
8 0.3651315789473684
2 0.014802631578947368
9 0.013157894736842105
7 0.009868421052631578
6 0.009868421052631578
5 0.009868421052631578
4 0.008223684210526315
3 0.008223684210526315
1 0.008223684210526315
doc : 11
0 0.8486956521739131
8 0.04521739130434783
9 0.02434782608695652
5 0.019130434782608695
6 0.01217391304347826
3 0.01217391304347826
7 0.010434782608695653
2 0.010434782608695653
4 0.008695652173913044
1 0.008695652173913044
doc : 12
0 0.8216666666666668
9 0.043333333333333335
8 0.035
6 0.025
2 0.018333333333333333
7 0.015000000000000001
5 0.013333333333333334
4 0.01
3 0.01
1 0.008333333333333333
doc : 13
0 0.7928118393234672
2 0.054968287526427066
5 0.042283298097251586
9 0.023255813953488372
3 0.021141649048625793
8 0.016913319238900635
4 0.014799154334038056
7 0.012684989429175477
6 0.010570824524312896
1 0.010570824524312896
doc : 14
0 0.8675889328063241
9 0.023715415019762844
5 0.017786561264822132
2 0.017786561264822132
7 0.015810276679841896
8 0.011857707509881422
6 0.011857707509881422
3 0.011857707509881422
1 0.011857707509881422
4 0.009881422924901184
doc : 15
2 0.8511904761904762
9 0.03273809523809523
5 0.026785714285714284
6 0.017857142857142856
3 0.01488095238095238
7 0.013392857142857142
8 0.011904761904761904
0 0.011904761904761904
4 0.010416666666666666
1 0.008928571428571428
doc : 16
7 0.5959302325581395
2 0.08430232558139535
5 0.061046511627906974
4 0.061046511627906974
9 0.05813953488372093
0 0.04941860465116279
1 0.029069767441860465
3 0.023255813953488372
6 0.020348837209302327
8 0.01744186046511628
doc : 17
4 0.9476876421531463
9 0.0075815011372251705
5 0.0075815011372251705
6 0.006823351023502653
2 0.006065200909780136
7 0.00530705079605762
0 0.00530705079605762
8 0.004548900682335102
3 0.004548900682335102
1 0.004548900682335102
doc : 18
5 0.7993630573248408
2 0.04140127388535032
9 0.025477707006369428
0 0.025477707006369428
7 0.02229299363057325
8 0.019108280254777073
6 0.019108280254777073
4 0.01592356687898089
3 0.01592356687898089
1 0.01592356687898089
doc : 19
7 0.5647058823529412
2 0.07647058823529412
9 0.058823529411764705
4 0.058823529411764705
0 0.052941176470588235
6 0.047058823529411764
5 0.041176470588235294
1 0.041176470588235294
8 0.029411764705882353
3 0.029411764705882353
doc : 20
0 0.8090452261306533
9 0.05695142378559464
8 0.02345058626465662
6 0.02345058626465662
2 0.021775544388609715
3 0.020100502512562814
7 0.01340033500837521
5 0.01340033500837521
1 0.010050251256281407
4 0.008375209380234505
doc : 21
0 0.8737474949899798
9 0.02004008016032064
8 0.01603206412825651
6 0.01603206412825651
5 0.01603206412825651
4 0.014028056112224447
3 0.012024048096192383
2 0.012024048096192383
7 0.01002004008016032
1 0.01002004008016032
doc : 22
0 0.8339100346020761
8 0.03806228373702422
9 0.03460207612456748
2 0.02768166089965398
5 0.01384083044982699
6 0.012110726643598616
4 0.010380622837370242
3 0.010380622837370242
1 0.010380622837370242
7 0.00865051903114187
doc : 23
0 0.6526315789473685
8 0.26842105263157895
9 0.012280701754385965
7 0.010526315789473684
5 0.010526315789473684
2 0.010526315789473684
6 0.008771929824561403
4 0.008771929824561403
3 0.008771929824561403
1 0.008771929824561403
doc : 24
0 0.866412213740458
9 0.04198473282442748
2 0.015267175572519083
7 0.013358778625954198
3 0.013358778625954198
1 0.011450381679389313
8 0.009541984732824428
6 0.009541984732824428
5 0.009541984732824428
4 0.009541984732824428
doc : 25
4 0.9511077158135981
7 0.007639419404125287
2 0.006875477463712758
5 0.006111535523300229
9 0.0053475935828877
8 0.0053475935828877
0 0.0053475935828877
1 0.004583651642475171
6 0.0038197097020626434
3 0.0038197097020626434
doc : 26
7 0.6138211382113822
2 0.14227642276422767
9 0.04471544715447155
6 0.03658536585365854
8 0.032520325203252036
4 0.02845528455284553
0 0.02845528455284553
5 0.024390243902439025
3 0.024390243902439025
1 0.024390243902439025
doc : 27
1 0.9656470588235294
9 0.006588235294117647
7 0.004235294117647059
3 0.004235294117647059
2 0.004235294117647059
4 0.0037647058823529413
5 0.0032941176470588237
8 0.002823529411764706
0 0.002823529411764706
6 0.0023529411764705885
doc : 28
1 0.9696545284780579
2 0.004668534080298786
6 0.004201680672268907
4 0.004201680672268907
8 0.003734827264239029
7 0.0032679738562091504
5 0.0032679738562091504
9 0.002334267040149393
3 0.002334267040149393
0 0.002334267040149393
doc : 29
0 0.8403846153846154
9 0.046153846153846156
6 0.023076923076923078
5 0.01730769230769231
8 0.015384615384615385
2 0.015384615384615385
4 0.011538461538461539
3 0.011538461538461539
7 0.009615384615384616
1 0.009615384615384616
doc : 30
0 0.7585616438356164
9 0.053082191780821915
8 0.04280821917808219
2 0.0410958904109589
5 0.039383561643835614
6 0.018835616438356163
3 0.0136986301369863
7 0.011986301369863013
4 0.011986301369863013
1 0.008561643835616438
doc : 31
0 0.8126009693053312
8 0.05492730210016156
9 0.04361873990306947
6 0.019386106623586433
2 0.017770597738287562
5 0.01615508885298869
7 0.009693053311793216
4 0.009693053311793216
3 0.008077544426494346
1 0.008077544426494346
doc : 32
0 0.75
9 0.112
6 0.05
4 0.016
5 0.014
3 0.014
8 0.012
7 0.012
2 0.01
1 0.01
doc : 33
0 0.799625468164794
9 0.07116104868913858
8 0.033707865168539325
6 0.018726591760299626
5 0.016853932584269662
1 0.0149812734082397
2 0.013108614232209739
4 0.011235955056179775
3 0.011235955056179775
7 0.009363295880149813
doc : 34
0 0.8249027237354085
9 0.05058365758754864
6 0.0311284046692607
3 0.017509727626459144
7 0.01556420233463035
2 0.01556420233463035
4 0.013618677042801557
5 0.011673151750972763
8 0.009727626459143969
1 0.009727626459143969
doc : 35
6 0.5258620689655172
9 0.11637931034482758
2 0.05603448275862069
0 0.05603448275862069
4 0.05172413793103448
7 0.04741379310344827
8 0.04310344827586207
5 0.03879310344827586
3 0.034482758620689655
1 0.030172413793103446
doc : 36
7 0.5645569620253165
6 0.13670886075949368
2 0.11392405063291139
9 0.06075949367088608
4 0.02531645569620253
0 0.02531645569620253
8 0.02278481012658228
5 0.02278481012658228
1 0.01518987341772152
3 0.012658227848101266
doc : 37
0 0.8166089965397925
6 0.04844290657439446
9 0.03633217993079585
8 0.03114186851211073
2 0.02249134948096886
5 0.010380622837370242
7 0.00865051903114187
4 0.00865051903114187
3 0.00865051903114187
1 0.00865051903114187
doc : 38
0 0.6958955223880597
9 0.10634328358208955
8 0.061567164179104475
5 0.03544776119402985
7 0.020522388059701493
3 0.020522388059701493
1 0.016791044776119403
6 0.014925373134328358
4 0.014925373134328358
2 0.013059701492537313
doc : 39
0 0.6578014184397163
8 0.23936170212765956
2 0.024822695035460994
6 0.012411347517730497
5 0.012411347517730497
1 0.012411347517730497
9 0.010638297872340425
7 0.010638297872340425
3 0.010638297872340425
4 0.008865248226950354
doc : 40
0 0.865934065934066
9 0.02857142857142857
2 0.01978021978021978
7 0.015384615384615385
6 0.015384615384615385
8 0.010989010989010988
5 0.010989010989010988
4 0.010989010989010988
3 0.010989010989010988
1 0.010989010989010988
doc : 41
0 0.8716981132075472
9 0.033962264150943396
7 0.013207547169811321
6 0.013207547169811321
5 0.013207547169811321
2 0.013207547169811321
8 0.011320754716981133
4 0.011320754716981133
3 0.009433962264150943
1 0.009433962264150943
doc : 42
0 0.8151093439363817
9 0.03777335984095427
6 0.03379721669980119
8 0.025844930417495027
7 0.019880715705765405
5 0.013916500994035784
4 0.013916500994035784
3 0.013916500994035784
2 0.013916500994035784
1 0.011928429423459244
doc : 43
0 0.8131021194605009
9 0.04816955684007707
8 0.023121387283236993
6 0.02119460500963391
2 0.019267822736030827
5 0.017341040462427744
3 0.015414258188824663
1 0.015414258188824663
7 0.01348747591522158
4 0.01348747591522158
doc : 44
0 0.4898648648648649
8 0.38344594594594594
7 0.030405405405405407
6 0.02702702702702703
9 0.018581081081081082
2 0.011824324324324325
1 0.011824324324324325
3 0.010135135135135136
5 0.008445945945945946
4 0.008445945945945946
doc : 45
0 0.8665338645418327
9 0.029880478087649404
8 0.01792828685258964
2 0.01792828685258964
5 0.013944223107569721
6 0.01195219123505976
1 0.01195219123505976
7 0.0099601593625498
4 0.0099601593625498
3 0.0099601593625498
doc : 46
0 0.8353658536585367
8 0.032520325203252036
9 0.02845528455284553
7 0.022357723577235776
4 0.01829268292682927
6 0.014227642276422765
3 0.014227642276422765
2 0.014227642276422765
5 0.010162601626016262
1 0.010162601626016262
doc : 47
0 0.8277777777777778
9 0.07037037037037037
5 0.016666666666666666
2 0.016666666666666666
8 0.012962962962962964
6 0.012962962962962964
7 0.011111111111111112
3 0.011111111111111112
1 0.011111111111111112
4 0.009259259259259259
doc : 48
0 0.8061002178649238
9 0.052287581699346414
2 0.028322440087145972
6 0.02396514161220044
7 0.019607843137254905
5 0.017429193899782137
3 0.01525054466230937
8 0.013071895424836603
1 0.013071895424836603
4 0.010893246187363835
doc : 49
0 0.8683729433272395
8 0.027422303473491772
9 0.025594149908592323
2 0.014625228519195612
7 0.012797074954296161
6 0.012797074954296161
5 0.010968921389396709
4 0.009140767824497258
3 0.009140767824497258
1 0.009140767824497258
doc : 50
0 0.6104746317512275
8 0.2782324058919804
9 0.03273322422258593
5 0.014729950900163666
7 0.01309328968903437
6 0.01309328968903437
2 0.011456628477905075
3 0.009819967266775777
4 0.008183306055646482
1 0.008183306055646482
doc : 51
0 0.8395522388059702
9 0.041044776119402986
8 0.026119402985074626
6 0.026119402985074626
5 0.013059701492537313
3 0.013059701492537313
4 0.011194029850746268
1 0.011194029850746268
7 0.009328358208955223
2 0.009328358208955223
doc : 52
0 0.8791423001949317
9 0.021442495126705652
8 0.015594541910331383
5 0.015594541910331383
6 0.01364522417153996
2 0.01364522417153996
1 0.011695906432748537
7 0.009746588693957114
4 0.009746588693957114
3 0.009746588693957114
doc : 53
0 0.8272357723577237
9 0.03658536585365854
8 0.032520325203252036
6 0.026422764227642278
2 0.020325203252032523
3 0.014227642276422765
7 0.012195121951219513
5 0.010162601626016262
4 0.010162601626016262
1 0.010162601626016262
doc : 54
0 0.7981132075471699
8 0.06037735849056604
9 0.03773584905660377
6 0.022641509433962266
2 0.018867924528301886
7 0.01509433962264151
3 0.013207547169811321
1 0.013207547169811321
4 0.011320754716981133
5 0.009433962264150943
doc : 55
0 0.8710317460317459
9 0.025793650793650792
8 0.023809523809523808
7 0.013888888888888888
6 0.011904761904761904
5 0.011904761904761904
1 0.011904761904761904
4 0.00992063492063492
3 0.00992063492063492
2 0.00992063492063492
doc : 56
2 0.8283752860411899
8 0.032036613272311214
4 0.027459954233409613
5 0.02517162471395881
9 0.016018306636155607
7 0.016018306636155607
1 0.016018306636155607
6 0.013729977116704806
0 0.013729977116704806
3 0.011441647597254004
doc : 57
0 0.8198529411764706
9 0.05514705882352941
6 0.03308823529411765
8 0.022058823529411763
7 0.014705882352941176
2 0.014705882352941176
3 0.011029411764705881
1 0.011029411764705881
5 0.009191176470588236
4 0.009191176470588236
doc : 58
0 0.8421985815602837
2 0.03368794326241135
8 0.031914893617021274
9 0.02304964539007092
5 0.014184397163120567
7 0.012411347517730497
6 0.012411347517730497
4 0.010638297872340425
3 0.010638297872340425
1 0.008865248226950354
doc : 59
0 0.867063492063492
9 0.037698412698412696
6 0.015873015873015872
5 0.013888888888888888
7 0.011904761904761904
2 0.011904761904761904
1 0.011904761904761904
8 0.00992063492063492
4 0.00992063492063492
3 0.00992063492063492
doc : 60
0 0.49409780775716694
8 0.2984822934232715
3 0.11129848229342326
2 0.021922428330522763
7 0.016863406408094434
4 0.013490725126475547
9 0.011804384485666104
1 0.011804384485666104
6 0.01011804384485666
5 0.01011804384485666
doc : 61
0 0.8838951310861424
9 0.016853932584269662
5 0.0149812734082397
2 0.0149812734082397
8 0.013108614232209739
7 0.013108614232209739
4 0.013108614232209739
6 0.011235955056179775
3 0.009363295880149813
1 0.009363295880149813
doc : 62
7 0.3177570093457944
6 0.12149532710280372
0 0.102803738317757
9 0.08411214953271028
5 0.08411214953271028
8 0.06542056074766354
4 0.05607476635514018
3 0.05607476635514018
2 0.05607476635514018
1 0.05607476635514018
doc : 63
3 0.8894830659536541
6 0.0213903743315508
7 0.0160427807486631
2 0.0160427807486631
9 0.0106951871657754
0 0.0106951871657754
8 0.0089126559714795
5 0.0089126559714795
4 0.0089126559714795
1 0.0089126559714795
doc : 64
6 0.7212543554006968
8 0.05574912891986063
0 0.03832752613240418
9 0.03484320557491289
7 0.0313588850174216
2 0.0313588850174216
5 0.027874564459930314
4 0.024390243902439025
3 0.017421602787456445
1 0.017421602787456445
doc : 65
5 0.8057324840764332
2 0.03503184713375796
9 0.028662420382165606
0 0.025477707006369428
8 0.02229299363057325
7 0.019108280254777073
6 0.01592356687898089
4 0.01592356687898089
3 0.01592356687898089
1 0.01592356687898089
doc : 66
7 0.6756756756756757
6 0.04054054054054054
1 0.04054054054054054
0 0.04054054054054054
9 0.033783783783783786
8 0.033783783783783786
5 0.033783783783783786
4 0.033783783783783786
3 0.033783783783783786
2 0.033783783783783786
doc : 67
7 0.6486486486486487
4 0.0472972972972973
6 0.04054054054054054
5 0.04054054054054054
3 0.04054054054054054
2 0.04054054054054054
0 0.04054054054054054
9 0.033783783783783786
8 0.033783783783783786
1 0.033783783783783786
doc : 68
7 0.6756756756756757
4 0.04054054054054054
2 0.04054054054054054
0 0.04054054054054054
9 0.033783783783783786
8 0.033783783783783786
6 0.033783783783783786
5 0.033783783783783786
3 0.033783783783783786
1 0.033783783783783786
doc : 69
7 0.6621621621621622
0 0.0472972972972973
5 0.04054054054054054
3 0.04054054054054054
2 0.04054054054054054
9 0.033783783783783786
8 0.033783783783783786
6 0.033783783783783786
4 0.033783783783783786
1 0.033783783783783786
doc : 70
7 0.6777251184834123
9 0.05687203791469195
8 0.047393364928909956
4 0.04265402843601896
2 0.04265402843601896
5 0.028436018957345974
1 0.028436018957345974
0 0.028436018957345974
6 0.023696682464454978
3 0.023696682464454978
doc : 71
7 0.728110599078341
8 0.04608294930875576
9 0.03686635944700461
2 0.03225806451612903
5 0.027649769585253454
4 0.027649769585253454
3 0.027649769585253454
0 0.027649769585253454
6 0.02304147465437788
1 0.02304147465437788
doc : 72
7 0.668918918918919
4 0.0472972972972973
6 0.04054054054054054
0 0.04054054054054054
9 0.033783783783783786
8 0.033783783783783786
5 0.033783783783783786
3 0.033783783783783786
2 0.033783783783783786
1 0.033783783783783786
doc : 73
9 0.43099273607748184
8 0.12106537530266344
5 0.11380145278450364
7 0.10411622276029056
2 0.09200968523002422
0 0.04116222760290557
4 0.031476997578692496
6 0.026634382566585957
3 0.026634382566585957
1 0.012106537530266345
doc : 74
3 0.8148148148148149
5 0.02849002849002849
2 0.025641025641025644
9 0.022792022792022793
1 0.022792022792022793
8 0.019943019943019943
4 0.019943019943019943
6 0.017094017094017096
7 0.014245014245014245
0 0.014245014245014245
doc : 75
0 0.4876441515650741
8 0.400329489291598
9 0.019769357495881386
6 0.018121911037891267
5 0.018121911037891267
2 0.016474464579901153
7 0.011532125205930808
4 0.009884678747940693
3 0.009884678747940693
1 0.008237232289950576
doc : 76
3 0.23308270676691728
6 0.17293233082706766
2 0.11278195488721804
9 0.09774436090225563
5 0.09022556390977443
0 0.08270676691729323
4 0.06015037593984962
1 0.06015037593984962
7 0.05263157894736842
8 0.03759398496240601
doc : 77
6 0.759075907590759
8 0.04950495049504951
9 0.033003300330033
7 0.033003300330033
5 0.023102310231023104
4 0.023102310231023104
2 0.023102310231023104
1 0.019801980198019802
0 0.019801980198019802
3 0.0165016501650165
doc : 78
6 0.75
2 0.037500000000000006
0 0.037500000000000006
5 0.034375
7 0.03125
8 0.025
1 0.025
4 0.021875000000000002
3 0.021875000000000002
9 0.015625
doc : 79
6 0.8344709897610921
9 0.030716723549488054
5 0.023890784982935155
7 0.02218430034129693
0 0.02218430034129693
2 0.01877133105802048
8 0.017064846416382253
4 0.011945392491467578
3 0.010238907849829351
1 0.008532423208191127
doc : 80
6 0.8529650690495532
9 0.07311129163281885
2 0.016246953696181964
5 0.014622258326563768
8 0.012997562956945572
7 0.010560519902518278
0 0.005686433793663688
4 0.00487408610885459
3 0.00487408610885459
1 0.004061738424045491
doc : 81
6 0.881508078994614
9 0.01615798922800718
5 0.01615798922800718
0 0.01615798922800718
7 0.01436265709156194
2 0.01436265709156194
8 0.010771992818671455
3 0.010771992818671455
1 0.010771992818671455
4 0.008976660682226212
doc : 82
5 0.7320872274143302
2 0.06853582554517133
9 0.056074766355140186
0 0.03115264797507788
6 0.024922118380062305
8 0.018691588785046728
7 0.018691588785046728
4 0.018691588785046728
3 0.01557632398753894
1 0.01557632398753894
doc : 83
2 0.8116883116883117
9 0.03896103896103896
7 0.02813852813852814
6 0.023809523809523808
5 0.01948051948051948
1 0.01948051948051948
8 0.017316017316017316
0 0.017316017316017316
3 0.012987012987012988
4 0.010822510822510822
doc : 84
3 0.8726937269372693
8 0.02214022140221402
6 0.016605166051660517
9 0.014760147601476014
7 0.014760147601476014
1 0.014760147601476014
2 0.012915129151291513
5 0.01107011070110701
4 0.01107011070110701
0 0.00922509225092251
doc : 85
8 0.703601108033241
0 0.11357340720221606
9 0.04986149584487535
5 0.027700831024930747
6 0.0221606648199446
4 0.019390581717451522
2 0.019390581717451522
1 0.01662049861495845
7 0.013850415512465374
3 0.013850415512465374
doc : 86
7 0.3076923076923077
6 0.16083916083916083
9 0.11888111888111888
2 0.09090909090909091
0 0.07692307692307693
5 0.055944055944055944
4 0.055944055944055944
8 0.04895104895104895
1 0.04895104895104895
3 0.03496503496503497
doc : 87
2 0.8212927756653993
9 0.06273764258555133
7 0.022813688212927757
5 0.02091254752851711
6 0.015209125475285171
1 0.013307984790874524
8 0.011406844106463879
4 0.011406844106463879
0 0.011406844106463879
3 0.009505703422053232
doc : 88
4 0.5873715124816447
2 0.11894273127753303
5 0.0763582966226138
7 0.06607929515418502
9 0.057268722466960346
8 0.032305433186490456
3 0.02202643171806167
6 0.016152716593245228
1 0.011747430249632892
0 0.011747430249632892
doc : 89
4 0.6904055390702275
5 0.07517309594460929
7 0.06627101879327399
2 0.043521266073194856
6 0.03956478733926805
8 0.025717111770524232
9 0.018793273986152322
3 0.018793273986152322
1 0.013847675568743818
0 0.00791295746785361
doc : 90
2 0.6026058631921825
5 0.18078175895765472
7 0.05374592833876222
4 0.03420195439739414
0 0.03420195439739414
9 0.03257328990228013
8 0.021172638436482087
3 0.01465798045602606
6 0.013029315960912053
1 0.013029315960912053
doc : 91
5 0.7897196261682242
9 0.0630841121495327
6 0.035046728971962614
3 0.02102803738317757
1 0.02102803738317757
8 0.016355140186915886
7 0.014018691588785045
2 0.014018691588785045
0 0.014018691588785045
4 0.011682242990654205
doc : 92
7 0.6464646464646464
5 0.10101010101010101
2 0.05387205387205387
1 0.0404040404040404
9 0.0303030303030303
8 0.0303030303030303
4 0.0303030303030303
6 0.026936026936026935
3 0.02356902356902357
0 0.016835016835016835
doc : 93
4 0.4152671755725191
5 0.17862595419847327
7 0.10687022900763359
2 0.09770992366412214
8 0.044274809160305344
6 0.044274809160305344
9 0.035114503816793895
1 0.03358778625954199
3 0.030534351145038167
0 0.013740458015267175
doc : 94
6 0.20388349514563106
9 0.17475728155339804
4 0.13592233009708737
8 0.07766990291262135
7 0.07766990291262135
5 0.07766990291262135
3 0.06796116504854369
2 0.06796116504854369
0 0.06796116504854369
1 0.04854368932038834
doc : 95
5 0.7792207792207793
2 0.03571428571428572
9 0.029220779220779224
7 0.029220779220779224
4 0.025974025974025976
1 0.025974025974025976
8 0.022727272727272728
3 0.01948051948051948
6 0.016233766233766236
0 0.016233766233766236
doc : 96
5 0.7445482866043613
2 0.059190031152647975
9 0.040498442367601244
6 0.040498442367601244
0 0.024922118380062305
7 0.021806853582554516
8 0.018691588785046728
4 0.018691588785046728
3 0.01557632398753894
1 0.01557632398753894
doc : 97
9 0.4725274725274725
6 0.1575091575091575
7 0.06593406593406594
0 0.06593406593406594
5 0.06227106227106227
2 0.054945054945054944
4 0.040293040293040296
8 0.03663003663003663
3 0.021978021978021976
1 0.021978021978021976
doc : 98
6 0.7359154929577465
2 0.0528169014084507
9 0.03873239436619719
8 0.03169014084507042
7 0.03169014084507042
5 0.03169014084507042
4 0.02112676056338028
0 0.02112676056338028
3 0.017605633802816902
1 0.017605633802816902
doc : 99
6 0.7240143369175627
0 0.05017921146953405
7 0.043010752688172046
8 0.035842293906810034
9 0.02867383512544803
4 0.02867383512544803
2 0.02867383512544803
5 0.021505376344086023
1 0.021505376344086023
3 0.017921146953405017
