doc : 0
3 0.8884210526315789
2 0.016842105263157894
9 0.014736842105263158
1 0.014736842105263158
8 0.01263157894736842
7 0.010526315789473684
6 0.010526315789473684
5 0.010526315789473684
4 0.010526315789473684
0 0.010526315789473684
doc : 1
2 0.7528277396625256
4 0.23382162061932135
7 0.003523085481179307
3 0.0022251066196921935
0 0.0014834044131281292
8 0.001297978861487113
6 0.001297978861487113
1 0.001297978861487113
9 0.0011125533098460968
5 0.0011125533098460968
doc : 2
7 0.9114331723027376
2 0.01610305958132045
3 0.011272141706924315
5 0.00966183574879227
4 0.00966183574879227
1 0.00966183574879227
9 0.008051529790660225
8 0.008051529790660225
6 0.008051529790660225
0 0.008051529790660225
doc : 3
8 0.11764705882352941
9 0.09803921568627451
7 0.09803921568627451
6 0.09803921568627451
5 0.09803921568627451
4 0.09803921568627451
3 0.09803921568627451
2 0.09803921568627451
1 0.09803921568627451
0 0.09803921568627451
doc : 4
8 0.11764705882352941
9 0.09803921568627451
7 0.09803921568627451
6 0.09803921568627451
5 0.09803921568627451
4 0.09803921568627451
3 0.09803921568627451
2 0.09803921568627451
1 0.09803921568627451
0 0.09803921568627451
doc : 5
8 0.11764705882352941
9 0.09803921568627451
7 0.09803921568627451
6 0.09803921568627451
5 0.09803921568627451
4 0.09803921568627451
3 0.09803921568627451
2 0.09803921568627451
1 0.09803921568627451
0 0.09803921568627451
doc : 6
8 0.11764705882352941
9 0.09803921568627451
7 0.09803921568627451
6 0.09803921568627451
5 0.09803921568627451
4 0.09803921568627451
3 0.09803921568627451
2 0.09803921568627451
1 0.09803921568627451
0 0.09803921568627451
doc : 7
6 0.595890410958904
1 0.1113013698630137
0 0.07705479452054795
8 0.0702054794520548
5 0.030821917808219176
9 0.0273972602739726
7 0.025684931506849314
4 0.025684931506849314
3 0.02226027397260274
2 0.0136986301369863
doc : 8
0 0.43333333333333335
6 0.12000000000000001
1 0.07333333333333333
3 0.06666666666666667
2 0.06666666666666667
7 0.060000000000000005
5 0.05333333333333334
9 0.04666666666666667
8 0.04
4 0.04
doc : 9
8 0.8497596153846154
3 0.03125
1 0.02403846153846154
7 0.01682692307692308
5 0.014423076923076924
2 0.014423076923076924
6 0.013221153846153848
4 0.013221153846153848
0 0.01201923076923077
9 0.010817307692307692
doc : 10
1 0.4247104247104247
8 0.21235521235521235
2 0.08108108108108109
3 0.05405405405405406
5 0.0501930501930502
7 0.04633204633204634
4 0.04247104247104247
6 0.03088803088803089
0 0.03088803088803089
9 0.02702702702702703
doc : 11
1 0.787746170678337
6 0.07585703865791393
8 0.04449307075127644
0 0.03355215171407731
3 0.016776075857038657
4 0.01312910284463895
7 0.009482129832239242
2 0.008023340627279359
5 0.005835156819839533
9 0.005105762217359592
doc : 12
8 0.6506622516556292
1 0.15728476821192053
5 0.039735099337748346
6 0.033112582781456956
2 0.033112582781456956
7 0.02152317880794702
4 0.019867549668874173
9 0.016556291390728478
3 0.016556291390728478
0 0.011589403973509934
doc : 13
3 0.8905263157894736
8 0.01894736842105263
7 0.01263157894736842
4 0.01263157894736842
1 0.01263157894736842
9 0.010526315789473684
6 0.010526315789473684
5 0.010526315789473684
2 0.010526315789473684
0 0.010526315789473684
doc : 14
2 0.7557945484887818
4 0.23066938624142408
7 0.0022251066196921935
6 0.0022251066196921935
8 0.0020396810680511778
3 0.0020396810680511778
1 0.0016688299647691454
0 0.0014834044131281292
9 9.271277582050808E-4
5 9.271277582050808E-4
doc : 15
7 0.9033816425120773
2 0.020933977455716585
4 0.014492753623188406
0 0.011272141706924315
6 0.00966183574879227
9 0.008051529790660225
8 0.008051529790660225
5 0.008051529790660225
3 0.008051529790660225
1 0.008051529790660225
doc : 16
8 0.11764705882352941
9 0.09803921568627451
7 0.09803921568627451
6 0.09803921568627451
5 0.09803921568627451
4 0.09803921568627451
3 0.09803921568627451
2 0.09803921568627451
1 0.09803921568627451
0 0.09803921568627451
doc : 17
0 0.11764705882352941
9 0.09803921568627451
8 0.09803921568627451
7 0.09803921568627451
6 0.09803921568627451
5 0.09803921568627451
4 0.09803921568627451
3 0.09803921568627451
2 0.09803921568627451
1 0.09803921568627451
doc : 18
8 0.11764705882352941
9 0.09803921568627451
7 0.09803921568627451
6 0.09803921568627451
5 0.09803921568627451
4 0.09803921568627451
3 0.09803921568627451
2 0.09803921568627451
1 0.09803921568627451
0 0.09803921568627451
doc : 19
8 0.11764705882352941
9 0.09803921568627451
7 0.09803921568627451
6 0.09803921568627451
5 0.09803921568627451
4 0.09803921568627451
3 0.09803921568627451
2 0.09803921568627451
1 0.09803921568627451
0 0.09803921568627451
doc : 20
8 0.11764705882352941
9 0.09803921568627451
7 0.09803921568627451
6 0.09803921568627451
5 0.09803921568627451
4 0.09803921568627451
3 0.09803921568627451
2 0.09803921568627451
1 0.09803921568627451
0 0.09803921568627451
doc : 21
8 0.8743335872048743
1 0.0357958872810358
3 0.017517136329017517
6 0.016755521706016754
4 0.015232292460015232
9 0.011424219345011425
2 0.008377760853008377
0 0.008377760853008377
5 0.006854531607006855
7 0.005331302361005331
doc : 22
6 0.6458684654300169
8 0.08600337268128161
0 0.05902192242833052
1 0.04890387858347386
9 0.047217537942664416
7 0.043844856661045525
5 0.021922428330522763
3 0.01854974704890388
4 0.01517706576728499
2 0.013490725126475547
doc : 23
6 0.41585535465924894
4 0.15299026425591097
2 0.1474269819193324
1 0.13073713490959665
8 0.07649513212795549
7 0.022253129346314324
3 0.019471488178025034
9 0.013908205841446452
5 0.012517385257301807
0 0.008344923504867872
doc : 24
0 0.38549618320610685
1 0.17175572519083968
4 0.10305343511450381
8 0.08396946564885496
7 0.07251908396946564
6 0.0648854961832061
9 0.04580152671755725
3 0.026717557251908396
5 0.022900763358778626
2 0.022900763358778626
doc : 25
3 0.8905263157894736
8 0.014736842105263158
7 0.014736842105263158
2 0.014736842105263158
9 0.01263157894736842
6 0.010526315789473684
5 0.010526315789473684
4 0.010526315789473684
1 0.010526315789473684
0 0.010526315789473684
doc : 26
2 0.7550528462822177
4 0.23289449286111627
7 0.0033376599295382907
3 0.0016688299647691454
9 0.001297978861487113
8 0.001297978861487113
1 0.001297978861487113
0 0.001297978861487113
6 9.271277582050808E-4
5 9.271277582050808E-4
doc : 27
7 0.9017713365539453
2 0.01932367149758454
8 0.014492753623188406
1 0.011272141706924315
4 0.00966183574879227
3 0.00966183574879227
0 0.00966183574879227
9 0.008051529790660225
6 0.008051529790660225
5 0.008051529790660225
doc : 28
1 0.7280219780219781
4 0.049450549450549455
6 0.041208791208791215
8 0.03296703296703297
7 0.03296703296703297
2 0.03296703296703297
0 0.024725274725274728
5 0.02197802197802198
9 0.019230769230769232
3 0.016483516483516484
doc : 29
1 0.7706093189964157
8 0.04659498207885305
2 0.035842293906810034
6 0.025089605734767026
9 0.021505376344086023
4 0.021505376344086023
3 0.021505376344086023
0 0.021505376344086023
7 0.017921146953405017
5 0.017921146953405017
doc : 30
0 0.11764705882352941
9 0.09803921568627451
8 0.09803921568627451
7 0.09803921568627451
6 0.09803921568627451
5 0.09803921568627451
4 0.09803921568627451
3 0.09803921568627451
2 0.09803921568627451
1 0.09803921568627451
doc : 31
8 0.11764705882352941
9 0.09803921568627451
7 0.09803921568627451
6 0.09803921568627451
5 0.09803921568627451
4 0.09803921568627451
3 0.09803921568627451
2 0.09803921568627451
1 0.09803921568627451
0 0.09803921568627451
doc : 32
0 0.11764705882352941
9 0.09803921568627451
8 0.09803921568627451
7 0.09803921568627451
6 0.09803921568627451
5 0.09803921568627451
4 0.09803921568627451
3 0.09803921568627451
2 0.09803921568627451
1 0.09803921568627451
doc : 33
0 0.27272727272727276
1 0.25252525252525254
8 0.10606060606060606
6 0.09595959595959597
4 0.06565656565656566
3 0.05555555555555556
9 0.045454545454545456
5 0.04040404040404041
2 0.03535353535353536
7 0.030303030303030304
doc : 34
9 0.11764705882352941
8 0.09803921568627451
7 0.09803921568627451
6 0.09803921568627451
5 0.09803921568627451
4 0.09803921568627451
3 0.09803921568627451
2 0.09803921568627451
1 0.09803921568627451
0 0.09803921568627451
doc : 35
5 0.8749433620299049
6 0.05573176257362936
0 0.020389669234254646
1 0.010874490258269144
9 0.009062075215224287
3 0.008155867693701859
7 0.007702763932940644
8 0.0058903488898957865
4 0.004077933846850929
2 0.0031717263253285004
doc : 36
0 0.36734693877551017
4 0.1020408163265306
1 0.1020408163265306
3 0.08163265306122448
9 0.07142857142857142
8 0.07142857142857142
7 0.0510204081632653
6 0.0510204081632653
5 0.0510204081632653
2 0.0510204081632653
doc : 37
0 0.7981651376146789
7 0.027522935779816515
3 0.027522935779816515
9 0.024464831804281346
8 0.024464831804281346
4 0.024464831804281346
1 0.021406727828746176
6 0.01834862385321101
5 0.01834862385321101
2 0.01529051987767584
doc : 38
3 0.8863157894736842
7 0.01894736842105263
8 0.014736842105263158
1 0.014736842105263158
0 0.01263157894736842
9 0.010526315789473684
6 0.010526315789473684
5 0.010526315789473684
4 0.010526315789473684
2 0.010526315789473684
doc : 39
2 0.7539402929723716
4 0.23270906730947527
7 0.003893936584461339
1 0.0018542555164101616
3 0.0016688299647691454
0 0.0016688299647691454
8 0.0014834044131281292
9 9.271277582050808E-4
6 9.271277582050808E-4
5 9.271277582050808E-4
doc : 40
9 0.8670295489891136
0 0.03732503888024884
6 0.017884914463452566
1 0.017107309486780714
8 0.016329704510108865
7 0.012441679626749611
5 0.00933125972006221
4 0.008553654743390357
3 0.008553654743390357
2 0.005443234836702955
doc : 41
0 0.11764705882352941
9 0.09803921568627451
8 0.09803921568627451
7 0.09803921568627451
6 0.09803921568627451
5 0.09803921568627451
4 0.09803921568627451
3 0.09803921568627451
2 0.09803921568627451
1 0.09803921568627451
doc : 42
9 0.4838709677419355
1 0.11827956989247312
8 0.10752688172043011
0 0.07526881720430108
5 0.05017921146953405
3 0.04659498207885305
7 0.035842293906810034
6 0.03225806451612903
4 0.025089605734767026
2 0.025089605734767026
doc : 43
1 0.7594936708860759
8 0.0379746835443038
2 0.0379746835443038
7 0.03164556962025317
5 0.028481012658227847
6 0.022151898734177215
3 0.022151898734177215
0 0.022151898734177215
9 0.0189873417721519
4 0.0189873417721519
doc : 44
1 0.8159722222222222
8 0.027777777777777776
2 0.027777777777777776
5 0.020833333333333332
0 0.020833333333333332
9 0.017361111111111112
7 0.017361111111111112
6 0.017361111111111112
4 0.017361111111111112
3 0.017361111111111112
doc : 45
1 0.8101694915254237
2 0.030508474576271184
8 0.02711864406779661
6 0.023728813559322035
0 0.023728813559322035
9 0.01694915254237288
7 0.01694915254237288
5 0.01694915254237288
4 0.01694915254237288
3 0.01694915254237288
doc : 46
0 0.41897233201581024
1 0.10276679841897232
8 0.08695652173913043
6 0.08695652173913043
5 0.07509881422924901
2 0.07114624505928853
4 0.05533596837944664
7 0.043478260869565216
3 0.03162055335968379
9 0.02766798418972332
doc : 47
0 0.48684210526315785
3 0.08552631578947367
1 0.07894736842105263
4 0.06578947368421052
6 0.05921052631578947
8 0.05263157894736842
7 0.05263157894736842
9 0.046052631578947366
5 0.039473684210526314
2 0.03289473684210526
doc : 48
5 0.7656675749318801
0 0.04632152588555858
6 0.03542234332425068
8 0.024523160762942777
4 0.024523160762942777
1 0.024523160762942777
9 0.021798365122615803
3 0.021798365122615803
2 0.01907356948228883
7 0.01634877384196185
doc : 49
0 0.8019323671497585
8 0.036231884057971016
6 0.036231884057971016
1 0.03140096618357488
9 0.01932367149758454
5 0.01932367149758454
2 0.016908212560386472
7 0.014492753623188404
4 0.012077294685990338
3 0.012077294685990338
