doc : 0
8 0.7439824945295405
7 0.05032822757111597
2 0.0437636761487965
5 0.030634573304157548
3 0.028446389496717725
6 0.0262582056892779
4 0.02188183807439825
1 0.02188183807439825
9 0.0175054704595186
0 0.015317286652078774
doc : 1
0 0.2804878048780488
4 0.20121951219512196
8 0.10975609756097561
1 0.10975609756097561
6 0.08536585365853659
9 0.07317073170731708
7 0.03658536585365854
3 0.03658536585365854
2 0.03658536585365854
5 0.03048780487804878
doc : 2
6 0.782258064516129
3 0.041935483870967745
8 0.04032258064516129
9 0.03064516129032258
4 0.020967741935483872
0 0.020967741935483872
7 0.01935483870967742
1 0.016129032258064516
2 0.014516129032258065
5 0.012903225806451613
doc : 3
4 0.7543859649122807
8 0.10366826156299841
1 0.02711323763955343
0 0.023923444976076555
7 0.02073365231259968
6 0.019138755980861243
2 0.019138755980861243
9 0.011164274322169059
5 0.011164274322169059
3 0.009569377990430622
doc : 4
8 0.8236301369863013
6 0.03424657534246575
9 0.02226027397260274
3 0.02054794520547945
2 0.02054794520547945
7 0.017123287671232876
4 0.017123287671232876
1 0.017123287671232876
0 0.017123287671232876
5 0.010273972602739725
doc : 5
6 0.4405144694533762
9 0.18006430868167203
1 0.10610932475884244
8 0.06752411575562701
4 0.05787781350482315
2 0.03858520900321544
0 0.03536977491961415
7 0.028938906752411574
3 0.028938906752411574
5 0.01607717041800643
doc : 6
8 0.824016563146998
4 0.040372670807453416
1 0.028985507246376815
0 0.028985507246376815
6 0.020703933747412008
7 0.018633540372670808
3 0.014492753623188408
9 0.008281573498964804
5 0.008281573498964804
2 0.007246376811594204
doc : 7
4 0.5333333333333333
9 0.16533333333333333
1 0.07733333333333334
7 0.048
6 0.04533333333333333
5 0.026666666666666665
3 0.026666666666666665
2 0.026666666666666665
0 0.026666666666666665
8 0.024
doc : 8
2 0.5833333333333334
9 0.058333333333333334
1 0.058333333333333334
8 0.05
7 0.041666666666666664
6 0.041666666666666664
5 0.041666666666666664
4 0.041666666666666664
3 0.041666666666666664
0 0.041666666666666664
doc : 9
2 0.5916666666666667
7 0.05
6 0.05
4 0.05
1 0.05
9 0.041666666666666664
8 0.041666666666666664
5 0.041666666666666664
3 0.041666666666666664
0 0.041666666666666664
doc : 10
2 0.6556291390728477
8 0.046357615894039736
5 0.046357615894039736
9 0.039735099337748346
7 0.039735099337748346
4 0.039735099337748346
6 0.033112582781456956
3 0.033112582781456956
1 0.033112582781456956
0 0.033112582781456956
doc : 11
2 0.6466666666666667
9 0.04666666666666667
4 0.04666666666666667
1 0.04666666666666667
7 0.04
5 0.04
8 0.03333333333333333
6 0.03333333333333333
3 0.03333333333333333
0 0.03333333333333333
doc : 12
2 0.6666666666666667
6 0.04666666666666667
5 0.04
4 0.04
3 0.04
9 0.03333333333333333
8 0.03333333333333333
7 0.03333333333333333
1 0.03333333333333333
0 0.03333333333333333
doc : 13
5 0.817047817047817
8 0.0395010395010395
4 0.02286902286902287
9 0.02079002079002079
6 0.018711018711018712
1 0.018711018711018712
0 0.018711018711018712
7 0.016632016632016633
2 0.014553014553014554
3 0.012474012474012475
doc : 14
5 0.8271889400921659
7 0.029953917050691243
6 0.02304147465437788
3 0.02304147465437788
8 0.018433179723502304
1 0.018433179723502304
9 0.016129032258064516
4 0.016129032258064516
2 0.016129032258064516
0 0.01152073732718894
doc : 15
5 0.8409090909090909
0 0.03305785123966942
6 0.026859504132231406
2 0.01859504132231405
3 0.01652892561983471
9 0.014462809917355372
7 0.014462809917355372
8 0.012396694214876033
1 0.012396694214876033
4 0.010330578512396695
doc : 16
2 0.575
7 0.058333333333333334
1 0.058333333333333334
8 0.05
0 0.05
9 0.041666666666666664
6 0.041666666666666664
5 0.041666666666666664
4 0.041666666666666664
3 0.041666666666666664
doc : 17
8 0.7140350877192982
9 0.05087719298245614
0 0.05087719298245614
6 0.04736842105263158
3 0.03508771929824561
1 0.031578947368421054
2 0.021052631578947368
7 0.01929824561403509
4 0.015789473684210527
5 0.014035087719298246
doc : 18
2 0.6533333333333333
7 0.04666666666666667
0 0.04666666666666667
5 0.04
4 0.04
1 0.04
9 0.03333333333333333
8 0.03333333333333333
6 0.03333333333333333
3 0.03333333333333333
doc : 19
4 0.8207547169811321
8 0.06037735849056604
2 0.022641509433962266
7 0.018867924528301886
9 0.01509433962264151
6 0.01509433962264151
5 0.013207547169811321
3 0.011320754716981133
1 0.011320754716981133
0 0.011320754716981133
doc : 20
8 0.33098591549295775
2 0.17605633802816903
7 0.09154929577464789
5 0.07746478873239437
9 0.07042253521126761
6 0.06338028169014084
0 0.06338028169014084
1 0.04929577464788733
4 0.04225352112676056
3 0.035211267605633804
doc : 21
5 0.8021052631578948
2 0.035789473684210524
8 0.031578947368421054
6 0.031578947368421054
4 0.02526315789473684
0 0.023157894736842106
1 0.014736842105263158
7 0.01263157894736842
3 0.01263157894736842
9 0.010526315789473684
doc : 22
7 0.46558704453441296
2 0.11336032388663968
1 0.09716599190283401
0 0.07692307692307693
9 0.05668016194331984
3 0.05668016194331984
8 0.03643724696356275
6 0.03643724696356275
5 0.032388663967611336
4 0.02834008097165992
doc : 23
9 0.32340425531914896
5 0.13617021276595745
7 0.12340425531914893
8 0.1021276595744681
1 0.08936170212765958
2 0.08085106382978724
0 0.059574468085106386
4 0.03404255319148936
6 0.029787234042553193
3 0.02127659574468085
doc : 24
6 0.8133047210300429
3 0.04291845493562232
2 0.02575107296137339
7 0.023605150214592273
9 0.02145922746781116
4 0.017167381974248927
8 0.015021459227467811
5 0.015021459227467811
1 0.012875536480686695
0 0.012875536480686695
doc : 25
7 0.31683168316831684
8 0.24422442244224424
1 0.12211221122112212
6 0.066006600660066
4 0.0627062706270627
3 0.0429042904290429
5 0.039603960396039604
2 0.039603960396039604
0 0.036303630363036306
9 0.0297029702970297
doc : 26
8 0.48684210526315785
2 0.08552631578947367
1 0.07894736842105263
4 0.06578947368421052
3 0.05921052631578947
0 0.05921052631578947
9 0.046052631578947366
6 0.046052631578947366
5 0.039473684210526314
7 0.03289473684210526
doc : 27
5 0.3966049382716049
7 0.29166666666666663
4 0.07407407407407407
8 0.05709876543209876
2 0.046296296296296294
9 0.038580246913580245
1 0.030864197530864196
6 0.027777777777777776
3 0.024691358024691357
0 0.012345679012345678
doc : 28
0 0.32258064516129037
9 0.10752688172043012
6 0.10752688172043012
7 0.07526881720430108
4 0.07526881720430108
3 0.07526881720430108
1 0.07526881720430108
8 0.05376344086021506
5 0.05376344086021506
2 0.05376344086021506
doc : 29
5 0.8616780045351474
8 0.018140589569160998
2 0.018140589569160998
9 0.015873015873015872
7 0.015873015873015872
4 0.015873015873015872
0 0.015873015873015872
6 0.01360544217687075
1 0.01360544217687075
3 0.011337868480725623
doc : 30
5 0.7761194029850746
4 0.03624733475479744
7 0.029850746268656716
6 0.029850746268656716
1 0.029850746268656716
8 0.027718550106609806
2 0.023454157782515993
0 0.019189765458422173
3 0.017057569296375266
9 0.010660980810234541
doc : 31
5 0.8580931263858093
6 0.019955654101995565
2 0.019955654101995565
7 0.017738359201773836
9 0.015521064301552107
3 0.015521064301552107
0 0.015521064301552107
8 0.013303769401330377
1 0.013303769401330377
4 0.011086474501108647
doc : 32
3 0.9183147033533964
9 0.014617368873602751
7 0.014617368873602751
4 0.012037833190025795
2 0.008598452278589854
6 0.007738607050730869
1 0.007738607050730869
5 0.0060189165950128975
8 0.005159071367153913
0 0.005159071367153913
doc : 33
9 0.1
8 0.1
7 0.1
6 0.1
5 0.1
4 0.1
3 0.1
2 0.1
1 0.1
0 0.1
doc : 34
1 0.6021621621621621
9 0.11459459459459459
8 0.11351351351351352
4 0.03891891891891892
7 0.03135135135135135
3 0.02810810810810811
2 0.020540540540540542
6 0.01945945945945946
0 0.017297297297297298
5 0.014054054054054054
doc : 35
7 0.7275
2 0.05
0 0.0375
6 0.0325
3 0.0325
1 0.0325
8 0.0275
4 0.025
9 0.02
5 0.015
doc : 36
1 0.6600985221674877
3 0.07881773399014778
7 0.054187192118226604
8 0.034482758620689655
2 0.034482758620689655
0 0.034482758620689655
9 0.029556650246305417
6 0.024630541871921183
5 0.024630541871921183
4 0.024630541871921183
doc : 37
9 0.8382608695652174
4 0.034782608695652174
7 0.022608695652173914
6 0.022608695652173914
8 0.017391304347826087
5 0.01391304347826087
1 0.01391304347826087
3 0.01217391304347826
2 0.01217391304347826
0 0.01217391304347826
doc : 38
0 0.815359477124183
7 0.06045751633986928
5 0.021241830065359478
2 0.0196078431372549
1 0.01797385620915033
3 0.016339869281045753
9 0.014705882352941176
4 0.013071895424836602
6 0.011437908496732027
8 0.00980392156862745
doc : 39
0 0.5247524752475248
8 0.12376237623762376
6 0.09158415841584158
7 0.05693069306930693
4 0.05693069306930693
9 0.04207920792079208
3 0.03712871287128713
1 0.0297029702970297
5 0.019801980198019802
2 0.017326732673267328
doc : 40
2 0.7679671457905545
5 0.04106776180698152
9 0.039014373716632446
1 0.03285420944558522
7 0.028747433264887066
0 0.024640657084188913
6 0.018480492813141684
4 0.018480492813141684
8 0.014373716632443533
3 0.014373716632443533
doc : 41
8 0.807920792079208
4 0.03762376237623762
3 0.031683168316831684
6 0.023762376237623763
7 0.02178217821782178
9 0.017821782178217824
0 0.017821782178217824
5 0.013861386138613862
2 0.013861386138613862
1 0.013861386138613862
doc : 42
7 0.18253968253968253
0 0.1349206349206349
6 0.12698412698412698
9 0.1111111111111111
2 0.1111111111111111
1 0.10317460317460317
8 0.09523809523809523
5 0.047619047619047616
4 0.047619047619047616
3 0.03968253968253968
doc : 43
5 0.8519362186788154
8 0.025056947608200455
7 0.018223234624145785
2 0.018223234624145785
1 0.018223234624145785
0 0.018223234624145785
3 0.01594533029612756
9 0.011389521640091115
6 0.011389521640091115
4 0.011389521640091115
doc : 44
5 0.8541176470588234
6 0.021176470588235293
9 0.018823529411764704
7 0.016470588235294115
4 0.016470588235294115
2 0.016470588235294115
1 0.016470588235294115
3 0.014117647058823528
0 0.014117647058823528
8 0.011764705882352941
doc : 45
6 0.755859375
8 0.111328125
4 0.021484375
0 0.021484375
2 0.01953125
7 0.017578125
1 0.017578125
9 0.01171875
5 0.01171875
3 0.01171875
doc : 46
1 0.6600985221674877
7 0.06403940886699508
3 0.06403940886699508
2 0.04926108374384237
8 0.029556650246305417
6 0.029556650246305417
5 0.029556650246305417
9 0.024630541871921183
4 0.024630541871921183
0 0.024630541871921183
doc : 47
9 0.8302139037433155
6 0.029411764705882353
4 0.028074866310160426
8 0.025401069518716575
7 0.0213903743315508
1 0.014705882352941176
3 0.013368983957219251
0 0.013368983957219251
5 0.012032085561497326
2 0.012032085561497326
doc : 48
7 0.5376344086021505
6 0.12186379928315412
2 0.07526881720430108
0 0.07526881720430108
1 0.05017921146953405
5 0.03942652329749104
8 0.035842293906810034
3 0.025089605734767026
9 0.021505376344086023
4 0.017921146953405017
doc : 49
9 0.803921568627451
7 0.032679738562091505
5 0.032679738562091505
4 0.03104575163398693
3 0.022875816993464054
1 0.021241830065359478
8 0.0196078431372549
2 0.013071895424836602
6 0.011437908496732027
0 0.011437908496732027
