doc : 0
3 0.7491082045184304
4 0.11771700356718191
9 0.027348394768133173
2 0.022592152199762187
8 0.020214030915576692
6 0.019024970273483946
1 0.016646848989298454
7 0.01426872770511296
5 0.00713436385255648
0 0.005945303210463733
doc : 1
3 0.8004009163802979
9 0.06758304696449027
2 0.041523482245131735
8 0.03350515463917526
4 0.018041237113402064
7 0.010309278350515464
1 0.009736540664375716
6 0.008018327605956473
0 0.008018327605956473
5 0.00286368843069874
doc : 2
4 0.7686170212765957
3 0.05053191489361702
9 0.0425531914893617
1 0.031914893617021274
8 0.023936170212765957
7 0.02127659574468085
6 0.018617021276595744
2 0.015957446808510637
5 0.013297872340425532
0 0.013297872340425532
doc : 3
4 0.7183098591549296
3 0.05915492957746479
9 0.056338028169014086
8 0.036619718309859155
1 0.036619718309859155
5 0.022535211267605635
2 0.022535211267605635
7 0.016901408450704227
6 0.016901408450704227
0 0.014084507042253521
doc : 4
4 0.5892857142857143
1 0.07738095238095238
9 0.05952380952380952
6 0.05357142857142857
0 0.047619047619047616
8 0.041666666666666664
7 0.03571428571428571
3 0.03571428571428571
5 0.02976190476190476
2 0.02976190476190476
doc : 5
7 0.950902934537246
9 0.006772009029345372
8 0.006772009029345372
5 0.006772009029345372
3 0.006772009029345372
4 0.00564334085778781
6 0.004514672686230248
0 0.004514672686230248
2 0.003950338600451467
1 0.003386004514672686
doc : 6
4 0.5302083333333333
1 0.16666666666666666
3 0.08229166666666667
0 0.06875
9 0.046875
6 0.03333333333333333
7 0.030208333333333334
8 0.017708333333333333
5 0.015625
2 0.008333333333333333
doc : 7
9 0.895582329317269
4 0.020080321285140562
3 0.020080321285140562
6 0.013386880856760375
1 0.012048192771084336
7 0.0107095046854083
0 0.008032128514056224
8 0.006693440428380187
5 0.006693440428380187
2 0.006693440428380187
doc : 8
5 0.9888538890235038
0 0.001453840562151684
9 0.00121153380179307
8 0.00121153380179307
7 0.00121153380179307
6 0.00121153380179307
4 0.00121153380179307
3 0.00121153380179307
2 0.00121153380179307
1 0.00121153380179307
doc : 9
5 0.9890961957838624
9 0.00121153380179307
8 0.00121153380179307
7 0.00121153380179307
6 0.00121153380179307
4 0.00121153380179307
3 0.00121153380179307
2 0.00121153380179307
1 0.00121153380179307
0 0.00121153380179307
doc : 10
7 0.26208651399491095
3 0.1806615776081425
4 0.16793893129770993
6 0.15648854961832062
9 0.07888040712468194
0 0.07633587786259542
8 0.04834605597964377
1 0.013994910941475827
2 0.008905852417302799
5 0.0063613231552162855
doc : 11
6 0.8127340823970037
9 0.03870162297128589
3 0.03620474406991261
8 0.031210986267166042
0 0.02247191011235955
7 0.017478152309612985
2 0.01373283395755306
4 0.009987515605493134
1 0.009987515605493134
5 0.00749063670411985
doc : 12
6 0.8502747252747254
9 0.028846153846153848
3 0.024725274725274728
7 0.02197802197802198
0 0.01785714285714286
8 0.016483516483516484
1 0.012362637362637364
2 0.01098901098901099
4 0.009615384615384616
5 0.006868131868131869
doc : 13
6 0.7570498915401301
4 0.0683297180043384
9 0.06616052060737528
8 0.04229934924078091
3 0.020607375271149676
0 0.013015184381778743
7 0.01193058568329718
5 0.007592190889370933
2 0.0065075921908893716
1 0.0065075921908893716
doc : 14
3 0.3312421580928482
9 0.2647427854454203
0 0.16687578419071517
8 0.1041405269761606
4 0.057716436637390206
7 0.023839397741530738
6 0.018820577164366373
2 0.01631116687578419
1 0.010037641154328732
5 0.006273525721455457
doc : 15
3 0.8087731322823852
9 0.04660726525017135
8 0.03358464701850583
4 0.030843043180260453
7 0.025359835503769707
1 0.015078821110349555
0 0.014393420150788212
6 0.011651816312542838
2 0.00822481151473612
5 0.0054832076764907475
doc : 16
1 0.8600223964165734
9 0.05263157894736842
3 0.01791713325867861
8 0.015677491601343786
6 0.012318029115341545
4 0.010078387458006719
0 0.010078387458006719
2 0.007838745800671893
7 0.00671892497200448
5 0.00671892497200448
doc : 17
7 0.9350515463917527
9 0.02611683848797251
8 0.006872852233676977
6 0.006872852233676977
4 0.006872852233676977
3 0.006185567010309279
2 0.0037800687285223372
5 0.0030927835051546395
1 0.0030927835051546395
0 0.002061855670103093
doc : 18
3 0.52992700729927
0 0.16058394160583941
8 0.08175182481751825
9 0.072992700729927
6 0.06861313868613138
4 0.02627737226277372
7 0.024817518248175182
1 0.01751824817518248
2 0.010218978102189781
5 0.0072992700729927005
doc : 19
4 0.8580481622306717
3 0.04182509505703422
1 0.0164765525982256
8 0.01520912547528517
7 0.01520912547528517
0 0.013941698352344739
6 0.012674271229404309
9 0.011406844106463877
5 0.007604562737642585
2 0.007604562737642585
doc : 20
4 0.6993006993006993
9 0.045454545454545456
8 0.038461538461538464
3 0.038461538461538464
1 0.038461538461538464
0 0.038461538461538464
7 0.03146853146853147
6 0.03146853146853147
2 0.02097902097902098
5 0.017482517482517484
doc : 21
1 0.8829268292682927
9 0.020731707317073172
7 0.018292682926829267
3 0.01707317073170732
6 0.015853658536585366
8 0.01097560975609756
4 0.00975609756097561
5 0.00853658536585366
0 0.00853658536585366
2 0.007317073170731707
doc : 22
1 0.9049773755656109
9 0.0196078431372549
0 0.012066365007541479
8 0.010558069381598794
3 0.010558069381598794
7 0.00904977375565611
6 0.00904977375565611
4 0.00904977375565611
5 0.007541478129713424
2 0.007541478129713424
doc : 23
1 0.9159159159159159
6 0.012012012012012012
0 0.012012012012012012
9 0.01051051051051051
7 0.01051051051051051
3 0.009009009009009009
8 0.0075075075075075074
5 0.0075075075075075074
4 0.0075075075075075074
2 0.0075075075075075074
doc : 24
2 0.9690454406831351
3 0.011588899054589813
8 0.006251906068923452
9 0.0030497102775236353
6 0.0025922537358950897
4 0.0022872827081427266
7 0.0021347971942665446
0 0.0013723696248856359
5 9.149130832570905E-4
1 7.624275693809088E-4
doc : 25
3 0.6463878326996197
4 0.09125475285171103
1 0.057034220532319393
9 0.03802281368821293
7 0.034220532319391636
0 0.034220532319391636
8 0.026615969581749048
5 0.026615969581749048
6 0.022813688212927757
2 0.022813688212927757
doc : 26
4 0.6857142857142857
9 0.09999999999999999
3 0.05714285714285714
6 0.04642857142857143
7 0.030357142857142857
8 0.026785714285714284
0 0.01607142857142857
5 0.014285714285714285
2 0.014285714285714285
1 0.008928571428571428
doc : 27
6 0.7553191489361702
9 0.17184942716857612
5 0.016366612111292964
3 0.011456628477905075
4 0.009819967266775777
7 0.00900163666121113
2 0.00900163666121113
0 0.008183306055646482
8 0.004909983633387889
1 0.004091653027823241
doc : 28
9 0.878581173260573
8 0.034106412005457026
6 0.019099590723055934
0 0.015006821282401092
7 0.013642564802182811
3 0.009549795361527967
4 0.008185538881309686
1 0.008185538881309686
5 0.0068212824010914054
2 0.0068212824010914054
doc : 29
7 0.9415807560137458
9 0.022336769759450172
3 0.008247422680412371
8 0.006872852233676977
6 0.005154639175257733
4 0.004810996563573883
0 0.0034364261168384883
5 0.0030927835051546395
1 0.0027491408934707906
2 0.0017182130584192442
doc : 30
4 0.65
9 0.1
6 0.05
1 0.04230769230769231
8 0.03076923076923077
0 0.03076923076923077
7 0.026923076923076925
2 0.026923076923076925
3 0.023076923076923078
5 0.019230769230769232
doc : 31
1 0.8701298701298701
9 0.01948051948051948
7 0.01948051948051948
3 0.017316017316017316
4 0.015151515151515152
6 0.012987012987012988
0 0.012987012987012988
8 0.010822510822510822
5 0.010822510822510822
2 0.010822510822510822
doc : 32
1 0.8688046647230321
6 0.033527696793002916
9 0.02478134110787172
8 0.013119533527696793
4 0.011661807580174927
3 0.011661807580174927
2 0.01020408163265306
0 0.01020408163265306
7 0.008746355685131196
5 0.007288629737609329
doc : 33
4 0.8628930817610062
3 0.03018867924528302
7 0.021383647798742137
1 0.018867924528301886
9 0.016352201257861635
6 0.016352201257861635
8 0.010062893081761006
2 0.00880503144654088
5 0.007547169811320755
0 0.007547169811320755
doc : 34
8 0.8384279475982533
6 0.040756914119359534
9 0.033478893740902474
3 0.020378457059679767
1 0.014556040756914121
0 0.013100436681222708
7 0.010189228529839884
4 0.010189228529839884
2 0.010189228529839884
5 0.008733624454148471
doc : 35
3 0.4936507936507937
9 0.23174603174603176
8 0.10793650793650794
7 0.03968253968253968
6 0.03492063492063492
2 0.031746031746031744
4 0.023809523809523808
1 0.014285714285714285
0 0.014285714285714285
5 0.007936507936507936
doc : 36
3 0.7285353535353536
4 0.09343434343434344
9 0.03535353535353536
0 0.03535353535353536
7 0.03282828282828283
1 0.021464646464646468
6 0.020202020202020204
5 0.01767676767676768
8 0.007575757575757576
2 0.007575757575757576
doc : 37
6 0.8207934336525308
9 0.04377564979480164
8 0.038303693570451436
7 0.02051983584131327
0 0.02051983584131327
3 0.016415868673050615
4 0.012311901504787962
2 0.009575923392612859
1 0.009575923392612859
5 0.008207934336525308
doc : 38
9 0.4831081081081081
6 0.4538288288288288
0 0.010135135135135136
3 0.009009009009009009
1 0.009009009009009009
7 0.007882882882882882
2 0.007882882882882882
8 0.006756756756756757
5 0.006756756756756757
4 0.00563063063063063
doc : 39
1 0.9052319842053307
3 0.02073050345508391
8 0.012833168805528133
9 0.01085883514313919
6 0.01085883514313919
7 0.007897334649555774
5 0.007897334649555774
4 0.007897334649555774
2 0.007897334649555774
0 0.007897334649555774
doc : 40
1 0.8984375
9 0.013671875
2 0.013671875
8 0.01171875
6 0.01171875
3 0.01171875
7 0.009765625
5 0.009765625
4 0.009765625
0 0.009765625
doc : 41
1 0.9231950844854071
9 0.009216589861751152
8 0.009216589861751152
6 0.009216589861751152
4 0.009216589861751152
3 0.009216589861751152
7 0.007680491551459293
5 0.007680491551459293
2 0.007680491551459293
0 0.007680491551459293
doc : 42
1 0.9358490566037735
7 0.010062893081761006
8 0.007547169811320755
3 0.007547169811320755
2 0.007547169811320755
9 0.006289308176100628
6 0.006289308176100628
5 0.006289308176100628
4 0.006289308176100628
0 0.006289308176100628
doc : 43
0 0.39012345679012345
9 0.22962962962962963
7 0.18518518518518517
3 0.06419753086419754
4 0.04567901234567901
6 0.03333333333333333
8 0.024691358024691357
1 0.011111111111111112
2 0.008641975308641974
5 0.007407407407407408
doc : 44
1 0.4869888475836431
4 0.13382899628252787
3 0.12639405204460966
8 0.07063197026022304
9 0.03717472118959107
7 0.03345724907063197
2 0.03345724907063197
0 0.02973977695167286
6 0.026022304832713755
5 0.022304832713754646
doc : 45
2 0.9266272189349113
9 0.011834319526627219
3 0.011834319526627219
4 0.009467455621301775
8 0.007100591715976332
7 0.007100591715976332
1 0.007100591715976332
0 0.007100591715976332
6 0.005917159763313609
5 0.005917159763313609
doc : 46
6 0.5617685305591678
8 0.3420026007802341
9 0.031209362808842653
7 0.014304291287386216
3 0.011703511053315995
0 0.010403120936280884
4 0.009102730819245773
5 0.006501950585175553
2 0.006501950585175553
1 0.006501950585175553
doc : 47
6 0.7570532915360502
9 0.18260188087774293
5 0.013322884012539185
3 0.0109717868338558
7 0.009404388714733543
4 0.006269592476489028
8 0.0054858934169279
2 0.0054858934169279
1 0.0054858934169279
0 0.003918495297805642
doc : 48
6 0.7401360544217687
8 0.11156462585034013
9 0.047619047619047616
3 0.019047619047619046
5 0.01768707482993197
7 0.014965986394557823
4 0.013605442176870748
0 0.013605442176870748
2 0.012244897959183673
1 0.009523809523809523
doc : 49
1 0.9005235602094241
7 0.013961605584642234
9 0.012216404886561954
4 0.012216404886561954
3 0.012216404886561954
5 0.010471204188481676
2 0.010471204188481676
0 0.010471204188481676
8 0.008726003490401396
6 0.008726003490401396
doc : 50
1 0.9356568364611261
9 0.00804289544235925
4 0.00804289544235925
3 0.00804289544235925
8 0.006702412868632708
7 0.006702412868632708
6 0.006702412868632708
5 0.006702412868632708
2 0.006702412868632708
0 0.006702412868632708
doc : 51
1 0.8908045977011494
9 0.020114942528735632
3 0.020114942528735632
4 0.017241379310344827
6 0.010057471264367816
8 0.008620689655172414
7 0.008620689655172414
2 0.008620689655172414
0 0.008620689655172414
5 0.007183908045977011
doc : 52
7 0.906345957011259
3 0.032753326509723645
0 0.02047082906857728
6 0.009723643807574208
8 0.008188331627430911
4 0.007164790174002047
9 0.006653019447287615
2 0.0030706243602865915
1 0.0030706243602865915
5 0.00255885363357216
doc : 53
9 0.34177215189873417
0 0.27848101265822783
4 0.11075949367088607
3 0.07278481012658228
8 0.07120253164556962
6 0.0490506329113924
7 0.02689873417721519
2 0.02373417721518987
1 0.015822784810126583
5 0.00949367088607595
doc : 54
0 0.5230769230769231
9 0.27350427350427353
4 0.07863247863247863
6 0.03076923076923077
8 0.02905982905982906
3 0.02393162393162393
7 0.011965811965811965
1 0.011965811965811965
5 0.008547008547008548
2 0.008547008547008548
doc : 55
6 0.7618483412322276
9 0.08649289099526067
8 0.06161137440758294
3 0.02132701421800948
7 0.018957345971563982
4 0.013033175355450238
0 0.013033175355450238
1 0.009478672985781991
2 0.008293838862559242
5 0.0059241706161137445
doc : 56
4 0.6773162939297124
1 0.09904153354632587
3 0.04792332268370607
9 0.04153354632587859
0 0.038338658146964855
6 0.025559105431309903
8 0.019169329073482427
5 0.019169329073482427
7 0.01597444089456869
2 0.01597444089456869
doc : 57
9 0.869762174405436
6 0.05889014722536807
8 0.011325028312570783
2 0.011325028312570783
7 0.010192525481313703
5 0.010192525481313703
3 0.009060022650056626
1 0.007927519818799548
4 0.005662514156285391
0 0.005662514156285391
doc : 58
8 0.8758992805755396
6 0.023381294964028777
9 0.014388489208633094
4 0.014388489208633094
3 0.014388489208633094
7 0.012589928057553958
2 0.012589928057553958
0 0.012589928057553958
1 0.01079136690647482
5 0.008992805755395683
doc : 59
0 0.4888888888888889
9 0.294017094017094
4 0.09572649572649572
6 0.03076923076923077
3 0.02905982905982906
8 0.018803418803418803
7 0.011965811965811965
2 0.011965811965811965
1 0.010256410256410256
5 0.008547008547008548
doc : 60
8 0.8633093525179857
6 0.030575539568345324
9 0.025179856115107917
4 0.01618705035971223
2 0.012589928057553958
1 0.012589928057553958
7 0.01079136690647482
3 0.01079136690647482
5 0.008992805755395683
0 0.008992805755395683
doc : 61
3 0.28823529411764703
8 0.1411764705882353
0 0.12941176470588234
4 0.12352941176470589
7 0.08235294117647059
6 0.08235294117647059
9 0.052941176470588235
2 0.03529411764705882
1 0.03529411764705882
5 0.029411764705882353
doc : 62
6 0.8620689655172413
8 0.034482758620689655
9 0.030061892130857647
7 0.01945181255526083
3 0.01768346595932803
4 0.008841732979664015
2 0.007957559681697613
0 0.007957559681697613
1 0.007073386383731211
5 0.004420866489832007
doc : 63
6 0.8073170731707318
8 0.06829268292682927
9 0.03902439024390244
7 0.018292682926829267
4 0.018292682926829267
1 0.015853658536585366
5 0.00975609756097561
2 0.00853658536585366
3 0.007317073170731707
0 0.007317073170731707
doc : 64
6 0.8865853658536585
8 0.024390243902439025
9 0.01951219512195122
7 0.012195121951219513
4 0.012195121951219513
2 0.00975609756097561
1 0.00975609756097561
5 0.00853658536585366
3 0.00853658536585366
0 0.00853658536585366
doc : 65
6 0.7315068493150685
8 0.14794520547945206
9 0.04246575342465753
7 0.015068493150684932
3 0.015068493150684932
4 0.012328767123287671
1 0.010958904109589041
0 0.010958904109589041
5 0.00684931506849315
2 0.00684931506849315
doc : 66
3 0.7481481481481481
4 0.07407407407407407
0 0.05333333333333333
9 0.037037037037037035
8 0.02222222222222222
2 0.017777777777777778
7 0.016296296296296295
6 0.011851851851851851
1 0.011851851851851851
5 0.007407407407407407
doc : 67
3 0.44062500000000004
4 0.1296875
7 0.11406250000000001
9 0.109375
8 0.059375000000000004
0 0.05625
6 0.0421875
1 0.026562500000000003
5 0.0125
2 0.009375000000000001
doc : 68
9 0.9177215189873418
3 0.013924050632911392
6 0.01139240506329114
0 0.01139240506329114
8 0.008860759493670886
7 0.008860759493670886
4 0.00759493670886076
1 0.00759493670886076
5 0.006329113924050633
2 0.006329113924050633
doc : 69
6 0.9010282776349614
8 0.01799485861182519
9 0.016709511568123392
0 0.016709511568123392
4 0.011568123393316195
3 0.008997429305912595
1 0.007712082262210797
7 0.006426735218508997
5 0.006426735218508997
2 0.006426735218508997
doc : 70
6 0.8206465067778936
3 0.035453597497393116
7 0.03336809176225235
4 0.03232533889468196
8 0.023983315954118876
9 0.021897810218978103
5 0.009384775808133473
0 0.009384775808133473
1 0.0072992700729927005
2 0.006256517205422315
doc : 71
6 0.5412054120541205
8 0.37392373923739236
9 0.029520295202952032
4 0.00984009840098401
7 0.008610086100861008
3 0.008610086100861008
1 0.008610086100861008
5 0.007380073800738008
2 0.006150061500615006
0 0.006150061500615006
doc : 72
6 0.5836575875486381
8 0.32944228274967574
4 0.016861219195849545
3 0.016861219195849545
7 0.014267185473411154
9 0.00907911802853437
5 0.007782101167315175
2 0.007782101167315175
1 0.007782101167315175
0 0.006485084306095979
doc : 73
6 0.8489208633093525
8 0.03836930455635491
9 0.03597122302158273
2 0.016786570743405275
3 0.014388489208633093
0 0.01199040767386091
1 0.009592326139088728
7 0.008393285371702638
5 0.008393285371702638
4 0.007194244604316546
doc : 74
6 0.877892030848329
8 0.02699228791773779
3 0.02442159383033419
0 0.015424164524421594
7 0.011568123393316195
9 0.010282776349614395
2 0.008997429305912595
1 0.008997429305912595
5 0.007712082262210797
4 0.007712082262210797
doc : 75
6 0.8066361556064073
9 0.05263157894736842
8 0.05148741418764302
0 0.020594965675057208
7 0.016018306636155607
3 0.013729977116704806
1 0.011441647597254004
5 0.010297482837528604
4 0.009153318077803204
2 0.008009153318077803
doc : 76
6 0.5855646100116414
8 0.31664726426076834
9 0.03143189755529686
3 0.013969732246798603
0 0.011641443538998836
1 0.010477299185098952
5 0.008149010477299184
4 0.008149010477299184
7 0.006984866123399301
2 0.006984866123399301
doc : 77
4 0.8827751196172249
9 0.021531100478468897
7 0.019138755980861243
3 0.014354066985645932
8 0.013157894736842105
6 0.013157894736842105
1 0.013157894736842105
0 0.010765550239234449
5 0.005980861244019139
2 0.005980861244019139
doc : 78
9 0.7917174177831912
8 0.11571254567600486
6 0.01705237515225335
0 0.014616321559074299
4 0.013398294762484775
1 0.012180267965895249
3 0.010962241169305723
7 0.0097442143727162
5 0.008526187576126675
2 0.0060901339829476245
doc : 79
4 0.8833592534992224
3 0.02177293934681182
9 0.015552099533437013
0 0.015552099533437013
6 0.013996889580093312
1 0.013996889580093312
7 0.01088646967340591
8 0.00933125972006221
5 0.0077760497667185065
2 0.0077760497667185065
doc : 80
0 0.4034608378870674
7 0.15664845173041894
8 0.13570127504553733
3 0.09836065573770492
6 0.09198542805100182
9 0.06375227686703097
4 0.030054644808743168
5 0.007285974499089253
2 0.006375227686703096
1 0.006375227686703096
doc : 81
0 0.7441512259030508
7 0.08702975856260528
3 0.06232453677709152
9 0.03743215422047539
8 0.031630170316301706
6 0.015160022459292533
4 0.011229646266142618
2 0.004866180048661801
1 0.003743215422047539
5 0.0024330900243309003
doc : 82
6 0.512273212379936
9 0.4066168623265742
3 0.017075773745997867
8 0.013874066168623267
7 0.010672358591248666
1 0.010672358591248666
4 0.0096051227321238
2 0.007470651013874067
0 0.0064034151547492
5 0.005336179295624333
doc : 83
6 0.6275946275946276
8 0.2796092796092796
9 0.019536019536019536
3 0.013431013431013432
4 0.01221001221001221
2 0.01221001221001221
7 0.010989010989010988
5 0.008547008547008548
1 0.008547008547008548
0 0.007326007326007326
doc : 84
6 0.8770999115826702
8 0.028293545534924844
9 0.022104332449160033
3 0.016799292661361626
7 0.01326259946949602
4 0.010610079575596816
2 0.009725906277630415
0 0.009725906277630415
5 0.006189213085764809
1 0.006189213085764809
doc : 85
5 0.9898246373673955
6 0.0012989824637367395
2 0.0012989824637367395
9 0.0010824853864472828
8 0.0010824853864472828
7 0.0010824853864472828
4 0.0010824853864472828
3 0.0010824853864472828
1 0.0010824853864472828
0 0.0010824853864472828
doc : 86
0 0.5120967741935484
9 0.10887096774193548
4 0.0846774193548387
7 0.07661290322580645
3 0.06854838709677419
1 0.04435483870967742
8 0.03225806451612903
6 0.028225806451612902
2 0.024193548387096774
5 0.020161290322580645
doc : 87
3 0.4333333333333333
0 0.14533333333333334
4 0.12133333333333333
6 0.11733333333333333
8 0.05333333333333333
9 0.048
7 0.04533333333333333
1 0.02
5 0.008
2 0.008
doc : 88
7 0.9274958170663693
8 0.030117122141662022
9 0.008365867261572783
6 0.007250418293363079
0 0.006692693809258227
4 0.00501952035694367
3 0.004461795872838818
5 0.0039040713887339654
2 0.0039040713887339654
1 0.0027886224205242614
doc : 89
4 0.8885298869143781
6 0.01615508885298869
3 0.01615508885298869
8 0.014539579967689823
9 0.012924071082390954
7 0.012924071082390954
1 0.012924071082390954
0 0.009693053311793216
5 0.008077544426494346
2 0.008077544426494346
doc : 90
6 0.579874213836478
8 0.3270440251572327
3 0.016352201257861635
1 0.016352201257861635
4 0.01509433962264151
9 0.010062893081761006
5 0.010062893081761006
2 0.010062893081761006
7 0.00880503144654088
0 0.006289308176100628
doc : 91
6 0.6995884773662551
8 0.1673525377229081
3 0.027434842249657063
9 0.026063100137174208
7 0.0205761316872428
4 0.016460905349794237
2 0.015089163237311385
1 0.010973936899862825
0 0.009602194787379972
5 0.006858710562414266
doc : 92
6 0.7074122236671001
8 0.1508452535760728
9 0.04681404421326398
3 0.026007802340702213
4 0.016905071521456438
2 0.013003901170351106
0 0.013003901170351106
7 0.011703511053315995
1 0.007802340702210663
5 0.006501950585175553
doc : 93
6 0.5580487804878049
8 0.32390243902439025
9 0.04975609756097561
7 0.016585365853658537
2 0.011707317073170732
3 0.00975609756097561
1 0.00878048780487805
0 0.00878048780487805
4 0.006829268292682927
5 0.005853658536585366
doc : 94
3 0.5980952380952381
0 0.10285714285714286
1 0.08
7 0.06857142857142857
4 0.05142857142857143
8 0.03428571428571429
9 0.022857142857142857
5 0.017142857142857144
6 0.015238095238095238
2 0.009523809523809525
doc : 95
8 0.4981060606060606
9 0.4375
6 0.016098484848484848
1 0.010416666666666668
3 0.00946969696969697
0 0.006628787878787879
7 0.005681818181818182
4 0.005681818181818182
2 0.005681818181818182
5 0.004734848484848485
doc : 96
9 0.8067796610169492
8 0.12542372881355932
6 0.015819209039548022
7 0.011299435028248588
3 0.007909604519774011
1 0.007909604519774011
4 0.006779661016949153
0 0.006779661016949153
5 0.005649717514124294
2 0.005649717514124294
doc : 97
3 0.7024886877828055
4 0.10520361990950228
8 0.04864253393665159
9 0.029411764705882356
6 0.027149321266968326
1 0.027149321266968326
0 0.022624434389140274
2 0.014705882352941178
5 0.013574660633484163
7 0.00904977375565611
doc : 98
0 0.5344827586206896
3 0.09913793103448276
9 0.08189655172413793
4 0.08189655172413793
7 0.04741379310344827
6 0.04741379310344827
1 0.034482758620689655
2 0.030172413793103446
8 0.021551724137931036
5 0.021551724137931036
doc : 99
9 0.7954802259887006
8 0.13333333333333333
6 0.01694915254237288
7 0.012429378531073447
3 0.007909604519774011
1 0.007909604519774011
0 0.007909604519774011
4 0.006779661016949153
5 0.005649717514124294
2 0.005649717514124294
