doc : 0
4 0.6318335752298017
8 0.196903725205612
5 0.07740686985970005
0 0.029027576197387515
1 0.019351717464925013
2 0.015965166908563134
3 0.009675858732462506
9 0.008708272859216255
6 0.007256894049346879
7 0.0038703434929850023
doc : 1
4 0.5575980392156863
5 0.10294117647058823
8 0.09803921568627451
2 0.06985294117647059
1 0.06372549019607843
0 0.03431372549019608
7 0.022058823529411763
9 0.01838235294117647
3 0.01838235294117647
6 0.014705882352941176
doc : 2
0 0.6094470046082949
8 0.14285714285714285
3 0.05069124423963134
1 0.04723502304147465
5 0.03917050691244239
7 0.03341013824884793
2 0.027649769585253454
4 0.02534562211981567
6 0.012672811059907835
9 0.01152073732718894
doc : 3
8 0.6629464285714285
4 0.08928571428571427
0 0.06026785714285714
6 0.05357142857142857
2 0.03571428571428571
9 0.02232142857142857
7 0.02232142857142857
1 0.02232142857142857
3 0.017857142857142856
5 0.013392857142857142
doc : 4
7 0.7604355716878403
8 0.05263157894736842
0 0.039927404718693285
3 0.0308529945553539
2 0.02722323049001815
5 0.023593466424682394
6 0.019963702359346643
4 0.018148820326678763
1 0.018148820326678763
9 0.009074410163339382
doc : 5
4 0.5715990453460621
5 0.22553699284009548
8 0.07517899761336516
3 0.026252983293556086
7 0.023866348448687354
2 0.02028639618138425
9 0.017899761336515514
0 0.016706443914081145
1 0.011933174224343677
6 0.010739856801909309
doc : 6
1 0.11538461538461539
0 0.11538461538461539
9 0.09615384615384616
8 0.09615384615384616
7 0.09615384615384616
6 0.09615384615384616
5 0.09615384615384616
4 0.09615384615384616
3 0.09615384615384616
2 0.09615384615384616
doc : 7
4 0.5808080808080808
5 0.1414141414141414
8 0.08585858585858586
0 0.05218855218855219
7 0.03872053872053872
3 0.025252525252525252
9 0.02356902356902357
1 0.018518518518518517
6 0.016835016835016835
2 0.016835016835016835
doc : 8
3 0.9058971141781681
2 0.01631116687578419
1 0.012547051442910915
0 0.011292346298619823
8 0.010037641154328732
7 0.010037641154328732
4 0.010037641154328732
5 0.00878293601003764
9 0.0075282308657465494
6 0.0075282308657465494
doc : 9
3 0.8891656288916563
8 0.023661270236612703
2 0.0161892901618929
5 0.0136986301369863
9 0.0112079701120797
7 0.009962640099626401
1 0.009962640099626401
0 0.009962640099626401
4 0.008717310087173101
6 0.007471980074719801
doc : 10
3 0.764423076923077
5 0.09230769230769231
4 0.03076923076923077
8 0.025961538461538463
1 0.025
0 0.01730769230769231
2 0.015384615384615385
9 0.010576923076923078
6 0.009615384615384616
7 0.008653846153846154
doc : 11
9 0.9173184357541899
5 0.014525139664804468
3 0.014525139664804468
4 0.008938547486033519
2 0.008938547486033519
1 0.008938547486033519
8 0.007821229050279328
6 0.007821229050279328
7 0.005586592178770949
0 0.005586592178770949
doc : 12
9 0.9094650205761318
3 0.01646090534979424
5 0.01337448559670782
4 0.01337448559670782
2 0.01131687242798354
0 0.01131687242798354
8 0.00720164609053498
6 0.00617283950617284
1 0.00617283950617284
7 0.0051440329218107005
doc : 13
5 0.823967889908257
4 0.040137614678899085
2 0.029243119266055047
0 0.02236238532110092
1 0.020642201834862386
3 0.0194954128440367
8 0.018922018348623854
7 0.011467889908256881
9 0.006880733944954129
6 0.006880733944954129
doc : 14
2 0.6922330097087378
8 0.22427184466019418
4 0.024271844660194174
7 0.01262135922330097
1 0.009708737864077669
3 0.008737864077669903
0 0.008737864077669903
6 0.006796116504854369
5 0.006796116504854369
9 0.005825242718446602
doc : 15
8 0.8685446009389671
4 0.02451747522170057
2 0.023474178403755867
5 0.022952529994783515
3 0.021387584767866456
1 0.01199791340636411
0 0.010954616588419406
6 0.007303077725612937
9 0.006259780907668232
7 0.002608242044861763
doc : 16
5 0.42897727272727276
0 0.26988636363636365
4 0.06818181818181818
3 0.05113636363636364
8 0.03977272727272727
9 0.03409090909090909
6 0.03409090909090909
2 0.02840909090909091
1 0.02556818181818182
7 0.019886363636363636
doc : 17
2 0.5869565217391305
8 0.2210144927536232
1 0.057971014492753624
4 0.036231884057971016
3 0.028985507246376812
6 0.018115942028985508
5 0.014492753623188406
9 0.012681159420289856
7 0.012681159420289856
0 0.010869565217391304
doc : 18
7 0.7283582089552239
3 0.06865671641791045
8 0.041791044776119404
5 0.041791044776119404
4 0.03283582089552239
0 0.023880597014925373
6 0.01791044776119403
9 0.014925373134328358
2 0.014925373134328358
1 0.014925373134328358
doc : 19
9 0.8655256723716381
0 0.019559902200488997
3 0.017114914425427872
1 0.017114914425427872
6 0.014669926650366748
5 0.014669926650366748
2 0.014669926650366748
8 0.012224938875305624
7 0.012224938875305624
4 0.012224938875305624
doc : 20
4 0.3765182186234818
7 0.29554655870445345
5 0.08097165991902834
0 0.0708502024291498
1 0.048582995951417005
8 0.04048582995951417
3 0.02834008097165992
2 0.022267206477732795
9 0.020242914979757085
6 0.016194331983805668
doc : 21
3 0.8006912442396313
5 0.08986175115207373
4 0.024193548387096774
0 0.021889400921658985
1 0.014976958525345621
8 0.01152073732718894
9 0.010368663594470046
6 0.009216589861751152
2 0.009216589861751152
7 0.008064516129032258
doc : 22
7 0.7552301255230125
6 0.05439330543933054
9 0.02928870292887029
1 0.02719665271966527
5 0.025104602510460247
8 0.023012552301255228
4 0.023012552301255228
0 0.023012552301255228
3 0.02092050209205021
2 0.018828451882845185
doc : 23
7 0.8403041825095057
1 0.026615969581749048
5 0.02376425855513308
0 0.02376425855513308
6 0.02091254752851711
4 0.019011406844106463
3 0.016159695817490494
9 0.012357414448669201
2 0.012357414448669201
8 0.004752851711026616
doc : 24
4 0.5578386605783866
2 0.14840182648401826
5 0.10273972602739725
8 0.0989345509893455
3 0.03576864535768645
0 0.0182648401826484
6 0.0121765601217656
1 0.0121765601217656
9 0.00837138508371385
7 0.00532724505327245
doc : 25
5 0.625560538116592
2 0.10762331838565023
4 0.06502242152466367
3 0.06278026905829596
0 0.03811659192825112
8 0.02466367713004484
9 0.02242152466367713
7 0.02242152466367713
6 0.017937219730941704
1 0.013452914798206279
doc : 26
1 0.9219780219780219
3 0.015384615384615385
9 0.010989010989010988
7 0.00989010989010989
5 0.00989010989010989
8 0.007692307692307693
4 0.006593406593406593
2 0.006593406593406593
6 0.005494505494505494
0 0.005494505494505494
doc : 27
6 0.9085872576177285
9 0.015235457063711912
8 0.0110803324099723
3 0.0110803324099723
7 0.009695290858725761
2 0.009695290858725761
1 0.009695290858725761
0 0.009695290858725761
5 0.008310249307479225
4 0.006925207756232687
doc : 28
1 0.5698924731182795
5 0.17921146953405018
3 0.07765830346475508
8 0.038231780167264036
4 0.038231780167264036
0 0.03106332138590203
9 0.02031063321385902
7 0.016726403823178016
2 0.015531660692951015
6 0.013142174432497012
doc : 29
7 0.7613293051359517
8 0.03927492447129909
3 0.03625377643504532
5 0.027190332326283987
4 0.027190332326283987
0 0.027190332326283987
6 0.021148036253776436
2 0.021148036253776436
1 0.021148036253776436
9 0.01812688821752266
doc : 30
3 0.8212351029252437
5 0.06825568797399784
8 0.021668472372697724
9 0.018418201516793065
4 0.016251354279523293
1 0.016251354279523293
7 0.013001083423618633
6 0.010834236186348862
2 0.007583965330444203
0 0.006500541711809317
doc : 31
3 0.8735632183908046
2 0.021711366538952746
0 0.017879948914431676
5 0.016602809706257982
4 0.016602809706257982
6 0.014048531289910602
9 0.01277139208173691
1 0.010217113665389528
8 0.008939974457215838
7 0.007662835249042146
doc : 32
9 0.3247863247863248
7 0.1965811965811966
4 0.11965811965811968
1 0.05982905982905984
8 0.05128205128205129
6 0.05128205128205129
5 0.05128205128205129
2 0.05128205128205129
0 0.05128205128205129
3 0.042735042735042736
doc : 33
9 0.375
7 0.15833333333333333
4 0.09166666666666666
1 0.075
3 0.058333333333333334
0 0.058333333333333334
8 0.05
2 0.05
6 0.041666666666666664
5 0.041666666666666664
doc : 34
0 0.609547123623011
5 0.24908200734394123
4 0.0434516523867809
8 0.027539779681762543
7 0.016523867809057527
3 0.016523867809057527
1 0.014075887392900856
6 0.009791921664626682
9 0.007343941248470012
2 0.006119951040391676
doc : 35
7 0.5678571428571428
6 0.07142857142857142
1 0.07142857142857142
3 0.06785714285714285
2 0.05357142857142857
8 0.049999999999999996
0 0.03214285714285714
9 0.02857142857142857
5 0.02857142857142857
4 0.02857142857142857
doc : 36
0 0.7674037674037675
5 0.09418509418509419
3 0.031122031122031123
1 0.02538902538902539
7 0.020475020475020478
9 0.0171990171990172
4 0.013104013104013105
6 0.012285012285012286
8 0.011466011466011467
2 0.007371007371007371
doc : 37
6 0.906854130052724
9 0.012302284710017574
8 0.012302284710017574
7 0.012302284710017574
3 0.01054481546572935
0 0.01054481546572935
5 0.008787346221441124
4 0.008787346221441124
2 0.008787346221441124
1 0.008787346221441124
doc : 38
6 0.9027522935779817
9 0.01651376146788991
4 0.012844036697247707
8 0.011009174311926606
3 0.011009174311926606
7 0.009174311926605505
5 0.009174311926605505
2 0.009174311926605505
1 0.009174311926605505
0 0.009174311926605505
doc : 39
5 0.7212189616252821
4 0.08126410835214447
7 0.05191873589164785
6 0.034988713318284424
2 0.024830699774266364
9 0.021444695259593676
3 0.020316027088036117
8 0.01693002257336343
0 0.015801354401805866
1 0.01128668171557562
doc : 40
6 0.6060606060606061
8 0.05303030303030303
0 0.05303030303030303
5 0.045454545454545456
3 0.045454545454545456
1 0.045454545454545456
9 0.03787878787878788
7 0.03787878787878788
4 0.03787878787878788
2 0.03787878787878788
doc : 41
6 0.6666666666666666
5 0.05128205128205128
8 0.04487179487179487
9 0.038461538461538464
3 0.038461538461538464
7 0.03205128205128205
4 0.03205128205128205
2 0.03205128205128205
1 0.03205128205128205
0 0.03205128205128205
doc : 42
4 0.5194174757281553
2 0.10679611650485436
8 0.0849514563106796
6 0.06553398058252427
5 0.06310679611650485
0 0.04368932038834951
1 0.04126213592233009
3 0.029126213592233007
9 0.02669902912621359
7 0.019417475728155338
doc : 43
7 0.6652360515021459
3 0.07725321888412018
9 0.03862660944206009
1 0.03862660944206009
0 0.03862660944206009
5 0.034334763948497854
4 0.030042918454935622
2 0.030042918454935622
8 0.02575107296137339
6 0.02145922746781116
doc : 44
9 0.8797327394209353
5 0.022271714922048998
2 0.015590200445434297
7 0.013363028953229397
4 0.013363028953229397
8 0.011135857461024499
6 0.011135857461024499
3 0.011135857461024499
1 0.011135857461024499
0 0.011135857461024499
doc : 45
1 0.40471092077087795
7 0.20128479657387582
4 0.10064239828693791
0 0.09850107066381157
6 0.04282655246252677
8 0.04068522483940043
9 0.034261241970021415
3 0.034261241970021415
2 0.02569593147751606
5 0.017130620985010708
doc : 46
2 0.8208333333333334
5 0.09907407407407408
0 0.020833333333333336
4 0.016666666666666666
3 0.010185185185185186
8 0.007870370370370371
1 0.006944444444444445
7 0.006481481481481482
9 0.0060185185185185185
6 0.005092592592592593
doc : 47
6 0.14814814814814814
9 0.1111111111111111
8 0.09259259259259259
7 0.09259259259259259
5 0.09259259259259259
4 0.09259259259259259
3 0.09259259259259259
2 0.09259259259259259
1 0.09259259259259259
0 0.09259259259259259
doc : 48
8 0.19417475728155337
4 0.16504854368932037
0 0.16019417475728154
6 0.11650485436893203
1 0.10679611650485436
9 0.06796116504854369
3 0.058252427184466014
5 0.04854368932038834
7 0.04368932038834951
2 0.038834951456310676
doc : 49
9 0.9116465863453814
3 0.01606425702811245
2 0.012048192771084336
1 0.012048192771084336
5 0.011044176706827308
4 0.010040160642570281
8 0.008032128514056224
7 0.008032128514056224
6 0.006024096385542168
0 0.0050200803212851405
