doc : 0
1 0.950207468879668
9 0.006224066390041494
5 0.006224066390041494
0 0.006224066390041494
8 0.005186721991701245
7 0.005186721991701245
6 0.005186721991701245
4 0.005186721991701245
3 0.005186721991701245
2 0.005186721991701245
doc : 1
4 0.8457943925233644
3 0.03271028037383177
6 0.02803738317757009
1 0.018691588785046728
8 0.014018691588785045
0 0.014018691588785045
9 0.011682242990654205
7 0.011682242990654205
5 0.011682242990654205
2 0.011682242990654205
doc : 2
4 0.9315508021390374
6 0.014973262032085561
1 0.011764705882352941
3 0.0074866310160427805
2 0.006417112299465241
0 0.006417112299465241
9 0.005347593582887701
8 0.005347593582887701
7 0.005347593582887701
5 0.005347593582887701
doc : 3
0 0.6025641025641025
2 0.07051282051282051
3 0.05769230769230769
9 0.05128205128205128
1 0.04487179487179487
8 0.038461538461538464
7 0.038461538461538464
6 0.03205128205128205
5 0.03205128205128205
4 0.03205128205128205
doc : 4
6 0.7078039927404718
7 0.09800362976406533
2 0.0807622504537205
3 0.02722323049001815
8 0.018148820326678763
5 0.018148820326678763
4 0.017241379310344827
9 0.011796733212341197
1 0.011796733212341197
0 0.009074410163339382
doc : 5
8 0.7550200803212851
4 0.048192771084337345
3 0.0321285140562249
0 0.0321285140562249
7 0.028112449799196783
9 0.024096385542168672
6 0.020080321285140562
5 0.020080321285140562
2 0.020080321285140562
1 0.020080321285140562
doc : 6
4 0.7921348314606742
6 0.04681647940074907
3 0.033707865168539325
8 0.024344569288389514
1 0.024344569288389514
0 0.02247191011235955
9 0.016853932584269662
7 0.013108614232209739
5 0.013108614232209739
2 0.013108614232209739
doc : 7
8 0.6692607003891051
6 0.0622568093385214
4 0.05058365758754864
9 0.04669260700389105
3 0.04669260700389105
1 0.0311284046692607
2 0.027237354085603113
5 0.023346303501945526
0 0.023346303501945526
7 0.019455252918287938
doc : 8
1 0.9487447698744769
5 0.006276150627615062
4 0.006276150627615062
3 0.006276150627615062
2 0.006276150627615062
9 0.005230125523012552
8 0.005230125523012552
7 0.005230125523012552
6 0.005230125523012552
0 0.005230125523012552
doc : 9
0 0.7496318114874816
7 0.054491899852724596
2 0.041237113402061855
5 0.035346097201767304
4 0.027982326951399114
3 0.023564064801178203
1 0.022091310751104563
6 0.016200294550810013
9 0.014727540500736377
8 0.014727540500736377
doc : 10
1 0.9491701244813278
2 0.007261410788381743
6 0.006224066390041494
3 0.006224066390041494
9 0.005186721991701245
8 0.005186721991701245
7 0.005186721991701245
5 0.005186721991701245
4 0.005186721991701245
0 0.005186721991701245
doc : 11
1 0.9512448132780082
4 0.006224066390041494
0 0.006224066390041494
9 0.005186721991701245
8 0.005186721991701245
7 0.005186721991701245
6 0.005186721991701245
5 0.005186721991701245
3 0.005186721991701245
2 0.005186721991701245
doc : 12
3 0.5971223021582734
7 0.09352517985611511
2 0.07913669064748202
0 0.05035971223021583
5 0.046762589928057555
8 0.03237410071942446
9 0.02877697841726619
4 0.025179856115107917
1 0.025179856115107917
6 0.02158273381294964
doc : 13
4 0.8331697742885181
1 0.03925417075564278
6 0.03631010794896958
3 0.0323846908734053
8 0.02060843964671246
9 0.013738959764474975
7 0.0068694798822374874
5 0.005888125613346418
2 0.005888125613346418
0 0.005888125613346418
doc : 14
3 0.8101045296167247
8 0.03484320557491289
2 0.03484320557491289
6 0.029616724738675958
4 0.02613240418118467
7 0.0156794425087108
5 0.013937282229965157
1 0.013937282229965157
9 0.012195121951219513
0 0.008710801393728223
doc : 15
8 0.6891566265060242
3 0.07951807228915664
6 0.06506024096385543
9 0.04819277108433735
4 0.033734939759036145
2 0.02168674698795181
7 0.01927710843373494
1 0.016867469879518072
5 0.014457831325301207
0 0.012048192771084338
doc : 16
5 0.9493333333333333
7 0.01
2 0.01
0 0.006
8 0.004666666666666666
3 0.004666666666666666
9 0.004
6 0.004
4 0.004
1 0.003333333333333333
doc : 17
5 0.9352134146341464
7 0.019054878048780487
8 0.009146341463414635
2 0.007621951219512195
0 0.007621951219512195
9 0.005335365853658537
4 0.004573170731707318
6 0.0038109756097560975
3 0.0038109756097560975
1 0.0038109756097560975
doc : 18
2 0.6672473867595818
7 0.15331010452961671
8 0.04355400696864112
5 0.041811846689895474
0 0.03832752613240418
4 0.012195121951219513
3 0.012195121951219513
9 0.010452961672473868
6 0.010452961672473868
1 0.010452961672473868
doc : 19
6 0.9270207852193996
4 0.023094688221709007
1 0.016166281755196306
8 0.009237875288683603
9 0.006004618937644342
0 0.005542725173210162
3 0.003695150115473441
7 0.003233256351039261
2 0.003233256351039261
5 0.002771362586605081
doc : 20
3 0.8531645569620253
6 0.02278481012658228
1 0.020253164556962026
8 0.017721518987341773
4 0.017721518987341773
5 0.01518987341772152
0 0.01518987341772152
9 0.012658227848101266
7 0.012658227848101266
2 0.012658227848101266
doc : 21
7 0.6551326412918108
0 0.12687427912341406
2 0.10380622837370243
5 0.04728950403690888
3 0.01730103806228374
8 0.01384083044982699
4 0.010380622837370242
9 0.00922722029988466
6 0.008073817762399078
1 0.008073817762399078
doc : 22
1 0.9470954356846473
8 0.007261410788381743
4 0.007261410788381743
9 0.006224066390041494
2 0.006224066390041494
7 0.005186721991701245
6 0.005186721991701245
5 0.005186721991701245
3 0.005186721991701245
0 0.005186721991701245
doc : 23
1 0.9450207468879668
6 0.01037344398340249
0 0.007261410788381743
4 0.006224066390041494
9 0.005186721991701245
8 0.005186721991701245
7 0.005186721991701245
5 0.005186721991701245
3 0.005186721991701245
2 0.005186721991701245
doc : 24
3 0.7371601208459214
8 0.0513595166163142
6 0.04229607250755287
4 0.03927492447129909
5 0.030211480362537763
9 0.027190332326283987
7 0.021148036253776436
2 0.01812688821752266
1 0.01812688821752266
0 0.015105740181268881
doc : 25
7 0.8739076154806492
2 0.0299625468164794
9 0.016229712858926344
8 0.0149812734082397
5 0.01373283395755306
0 0.012484394506866416
4 0.011235955056179775
3 0.011235955056179775
6 0.009987515605493134
1 0.006242197253433208
doc : 26
2 0.5426944971537002
7 0.24667931688804554
5 0.05692599620493359
8 0.03795066413662239
0 0.03415559772296015
3 0.03225806451612903
4 0.017077798861480076
6 0.013282732447817837
9 0.009487666034155597
1 0.009487666034155597
doc : 27
7 0.7436708860759493
5 0.04430379746835443
2 0.03481012658227848
1 0.03164556962025317
0 0.03164556962025317
4 0.02531645569620253
3 0.02531645569620253
9 0.022151898734177215
6 0.022151898734177215
8 0.0189873417721519
doc : 28
2 0.7915632754342432
7 0.12572373862696443
5 0.030603804797353185
0 0.011579818031430935
3 0.010752688172043012
9 0.009098428453267162
8 0.007444168734491315
6 0.004962779156327543
4 0.0041356492969396195
1 0.0041356492969396195
doc : 29
7 0.6149425287356322
2 0.1810344827586207
6 0.05172413793103448
5 0.034482758620689655
9 0.022988505747126436
3 0.022988505747126436
8 0.020114942528735632
4 0.020114942528735632
0 0.017241379310344827
1 0.014367816091954023
doc : 30
7 0.4306930693069307
2 0.18811881188118812
5 0.0594059405940594
0 0.0594059405940594
4 0.054455445544554455
1 0.04950495049504951
6 0.04455445544554455
9 0.039603960396039604
3 0.039603960396039604
8 0.034653465346534656
doc : 31
3 0.7604651162790698
6 0.06046511627906977
4 0.046511627906976744
9 0.027906976744186046
1 0.023255813953488372
0 0.020930232558139535
7 0.01627906976744186
2 0.01627906976744186
8 0.013953488372093023
5 0.013953488372093023
doc : 32
7 0.3724696356275304
2 0.17813765182186236
5 0.13360323886639677
8 0.06882591093117409
3 0.06477732793522267
0 0.06072874493927126
9 0.032388663967611336
4 0.032388663967611336
6 0.02834008097165992
1 0.02834008097165992
doc : 33
1 0.950207468879668
3 0.006224066390041494
2 0.006224066390041494
0 0.006224066390041494
9 0.005186721991701245
8 0.005186721991701245
7 0.005186721991701245
6 0.005186721991701245
5 0.005186721991701245
4 0.005186721991701245
doc : 34
1 0.9512448132780082
6 0.006224066390041494
2 0.006224066390041494
9 0.005186721991701245
8 0.005186721991701245
7 0.005186721991701245
5 0.005186721991701245
4 0.005186721991701245
3 0.005186721991701245
0 0.005186721991701245
doc : 35
8 0.46808510638297873
7 0.23252279635258358
5 0.10790273556231003
2 0.1033434650455927
0 0.030395136778115502
4 0.015197568389057751
9 0.013677811550151976
6 0.010638297872340425
3 0.010638297872340425
1 0.007598784194528876
doc : 36
4 0.1744186046511628
8 0.12790697674418605
3 0.12790697674418605
9 0.09302325581395349
7 0.09302325581395349
0 0.09302325581395349
6 0.08139534883720931
1 0.08139534883720931
5 0.06976744186046512
2 0.05813953488372093
doc : 37
9 0.5488215488215488
4 0.1313131313131313
8 0.09427609427609428
3 0.050505050505050504
5 0.0404040404040404
6 0.03367003367003367
0 0.0303030303030303
2 0.026936026936026935
1 0.026936026936026935
7 0.016835016835016835
doc : 38
9 0.9714540588760036
6 0.004906333630686887
3 0.0044603033006244425
5 0.004014272970561998
8 0.0026761819803746657
4 0.0026761819803746657
2 0.0026761819803746657
1 0.0026761819803746657
7 0.0022301516503122213
0 0.0022301516503122213
doc : 39
0 0.8711538461538462
2 0.03461538461538462
7 0.023076923076923078
5 0.020192307692307693
8 0.015384615384615385
3 0.008653846153846154
1 0.008653846153846154
4 0.007692307692307693
6 0.0057692307692307696
9 0.004807692307692308
doc : 40
5 0.6842696629213484
7 0.12921348314606743
0 0.09101123595505618
2 0.038202247191011236
8 0.019101123595505618
6 0.008988764044943821
4 0.008988764044943821
9 0.007865168539325843
3 0.006741573033707865
1 0.005617977528089888
doc : 41
8 0.4066666666666667
3 0.13333333333333333
4 0.08
2 0.07333333333333333
9 0.060000000000000005
7 0.05333333333333334
5 0.05333333333333334
1 0.05333333333333334
0 0.05333333333333334
6 0.03333333333333333
doc : 42
7 0.6791808873720137
2 0.08191126279863481
5 0.07167235494880546
0 0.030716723549488054
9 0.027303754266211604
3 0.027303754266211604
1 0.023890784982935155
6 0.020477815699658702
4 0.020477815699658702
8 0.017064846416382253
doc : 43
4 0.7216828478964402
6 0.07766990291262137
1 0.042071197411003236
3 0.03236245954692557
5 0.025889967637540454
8 0.022653721682847898
0 0.022653721682847898
9 0.01941747572815534
2 0.01941747572815534
7 0.016181229773462785
doc : 44
7 0.6302521008403361
2 0.09663865546218486
5 0.06932773109243698
0 0.06302521008403361
8 0.037815126050420166
4 0.0273109243697479
9 0.025210084033613446
3 0.025210084033613446
6 0.014705882352941176
1 0.010504201680672268
doc : 45
1 0.9481327800829875
0 0.00933609958506224
2 0.006224066390041494
9 0.005186721991701245
8 0.005186721991701245
7 0.005186721991701245
6 0.005186721991701245
5 0.005186721991701245
4 0.005186721991701245
3 0.005186721991701245
doc : 46
1 0.9491701244813278
4 0.007261410788381743
6 0.006224066390041494
0 0.006224066390041494
9 0.005186721991701245
8 0.005186721991701245
7 0.005186721991701245
5 0.005186721991701245
3 0.005186721991701245
2 0.005186721991701245
doc : 47
6 0.8365896980461812
4 0.07104795737122557
0 0.019538188277087035
8 0.012433392539964477
3 0.012433392539964477
2 0.012433392539964477
9 0.008880994671403197
7 0.008880994671403197
5 0.008880994671403197
1 0.008880994671403197
doc : 48
0 0.45322245322245325
7 0.22245322245322247
5 0.13513513513513514
2 0.09355509355509356
8 0.02079002079002079
6 0.018711018711018712
1 0.018711018711018712
9 0.012474012474012475
4 0.012474012474012475
3 0.012474012474012475
doc : 49
7 0.6953125
2 0.11197916666666666
5 0.05208333333333333
8 0.0234375
9 0.020833333333333332
6 0.020833333333333332
4 0.020833333333333332
0 0.020833333333333332
3 0.018229166666666664
1 0.015625
