doc : 0
1 0.6459627329192547
5 0.06521739130434782
6 0.06211180124223602
9 0.037267080745341616
8 0.03416149068322981
7 0.03416149068322981
4 0.03416149068322981
0 0.03416149068322981
2 0.03105590062111801
3 0.021739130434782608
doc : 1
1 0.5774193548387097
0 0.1
6 0.07096774193548387
9 0.06451612903225806
5 0.04516129032258064
8 0.03870967741935484
7 0.02903225806451613
4 0.025806451612903226
3 0.025806451612903226
2 0.02258064516129032
doc : 2
1 0.5947712418300654
8 0.06535947712418301
6 0.06209150326797386
5 0.05555555555555556
9 0.042483660130718956
0 0.042483660130718956
4 0.0392156862745098
3 0.03594771241830066
2 0.03594771241830066
7 0.026143790849673203
doc : 3
0 0.3816793893129771
5 0.22137404580152673
1 0.11195928753180662
9 0.08396946564885496
7 0.0534351145038168
8 0.04325699745547074
6 0.03053435114503817
2 0.03053435114503817
4 0.02290076335877863
3 0.020356234096692113
doc : 4
4 0.7666666666666667
9 0.04285714285714286
8 0.0380952380952381
7 0.030952380952380953
5 0.026190476190476195
0 0.026190476190476195
1 0.02380952380952381
3 0.01666666666666667
2 0.01666666666666667
6 0.011904761904761906
doc : 5
4 0.7754137115839244
8 0.044917257683215125
9 0.030732860520094562
5 0.030732860520094562
0 0.028368794326241134
7 0.02364066193853428
3 0.02127659574468085
1 0.018912529550827423
6 0.014184397163120567
2 0.01182033096926714
doc : 6
4 0.8531353135313531
9 0.027777777777777776
1 0.026127612761276127
8 0.022552255225522552
0 0.02145214521452145
6 0.020077007700770075
5 0.016776677667766776
2 0.005775577557755775
3 0.0038503850385038503
7 0.0024752475247524753
doc : 7
5 0.3564476885644769
6 0.3248175182481752
8 0.13990267639902676
0 0.07785888077858881
1 0.026763990267639905
9 0.023114355231143552
4 0.019464720194647202
7 0.012165450121654502
3 0.010948905109489052
2 0.00851581508515815
doc : 8
5 0.5136186770428015
8 0.11673151750972763
9 0.07392996108949416
0 0.06614785992217899
1 0.054474708171206226
7 0.04669260700389105
3 0.042801556420233464
4 0.03501945525291829
6 0.0311284046692607
2 0.019455252918287938
doc : 9
1 0.5934426229508196
6 0.05901639344262295
9 0.05245901639344262
7 0.05245901639344262
3 0.05245901639344262
0 0.04918032786885246
5 0.04262295081967213
4 0.039344262295081964
8 0.029508196721311476
2 0.029508196721311476
doc : 10
1 0.5845697329376854
0 0.0741839762611276
7 0.05934718100890208
6 0.05934718100890208
4 0.05934718100890208
8 0.04451038575667656
3 0.03560830860534125
2 0.032640949554896145
9 0.026706231454005934
5 0.02373887240356083
doc : 11
1 0.6285714285714286
6 0.07142857142857142
5 0.05714285714285714
0 0.049999999999999996
8 0.039285714285714285
7 0.03571428571428571
4 0.03571428571428571
2 0.03571428571428571
3 0.024999999999999998
9 0.02142857142857143
doc : 12
1 0.6134751773049645
0 0.07092198581560283
6 0.06382978723404255
5 0.04964539007092199
9 0.0425531914893617
8 0.0425531914893617
2 0.03900709219858156
4 0.028368794326241134
7 0.024822695035460994
3 0.024822695035460994
doc : 13
1 0.5983379501385041
6 0.0886426592797784
9 0.06925207756232687
0 0.06371191135734072
5 0.04155124653739612
8 0.036011080332409975
7 0.036011080332409975
4 0.024930747922437674
2 0.0221606648199446
3 0.019390581717451522
doc : 14
1 0.5878136200716846
0 0.07526881720430108
8 0.05734767025089606
5 0.05734767025089606
9 0.05017921146953405
6 0.05017921146953405
7 0.035842293906810034
3 0.03225806451612903
2 0.02867383512544803
4 0.025089605734767026
doc : 15
1 0.5740740740740741
6 0.07407407407407407
5 0.07407407407407407
7 0.06172839506172839
9 0.05246913580246913
8 0.046296296296296294
4 0.040123456790123455
2 0.027777777777777776
0 0.027777777777777776
3 0.021604938271604937
doc : 16
6 0.4504672897196262
5 0.33457943925233646
8 0.052336448598130844
9 0.03925233644859813
2 0.03364485981308411
0 0.03364485981308411
7 0.014953271028037384
3 0.014953271028037384
1 0.014953271028037384
4 0.011214953271028038
doc : 17
2 0.9966477189914006
6 4.372540445999125E-4
9 3.643783704999271E-4
8 3.643783704999271E-4
7 3.643783704999271E-4
5 3.643783704999271E-4
4 3.643783704999271E-4
3 3.643783704999271E-4
1 3.643783704999271E-4
0 3.643783704999271E-4
doc : 18
2 0.9967205946655007
9 3.643783704999271E-4
8 3.643783704999271E-4
7 3.643783704999271E-4
6 3.643783704999271E-4
5 3.643783704999271E-4
4 3.643783704999271E-4
3 3.643783704999271E-4
1 3.643783704999271E-4
0 3.643783704999271E-4
doc : 19
2 0.996068712075891
1 5.127766857533544E-4
9 4.2731390479446203E-4
8 4.2731390479446203E-4
7 4.2731390479446203E-4
6 4.2731390479446203E-4
5 4.2731390479446203E-4
4 4.2731390479446203E-4
3 4.2731390479446203E-4
0 4.2731390479446203E-4
doc : 20
8 0.9777646012451823
1 0.0041506077675659645
2 0.0035576638007708272
9 0.002964719833975689
5 0.0026682478505781204
4 0.0023717758671805513
3 0.0017788319003854136
0 0.0017788319003854136
7 0.0014823599169878445
6 0.0014823599169878445
doc : 21
1 0.6298932384341637
4 0.07473309608540925
0 0.0498220640569395
6 0.046263345195729534
9 0.042704626334519574
8 0.03914590747330961
5 0.03914590747330961
3 0.03914590747330961
7 0.021352313167259787
2 0.01779359430604982
doc : 22
2 0.9864002220371914
8 0.0016652789342214824
4 0.0016652789342214824
1 0.0016652789342214824
0 0.0016652789342214824
9 0.0013877324451845685
7 0.0013877324451845685
6 0.0013877324451845685
5 0.0013877324451845685
3 0.0013877324451845685
doc : 23
8 0.5584158415841585
5 0.15643564356435644
4 0.08118811881188119
1 0.041584158415841586
6 0.039603960396039604
3 0.0297029702970297
0 0.027722772277227723
9 0.023762376237623763
2 0.023762376237623763
7 0.017821782178217824
doc : 24
5 0.7740549828178694
7 0.07130584192439862
0 0.04381443298969072
1 0.0352233676975945
9 0.024054982817869414
8 0.013745704467353952
4 0.012027491408934707
6 0.011168384879725086
2 0.00859106529209622
3 0.006013745704467353
doc : 25
5 0.9616795760293518
0 0.007337953526294333
6 0.006522625356706074
1 0.005299633102323685
8 0.004484304932735426
9 0.0040766408479412965
7 0.0028536485935589076
4 0.0028536485935589076
3 0.0028536485935589076
2 0.0020383204239706482
doc : 26
4 0.7576314821625598
7 0.1636631114380287
1 0.019124678190511217
8 0.012136815005516735
9 0.01140125045972784
6 0.010665685913938948
2 0.008826774549466716
0 0.00735564545788893
3 0.00625229863920559
5 0.002942258183155572
doc : 27
2 0.9861226755481544
5 0.001942825423258396
4 0.001942825423258396
1 0.0016652789342214824
9 0.0013877324451845685
8 0.0013877324451845685
7 0.0013877324451845685
6 0.0013877324451845685
3 0.0013877324451845685
0 0.0013877324451845685
doc : 28
5 0.7722616233254531
7 0.06698187549251379
9 0.04334121355397951
1 0.0417651694247439
6 0.018124507486209616
8 0.014972419227738377
0 0.014184397163120569
4 0.01260835303388495
3 0.008668242710795903
2 0.007092198581560284
doc : 29
5 0.9645332246229107
0 0.008153281695882593
8 0.006930289441500204
6 0.005707297187117815
1 0.0028536485935589076
9 0.0024459845087647777
7 0.0024459845087647777
4 0.0024459845087647777
2 0.0024459845087647777
3 0.0020383204239706482
doc : 30
5 0.7083333333333333
0 0.0798611111111111
8 0.05555555555555555
6 0.04513888888888889
7 0.032407407407407406
1 0.024305555555555552
9 0.02199074074074074
3 0.015046296296296295
4 0.009259259259259259
2 0.008101851851851851
doc : 31
8 0.4128981517892253
6 0.18678725914274477
9 0.17302398741643726
0 0.1061738104600865
1 0.04954777821470704
7 0.04286276051907196
4 0.009437672040896579
2 0.009437672040896579
3 0.005112072355485647
5 0.0047188360204482895
doc : 32
4 0.9914935878060366
1 0.0021589878664881905
9 0.0016408307785310248
2 9.931344185845675E-4
6 9.499546612548038E-4
7 8.635951465952762E-4
0 6.045166026166933E-4
8 5.181570879571657E-4
5 3.886178159678743E-4
3 3.886178159678743E-4
doc : 33
5 0.8369028006589786
6 0.05271828665568369
8 0.023064250411861616
9 0.016474464579901153
1 0.014827018121911038
0 0.014827018121911038
3 0.013179571663920923
7 0.009884678747940693
4 0.009884678747940693
2 0.008237232289950576
doc : 34
5 0.8940998487140697
8 0.025718608169440244
9 0.012102874432677761
4 0.012102874432677761
1 0.012102874432677761
6 0.009077155824508321
3 0.009077155824508321
2 0.009077155824508321
0 0.009077155824508321
7 0.007564296520423601
doc : 35
0 0.8411284335560505
9 0.03934669636228656
7 0.030438010393466962
8 0.022271714922048998
5 0.016332590942835932
4 0.016332590942835932
1 0.015590200445434297
3 0.009651076466221232
6 0.004454342984409799
2 0.004454342984409799
doc : 36
0 0.8270462633451958
9 0.04768683274021353
7 0.03629893238434164
1 0.020640569395017794
5 0.017793594306049824
4 0.013523131672597865
6 0.012811387900355874
2 0.008540925266903915
8 0.007829181494661922
3 0.007829181494661922
doc : 37
2 0.9877831509289896
3 0.0015271061338763044
1 0.0015271061338763044
0 0.0015271061338763044
9 0.0012725884448969204
8 0.0012725884448969204
7 0.0012725884448969204
6 0.0012725884448969204
5 0.0012725884448969204
4 0.0012725884448969204
doc : 38
0 0.8344693281402142
6 0.043816942551119765
5 0.02142161635832522
2 0.02044790652385589
9 0.018500486854917234
8 0.018500486854917234
1 0.017526777020447908
7 0.01071080817916261
4 0.007789678675754625
3 0.006815968841285297
doc : 39
5 0.7510170870626526
2 0.2001627339300244
9 0.009764035801464606
1 0.008950366151342554
8 0.007323026851098454
3 0.005695687550854353
0 0.004882017900732303
7 0.0040683482506102524
6 0.0040683482506102524
4 0.0040683482506102524
doc : 40
3 0.8492392807745506
6 0.07555325034578148
8 0.044087136929460584
4 0.008125864453665284
9 0.00466804979253112
5 0.004322268326417704
2 0.004149377593360996
0 0.004149377593360996
7 0.0036307053941908715
1 0.002074688796680498
doc : 41
5 0.8229166666666667
2 0.12973484848484848
6 0.008522727272727272
8 0.007575757575757576
9 0.006628787878787879
3 0.005681818181818182
7 0.004734848484848485
4 0.004734848484848485
1 0.004734848484848485
0 0.004734848484848485
doc : 42
8 0.7507436049970256
5 0.10886377156454492
9 0.049970255800118976
0 0.04283164782867341
7 0.013087447947650209
1 0.00892325996430696
3 0.007138607971445568
6 0.006543723973825104
4 0.005948839976204641
2 0.005948839976204641
doc : 43
5 0.9668043445005355
2 0.014379684870735814
6 0.008107694661159555
9 0.0029065320483402175
4 0.0016827290806180207
7 0.001529753709652746
1 0.001529753709652746
0 0.0012238029677221968
8 0.0010708275967569222
3 7.64876854826373E-4
doc : 44
5 0.8989266547406083
8 0.03577817531305903
9 0.013416815742397137
6 0.010733452593917711
0 0.010733452593917711
7 0.008050089445438283
1 0.007155635062611807
4 0.0053667262969588556
3 0.0053667262969588556
2 0.004472271914132379
doc : 45
5 0.5948827292110874
9 0.20362473347547974
8 0.11513859275053305
4 0.019189765458422173
3 0.014925373134328358
1 0.014925373134328358
0 0.013859275053304903
7 0.01279317697228145
6 0.005330490405117271
2 0.005330490405117271
doc : 46
8 0.9724852071005917
2 0.006804733727810651
6 0.004142011834319527
0 0.004142011834319527
1 0.0029585798816568047
7 0.0020710059171597634
4 0.0020710059171597634
3 0.0020710059171597634
5 0.001775147928994083
9 0.0014792899408284023
doc : 47
8 0.9749410377358491
2 0.008254716981132075
5 0.0026533018867924527
7 0.0023584905660377358
4 0.0023584905660377358
0 0.0023584905660377358
6 0.002063679245283019
9 0.001768867924528302
1 0.001768867924528302
3 0.0014740566037735848
doc : 48
0 0.938288920056101
2 0.02244039270687237
5 0.0091164095371669
9 0.006311360448807854
7 0.004207573632538569
6 0.004207573632538569
4 0.004207573632538569
1 0.004207573632538569
8 0.0035063113604488078
3 0.0035063113604488078
doc : 49
0 0.9417952314165497
2 0.014025245441795231
6 0.007713884992987377
1 0.007713884992987377
8 0.006311360448807854
5 0.006311360448807854
9 0.004207573632538569
7 0.004207573632538569
4 0.004207573632538569
3 0.0035063113604488078
doc : 50
7 0.996885239270256
9 6.067715707293394E-4
2 5.258686946320941E-4
8 4.0451438048622626E-4
6 2.831600663403584E-4
5 2.831600663403584E-4
3 2.831600663403584E-4
4 2.4270862829173576E-4
1 2.4270862829173576E-4
0 2.4270862829173576E-4
doc : 51
7 0.9973006728173723
2 6.043269811852866E-4
9 4.028846541235244E-4
4 3.223077232988195E-4
1 2.8201925788646706E-4
3 2.4173079247411466E-4
0 2.4173079247411466E-4
8 2.014423270617622E-4
6 2.014423270617622E-4
5 2.014423270617622E-4
doc : 52
4 0.6563849475632326
2 0.1011721159777915
8 0.07464528069093153
5 0.03824799506477483
1 0.03454657618753856
0 0.025293028994447873
9 0.024059222702035782
3 0.022208513263417645
6 0.016039481801357187
7 0.007402837754472548
doc : 53
0 0.3648648648648649
3 0.08108108108108109
1 0.08108108108108109
9 0.06756756756756757
8 0.06756756756756757
7 0.06756756756756757
6 0.06756756756756757
5 0.06756756756756757
4 0.06756756756756757
2 0.06756756756756757
doc : 54
0 0.76793893129771
9 0.05801526717557252
6 0.035114503816793895
8 0.03206106870229008
1 0.02900763358778626
2 0.022900763358778626
5 0.0183206106870229
4 0.015267175572519083
7 0.013740458015267175
3 0.007633587786259542
doc : 55
7 0.9972897536507422
5 4.449658185348489E-4
2 4.449658185348489E-4
9 3.23611504388981E-4
8 3.23611504388981E-4
6 2.831600663403584E-4
1 2.4270862829173576E-4
0 2.4270862829173576E-4
4 2.0225719024311313E-4
3 2.0225719024311313E-4
doc : 56
7 0.9968172112324241
2 7.25192377422344E-4
6 6.44615446597639E-4
9 3.62596188711172E-4
5 2.8201925788646706E-4
1 2.8201925788646706E-4
8 2.4173079247411466E-4
4 2.4173079247411466E-4
3 2.014423270617622E-4
0 2.014423270617622E-4
doc : 57
8 0.6331856228458888
9 0.24569177744953227
1 0.04185130477597243
0 0.029049729197439686
5 0.01427868045297883
6 0.009354997538158542
2 0.008370260955194487
4 0.007385524372230429
3 0.005908419497784343
7 0.004923682914820286
doc : 58
0 0.9453015427769986
2 0.018934081346423562
8 0.0070126227208976155
1 0.004908835904628331
9 0.004207573632538569
7 0.004207573632538569
6 0.004207573632538569
5 0.004207573632538569
4 0.0035063113604488078
3 0.0035063113604488078
doc : 59
8 0.6695970695970695
5 0.10476190476190476
6 0.09304029304029304
0 0.054945054945054944
1 0.02490842490842491
7 0.021245421245421246
9 0.013186813186813187
2 0.009523809523809525
4 0.005128205128205128
3 0.003663003663003663
doc : 60
5 0.9700168272908063
2 0.013155881903013616
6 0.007189842435367907
9 0.002753556677374943
0 0.0016827290806180207
1 0.001529753709652746
8 0.0010708275967569222
4 0.0010708275967569222
7 7.64876854826373E-4
3 7.64876854826373E-4
doc : 61
6 0.9943626419856962
2 0.0034777731033515634
5 5.60931145701865E-4
1 3.646052447062123E-4
9 2.804655728509325E-4
0 2.2437245828074603E-4
7 1.9632590099565278E-4
4 1.9632590099565278E-4
8 1.6827934371055952E-4
3 1.6827934371055952E-4
doc : 62
7 0.9958852716930896
2 0.0010488523135261606
6 7.664689983460406E-4
1 5.244261567630803E-4
9 4.034047359716003E-4
4 4.034047359716003E-4
8 2.823833151801202E-4
0 2.823833151801202E-4
5 2.0170236798580014E-4
3 2.0170236798580014E-4
doc : 63
9 0.7420998980632009
8 0.09887869520897044
0 0.0417940876656473
2 0.03771661569826708
4 0.02650356778797146
5 0.02140672782874618
7 0.009174311926605505
1 0.009174311926605505
6 0.007135575942915393
3 0.006116207951070337
doc : 64
5 0.5064562410329986
0 0.13055954088952654
1 0.08680057388809183
6 0.07173601147776185
4 0.05882352941176471
9 0.05021520803443329
8 0.04375896700143472
3 0.024390243902439025
7 0.021520803443328552
2 0.005738880918220947
doc : 65
8 0.9773944080904224
2 0.004759071980963712
7 0.0029744199881023203
6 0.0029744199881023203
5 0.002379535990481856
0 0.002379535990481856
4 0.0020820939916716243
1 0.0020820939916716243
9 0.0014872099940511601
3 0.0014872099940511601
doc : 66
9 0.1
8 0.1
7 0.1
6 0.1
5 0.1
4 0.1
3 0.1
2 0.1
1 0.1
0 0.1
doc : 67
0 0.33783783783783783
8 0.08108108108108109
5 0.08108108108108109
2 0.08108108108108109
1 0.08108108108108109
9 0.06756756756756757
7 0.06756756756756757
6 0.06756756756756757
4 0.06756756756756757
3 0.06756756756756757
doc : 68
0 0.9424964936886395
2 0.014726507713884993
5 0.0091164095371669
6 0.0070126227208976155
8 0.005610098176718092
9 0.004908835904628331
4 0.004908835904628331
1 0.004207573632538569
7 0.0035063113604488078
3 0.0035063113604488078
doc : 69
9 0.8196166854565953
5 0.030439684329199548
4 0.029312288613303268
8 0.02705749718151071
0 0.02480270574971815
3 0.02142051860202931
1 0.019165727170236752
2 0.011273957158962795
7 0.009019165727170236
6 0.007891770011273957
doc : 70
5 0.7552845528455284
2 0.19349593495934958
9 0.011382113821138212
1 0.00894308943089431
8 0.008130081300813007
0 0.005691056910569106
3 0.004878048780487805
7 0.004065040650406504
6 0.004065040650406504
4 0.004065040650406504
doc : 71
0 0.7633587786259541
8 0.04122137404580153
9 0.03969465648854962
1 0.035114503816793895
6 0.030534351145038167
2 0.02748091603053435
5 0.0183206106870229
4 0.0183206106870229
7 0.015267175572519083
3 0.010687022900763359
doc : 72
9 0.9937205319576294
1 0.0022200139543734274
6 0.001099435482165888
2 7.822906315411125E-4
7 5.708607311245956E-4
8 4.6514578091633716E-4
4 3.8057382074973043E-4
0 3.1714485062477537E-4
5 2.9600186058312364E-4
3 1.4800093029156182E-4
doc : 73
8 0.6578754578754579
5 0.12234432234432234
6 0.08717948717948718
0 0.047619047619047616
7 0.02564102564102564
1 0.021245421245421246
9 0.016117216117216115
2 0.014652014652014652
4 0.003663003663003663
3 0.003663003663003663
doc : 74
6 0.9941943626419857
2 0.0038143317907726824
1 3.3655868742111904E-4
8 3.085121301360258E-4
9 2.804655728509325E-4
5 2.524190155658393E-4
4 2.2437245828074603E-4
7 1.9632590099565278E-4
3 1.9632590099565278E-4
0 1.9632590099565278E-4
doc : 75
0 0.9404466501240695
8 0.010752688172043012
2 0.009098428453267162
6 0.008271298593879239
9 0.006617038875103391
5 0.005789909015715467
7 0.004962779156327543
4 0.004962779156327543
1 0.004962779156327543
3 0.0041356492969396195
doc : 76
0 0.8411753766040543
1 0.03979914450437047
8 0.036637530221313004
3 0.02454900502138739
6 0.015622094104519249
2 0.014878184861446904
4 0.009670820159940488
9 0.007811047052259624
5 0.005579319323042589
7 0.004277478147665985
doc : 77
6 0.5424901185770751
8 0.33563899868247693
7 0.03260869565217391
0 0.029973649538866932
9 0.020750988142292492
1 0.017786561264822136
5 0.01251646903820817
3 0.002964426877470356
4 0.002635046113306983
2 0.002635046113306983
doc : 78
8 0.9247863247863248
2 0.03418803418803419
0 0.01684981684981685
9 0.00463980463980464
3 0.004395604395604396
1 0.004395604395604396
5 0.003418803418803419
4 0.0029304029304029304
7 0.002686202686202686
6 0.0017094017094017094
doc : 79
5 0.7605135015493582
0 0.13457281983178399
6 0.054891544931385566
1 0.01814962372731297
2 0.01195219123505976
9 0.00619743249225321
8 0.00398406374501992
4 0.00398406374501992
3 0.003098716246126605
7 0.002656042496679947
doc : 80
0 0.9413447782546495
9 0.009298998569384835
7 0.008583690987124463
6 0.008583690987124463
5 0.007868383404864092
2 0.006437768240343348
4 0.005007153075822604
1 0.005007153075822604
8 0.004291845493562232
3 0.00357653791130186
doc : 81
4 0.7682926829268293
8 0.11672473867595819
0 0.020905923344947737
2 0.01916376306620209
9 0.013937282229965157
1 0.013937282229965157
7 0.012195121951219513
5 0.012195121951219513
3 0.012195121951219513
6 0.010452961672473868
doc : 82
0 0.234375
8 0.109375
3 0.09375
1 0.09375
9 0.078125
7 0.078125
6 0.078125
5 0.078125
4 0.078125
2 0.078125
doc : 83
5 0.7623318385650224
9 0.1491031390134529
8 0.026905829596412557
4 0.011210762331838564
3 0.010089686098654708
0 0.010089686098654708
7 0.008968609865470852
1 0.007847533632286996
6 0.006726457399103139
2 0.006726457399103139
doc : 84
5 0.7589686098654709
9 0.15022421524663676
8 0.030269058295964126
4 0.013452914798206279
6 0.008968609865470852
2 0.008968609865470852
7 0.007847533632286996
3 0.007847533632286996
1 0.006726457399103139
0 0.006726457399103139
doc : 85
3 0.9295290962976902
1 0.028367126123159433
5 0.012701698264101238
2 0.008561885496542316
8 0.00842075551583008
0 0.004610246036599709
7 0.0045161593827915516
9 0.0019758197299713036
6 7.997365573693372E-4
4 5.174765959448653E-4
doc : 86
0 0.9371381306865177
6 0.011579818031430935
8 0.009925558312655087
2 0.009925558312655087
9 0.006617038875103391
5 0.005789909015715467
4 0.005789909015715467
1 0.004962779156327543
7 0.0041356492969396195
3 0.0041356492969396195
doc : 87
0 0.8942795076031861
5 0.041998551774076756
2 0.021723388848660388
1 0.011585807385952208
6 0.007965242577842143
9 0.005068790731354091
8 0.005068790731354091
7 0.005068790731354091
4 0.0036205648081100647
3 0.0036205648081100647
doc : 88
0 0.8397212543554007
6 0.04065040650406504
2 0.019744483159117306
7 0.017421602787456445
1 0.017421602787456445
4 0.015098722415795587
9 0.013937282229965157
8 0.012775842044134726
3 0.012775842044134726
5 0.010452961672473868
doc : 89
8 0.8949747687132044
9 0.046152228763666946
6 0.01913372582001682
1 0.01713624894869638
7 0.010933557611438183
4 0.0036795626576955425
0 0.003574432296047098
2 0.0023128679562657694
5 0.0014718250630782169
3 6.307821698906643E-4
doc : 90
2 0.9885554425228891
9 0.001271617497456765
8 0.001271617497456765
7 0.001271617497456765
6 0.001271617497456765
5 0.001271617497456765
4 0.001271617497456765
3 0.001271617497456765
1 0.001271617497456765
0 0.001271617497456765
doc : 91
5 0.6227909811090798
9 0.182205971968312
8 0.06764168190127971
0 0.03412553321145643
1 0.03168799512492383
4 0.024984765386959172
7 0.01096892138939671
3 0.01035953686776356
2 0.008531383302864107
6 0.006703229737964656
doc : 92
0 0.6792819019893256
6 0.1645803008248423
9 0.07345948568655992
7 0.03522561863173217
8 0.020378457059679767
1 0.01086851043182921
4 0.00980106744298884
5 0.004754973313925279
3 9.704027171276079E-4
2 6.792819019893256E-4
doc : 93
0 0.9341917024320457
6 0.013590844062947067
5 0.012160228898426323
7 0.008583690987124463
9 0.00715307582260372
8 0.006437768240343348
2 0.005722460658082976
4 0.004291845493562232
1 0.004291845493562232
3 0.00357653791130186
doc : 94
4 0.9417670682730923
9 0.0321285140562249
2 0.008749282845668387
1 0.005450372920252438
5 0.0028686173264486515
8 0.0025817555938037863
0 0.002294893861158921
7 0.0015777395295467583
6 0.0012908777969018932
3 0.0012908777969018932
doc : 95
1 0.9397701306231029
2 0.042119982265270625
6 0.010760205995702739
9 0.0026090515330309334
4 0.001671157191091709
8 0.0011084205859281744
0 0.0010231574639336994
7 4.4336823437126976E-4
5 3.239998635790048E-4
3 1.705262439889499E-4
doc : 96
6 0.9498333760574211
0 0.02353242758267111
8 0.007844142527557036
9 0.004947449371955908
7 0.004870546013842604
1 0.00371699564214304
5 0.0036400922840297356
4 0.0010510125608818252
2 3.076134324532171E-4
3 2.563445270443476E-4
doc : 97
0 0.4203730272596844
6 0.15494978479196558
9 0.12338593974175037
8 0.07747489239598279
1 0.06743185078909612
5 0.04160688665710187
7 0.03156384505021521
4 0.03156384505021521
3 0.030129124820659974
2 0.021520803443328552
doc : 98
0 0.25
8 0.109375
1 0.09375
9 0.078125
7 0.078125
6 0.078125
5 0.078125
4 0.078125
3 0.078125
2 0.078125
doc : 99
3 0.9538784067085954
2 0.014575222122391934
4 0.007287611061195967
1 0.006389138464610163
6 0.005989817310572028
8 0.004891684136967156
0 0.0020964360587002098
7 0.001896775481681142
5 0.0015972846161525407
9 0.001397624039133473
