doc : 0
0 0.8757396449704142
9 0.01775147928994083
6 0.01775147928994083
1 0.01775147928994083
8 0.013806706114398423
2 0.013806706114398423
5 0.01183431952662722
4 0.01183431952662722
7 0.009861932938856016
3 0.009861932938856016
doc : 1
1 0.947565543071161
4 0.008426966292134831
8 0.00749063670411985
0 0.006554307116104869
6 0.0056179775280898875
5 0.0056179775280898875
9 0.0046816479400749065
7 0.0046816479400749065
3 0.0046816479400749065
2 0.0046816479400749065
doc : 2
5 0.5517241379310345
6 0.19827586206896552
4 0.06321839080459771
8 0.040229885057471264
2 0.040229885057471264
0 0.028735632183908046
1 0.02586206896551724
9 0.020114942528735632
3 0.017241379310344827
7 0.014367816091954023
doc : 3
5 0.6605504587155964
6 0.05045871559633028
4 0.05045871559633028
2 0.05045871559633028
7 0.03669724770642202
3 0.03669724770642202
0 0.03211009174311927
9 0.027522935779816515
8 0.027522935779816515
1 0.027522935779816515
doc : 4
5 0.6363636363636364
6 0.19155844155844157
0 0.03246753246753247
3 0.022727272727272728
2 0.022727272727272728
9 0.01948051948051948
8 0.01948051948051948
4 0.01948051948051948
1 0.01948051948051948
7 0.016233766233766236
doc : 5
5 0.726027397260274
2 0.0410958904109589
6 0.0365296803652968
4 0.0365296803652968
0 0.0319634703196347
9 0.0273972602739726
7 0.0273972602739726
1 0.0273972602739726
8 0.0228310502283105
3 0.0228310502283105
doc : 6
6 0.4774774774774775
5 0.3941441441441441
4 0.02252252252252252
7 0.02027027027027027
9 0.018018018018018018
8 0.018018018018018018
2 0.015765765765765764
3 0.01126126126126126
1 0.01126126126126126
0 0.01126126126126126
doc : 7
8 0.904696132596685
9 0.015193370165745856
1 0.012430939226519336
0 0.012430939226519336
4 0.011049723756906077
2 0.011049723756906077
6 0.009668508287292817
7 0.008287292817679558
5 0.008287292817679558
3 0.006906077348066298
doc : 8
8 0.8995873452544705
7 0.02063273727647868
9 0.013755158184319119
1 0.013755158184319119
0 0.011004126547455296
4 0.009628610729023384
6 0.008253094910591473
5 0.008253094910591473
3 0.008253094910591473
2 0.0068775790921595595
doc : 9
4 0.4084507042253521
5 0.22887323943661972
6 0.11267605633802817
2 0.056338028169014086
3 0.0528169014084507
7 0.04225352112676056
9 0.03169014084507042
0 0.024647887323943664
8 0.02112676056338028
1 0.02112676056338028
doc : 10
4 0.581447963800905
6 0.15158371040723984
5 0.0497737556561086
8 0.04072398190045249
0 0.04072398190045249
2 0.03393665158371041
3 0.029411764705882356
9 0.0248868778280543
7 0.0248868778280543
1 0.022624434389140274
doc : 11
4 0.3192182410423453
5 0.2964169381107492
6 0.10423452768729642
2 0.08143322475570033
3 0.05863192182410424
9 0.042345276872964174
1 0.02931596091205212
0 0.026058631921824105
7 0.02280130293159609
8 0.01954397394136808
doc : 12
1 0.9438202247191011
9 0.00749063670411985
6 0.00749063670411985
5 0.00749063670411985
2 0.006554307116104869
0 0.006554307116104869
7 0.0056179775280898875
3 0.0056179775280898875
8 0.0046816479400749065
4 0.0046816479400749065
doc : 13
0 0.8954635108481263
9 0.013806706114398423
8 0.013806706114398423
7 0.01183431952662722
6 0.01183431952662722
3 0.01183431952662722
2 0.01183431952662722
5 0.009861932938856016
4 0.009861932938856016
1 0.009861932938856016
doc : 14
1 0.947565543071161
9 0.008426966292134831
4 0.006554307116104869
8 0.0056179775280898875
7 0.0056179775280898875
6 0.0056179775280898875
3 0.0056179775280898875
2 0.0056179775280898875
5 0.0046816479400749065
0 0.0046816479400749065
doc : 15
7 0.5413625304136254
4 0.14476885644768858
8 0.06569343065693431
6 0.06204379562043796
0 0.051094890510948905
9 0.045012165450121655
5 0.0340632603406326
3 0.02068126520681265
1 0.019464720194647202
2 0.015815085158150853
doc : 16
7 0.8004410143329659
4 0.040793825799338476
8 0.03307607497243661
9 0.027563395810363836
2 0.026460859977949284
1 0.016538037486218304
0 0.016538037486218304
3 0.015435501653803748
5 0.012127894156560088
6 0.011025358324145536
doc : 17
5 0.6443514644351463
4 0.06694560669456066
0 0.050209205020920494
3 0.04184100418410042
8 0.03765690376569037
7 0.03765690376569037
9 0.03347280334728033
2 0.03347280334728033
6 0.02928870292887029
1 0.025104602510460247
doc : 18
5 0.8073089700996678
7 0.029900332225913623
3 0.029900332225913623
2 0.023255813953488372
9 0.019933554817275746
6 0.019933554817275746
0 0.019933554817275746
8 0.016611295681063124
4 0.016611295681063124
1 0.016611295681063124
doc : 19
5 0.2815533980582524
3 0.1553398058252427
0 0.10679611650485436
4 0.09708737864077668
8 0.07766990291262135
7 0.06796116504854369
2 0.058252427184466014
1 0.058252427184466014
9 0.04854368932038834
6 0.04854368932038834
doc : 20
5 0.7373737373737375
6 0.03535353535353536
0 0.03535353535353536
4 0.030303030303030304
2 0.030303030303030304
1 0.030303030303030304
9 0.025252525252525256
8 0.025252525252525256
7 0.025252525252525256
3 0.025252525252525256
doc : 21
6 0.5777027027027027
3 0.0945945945945946
5 0.08445945945945946
7 0.05405405405405406
4 0.05405405405405406
1 0.037162162162162164
8 0.030405405405405407
0 0.02702702702702703
2 0.02364864864864865
9 0.016891891891891893
doc : 22
7 0.6034858387799565
8 0.10130718954248367
0 0.09477124183006537
9 0.07625272331154685
1 0.022875816993464054
6 0.02178649237472767
3 0.02178649237472767
2 0.02178649237472767
5 0.01851851851851852
4 0.017429193899782137
doc : 23
8 0.4416666666666667
6 0.10277777777777779
7 0.09444444444444444
0 0.08055555555555556
9 0.06666666666666667
4 0.058333333333333334
3 0.04722222222222222
1 0.04166666666666667
2 0.03888888888888889
5 0.02777777777777778
doc : 24
6 0.5955678670360112
2 0.29362880886426596
5 0.0554016620498615
4 0.01551246537396122
0 0.011634349030470914
1 0.00775623268698061
3 0.00664819944598338
9 0.0055401662049861505
7 0.004986149584487535
8 0.00332409972299169
doc : 25
1 0.952247191011236
8 0.006554307116104869
7 0.006554307116104869
5 0.0056179775280898875
0 0.0056179775280898875
9 0.0046816479400749065
6 0.0046816479400749065
4 0.0046816479400749065
3 0.0046816479400749065
2 0.0046816479400749065
doc : 26
0 0.8895463510848126
9 0.015779092702169626
6 0.013806706114398423
8 0.01183431952662722
5 0.01183431952662722
4 0.01183431952662722
3 0.01183431952662722
2 0.01183431952662722
1 0.01183431952662722
7 0.009861932938856016
doc : 27
1 0.947565543071161
8 0.00749063670411985
0 0.00749063670411985
9 0.006554307116104869
7 0.006554307116104869
4 0.0056179775280898875
6 0.0046816479400749065
5 0.0046816479400749065
3 0.0046816479400749065
2 0.0046816479400749065
doc : 28
8 0.8913043478260869
9 0.017786561264822132
1 0.015810276679841896
0 0.01383399209486166
7 0.011857707509881422
6 0.009881422924901184
5 0.009881422924901184
4 0.009881422924901184
3 0.009881422924901184
2 0.009881422924901184
doc : 29
8 0.9060283687943262
9 0.012411347517730497
7 0.012411347517730497
1 0.012411347517730497
5 0.010638297872340425
0 0.010638297872340425
6 0.008865248226950354
4 0.008865248226950354
3 0.008865248226950354
2 0.008865248226950354
doc : 30
8 0.9045936395759717
9 0.014134275618374558
1 0.012367491166077738
6 0.010600706713780918
4 0.010600706713780918
2 0.010600706713780918
0 0.010600706713780918
7 0.0088339222614841
5 0.0088339222614841
3 0.0088339222614841
doc : 31
8 0.9063604240282686
1 0.0176678445229682
7 0.012367491166077738
3 0.010600706713780918
9 0.0088339222614841
6 0.0088339222614841
5 0.0088339222614841
4 0.0088339222614841
2 0.0088339222614841
0 0.0088339222614841
doc : 32
2 0.7647058823529411
3 0.04534313725490196
4 0.041666666666666664
6 0.02696078431372549
5 0.025735294117647058
9 0.024509803921568627
7 0.024509803921568627
0 0.020833333333333332
1 0.015931372549019607
8 0.00980392156862745
doc : 33
6 0.6862876254180602
2 0.2040133779264214
5 0.05418060200668896
4 0.016722408026755852
0 0.012040133779264214
7 0.008695652173913044
9 0.005351170568561873
1 0.0046822742474916385
8 0.004013377926421404
3 0.004013377926421404
doc : 34
5 0.8
2 0.03666666666666667
6 0.023333333333333334
3 0.023333333333333334
9 0.02
8 0.02
7 0.02
4 0.02
0 0.02
1 0.016666666666666666
doc : 35
5 0.7771203155818541
2 0.07495069033530573
3 0.03353057199211046
6 0.025641025641025644
4 0.025641025641025644
9 0.01972386587771203
7 0.01183431952662722
0 0.01183431952662722
8 0.009861932938856016
1 0.009861932938856016
doc : 36
5 0.7247191011235955
6 0.03932584269662921
2 0.033707865168539325
0 0.033707865168539325
9 0.028089887640449437
8 0.028089887640449437
7 0.028089887640449437
4 0.028089887640449437
3 0.028089887640449437
1 0.028089887640449437
doc : 37
4 0.5439137134052389
8 0.12942989214175654
7 0.09707241910631742
9 0.06933744221879816
0 0.04776579352850539
3 0.03543913713405239
2 0.030816640986132512
5 0.02157164869029276
1 0.015408320493066256
6 0.009244992295839754
doc : 38
1 0.9391385767790262
0 0.012172284644194757
8 0.008426966292134831
7 0.00749063670411985
4 0.006554307116104869
5 0.0056179775280898875
3 0.0056179775280898875
2 0.0056179775280898875
9 0.0046816479400749065
6 0.0046816479400749065
doc : 39
0 0.8954635108481263
8 0.01775147928994083
6 0.013806706114398423
5 0.01183431952662722
1 0.01183431952662722
9 0.009861932938856016
7 0.009861932938856016
4 0.009861932938856016
3 0.009861932938856016
2 0.009861932938856016
doc : 40
9 0.9096167751265365
0 0.022415039768618944
1 0.02024584237165582
8 0.01012292118582791
7 0.01012292118582791
2 0.008676789587852495
4 0.0072306579898770785
5 0.004338394793926247
6 0.0036153289949385392
3 0.0036153289949385392
doc : 41
0 0.6228893058161351
1 0.09193245778611632
9 0.08818011257035648
8 0.05065666041275797
4 0.03564727954971857
3 0.0300187617260788
7 0.028142589118198873
2 0.0225140712945591
6 0.0150093808630394
5 0.0150093808630394
doc : 42
1 0.947565543071161
7 0.00749063670411985
0 0.00749063670411985
8 0.006554307116104869
9 0.0056179775280898875
4 0.0056179775280898875
2 0.0056179775280898875
6 0.0046816479400749065
5 0.0046816479400749065
3 0.0046816479400749065
doc : 43
3 0.8270181219110379
4 0.029654036243822075
7 0.023064250411861616
1 0.023064250411861616
8 0.0214168039538715
9 0.016474464579901153
2 0.016474464579901153
6 0.014827018121911038
5 0.014827018121911038
0 0.013179571663920923
doc : 44
5 0.8043478260869565
4 0.028985507246376812
2 0.028985507246376812
6 0.025362318840579712
7 0.021739130434782608
9 0.018115942028985508
8 0.018115942028985508
3 0.018115942028985508
1 0.018115942028985508
0 0.018115942028985508
doc : 45
5 0.5629820051413882
6 0.2082262210796915
3 0.061696658097686374
4 0.033419023136246784
0 0.033419023136246784
1 0.025706940874035987
9 0.02056555269922879
2 0.02056555269922879
7 0.01799485861182519
8 0.015424164524421594
doc : 46
5 0.79296875
2 0.03125
6 0.02734375
7 0.0234375
3 0.0234375
0 0.0234375
9 0.01953125
8 0.01953125
4 0.01953125
1 0.01953125
doc : 47
5 0.738095238095238
4 0.12169312169312169
2 0.026455026455026454
9 0.021164021164021163
6 0.018518518518518517
8 0.015873015873015872
7 0.015873015873015872
0 0.015873015873015872
3 0.013227513227513227
1 0.013227513227513227
doc : 48
5 0.5456852791878172
2 0.18020304568527917
6 0.09644670050761421
9 0.03807106598984771
3 0.03807106598984771
1 0.03045685279187817
7 0.02284263959390863
8 0.02030456852791878
0 0.015228426395939085
4 0.012690355329949238
doc : 49
3 0.3888888888888889
5 0.18686868686868688
6 0.1767676767676768
2 0.05050505050505051
4 0.045454545454545456
8 0.03535353535353536
0 0.03535353535353536
9 0.030303030303030304
7 0.025252525252525256
1 0.025252525252525256
