doc : 0
0 0.4061433447098976
2 0.20477815699658702
4 0.07508532423208192
7 0.06825938566552901
5 0.06825938566552901
6 0.05460750853242321
8 0.03754266211604096
9 0.034129692832764506
3 0.027303754266211604
1 0.023890784982935155
doc : 1
4 0.8900789177001127
7 0.04565952649379932
5 0.014656144306651634
9 0.011273957158962795
0 0.009582863585118376
2 0.007328072153325817
8 0.0062006764374295375
6 0.005636978579481398
3 0.005073280721533258
1 0.004509582863585118
doc : 2
6 0.5757575757575758
7 0.13275613275613277
0 0.10101010101010101
5 0.06782106782106782
4 0.03751803751803752
2 0.02886002886002886
1 0.021645021645021644
8 0.015873015873015872
9 0.0101010101010101
3 0.008658008658008658
doc : 3
7 0.898473282442748
4 0.026717557251908396
9 0.0183206106870229
5 0.012213740458015267
8 0.011450381679389313
2 0.00916030534351145
6 0.008396946564885497
0 0.006870229007633588
1 0.0064885496183206106
3 0.0019083969465648854
doc : 4
5 0.7093389296956978
7 0.07135362014690451
6 0.05456453305351522
9 0.033578174186778595
4 0.030430220356768102
0 0.02728226652675761
8 0.023084994753410283
2 0.020986358866736624
3 0.017838405036726127
1 0.011542497376705142
doc : 5
6 0.5281207133058985
5 0.19753086419753085
7 0.10425240054869683
0 0.0644718792866941
2 0.03017832647462277
3 0.019204389574759943
9 0.016460905349794237
1 0.015089163237311385
4 0.013717421124828532
8 0.010973936899862825
doc : 6
9 0.8634041408980909
5 0.049475665501478895
2 0.019897821995159992
7 0.01720892713094918
4 0.015864479698843775
0 0.012637805861790804
6 0.0112933584296854
8 0.005377789728421619
1 0.0029577843506318905
3 0.0018822264049475667
doc : 7
6 0.46206896551724136
5 0.08275862068965517
4 0.07586206896551724
7 0.06896551724137931
2 0.06896551724137931
1 0.06206896551724138
9 0.04827586206896552
8 0.04827586206896552
3 0.04827586206896552
0 0.034482758620689655
doc : 8
0 0.36046511627906974
4 0.09302325581395349
7 0.08139534883720931
2 0.08139534883720931
8 0.06976744186046512
6 0.06976744186046512
1 0.06976744186046512
9 0.05813953488372093
5 0.05813953488372093
3 0.05813953488372093
doc : 9
7 0.9604761904761905
4 0.008571428571428572
1 0.005714285714285714
0 0.004285714285714286
9 0.0038095238095238095
6 0.0038095238095238095
3 0.0038095238095238095
2 0.0038095238095238095
8 0.002857142857142857
5 0.002857142857142857
doc : 10
7 0.9644341801385681
2 0.005542725173210162
4 0.005080831408775981
6 0.004157043879907622
5 0.004157043879907622
1 0.004157043879907622
9 0.003233256351039261
8 0.003233256351039261
3 0.003233256351039261
0 0.002771362586605081
doc : 11
8 0.9705269425424233
2 0.00506103006847276
1 0.004465614766299494
7 0.0038701994641262283
9 0.0035724918130395954
0 0.003274784161952962
6 0.0026793688597796963
4 0.0023816612086930635
5 0.0020839535576064306
3 0.0020839535576064306
doc : 12
5 0.7770208900999092
2 0.0849227974568574
4 0.05994550408719346
0 0.020435967302452316
7 0.016802906448683014
9 0.012261580381471389
1 0.01044504995458674
8 0.008174386920980926
6 0.007266121707538601
3 0.0027247956403269754
doc : 13
3 0.8172043010752689
1 0.03225806451612903
4 0.02795698924731183
7 0.025806451612903226
0 0.021505376344086023
5 0.01935483870967742
6 0.017204301075268817
8 0.015053763440860214
2 0.012903225806451613
9 0.010752688172043012
doc : 14
3 0.8521560574948666
7 0.026694045174537988
9 0.018480492813141684
4 0.018480492813141684
5 0.01642710472279261
1 0.01642710472279261
2 0.014373716632443533
0 0.014373716632443533
8 0.012320328542094456
6 0.01026694045174538
doc : 15
4 0.8602050326188257
7 0.04007455731593663
0 0.022367194780987885
9 0.0130475302889096
6 0.0130475302889096
2 0.0130475302889096
1 0.012115563839701771
8 0.011183597390493943
5 0.009319664492078284
3 0.005591798695246971
doc : 16
0 0.38372093023255816
2 0.09302325581395349
1 0.08139534883720931
9 0.06976744186046512
6 0.06976744186046512
3 0.06976744186046512
8 0.05813953488372093
7 0.05813953488372093
5 0.05813953488372093
4 0.05813953488372093
doc : 17
4 0.5632183908045977
3 0.07183908045977011
0 0.06896551724137931
8 0.06321839080459771
2 0.05459770114942529
6 0.04597701149425287
5 0.04597701149425287
1 0.034482758620689655
9 0.02586206896551724
7 0.02586206896551724
doc : 18
1 0.9639513108614233
2 0.006086142322097378
8 0.0051498127340823974
7 0.0046816479400749065
5 0.0046816479400749065
9 0.0032771535580524347
6 0.0032771535580524347
3 0.0032771535580524347
4 0.0028089887640449437
0 0.0028089887640449437
doc : 19
6 0.6980519480519481
1 0.06493506493506494
4 0.0551948051948052
0 0.04220779220779221
2 0.034090909090909095
7 0.025974025974025976
5 0.025974025974025976
9 0.022727272727272728
3 0.01785714285714286
8 0.012987012987012988
doc : 20
6 0.45833333333333337
0 0.18055555555555555
3 0.075
9 0.058333333333333334
2 0.05
1 0.04722222222222222
4 0.04166666666666667
5 0.036111111111111115
8 0.030555555555555558
7 0.022222222222222223
doc : 21
0 0.8377065111758989
7 0.062196307094266275
5 0.028182701652089404
4 0.01652089407191448
2 0.012633624878522837
1 0.011661807580174927
3 0.010689990281827016
8 0.007774538386783284
9 0.006802721088435374
6 0.0058309037900874635
doc : 22
7 0.9631578947368421
4 0.007655502392344498
0 0.005741626794258373
1 0.00430622009569378
5 0.003827751196172249
6 0.0033492822966507177
3 0.0033492822966507177
2 0.0033492822966507177
9 0.0028708133971291866
8 0.0023923444976076554
doc : 23
0 0.8568646543330088
7 0.0379746835443038
5 0.022395326192794548
4 0.022395326192794548
2 0.012658227848101266
1 0.012658227848101266
9 0.011684518013631937
3 0.008763388510223954
6 0.007789678675754625
8 0.006815968841285297
doc : 24
7 0.9616477272727273
4 0.007102272727272728
2 0.005208333333333334
6 0.004261363636363636
1 0.004261363636363636
8 0.003787878787878788
0 0.003787878787878788
9 0.0033143939393939395
5 0.0033143939393939395
3 0.0033143939393939395
doc : 25
7 0.953287197231834
5 0.009515570934256055
4 0.009515570934256055
6 0.008217993079584776
2 0.004757785467128028
9 0.0034602076124567475
8 0.003027681660899654
1 0.003027681660899654
0 0.003027681660899654
3 0.0021626297577854673
doc : 26
6 0.6165919282511211
5 0.07623318385650224
1 0.05605381165919283
0 0.04932735426008968
9 0.042600896860986545
2 0.04035874439461883
8 0.03587443946188341
7 0.033632286995515695
4 0.02914798206278027
3 0.020179372197309416
doc : 27
1 0.7986270022883295
4 0.038901601830663615
2 0.027459954233409613
7 0.02517162471395881
0 0.02288329519450801
5 0.020594965675057208
9 0.018306636155606407
6 0.018306636155606407
3 0.016018306636155607
8 0.013729977116704806
doc : 28
1 0.9280719280719281
4 0.010989010989010988
2 0.00999000999000999
0 0.00999000999000999
7 0.008991008991008992
8 0.006993006993006993
6 0.006993006993006993
5 0.006993006993006993
9 0.005994005994005994
3 0.004995004995004995
doc : 29
1 0.968503937007874
2 0.005094951366373321
4 0.0041685965724872626
6 0.0037054191755442334
3 0.0037054191755442334
8 0.003242241778601204
0 0.003242241778601204
9 0.002779064381658175
7 0.002779064381658175
5 0.002779064381658175
doc : 30
4 0.589540412044374
8 0.09350237717908083
3 0.08240887480190175
6 0.07923930269413629
0 0.06814580031695722
2 0.03328050713153724
1 0.01584786053882726
9 0.012678288431061807
7 0.012678288431061807
5 0.012678288431061807
doc : 31
3 0.8317757009345794
7 0.028037383177570093
5 0.026168224299065422
6 0.020560747663551402
2 0.020560747663551402
0 0.020560747663551402
9 0.01869158878504673
4 0.013084112149532711
8 0.011214953271028038
1 0.009345794392523366
doc : 32
3 0.8392036753445636
6 0.02450229709035222
5 0.02450229709035222
9 0.022970903522205207
4 0.022970903522205207
1 0.015313935681470138
7 0.013782542113323125
2 0.013782542113323125
8 0.01225114854517611
0 0.010719754977029096
doc : 33
3 0.8501070663811564
0 0.023554603854389723
9 0.019271948608137045
1 0.019271948608137045
5 0.017130620985010708
4 0.017130620985010708
2 0.017130620985010708
8 0.01284796573875803
6 0.01284796573875803
7 0.010706638115631693
doc : 34
6 0.6540178571428571
0 0.13616071428571427
4 0.040178571428571425
9 0.026785714285714284
8 0.026785714285714284
7 0.026785714285714284
1 0.026785714285714284
5 0.024553571428571428
3 0.024553571428571428
2 0.013392857142857142
doc : 35
2 0.8185941043083901
7 0.12868480725623582
4 0.01360544217687075
8 0.008503401360544218
6 0.005668934240362812
9 0.005102040816326531
5 0.005102040816326531
3 0.005102040816326531
1 0.005102040816326531
0 0.0045351473922902496
doc : 36
0 0.3953488372093023
2 0.09302325581395349
8 0.06976744186046512
7 0.06976744186046512
3 0.06976744186046512
1 0.06976744186046512
9 0.05813953488372093
6 0.05813953488372093
5 0.05813953488372093
4 0.05813953488372093
doc : 37
7 0.951028403525955
4 0.00881488736532811
0 0.007345739471106758
1 0.006366307541625857
6 0.005876591576885406
5 0.005876591576885406
2 0.004897159647404506
3 0.0039177277179236044
9 0.002938295788442703
8 0.002938295788442703
doc : 38
7 0.9561567164179104
6 0.008395522388059701
4 0.0065298507462686565
1 0.006063432835820896
2 0.0046641791044776115
0 0.0046641791044776115
5 0.004197761194029851
9 0.0032649253731343282
3 0.0032649253731343282
8 0.002798507462686567
doc : 39
3 0.8374760994263862
6 0.028680688336520075
4 0.021032504780114723
1 0.021032504780114723
8 0.017208413001912046
5 0.017208413001912046
0 0.017208413001912046
2 0.015296367112810707
9 0.013384321223709368
7 0.01147227533460803
doc : 40
3 0.7755102040816326
6 0.05215419501133787
1 0.034013605442176874
8 0.022675736961451247
4 0.022675736961451247
7 0.020408163265306124
5 0.020408163265306124
9 0.018140589569160998
0 0.018140589569160998
2 0.015873015873015872
doc : 41
3 0.8459869848156183
4 0.02386117136659436
0 0.021691973969631236
8 0.019522776572668113
6 0.019522776572668113
5 0.019522776572668113
7 0.015184381778741866
1 0.013015184381778743
9 0.010845986984815618
2 0.010845986984815618
doc : 42
6 0.32885906040268453
8 0.12751677852348994
2 0.09395973154362416
0 0.09395973154362416
4 0.087248322147651
7 0.06711409395973154
1 0.060402684563758385
5 0.053691275167785234
3 0.04697986577181208
9 0.040268456375838924
doc : 43
0 0.37209302325581395
2 0.09302325581395349
5 0.08139534883720931
4 0.08139534883720931
3 0.08139534883720931
9 0.05813953488372093
8 0.05813953488372093
7 0.05813953488372093
6 0.05813953488372093
1 0.05813953488372093
doc : 44
0 0.38372093023255816
2 0.10465116279069767
8 0.06976744186046512
6 0.06976744186046512
4 0.06976744186046512
3 0.06976744186046512
9 0.05813953488372093
7 0.05813953488372093
5 0.05813953488372093
1 0.05813953488372093
doc : 45
5 0.2607361963190184
2 0.17177914110429449
4 0.15950920245398773
9 0.11656441717791412
7 0.07975460122699386
0 0.06134969325153374
3 0.05521472392638037
6 0.049079754601226995
1 0.03067484662576687
8 0.015337423312883436
doc : 46
2 0.6114221724524076
5 0.18141097424412095
0 0.05039193729003359
7 0.03919372900335946
9 0.02687569988801792
4 0.025755879059350503
8 0.020156774916013438
6 0.020156774916013438
3 0.0167973124300112
1 0.007838745800671893
doc : 47
0 0.41860465116279066
2 0.08139534883720931
5 0.06976744186046512
4 0.06976744186046512
3 0.06976744186046512
9 0.05813953488372093
8 0.05813953488372093
7 0.05813953488372093
6 0.05813953488372093
1 0.05813953488372093
doc : 48
6 0.5542483660130718
4 0.14248366013071895
2 0.09019607843137255
0 0.047058823529411764
3 0.04052287581699346
5 0.03529411764705882
7 0.027450980392156862
8 0.023529411764705882
9 0.0196078431372549
1 0.0196078431372549
doc : 49
0 0.38372093023255816
2 0.10465116279069767
3 0.08139534883720931
8 0.06976744186046512
1 0.06976744186046512
9 0.05813953488372093
7 0.05813953488372093
6 0.05813953488372093
5 0.05813953488372093
4 0.05813953488372093
