doc : 0
6 0.5340314136125655
7 0.07329842931937174
9 0.06806282722513089
8 0.06806282722513089
2 0.06806282722513089
5 0.04712041884816754
3 0.04712041884816754
0 0.03664921465968587
4 0.03141361256544503
1 0.02617801047120419
doc : 1
0 0.5918544194107452
5 0.23916811091854417
3 0.05545927209705372
1 0.030329289428076254
6 0.02946273830155979
7 0.016464471403812825
9 0.012998266897746967
2 0.012998266897746967
8 0.006065857885615251
4 0.005199306759098786
doc : 2
0 0.5607476635514018
5 0.24610591900311526
4 0.03115264797507788
7 0.028037383177570093
6 0.028037383177570093
3 0.028037383177570093
1 0.024922118380062305
9 0.018691588785046728
2 0.018691588785046728
8 0.01557632398753894
doc : 3
5 0.6491116751269035
0 0.27220812182741116
3 0.024111675126903553
1 0.012690355329949238
8 0.010786802030456852
6 0.01015228426395939
9 0.006345177664974619
2 0.006345177664974619
7 0.004441624365482233
4 0.0038071065989847713
doc : 4
7 0.851138353765324
4 0.03327495621716287
9 0.024518388791593695
6 0.017513134851138354
1 0.01576182136602452
3 0.014010507880910683
8 0.012259194395796848
5 0.012259194395796848
2 0.010507880910683012
0 0.008756567425569177
doc : 5
3 0.47266881028938906
8 0.17684887459807075
6 0.0707395498392283
0 0.06430868167202572
7 0.06109324758842444
5 0.04180064308681672
2 0.03215434083601286
1 0.03215434083601286
9 0.028938906752411574
4 0.01929260450160772
doc : 6
3 0.4634146341463415
8 0.15447154471544716
7 0.06097560975609757
2 0.06097560975609757
6 0.05691056910569106
5 0.04878048780487805
9 0.04471544715447155
1 0.04065040650406505
0 0.04065040650406505
4 0.02845528455284553
doc : 7
0 0.49055755395683454
8 0.4244604316546763
5 0.02248201438848921
6 0.013489208633093526
2 0.011241007194244606
1 0.01079136690647482
3 0.009442446043165468
7 0.008992805755395683
4 0.0044964028776978415
9 0.0040467625899280575
doc : 8
6 0.8803571428571428
8 0.019642857142857142
2 0.01607142857142857
1 0.01607142857142857
3 0.014285714285714285
5 0.012499999999999999
9 0.010714285714285714
7 0.010714285714285714
0 0.010714285714285714
4 0.008928571428571428
doc : 9
6 0.8879003558718861
9 0.01601423487544484
8 0.014234875444839857
2 0.014234875444839857
0 0.014234875444839857
5 0.012455516014234875
3 0.012455516014234875
1 0.010676156583629894
7 0.00889679715302491
4 0.00889679715302491
doc : 10
6 0.18604651162790697
8 0.12790697674418605
7 0.12790697674418605
5 0.09302325581395349
3 0.09302325581395349
2 0.09302325581395349
9 0.08139534883720931
1 0.08139534883720931
4 0.05813953488372093
0 0.05813953488372093
doc : 11
7 0.3119266055045872
9 0.11009174311926606
5 0.10091743119266056
8 0.09174311926605505
6 0.09174311926605505
4 0.06422018348623854
1 0.06422018348623854
0 0.06422018348623854
3 0.05504587155963303
2 0.045871559633027525
doc : 12
1 0.6977299880525687
9 0.23894862604540024
6 0.01135005973715651
0 0.01135005973715651
8 0.008363201911589008
3 0.008363201911589008
5 0.007765830346475508
2 0.006571087216248506
7 0.0047789725209080045
4 0.0047789725209080045
doc : 13
3 0.7336769759450171
5 0.11855670103092783
0 0.03436426116838488
9 0.024054982817869414
8 0.018900343642611683
7 0.018900343642611683
2 0.015463917525773196
6 0.013745704467353952
1 0.012027491408934707
4 0.010309278350515464
doc : 14
5 0.6404077849860983
0 0.29008341056533826
3 0.015755329008341055
9 0.008341056533827619
6 0.008341056533827619
1 0.008341056533827619
7 0.0074142724745134385
4 0.0074142724745134385
2 0.0074142724745134385
8 0.006487488415199258
doc : 15
0 0.7335243553008596
5 0.07020057306590258
8 0.04727793696275071
6 0.03724928366762178
3 0.03151862464183381
1 0.022922636103151862
7 0.015759312320916905
4 0.015759312320916905
9 0.012893982808022923
2 0.012893982808022923
doc : 16
0 0.8667736757624398
8 0.02969502407704655
6 0.023274478330658106
9 0.02247191011235955
5 0.020064205457463884
3 0.011235955056179775
7 0.008025682182985553
4 0.008025682182985553
2 0.0056179775280898875
1 0.004815409309791332
doc : 17
3 0.8470363288718928
5 0.04206500956022945
7 0.021032504780114723
0 0.019120458891013385
1 0.017208413001912046
8 0.01147227533460803
6 0.01147227533460803
2 0.01147227533460803
9 0.009560229445506692
4 0.009560229445506692
doc : 18
3 0.8469750889679715
5 0.028469750889679714
6 0.02669039145907473
7 0.019572953736654804
1 0.019572953736654804
0 0.01779359430604982
9 0.010676156583629894
8 0.010676156583629894
2 0.010676156583629894
4 0.00889679715302491
doc : 19
0 0.7618164967562558
5 0.12696941612604262
3 0.03892493049119555
7 0.015755329008341055
6 0.012974976830398516
4 0.012974976830398516
9 0.010194624652455977
8 0.008341056533827619
2 0.006487488415199258
1 0.005560704355885079
doc : 20
3 0.8633093525179857
2 0.025899280575539568
8 0.01870503597122302
9 0.015827338129496403
6 0.015827338129496403
7 0.014388489208633094
5 0.014388489208633094
4 0.014388489208633094
1 0.008633093525179856
0 0.008633093525179856
doc : 21
8 0.6474164133738601
3 0.0668693009118541
7 0.060790273556231005
6 0.0425531914893617
9 0.03951367781155015
2 0.0364741641337386
5 0.030395136778115502
0 0.030395136778115502
1 0.0243161094224924
4 0.02127659574468085
doc : 22
0 0.8845686512758201
6 0.018226002430133656
1 0.018226002430133656
5 0.015795868772782502
3 0.014580801944106925
8 0.01215066828675577
9 0.010935601458080193
7 0.009720534629404616
2 0.00850546780072904
4 0.007290400972053463
doc : 23
5 0.8864406779661017
0 0.01694915254237288
9 0.015254237288135592
3 0.015254237288135592
1 0.015254237288135592
8 0.011864406779661017
6 0.010169491525423728
4 0.010169491525423728
2 0.010169491525423728
7 0.00847457627118644
doc : 24
7 0.5621301775147929
0 0.15088757396449703
5 0.07988165680473372
3 0.04437869822485207
1 0.038461538461538464
9 0.03550295857988166
8 0.029585798816568046
6 0.02071005917159763
4 0.02071005917159763
2 0.01775147928994083
doc : 25
1 0.6750948166877371
9 0.2313527180783818
5 0.018963337547408345
3 0.01390644753476612
7 0.012642225031605564
6 0.010113780025284451
4 0.010113780025284451
2 0.010113780025284451
8 0.008849557522123894
0 0.008849557522123894
doc : 26
8 0.6863270777479893
6 0.10991957104557641
2 0.03753351206434316
5 0.029490616621983913
7 0.02680965147453083
0 0.02680965147453083
3 0.02412868632707775
9 0.021447721179624665
4 0.021447721179624665
1 0.0160857908847185
doc : 27
2 0.7678018575851394
6 0.04953560371517028
8 0.04643962848297214
9 0.02476780185758514
3 0.02476780185758514
7 0.018575851393188854
5 0.018575851393188854
1 0.018575851393188854
4 0.015479876160990714
0 0.015479876160990714
doc : 28
2 0.8199445983379502
3 0.0332409972299169
6 0.024930747922437674
8 0.0221606648199446
5 0.019390581717451522
1 0.019390581717451522
9 0.01662049861495845
0 0.01662049861495845
7 0.013850415512465374
4 0.013850415512465374
doc : 29
3 0.46706586826347307
0 0.2095808383233533
6 0.18712574850299402
7 0.04191616766467066
8 0.02544910179640719
1 0.02544910179640719
9 0.011976047904191617
5 0.011976047904191617
2 0.011976047904191617
4 0.0074850299401197605
doc : 30
2 0.8005284015852048
7 0.046235138705416116
6 0.046235138705416116
9 0.03963011889035667
3 0.0178335535006605
8 0.01453104359313078
1 0.013210039630118891
5 0.012549537648612946
0 0.005284015852047556
4 0.003963011889035667
doc : 31
3 0.8119180633147114
6 0.03165735567970205
2 0.03165735567970205
8 0.0297951582867784
5 0.0297951582867784
1 0.0148975791433892
0 0.0148975791433892
7 0.01303538175046555
9 0.0111731843575419
4 0.0111731843575419
doc : 32
2 0.7027027027027027
8 0.08408408408408408
7 0.05105105105105105
6 0.03303303303303303
3 0.03303303303303303
4 0.024024024024024024
9 0.018018018018018018
5 0.018018018018018018
1 0.018018018018018018
0 0.018018018018018018
doc : 33
4 0.9762883338602594
9 0.005690799873537781
6 0.004268099905153336
5 0.003477711033828644
2 0.0023711666139740756
7 0.0020550110654441985
3 0.001738855516914322
0 0.001738855516914322
8 0.001264622194119507
1 0.0011065444198545685
doc : 34
9 0.9318548387096774
1 0.024596774193548387
4 0.007661290322580645
7 0.0068548387096774195
6 0.0068548387096774195
2 0.00564516129032258
8 0.005241935483870968
3 0.004838709677419355
5 0.004032258064516129
0 0.0024193548387096775
doc : 35
5 0.593167701863354
0 0.11180124223602483
3 0.06521739130434782
6 0.05279503105590062
8 0.037267080745341616
9 0.03416149068322981
2 0.03105590062111801
1 0.03105590062111801
4 0.02795031055900621
7 0.015527950310559004
doc : 36
7 0.5331632653061225
0 0.25255102040816324
6 0.0510204081632653
5 0.03571428571428571
2 0.02551020408163265
1 0.02551020408163265
8 0.022959183673469385
4 0.02040816326530612
3 0.02040816326530612
9 0.012755102040816325
doc : 37
2 0.8284023668639053
3 0.0591715976331361
9 0.01972386587771203
6 0.01775147928994083
8 0.015779092702169626
1 0.013806706114398423
0 0.013806706114398423
5 0.01183431952662722
7 0.009861932938856016
4 0.009861932938856016
doc : 38
7 0.48484848484848486
9 0.23106060606060608
8 0.08143939393939394
0 0.04924242424242424
1 0.03977272727272727
6 0.030303030303030304
5 0.026515151515151516
3 0.02462121212121212
2 0.022727272727272728
4 0.00946969696969697
doc : 39
3 0.7882926829268293
5 0.07609756097560975
0 0.05170731707317073
6 0.02048780487804878
2 0.0175609756097561
7 0.016585365853658537
1 0.012682926829268294
9 0.005853658536585366
8 0.005853658536585366
4 0.004878048780487805
doc : 40
3 0.8192182410423453
5 0.03745928338762215
7 0.035830618892508145
6 0.027687296416938113
1 0.02280130293159609
8 0.016286644951140065
2 0.011400651465798045
9 0.00977198697068404
4 0.00977198697068404
0 0.00977198697068404
doc : 41
9 0.928388746803069
3 0.01619778346121057
6 0.01278772378516624
7 0.010230179028132991
0 0.008525149190110827
5 0.007246376811594203
1 0.005115089514066496
8 0.0038363171355498722
4 0.0038363171355498722
2 0.0038363171355498722
doc : 42
8 0.7589175891758918
6 0.15744157441574416
7 0.014760147601476016
4 0.014760147601476016
0 0.011070110701107012
5 0.00984009840098401
3 0.00984009840098401
2 0.008610086100861008
9 0.007380073800738008
1 0.007380073800738008
doc : 43
8 0.8007341373885685
0 0.0692186680650236
6 0.03618248557944415
5 0.02779234399580493
7 0.014682747771368642
2 0.013633980073413739
3 0.012060828526481385
1 0.011536444677503933
9 0.009438909281594127
4 0.0047194546407970635
doc : 44
1 0.9373709566414314
0 0.015829318651066758
6 0.008258774948382657
2 0.008258774948382657
5 0.007570543702684102
7 0.0055058499655884375
3 0.0055058499655884375
9 0.0041293874741913286
8 0.0041293874741913286
4 0.003441156228492773
doc : 45
6 0.22222222222222224
7 0.17037037037037037
5 0.11851851851851852
0 0.11111111111111112
9 0.08148148148148149
1 0.08148148148148149
8 0.06666666666666667
4 0.05185185185185186
3 0.05185185185185186
2 0.044444444444444446
doc : 46
6 0.32116788321167883
1 0.11678832116788321
7 0.1094890510948905
8 0.08759124087591241
3 0.08759124087591241
5 0.06569343065693431
0 0.06569343065693431
9 0.058394160583941604
2 0.051094890510948905
4 0.0364963503649635
doc : 47
3 0.8300000000000001
6 0.02666666666666667
8 0.025
7 0.025
5 0.023333333333333334
0 0.018333333333333333
2 0.016666666666666666
9 0.011666666666666667
4 0.011666666666666667
1 0.011666666666666667
doc : 48
0 0.8939790575916231
8 0.017015706806282723
6 0.015706806282722516
1 0.014397905759162305
7 0.013089005235602094
9 0.011780104712041885
4 0.009162303664921467
3 0.009162303664921467
2 0.009162303664921467
5 0.006544502617801047
doc : 49
0 0.8441734417344173
5 0.02981029810298103
7 0.02710027100271003
1 0.024390243902439025
6 0.017615176151761516
2 0.017615176151761516
4 0.01084010840108401
9 0.009485094850948509
8 0.009485094850948509
3 0.009485094850948509
