doc : 0
3 0.20270270270270271
4 0.14189189189189189
9 0.12162162162162163
8 0.11486486486486487
5 0.11486486486486487
7 0.0945945945945946
1 0.07432432432432433
0 0.05405405405405406
6 0.04054054054054054
2 0.04054054054054054
doc : 1
7 0.43827160493827155
6 0.11728395061728394
0 0.11728395061728394
5 0.06790123456790123
3 0.06172839506172839
9 0.04938271604938271
8 0.04938271604938271
2 0.037037037037037035
4 0.030864197530864196
1 0.030864197530864196
doc : 2
7 0.21250000000000002
4 0.1125
1 0.1125
9 0.1
0 0.1
8 0.08750000000000001
2 0.08750000000000001
6 0.0625
5 0.0625
3 0.0625
doc : 3
7 0.8311688311688312
8 0.025974025974025976
9 0.02077922077922078
6 0.02077922077922078
0 0.02077922077922078
5 0.01818181818181818
3 0.01818181818181818
4 0.015584415584415584
1 0.015584415584415584
2 0.012987012987012988
doc : 4
4 0.8376383763837638
9 0.025830258302583026
3 0.02214022140221402
0 0.02029520295202952
7 0.01845018450184502
5 0.01845018450184502
8 0.016605166051660517
2 0.016605166051660517
6 0.014760147601476014
1 0.00922509225092251
doc : 5
4 0.8041329739442947
6 0.04672057502246182
1 0.034141958670260555
0 0.034141958670260555
5 0.022461814914645106
7 0.01886792452830189
9 0.01078167115902965
8 0.009883198562443846
2 0.009883198562443846
3 0.008984725965858042
doc : 6
9 0.5777777777777777
4 0.1259259259259259
1 0.06666666666666667
5 0.04938271604938271
2 0.04938271604938271
3 0.03209876543209877
6 0.02962962962962963
8 0.024691358024691357
0 0.024691358024691357
7 0.019753086419753086
doc : 7
7 0.23563218390804597
9 0.1724137931034483
3 0.13218390804597702
6 0.10344827586206896
4 0.09770114942528735
1 0.06321839080459771
5 0.05747126436781609
0 0.05172413793103448
2 0.04597701149425287
8 0.040229885057471264
doc : 8
4 0.7168674698795181
3 0.06777108433734941
5 0.042168674698795185
9 0.03614457831325302
1 0.03614457831325302
0 0.028614457831325303
2 0.022590361445783132
7 0.021084337349397592
8 0.01807228915662651
6 0.010542168674698796
doc : 9
1 0.8111723052714398
5 0.03068450039339103
6 0.025177025963808025
4 0.025177025963808025
0 0.025177025963808025
9 0.022816679779701022
3 0.016522423288749016
7 0.015735641227380016
2 0.014948859166011016
8 0.012588512981904013
doc : 10
4 0.7804878048780488
0 0.06378986866791744
6 0.028142589118198873
7 0.026266416510318948
5 0.0225140712945591
9 0.020637898686679174
1 0.020637898686679174
8 0.013133208255159474
2 0.013133208255159474
3 0.01125703564727955
doc : 11
7 0.39795918367346933
5 0.09183673469387754
9 0.08163265306122448
4 0.07142857142857142
8 0.061224489795918366
6 0.061224489795918366
2 0.061224489795918366
1 0.061224489795918366
0 0.061224489795918366
3 0.0510204081632653
doc : 12
5 0.7967711301044634
6 0.06932573599240266
0 0.06932573599240266
7 0.015194681861348529
4 0.011396011396011397
1 0.010446343779677113
8 0.009496676163342831
3 0.008547008547008548
9 0.004748338081671416
2 0.004748338081671416
doc : 13
5 0.8165137614678899
0 0.03669724770642202
8 0.02981651376146789
4 0.020642201834862386
3 0.01834862385321101
1 0.01834862385321101
9 0.016055045871559634
2 0.016055045871559634
7 0.013761467889908258
6 0.013761467889908258
doc : 14
4 0.6966019417475727
7 0.05339805825242718
0 0.04368932038834951
2 0.038834951456310676
8 0.03155339805825243
6 0.029126213592233007
3 0.029126213592233007
1 0.029126213592233007
5 0.02669902912621359
9 0.021844660194174755
doc : 15
6 0.7780279153534444
0 0.1644529491220171
7 0.02285006753714543
5 0.007879333633498424
3 0.006303466906798739
4 0.0055155335434488965
2 0.004389914452949122
9 0.004277352543899144
1 0.004164790634849167
8 0.002138676271949572
doc : 16
4 0.8962371721778791
8 0.01710376282782212
9 0.013683010262257697
6 0.012542759407069556
1 0.012542759407069556
3 0.011402508551881414
2 0.011402508551881414
7 0.010262257696693273
0 0.00798175598631699
5 0.0068415051311288486
doc : 17
9 0.6488706365503081
4 0.14887063655030802
2 0.03696098562628337
8 0.03182751540041068
0 0.027720739219712527
3 0.026694045174537988
5 0.022587268993839837
1 0.02053388090349076
7 0.018480492813141684
6 0.017453798767967148
doc : 18
3 0.6721649484536083
8 0.12989690721649486
5 0.050515463917525774
2 0.042268041237113405
1 0.032989690721649485
9 0.02268041237113402
7 0.018556701030927835
6 0.010309278350515464
4 0.010309278350515464
0 0.010309278350515464
doc : 19
0 0.564139941690962
7 0.11661807580174927
5 0.061224489795918366
3 0.04956268221574344
4 0.037900874635568516
1 0.037900874635568516
6 0.03498542274052478
9 0.033527696793002916
8 0.033527696793002916
2 0.030612244897959183
doc : 20
8 0.9361351462711166
3 0.0173053152039555
2 0.01277297074577668
9 0.008240626287597858
7 0.007416563658838072
5 0.004944375772558714
4 0.003708281829419036
1 0.003708281829419036
6 0.00288421920065925
0 0.00288421920065925
doc : 21
3 0.1506849315068493
2 0.136986301369863
8 0.1232876712328767
9 0.0958904109589041
7 0.0958904109589041
1 0.0958904109589041
4 0.0821917808219178
0 0.0821917808219178
6 0.0684931506849315
5 0.0684931506849315
doc : 22
9 0.44047619047619047
1 0.09523809523809523
5 0.08928571428571427
4 0.08333333333333333
3 0.06547619047619047
2 0.05952380952380952
0 0.05952380952380952
6 0.041666666666666664
8 0.03571428571428571
7 0.02976190476190476
doc : 23
9 0.7513711151736746
6 0.043875685557586835
1 0.03656307129798903
0 0.03473491773308958
5 0.031078610603290677
4 0.027422303473491772
8 0.025594149908592323
2 0.02376599634369287
7 0.014625228519195612
3 0.010968921389396709
doc : 24
9 0.798219584569733
1 0.04154302670623146
6 0.040059347181008904
0 0.02373887240356083
3 0.02077151335311573
2 0.02077151335311573
4 0.016320474777448073
7 0.013353115727002967
5 0.013353115727002967
8 0.011869436201780416
doc : 25
7 0.21698113207547168
2 0.16981132075471697
3 0.11320754716981132
4 0.08490566037735849
1 0.08490566037735849
9 0.07547169811320754
8 0.0660377358490566
6 0.0660377358490566
5 0.0660377358490566
0 0.05660377358490566
doc : 26
7 0.27184466019417475
2 0.1262135922330097
4 0.10679611650485436
0 0.09708737864077668
9 0.07766990291262135
5 0.07766990291262135
8 0.06796116504854369
6 0.058252427184466014
3 0.058252427184466014
1 0.058252427184466014
doc : 27
2 0.7790055248618785
7 0.03314917127071823
8 0.03038674033149171
5 0.03038674033149171
4 0.03038674033149171
1 0.022099447513812154
9 0.019337016574585635
6 0.019337016574585635
0 0.019337016574585635
3 0.016574585635359115
doc : 28
2 0.8352601156069364
5 0.031791907514450865
9 0.017341040462427744
8 0.017341040462427744
7 0.017341040462427744
6 0.017341040462427744
4 0.017341040462427744
0 0.017341040462427744
3 0.014450867052023121
1 0.014450867052023121
doc : 29
2 0.800561797752809
5 0.042134831460674156
7 0.03651685393258427
8 0.019662921348314606
4 0.019662921348314606
1 0.019662921348314606
6 0.016853932584269662
3 0.016853932584269662
9 0.014044943820224719
0 0.014044943820224719
doc : 30
0 0.5881226053639846
4 0.11877394636015325
6 0.06513409961685823
5 0.06130268199233716
9 0.042145593869731796
3 0.038314176245210725
7 0.026819923371647507
1 0.02490421455938697
8 0.019157088122605363
2 0.01532567049808429
doc : 31
3 0.6967741935483871
2 0.04838709677419355
8 0.04516129032258064
6 0.03870967741935484
7 0.035483870967741936
5 0.035483870967741936
4 0.035483870967741936
1 0.025806451612903226
0 0.02258064516129032
9 0.016129032258064516
doc : 32
2 0.8313953488372093
0 0.029069767441860465
5 0.023255813953488372
4 0.020348837209302327
8 0.01744186046511628
7 0.01744186046511628
1 0.01744186046511628
9 0.014534883720930232
6 0.014534883720930232
3 0.014534883720930232
doc : 33
2 0.8286516853932584
0 0.028089887640449437
5 0.025280898876404494
8 0.019662921348314606
7 0.019662921348314606
4 0.019662921348314606
9 0.016853932584269662
6 0.014044943820224719
3 0.014044943820224719
1 0.014044943820224719
doc : 34
2 0.8454810495626822
7 0.026239067055393587
9 0.01749271137026239
8 0.01749271137026239
5 0.01749271137026239
0 0.01749271137026239
6 0.014577259475218658
4 0.014577259475218658
3 0.014577259475218658
1 0.014577259475218658
doc : 35
2 0.8056338028169014
8 0.028169014084507043
6 0.02535211267605634
0 0.02535211267605634
9 0.022535211267605635
7 0.022535211267605635
5 0.022535211267605635
4 0.016901408450704227
1 0.016901408450704227
3 0.014084507042253521
doc : 36
5 0.8090277777777777
2 0.03125
7 0.024305555555555552
9 0.020833333333333332
6 0.020833333333333332
3 0.020833333333333332
1 0.020833333333333332
8 0.017361111111111112
4 0.017361111111111112
0 0.017361111111111112
doc : 37
5 0.8625592417061612
6 0.016587677725118485
4 0.016587677725118485
2 0.016587677725118485
1 0.016587677725118485
0 0.016587677725118485
8 0.014218009478672987
7 0.014218009478672987
3 0.014218009478672987
9 0.011848341232227489
doc : 38
5 0.8129251700680272
8 0.027210884353741496
9 0.023809523809523808
2 0.023809523809523808
7 0.02040816326530612
3 0.02040816326530612
0 0.02040816326530612
6 0.017006802721088433
4 0.017006802721088433
1 0.017006802721088433
doc : 39
1 0.6561922365988909
0 0.07948243992606284
9 0.04990757855822551
5 0.04066543438077634
7 0.038817005545286505
4 0.033271719038817
3 0.033271719038817
6 0.031423290203327174
8 0.018484288354898334
2 0.018484288354898334
doc : 40
0 0.2932330827067669
9 0.09774436090225563
5 0.09022556390977443
4 0.09022556390977443
3 0.09022556390977443
1 0.09022556390977443
6 0.06766917293233082
8 0.06015037593984962
7 0.06015037593984962
2 0.06015037593984962
doc : 41
7 0.7151277013752455
5 0.12966601178781925
0 0.052062868369351666
3 0.01866404715127701
9 0.01768172888015717
6 0.015717092337917484
4 0.015717092337917484
8 0.014734774066797641
1 0.011787819253438112
2 0.008840864440078585
doc : 42
2 0.8304093567251462
7 0.02631578947368421
5 0.02631578947368421
8 0.02046783625730994
4 0.02046783625730994
3 0.017543859649122806
9 0.014619883040935672
6 0.014619883040935672
1 0.014619883040935672
0 0.014619883040935672
doc : 43
2 0.8403361344537815
4 0.022408963585434174
9 0.0196078431372549
7 0.0196078431372549
5 0.0196078431372549
8 0.01680672268907563
3 0.01680672268907563
1 0.01680672268907563
6 0.014005602240896359
0 0.014005602240896359
doc : 44
5 0.8516624040920717
8 0.03580562659846548
4 0.01790281329923274
2 0.015345268542199489
1 0.015345268542199489
9 0.012787723785166242
7 0.012787723785166242
6 0.012787723785166242
3 0.012787723785166242
0 0.012787723785166242
doc : 45
5 0.8421052631578947
0 0.027459954233409613
8 0.02288329519450801
9 0.020594965675057208
4 0.018306636155606407
6 0.016018306636155607
7 0.013729977116704806
2 0.013729977116704806
1 0.013729977116704806
3 0.011441647597254004
doc : 46
1 0.6207584830339321
6 0.06986027944111776
8 0.057884231536926144
5 0.05189620758483034
3 0.04590818363273453
7 0.041916167664670656
9 0.031936127744510975
4 0.02994011976047904
0 0.02594810379241517
2 0.02395209580838323
doc : 47
7 0.3591549295774648
0 0.18309859154929578
9 0.07042253521126761
6 0.07042253521126761
2 0.07042253521126761
8 0.06338028169014084
5 0.04929577464788733
4 0.04929577464788733
1 0.04929577464788733
3 0.035211267605633804
doc : 48
7 0.24719101123595505
2 0.14606741573033707
5 0.10112359550561797
4 0.10112359550561797
6 0.0898876404494382
8 0.07865168539325842
0 0.06741573033707865
9 0.056179775280898875
3 0.056179775280898875
1 0.056179775280898875
doc : 49
7 0.6
1 0.0967741935483871
4 0.08225806451612903
2 0.0532258064516129
0 0.04032258064516129
5 0.037096774193548385
6 0.03064516129032258
3 0.03064516129032258
9 0.016129032258064516
8 0.012903225806451613
