doc : 0
7 0.7125220458553791
8 0.26866549088771313
2 0.0049970605526161085
1 0.0029394473838918285
9 0.0023515579071134627
6 0.00205761316872428
5 0.001763668430335097
0 0.001763668430335097
4 0.0014697236919459142
3 0.0014697236919459142
doc : 1
1 0.7918473547267997
2 0.17779705117085862
9 0.006504770164787511
7 0.004770164787510841
6 0.004770164787510841
8 0.003469210754553339
4 0.003469210754553339
5 0.0026019080659150044
3 0.0026019080659150044
0 0.002168256721595837
doc : 2
9 0.2567567567567568
5 0.14189189189189189
3 0.12162162162162163
6 0.10810810810810811
0 0.10810810810810811
4 0.08108108108108109
1 0.05405405405405406
2 0.0472972972972973
8 0.04054054054054054
7 0.04054054054054054
doc : 3
9 0.7549407114624506
5 0.043478260869565216
8 0.03162055335968379
4 0.02766798418972332
0 0.02766798418972332
7 0.023715415019762844
6 0.023715415019762844
2 0.023715415019762844
1 0.023715415019762844
3 0.01976284584980237
doc : 4
9 0.8042813455657493
5 0.03669724770642202
4 0.027522935779816515
0 0.024464831804281346
8 0.021406727828746176
2 0.021406727828746176
3 0.01834862385321101
7 0.01529051987767584
6 0.01529051987767584
1 0.01529051987767584
doc : 5
9 0.8256880733944955
5 0.03058103975535168
2 0.021406727828746176
0 0.021406727828746176
8 0.01834862385321101
7 0.01834862385321101
1 0.01834862385321101
6 0.01529051987767584
4 0.01529051987767584
3 0.01529051987767584
doc : 6
9 0.448
0 0.096
3 0.088
6 0.07200000000000001
5 0.064
4 0.056
2 0.048
1 0.048
8 0.04
7 0.04
doc : 7
9 0.5517241379310345
6 0.10344827586206896
3 0.06403940886699508
1 0.054187192118226604
0 0.054187192118226604
5 0.04926108374384237
2 0.03940886699507389
8 0.029556650246305417
7 0.029556650246305417
4 0.024630541871921183
doc : 8
9 0.5683060109289617
6 0.07103825136612021
3 0.07103825136612021
0 0.07103825136612021
1 0.0546448087431694
4 0.04371584699453552
7 0.03278688524590164
2 0.03278688524590164
8 0.0273224043715847
5 0.0273224043715847
doc : 9
9 0.6333333333333333
3 0.10277777777777779
6 0.09166666666666667
0 0.036111111111111115
5 0.03333333333333333
4 0.03333333333333333
1 0.022222222222222223
8 0.019444444444444445
7 0.01388888888888889
2 0.01388888888888889
doc : 10
9 0.24074074074074073
3 0.2037037037037037
5 0.17129629629629628
4 0.12962962962962962
0 0.06481481481481481
6 0.06018518518518518
8 0.041666666666666664
2 0.032407407407407406
7 0.027777777777777776
1 0.027777777777777776
doc : 11
3 0.4890829694323144
6 0.17030567685589518
9 0.08296943231441048
8 0.05676855895196506
5 0.048034934497816595
0 0.034934497816593885
4 0.03056768558951965
2 0.03056768558951965
1 0.03056768558951965
7 0.026200873362445413
doc : 12
2 0.9558948261238337
7 0.013570822731128074
1 0.00720949957591179
8 0.005937234944868533
9 0.003816793893129771
5 0.0029686174724342664
4 0.0029686174724342664
3 0.0029686174724342664
0 0.002544529262086514
6 0.0021204410517387615
doc : 13
7 0.7213356973995272
8 0.26122931442080377
1 0.0032505910165484633
2 0.002955082742316785
9 0.002364066193853428
3 0.0020685579196217494
5 0.0017730496453900709
4 0.0017730496453900709
0 0.0017730496453900709
6 0.0014775413711583924
doc : 14
3 0.6155462184873949
0 0.14705882352941177
6 0.09453781512605042
5 0.031512605042016806
9 0.02310924369747899
4 0.02310924369747899
8 0.018907563025210083
1 0.018907563025210083
2 0.014705882352941176
7 0.012605042016806723
doc : 15
9 0.43243243243243246
0 0.18018018018018017
5 0.12162162162162161
6 0.09009009009009009
3 0.04054054054054054
8 0.03153153153153153
7 0.02702702702702703
4 0.02702702702702703
2 0.02702702702702703
1 0.02252252252252252
doc : 16
9 0.6
5 0.07096774193548387
6 0.06451612903225806
3 0.04516129032258064
7 0.03870967741935484
2 0.03870967741935484
1 0.03870967741935484
0 0.03870967741935484
8 0.03225806451612903
4 0.03225806451612903
doc : 17
9 0.7820895522388059
5 0.04776119402985075
4 0.03283582089552239
0 0.026865671641791045
3 0.023880597014925373
6 0.020895522388059702
7 0.01791044776119403
2 0.01791044776119403
8 0.014925373134328358
1 0.014925373134328358
doc : 18
9 0.5900383141762452
6 0.07662835249042145
5 0.07279693486590037
3 0.07279693486590037
1 0.042145593869731796
2 0.034482758620689655
8 0.03065134099616858
0 0.03065134099616858
7 0.026819923371647507
4 0.022988505747126436
doc : 19
4 0.696027633851468
9 0.1778929188255613
7 0.020725388601036267
5 0.020725388601036267
3 0.017271157167530225
8 0.015544041450777202
2 0.013816925734024179
1 0.013816925734024179
0 0.013816925734024179
6 0.010362694300518133
doc : 20
9 0.11290322580645161
5 0.11290322580645161
4 0.11290322580645161
2 0.11290322580645161
8 0.0967741935483871
7 0.0967741935483871
6 0.0967741935483871
0 0.0967741935483871
3 0.08064516129032258
1 0.08064516129032258
doc : 21
0 0.4615384615384615
6 0.10897435897435898
9 0.10256410256410256
3 0.0641025641025641
4 0.05769230769230769
7 0.05128205128205128
1 0.04487179487179487
5 0.038461538461538464
2 0.038461538461538464
8 0.03205128205128205
doc : 22
3 0.7213483146067416
9 0.10112359550561799
6 0.03146067415730337
1 0.029213483146067417
5 0.02471910112359551
4 0.02471910112359551
8 0.020224719101123598
2 0.017977528089887642
0 0.017977528089887642
7 0.011235955056179777
doc : 23
5 0.8006872852233676
9 0.03436426116838488
0 0.027491408934707903
8 0.024054982817869414
6 0.020618556701030927
4 0.020618556701030927
1 0.020618556701030927
7 0.01718213058419244
3 0.01718213058419244
2 0.01718213058419244
doc : 24
2 0.9677692960135709
7 0.00720949957591179
8 0.005089058524173028
1 0.005089058524173028
4 0.0029686174724342664
0 0.0029686174724342664
6 0.002544529262086514
9 0.0021204410517387615
5 0.0021204410517387615
3 0.0021204410517387615
doc : 25
7 0.7174940898345153
8 0.2650709219858156
2 0.0035460992907801418
1 0.002955082742316785
9 0.0026595744680851063
6 0.0020685579196217494
0 0.0017730496453900709
5 0.0014775413711583924
4 0.0014775413711583924
3 0.0014775413711583924
doc : 26
5 0.5990990990990991
0 0.10810810810810811
6 0.07207207207207207
8 0.04504504504504504
9 0.04054054054054054
3 0.03153153153153153
1 0.03153153153153153
7 0.02702702702702703
4 0.02252252252252252
2 0.02252252252252252
doc : 27
5 0.609375
6 0.07291666666666666
4 0.05208333333333333
9 0.046875
8 0.041666666666666664
1 0.041666666666666664
2 0.03645833333333333
0 0.03645833333333333
7 0.03125
3 0.03125
doc : 28
5 0.746031746031746
9 0.05952380952380952
8 0.031746031746031744
3 0.031746031746031744
0 0.027777777777777776
4 0.023809523809523808
7 0.01984126984126984
6 0.01984126984126984
2 0.01984126984126984
1 0.01984126984126984
doc : 29
5 0.7211155378486056
6 0.05976095617529881
9 0.04780876494023904
0 0.0398406374501992
3 0.027888446215139442
2 0.02390438247011952
8 0.0199203187250996
7 0.0199203187250996
4 0.0199203187250996
1 0.0199203187250996
doc : 30
5 0.5941422594142259
6 0.14644351464435146
8 0.04184100418410042
0 0.04184100418410042
2 0.03765690376569037
9 0.03347280334728033
3 0.03347280334728033
7 0.02928870292887029
4 0.02092050209205021
1 0.02092050209205021
doc : 31
4 0.7566765578635015
9 0.12166172106824927
2 0.03115727002967359
1 0.017804154302670624
8 0.01483679525222552
6 0.013353115727002967
5 0.011869436201780416
3 0.011869436201780416
7 0.010385756676557865
0 0.010385756676557865
doc : 32
3 0.4
4 0.25869565217391305
9 0.0891304347826087
5 0.08043478260869566
7 0.04782608695652174
6 0.043478260869565216
0 0.021739130434782608
8 0.01956521739130435
2 0.01956521739130435
1 0.01956521739130435
doc : 33
3 0.7612456747404844
9 0.03460207612456748
6 0.03114186851211073
7 0.02768166089965398
5 0.02768166089965398
1 0.02768166089965398
8 0.02422145328719723
4 0.02422145328719723
2 0.020761245674740483
0 0.020761245674740483
doc : 34
0 0.80440097799511
9 0.044009779951100246
6 0.034229828850855744
5 0.02444987775061125
3 0.019559902200488997
8 0.017114914425427872
4 0.017114914425427872
2 0.014669926650366748
7 0.012224938875305624
1 0.012224938875305624
doc : 35
0 0.7710280373831775
6 0.06074766355140186
9 0.035046728971962614
3 0.02570093457943925
1 0.02570093457943925
5 0.02102803738317757
2 0.018691588785046728
8 0.016355140186915886
4 0.014018691588785045
7 0.011682242990654205
doc : 36
7 0.718694885361552
8 0.2601410934744268
2 0.009700176366843033
6 0.00205761316872428
9 0.001763668430335097
5 0.001763668430335097
4 0.0014697236919459142
3 0.0014697236919459142
1 0.0014697236919459142
0 0.0014697236919459142
doc : 37
1 0.7779705117085862
2 0.18950563746747615
4 0.006071118820468343
7 0.005203816131830009
6 0.004336513443191674
5 0.004336513443191674
0 0.0039028620988725065
8 0.003469210754553339
9 0.0030355594102341715
3 0.002168256721595837
doc : 38
3 0.5059523809523809
9 0.08928571428571427
6 0.07142857142857142
5 0.06547619047619047
1 0.05952380952380952
7 0.047619047619047616
4 0.047619047619047616
0 0.047619047619047616
2 0.03571428571428571
8 0.02976190476190476
doc : 39
5 0.7682539682539683
6 0.044444444444444446
9 0.03492063492063492
0 0.031746031746031744
8 0.025396825396825397
2 0.022222222222222223
1 0.022222222222222223
7 0.01904761904761905
4 0.015873015873015872
3 0.015873015873015872
doc : 40
6 0.709480122324159
5 0.10703363914373089
8 0.03058103975535168
9 0.024464831804281346
7 0.024464831804281346
4 0.024464831804281346
3 0.024464831804281346
2 0.021406727828746176
0 0.01834862385321101
1 0.01529051987767584
doc : 41
6 0.39543726235741444
5 0.33460076045627374
8 0.07984790874524715
3 0.03802281368821293
7 0.030418250950570342
1 0.030418250950570342
9 0.026615969581749048
4 0.022813688212927757
2 0.022813688212927757
0 0.019011406844106463
doc : 42
4 0.9113043478260869
6 0.02347826086956522
0 0.013043478260869566
2 0.010434782608695653
9 0.008695652173913044
3 0.008695652173913044
5 0.006956521739130435
1 0.006956521739130435
8 0.00608695652173913
7 0.004347826086956522
doc : 43
0 0.676
4 0.115
3 0.077
6 0.045
9 0.019
5 0.018000000000000002
1 0.014
2 0.013000000000000001
7 0.012
8 0.011
doc : 44
6 0.31875000000000003
9 0.25625000000000003
3 0.1125
4 0.07500000000000001
8 0.05
2 0.043750000000000004
1 0.043750000000000004
7 0.037500000000000006
5 0.03125
0 0.03125
doc : 45
3 0.4120879120879121
6 0.14835164835164835
9 0.1043956043956044
0 0.06593406593406594
4 0.06043956043956045
7 0.049450549450549455
5 0.04395604395604396
2 0.04395604395604396
8 0.038461538461538464
1 0.03296703296703297
doc : 46
3 0.8181818181818182
9 0.030303030303030304
8 0.024793388429752067
5 0.024793388429752067
0 0.02203856749311295
4 0.01928374655647383
6 0.01652892561983471
1 0.01652892561983471
7 0.013774104683195593
2 0.013774104683195593
doc : 47
2 0.9575911789652247
7 0.017811704834605598
1 0.00551314673452078
8 0.003816793893129771
9 0.0029686174724342664
6 0.002544529262086514
5 0.002544529262086514
4 0.002544529262086514
0 0.002544529262086514
3 0.0021204410517387615
doc : 48
7 0.7224513847967
8 0.2563347083087802
2 0.0058927519151443725
1 0.003535651149086623
6 0.0026517383618149676
9 0.0020624631703005302
5 0.0017678255745433116
4 0.0017678255745433116
3 0.0017678255745433116
0 0.0017678255745433116
doc : 49
0 0.7801652892561983
9 0.08760330578512396
5 0.05289256198347107
6 0.023140495867768594
3 0.011570247933884297
1 0.011570247933884297
8 0.008264462809917356
7 0.008264462809917356
4 0.008264462809917356
2 0.008264462809917356
