doc : 0
6 0.88641425389755
3 0.015590200445434297
8 0.013363028953229397
7 0.013363028953229397
5 0.013363028953229397
1 0.013363028953229397
9 0.011135857461024499
4 0.011135857461024499
2 0.011135857461024499
0 0.011135857461024499
doc : 1
5 0.9499437570303713
0 0.008998875140607425
3 0.00843644544431946
1 0.007311586051743533
2 0.005061867266591677
9 0.0044994375703037125
7 0.0044994375703037125
6 0.0044994375703037125
8 0.0033745781777277844
4 0.0033745781777277844
doc : 2
1 0.4298245614035088
9 0.14035087719298245
7 0.09649122807017543
8 0.07456140350877193
4 0.06578947368421052
3 0.05701754385964912
5 0.04824561403508772
6 0.03070175438596491
0 0.03070175438596491
2 0.02631578947368421
doc : 3
1 0.3880597014925373
9 0.12686567164179105
3 0.11194029850746269
7 0.07462686567164178
8 0.06716417910447761
5 0.05223880597014925
6 0.04477611940298507
4 0.04477611940298507
2 0.04477611940298507
0 0.04477611940298507
doc : 4
1 0.4916666666666667
4 0.1
7 0.07222222222222223
9 0.06944444444444445
5 0.0638888888888889
8 0.058333333333333334
6 0.05
2 0.03333333333333333
0 0.03333333333333333
3 0.02777777777777778
doc : 5
1 0.46428571428571425
7 0.09523809523809523
8 0.08928571428571427
3 0.06547619047619047
9 0.05952380952380952
4 0.05357142857142857
6 0.047619047619047616
5 0.041666666666666664
2 0.041666666666666664
0 0.041666666666666664
doc : 6
7 0.26190476190476186
1 0.15476190476190477
8 0.125
4 0.09523809523809523
5 0.07142857142857142
3 0.07142857142857142
9 0.06547619047619047
6 0.05952380952380952
2 0.05952380952380952
0 0.03571428571428571
doc : 7
1 0.7140495867768595
7 0.0628099173553719
5 0.03636363636363636
0 0.03305785123966942
8 0.03140495867768595
9 0.026446280991735537
6 0.026446280991735537
4 0.024793388429752067
3 0.024793388429752067
2 0.01983471074380165
doc : 8
1 0.7551724137931034
7 0.05862068965517241
5 0.034482758620689655
8 0.02413793103448276
4 0.02413793103448276
0 0.02413793103448276
9 0.020689655172413793
6 0.020689655172413793
2 0.020689655172413793
3 0.017241379310344827
doc : 9
7 0.2682926829268293
1 0.20325203252032523
8 0.13414634146341464
9 0.08536585365853659
6 0.0813008130081301
5 0.06910569105691057
4 0.052845528455284556
3 0.04065040650406505
2 0.032520325203252036
0 0.032520325203252036
doc : 10
1 0.732824427480916
4 0.0648854961832061
5 0.04580152671755725
8 0.030534351145038167
9 0.022900763358778626
2 0.022900763358778626
0 0.022900763358778626
7 0.019083969465648856
6 0.019083969465648856
3 0.019083969465648856
doc : 11
6 0.888641425389755
7 0.015590200445434297
5 0.015590200445434297
1 0.013363028953229397
9 0.011135857461024499
8 0.011135857461024499
4 0.011135857461024499
3 0.011135857461024499
2 0.011135857461024499
0 0.011135857461024499
doc : 12
1 0.7442748091603053
4 0.05343511450381679
5 0.04580152671755725
8 0.026717557251908396
7 0.026717557251908396
3 0.026717557251908396
9 0.019083969465648856
6 0.019083969465648856
2 0.019083969465648856
0 0.019083969465648856
doc : 13
1 0.7189542483660131
7 0.06862745098039216
8 0.042483660130718956
0 0.029411764705882353
9 0.026143790849673203
6 0.026143790849673203
5 0.026143790849673203
4 0.022875816993464054
3 0.0196078431372549
2 0.0196078431372549
doc : 14
9 0.41843971631205673
7 0.3226950354609929
1 0.05319148936170213
6 0.03900709219858156
2 0.03900709219858156
8 0.028368794326241134
4 0.028368794326241134
3 0.024822695035460994
0 0.024822695035460994
5 0.02127659574468085
doc : 15
9 0.5128205128205128
1 0.14423076923076922
5 0.08173076923076923
7 0.07211538461538461
8 0.056089743589743585
3 0.05448717948717949
6 0.022435897435897436
4 0.022435897435897436
0 0.022435897435897436
2 0.011217948717948718
doc : 16
1 0.33587786259541985
4 0.13740458015267176
3 0.10687022900763359
7 0.0916030534351145
5 0.08396946564885496
9 0.05343511450381679
8 0.05343511450381679
0 0.05343511450381679
2 0.04580152671755725
6 0.03816793893129771
doc : 17
1 0.2796610169491525
4 0.1864406779661017
7 0.0847457627118644
9 0.06779661016949153
8 0.06779661016949153
5 0.06779661016949153
3 0.06779661016949153
6 0.059322033898305086
2 0.059322033898305086
0 0.059322033898305086
doc : 18
6 0.46839080459770116
7 0.23850574712643677
1 0.08333333333333333
8 0.04310344827586207
2 0.04310344827586207
3 0.031609195402298854
9 0.028735632183908046
5 0.02586206896551724
0 0.020114942528735632
4 0.017241379310344827
doc : 19
7 0.18604651162790697
6 0.16279069767441862
9 0.10465116279069767
5 0.10465116279069767
8 0.09302325581395349
1 0.08139534883720931
0 0.08139534883720931
3 0.06976744186046512
4 0.05813953488372093
2 0.05813953488372093
doc : 20
7 0.6153846153846154
1 0.1737891737891738
8 0.05128205128205129
4 0.03418803418803419
2 0.03418803418803419
5 0.022792022792022793
6 0.019943019943019943
0 0.019943019943019943
9 0.014245014245014245
3 0.014245014245014245
doc : 21
7 0.26573426573426573
1 0.20279720279720279
4 0.11188811188811189
3 0.08391608391608392
2 0.08391608391608392
9 0.06993006993006994
8 0.055944055944055944
5 0.04895104895104895
6 0.04195804195804196
0 0.03496503496503497
doc : 22
2 0.8399311531841651
7 0.08491107286288008
9 0.010900745840504876
3 0.010900745840504876
6 0.010327022375215145
1 0.010327022375215145
0 0.009179575444635685
5 0.008032128514056224
4 0.008032128514056224
8 0.007458405048766494
doc : 23
1 0.5
5 0.09174311926605505
7 0.08256880733944955
8 0.07339449541284404
3 0.06880733944954129
6 0.05504587155963303
9 0.03669724770642202
4 0.03211009174311927
2 0.03211009174311927
0 0.027522935779816515
doc : 24
1 0.5909090909090909
7 0.08787878787878788
5 0.06363636363636363
6 0.06060606060606061
9 0.05757575757575758
8 0.03636363636363636
4 0.03333333333333333
2 0.030303030303030304
3 0.021212121212121213
0 0.01818181818181818
doc : 25
8 0.790625
6 0.034375
7 0.03125
5 0.028125
9 0.021875000000000002
4 0.021875000000000002
2 0.021875000000000002
1 0.018750000000000003
3 0.015625
0 0.015625
doc : 26
9 0.1
8 0.1
7 0.1
6 0.1
5 0.1
4 0.1
3 0.1
2 0.1
1 0.1
0 0.1
doc : 27
1 0.5830115830115831
7 0.16602316602316602
5 0.03861003861003861
6 0.03474903474903475
4 0.03474903474903475
3 0.03474903474903475
9 0.03088803088803089
8 0.03088803088803089
2 0.02316602316602317
0 0.02316602316602317
doc : 28
1 0.43137254901960786
7 0.19117647058823528
2 0.08333333333333333
5 0.058823529411764705
8 0.049019607843137254
6 0.049019607843137254
9 0.03431372549019608
4 0.03431372549019608
3 0.03431372549019608
0 0.03431372549019608
doc : 29
1 0.31481481481481477
3 0.19135802469135801
7 0.16666666666666666
5 0.06790123456790123
9 0.04938271604938271
2 0.04938271604938271
0 0.04938271604938271
6 0.043209876543209874
8 0.037037037037037035
4 0.030864197530864196
doc : 30
1 0.7136563876651983
4 0.05726872246696036
7 0.03524229074889868
2 0.03524229074889868
8 0.030837004405286347
5 0.030837004405286347
9 0.026431718061674013
3 0.026431718061674013
6 0.022026431718061675
0 0.022026431718061675
doc : 31
0 0.616580310880829
3 0.13471502590673576
4 0.04145077720207254
8 0.036269430051813475
2 0.036269430051813475
6 0.031088082901554404
9 0.02590673575129534
7 0.02590673575129534
5 0.02590673575129534
1 0.02590673575129534
doc : 32
6 0.8953229398663697
7 0.015590200445434297
9 0.011135857461024499
8 0.011135857461024499
5 0.011135857461024499
4 0.011135857461024499
3 0.011135857461024499
2 0.011135857461024499
1 0.011135857461024499
0 0.011135857461024499
doc : 33
7 0.5348101265822784
8 0.08227848101265822
3 0.07911392405063292
9 0.05379746835443038
5 0.05379746835443038
2 0.05379746835443038
1 0.05379746835443038
6 0.04113924050632911
0 0.028481012658227847
4 0.0189873417721519
doc : 34
7 0.7163323782234957
3 0.05157593123209169
8 0.03724928366762178
5 0.03724928366762178
9 0.034383954154727794
6 0.028653295128939826
0 0.028653295128939826
2 0.025787965616045846
4 0.020057306590257878
1 0.020057306590257878
doc : 35
3 0.7697228144989339
5 0.0511727078891258
7 0.04051172707889126
1 0.038379530916844345
4 0.023454157782515993
9 0.019189765458422173
6 0.017057569296375266
0 0.017057569296375266
2 0.01279317697228145
8 0.010660980810234541
doc : 36
3 0.8923654568210263
5 0.02127659574468085
4 0.015018773466833543
8 0.012515644555694618
7 0.012515644555694618
2 0.011264080100125157
6 0.010012515644555695
9 0.008760951188986232
1 0.008760951188986232
0 0.007509386733416772
doc : 37
0 0.8356435643564356
7 0.033003300330033
5 0.0297029702970297
3 0.019801980198019802
4 0.017821782178217824
1 0.014521452145214522
8 0.013861386138613862
9 0.013201320132013201
6 0.011221122112211221
2 0.011221122112211221
doc : 38
7 0.6275000000000001
6 0.0675
1 0.0675
4 0.0575
9 0.04
8 0.035
5 0.035
2 0.03
0 0.025
3 0.015
doc : 39
8 0.8532467532467533
1 0.024675324675324677
9 0.02077922077922078
6 0.02077922077922078
5 0.016883116883116882
7 0.015584415584415584
0 0.015584415584415584
2 0.014285714285714285
4 0.01038961038961039
3 0.007792207792207792
doc : 40
7 0.532033426183844
1 0.1309192200557103
5 0.06685236768802229
6 0.052924791086350974
8 0.04735376044568245
4 0.04456824512534819
2 0.04178272980501393
3 0.033426183844011144
0 0.03064066852367688
9 0.019498607242339833
doc : 41
6 0.8841870824053452
7 0.020044543429844096
8 0.013363028953229397
3 0.013363028953229397
1 0.013363028953229397
9 0.011135857461024499
5 0.011135857461024499
4 0.011135857461024499
2 0.011135857461024499
0 0.011135857461024499
doc : 42
4 0.968232044198895
2 0.004143646408839779
9 0.003453038674033149
8 0.003453038674033149
7 0.003453038674033149
6 0.003453038674033149
5 0.003453038674033149
3 0.003453038674033149
1 0.003453038674033149
0 0.003453038674033149
doc : 43
9 0.7404718693284936
7 0.14156079854809436
2 0.02722323049001815
8 0.016333938294010888
1 0.016333938294010888
6 0.012704174228675136
3 0.012704174228675136
0 0.012704174228675136
5 0.010889292196007259
4 0.009074410163339382
doc : 44
4 0.883248730964467
2 0.015228426395939085
9 0.012690355329949238
8 0.012690355329949238
7 0.012690355329949238
6 0.012690355329949238
5 0.012690355329949238
3 0.012690355329949238
1 0.012690355329949238
0 0.012690355329949238
doc : 45
8 0.669051878354204
4 0.09481216457960644
7 0.06082289803220036
1 0.059033989266547404
0 0.028622540250447227
5 0.025044722719141325
9 0.017889087656529516
6 0.017889087656529516
3 0.016100178890876567
2 0.010733452593917711
doc : 46
3 0.5919540229885057
5 0.11781609195402298
8 0.06321839080459771
1 0.048850574712643674
9 0.037356321839080456
2 0.034482758620689655
7 0.031609195402298854
4 0.028735632183908046
6 0.022988505747126436
0 0.022988505747126436
doc : 47
3 0.47154471544715454
0 0.0975609756097561
6 0.07317073170731708
8 0.06504065040650407
4 0.05691056910569106
1 0.05691056910569106
7 0.04878048780487805
2 0.04878048780487805
9 0.04065040650406505
5 0.04065040650406505
doc : 48
8 0.5091575091575091
5 0.25824175824175827
1 0.0641025641025641
3 0.04945054945054945
7 0.03296703296703297
4 0.021978021978021976
9 0.020146520146520148
2 0.016483516483516484
0 0.016483516483516484
6 0.010989010989010988
doc : 49
9 0.7714646464646465
5 0.04924242424242425
1 0.04040404040404041
7 0.03787878787878788
3 0.026515151515151516
8 0.01893939393939394
0 0.01767676767676768
6 0.015151515151515152
2 0.012626262626262628
4 0.010101010101010102
