doc : 0
3 0.7290322580645161
6 0.04516129032258064
1 0.04516129032258064
0 0.04086021505376344
9 0.03655913978494624
7 0.03655913978494624
8 0.02795698924731183
5 0.015053763440860214
2 0.012903225806451613
4 0.010752688172043012
doc : 1
9 0.46511627906976744
3 0.06976744186046512
8 0.05813953488372093
7 0.05813953488372093
6 0.05813953488372093
5 0.05813953488372093
4 0.05813953488372093
2 0.05813953488372093
1 0.05813953488372093
0 0.05813953488372093
doc : 2
4 0.9407262370950517
7 0.030437878248487007
1 0.006941972232111072
8 0.006407974368102528
5 0.003737985048059808
0 0.003203987184051264
3 0.00266998932004272
2 0.00266998932004272
9 0.00177999288002848
6 0.001423994304022784
doc : 3
7 0.7603773584905661
1 0.04150943396226415
5 0.035849056603773584
9 0.033962264150943396
4 0.033962264150943396
8 0.022641509433962266
3 0.020754716981132074
2 0.020754716981132074
0 0.018867924528301886
6 0.011320754716981133
doc : 4
7 0.872617853560682
8 0.02708124373119358
1 0.023069207622868605
2 0.020060180541624874
9 0.015045135406218655
5 0.014042126379137413
0 0.009027081243731194
3 0.007021063189568706
6 0.006018054162487463
4 0.006018054162487463
doc : 5
9 0.7520435967302452
8 0.06267029972752043
2 0.03542234332425068
1 0.02997275204359673
7 0.024523160762942777
5 0.021798365122615803
6 0.01907356948228883
3 0.01907356948228883
0 0.01907356948228883
4 0.01634877384196185
doc : 6
8 0.5395894428152492
5 0.1906158357771261
3 0.06744868035190615
9 0.04398826979472141
1 0.03225806451612903
0 0.03225806451612903
2 0.02932551319648094
7 0.026392961876832845
6 0.020527859237536656
4 0.01759530791788856
doc : 7
8 0.6300268096514745
3 0.09115281501340483
9 0.08042895442359249
1 0.045576407506702415
7 0.03753351206434316
0 0.032171581769437
6 0.02412868632707775
5 0.021447721179624665
4 0.021447721179624665
2 0.0160857908847185
doc : 8
6 0.7221095334685599
2 0.06490872210953347
5 0.038539553752535496
8 0.034482758620689655
7 0.028397565922920892
4 0.028397565922920892
3 0.028397565922920892
1 0.02231237322515213
9 0.018255578093306288
0 0.014198782961460446
doc : 9
8 0.5685279187817258
2 0.07614213197969542
9 0.06091370558375634
5 0.055837563451776644
1 0.055837563451776644
6 0.04568527918781726
7 0.04060913705583756
0 0.04060913705583756
4 0.03045685279187817
3 0.025380710659898477
doc : 10
9 0.47674418604651164
8 0.05813953488372093
7 0.05813953488372093
6 0.05813953488372093
5 0.05813953488372093
4 0.05813953488372093
3 0.05813953488372093
2 0.05813953488372093
1 0.05813953488372093
0 0.05813953488372093
doc : 11
3 0.8669833729216152
9 0.023752969121140145
1 0.019002375296912115
8 0.017814726840855107
7 0.017814726840855107
0 0.013064133016627079
6 0.011876484560570073
5 0.011876484560570073
2 0.009501187648456057
4 0.00831353919239905
doc : 12
9 0.47674418604651164
8 0.05813953488372093
7 0.05813953488372093
6 0.05813953488372093
5 0.05813953488372093
4 0.05813953488372093
3 0.05813953488372093
2 0.05813953488372093
1 0.05813953488372093
0 0.05813953488372093
doc : 13
9 0.41860465116279066
3 0.08139534883720931
8 0.06976744186046512
7 0.06976744186046512
5 0.06976744186046512
6 0.05813953488372093
4 0.05813953488372093
2 0.05813953488372093
1 0.05813953488372093
0 0.05813953488372093
doc : 14
9 0.46511627906976744
5 0.06976744186046512
8 0.05813953488372093
7 0.05813953488372093
6 0.05813953488372093
4 0.05813953488372093
3 0.05813953488372093
2 0.05813953488372093
1 0.05813953488372093
0 0.05813953488372093
doc : 15
9 0.47674418604651164
8 0.05813953488372093
7 0.05813953488372093
6 0.05813953488372093
5 0.05813953488372093
4 0.05813953488372093
3 0.05813953488372093
2 0.05813953488372093
1 0.05813953488372093
0 0.05813953488372093
doc : 16
9 0.45348837209302323
8 0.06976744186046512
0 0.06976744186046512
7 0.05813953488372093
6 0.05813953488372093
5 0.05813953488372093
4 0.05813953488372093
3 0.05813953488372093
2 0.05813953488372093
1 0.05813953488372093
doc : 17
9 0.46511627906976744
1 0.06976744186046512
8 0.05813953488372093
7 0.05813953488372093
6 0.05813953488372093
5 0.05813953488372093
4 0.05813953488372093
3 0.05813953488372093
2 0.05813953488372093
0 0.05813953488372093
doc : 18
9 0.45348837209302323
0 0.08139534883720931
8 0.05813953488372093
7 0.05813953488372093
6 0.05813953488372093
5 0.05813953488372093
4 0.05813953488372093
3 0.05813953488372093
2 0.05813953488372093
1 0.05813953488372093
doc : 19
9 0.45348837209302323
8 0.06976744186046512
3 0.06976744186046512
7 0.05813953488372093
6 0.05813953488372093
5 0.05813953488372093
4 0.05813953488372093
2 0.05813953488372093
1 0.05813953488372093
0 0.05813953488372093
doc : 20
0 0.9264705882352942
2 0.013574660633484163
3 0.00904977375565611
9 0.007918552036199096
8 0.007918552036199096
5 0.007918552036199096
4 0.007918552036199096
7 0.006787330316742082
6 0.006787330316742082
1 0.005656108597285069
doc : 21
9 0.45348837209302323
8 0.06976744186046512
3 0.06976744186046512
7 0.05813953488372093
6 0.05813953488372093
5 0.05813953488372093
4 0.05813953488372093
2 0.05813953488372093
1 0.05813953488372093
0 0.05813953488372093
doc : 22
9 0.4418604651162791
7 0.06976744186046512
6 0.06976744186046512
3 0.06976744186046512
8 0.05813953488372093
5 0.05813953488372093
4 0.05813953488372093
2 0.05813953488372093
1 0.05813953488372093
0 0.05813953488372093
doc : 23
9 0.4418604651162791
8 0.06976744186046512
6 0.06976744186046512
3 0.06976744186046512
7 0.05813953488372093
5 0.05813953488372093
4 0.05813953488372093
2 0.05813953488372093
1 0.05813953488372093
0 0.05813953488372093
doc : 24
9 0.4418604651162791
5 0.08139534883720931
3 0.06976744186046512
8 0.05813953488372093
7 0.05813953488372093
6 0.05813953488372093
4 0.05813953488372093
2 0.05813953488372093
1 0.05813953488372093
0 0.05813953488372093
doc : 25
9 0.47674418604651164
8 0.05813953488372093
7 0.05813953488372093
6 0.05813953488372093
5 0.05813953488372093
4 0.05813953488372093
3 0.05813953488372093
2 0.05813953488372093
1 0.05813953488372093
0 0.05813953488372093
doc : 26
9 0.46511627906976744
3 0.06976744186046512
8 0.05813953488372093
7 0.05813953488372093
6 0.05813953488372093
5 0.05813953488372093
4 0.05813953488372093
2 0.05813953488372093
1 0.05813953488372093
0 0.05813953488372093
doc : 27
0 0.8656015037593985
8 0.05733082706766917
4 0.016917293233082706
7 0.014097744360902255
1 0.012218045112781954
3 0.008458646616541353
5 0.007518796992481203
9 0.006578947368421052
2 0.006578947368421052
6 0.004699248120300752
doc : 28
3 0.6910569105691058
0 0.07317073170731708
1 0.04878048780487805
2 0.03658536585365854
9 0.02845528455284553
7 0.02845528455284553
8 0.024390243902439025
6 0.024390243902439025
4 0.024390243902439025
5 0.020325203252032523
doc : 29
9 0.7808219178082192
8 0.03561643835616438
7 0.030136986301369864
1 0.0273972602739726
5 0.024657534246575342
3 0.024657534246575342
6 0.021917808219178082
2 0.021917808219178082
4 0.016438356164383564
0 0.016438356164383564
doc : 30
0 0.2966101694915254
2 0.13559322033898305
3 0.1016949152542373
8 0.09322033898305085
1 0.09322033898305085
9 0.07627118644067797
6 0.059322033898305086
7 0.05084745762711865
5 0.05084745762711865
4 0.0423728813559322
doc : 31
9 0.281437125748503
8 0.24550898203592816
7 0.07784431137724551
0 0.07784431137724551
2 0.07185628742514971
1 0.07185628742514971
3 0.05389221556886228
4 0.04790419161676647
6 0.035928143712574856
5 0.035928143712574856
doc : 32
9 0.46511627906976744
0 0.06976744186046512
8 0.05813953488372093
7 0.05813953488372093
6 0.05813953488372093
5 0.05813953488372093
4 0.05813953488372093
3 0.05813953488372093
2 0.05813953488372093
1 0.05813953488372093
doc : 33
6 0.7783783783783784
3 0.08216216216216217
1 0.041081081081081085
5 0.020540540540540542
8 0.017297297297297298
2 0.017297297297297298
0 0.017297297297297298
9 0.011891891891891892
4 0.008648648648648649
7 0.005405405405405406
doc : 34
5 0.918956043956044
2 0.0157967032967033
6 0.01098901098901099
7 0.010302197802197804
3 0.009615384615384616
4 0.008241758241758242
9 0.007554945054945056
1 0.007554945054945056
8 0.005494505494505495
0 0.005494505494505495
doc : 35
9 0.45348837209302323
1 0.08139534883720931
8 0.05813953488372093
7 0.05813953488372093
6 0.05813953488372093
5 0.05813953488372093
4 0.05813953488372093
3 0.05813953488372093
2 0.05813953488372093
0 0.05813953488372093
doc : 36
1 0.7904191616766466
5 0.041916167664670656
3 0.02994011976047904
8 0.0279441117764471
0 0.02594810379241517
2 0.02395209580838323
6 0.021956087824351295
7 0.015968063872255488
9 0.011976047904191616
4 0.00998003992015968
doc : 37
0 0.9338929695697796
1 0.010493179433368312
5 0.00944386149003148
7 0.008394543546694649
8 0.007345225603357817
9 0.0062959076600209865
6 0.0062959076600209865
4 0.0062959076600209865
3 0.0062959076600209865
2 0.005246589716684156
doc : 38
2 0.7630057803468209
8 0.08554913294797688
9 0.026589595375722544
7 0.025433526011560695
5 0.024277456647398846
6 0.023121387283236997
1 0.021965317919075147
3 0.012716763005780347
4 0.009248554913294798
0 0.00809248554913295
doc : 39
6 0.8903855085926614
1 0.0548072457036693
8 0.013934045517882025
3 0.007895959126799815
5 0.006967022758941012
0 0.006967022758941012
2 0.006502554575011612
7 0.004644681839294009
9 0.0041802136553646075
4 0.0037157454714352067
doc : 40
2 0.6273885350318472
8 0.089171974522293
5 0.05732484076433121
0 0.050955414012738856
3 0.038216560509554146
1 0.03184713375796178
4 0.028662420382165606
9 0.025477707006369428
7 0.025477707006369428
6 0.025477707006369428
doc : 41
2 0.24107142857142855
8 0.16964285714285712
4 0.10714285714285714
5 0.08928571428571427
7 0.08035714285714285
3 0.08035714285714285
9 0.07142857142857142
0 0.0625
6 0.05357142857142857
1 0.04464285714285714
doc : 42
2 0.6361256544502618
8 0.06544502617801047
9 0.04973821989528796
5 0.04973821989528796
3 0.041884816753926704
1 0.03664921465968587
0 0.03664921465968587
6 0.034031413612565446
7 0.02879581151832461
4 0.020942408376963352
doc : 43
0 0.916083916083916
1 0.012987012987012988
5 0.011988011988011988
9 0.00999000999000999
8 0.00999000999000999
2 0.00999000999000999
6 0.008991008991008992
7 0.007992007992007992
3 0.006993006993006993
4 0.004995004995004995
doc : 44
5 0.5543071161048689
9 0.149812734082397
7 0.056179775280898875
2 0.0449438202247191
0 0.03745318352059925
8 0.033707865168539325
1 0.033707865168539325
6 0.0299625468164794
4 0.0299625468164794
3 0.0299625468164794
doc : 45
1 0.6354679802955665
8 0.054187192118226604
9 0.04926108374384237
7 0.04433497536945813
6 0.04433497536945813
0 0.04433497536945813
4 0.03940886699507389
3 0.034482758620689655
2 0.029556650246305417
5 0.024630541871921183
doc : 46
1 0.6716417910447761
9 0.04477611940298507
7 0.04477611940298507
0 0.04477611940298507
4 0.03980099502487562
5 0.03482587064676617
8 0.029850746268656716
6 0.029850746268656716
3 0.029850746268656716
2 0.029850746268656716
doc : 47
1 0.6603174603174603
3 0.07936507936507936
6 0.05714285714285714
0 0.05714285714285714
7 0.03492063492063492
9 0.025396825396825397
8 0.025396825396825397
2 0.025396825396825397
4 0.01904761904761905
5 0.015873015873015872
doc : 48
6 0.44403669724770645
1 0.4091743119266055
0 0.031192660550458717
7 0.022018348623853212
2 0.02018348623853211
9 0.01834862385321101
8 0.01834862385321101
3 0.014678899082568808
5 0.012844036697247707
4 0.009174311926605505
doc : 49
3 0.39263803680981596
0 0.09815950920245399
8 0.09202453987730061
1 0.09202453987730061
7 0.06748466257668712
6 0.06748466257668712
9 0.06134969325153374
2 0.049079754601226995
5 0.04294478527607362
4 0.03680981595092025
