doc : 0
6 0.949438202247191
8 0.006554307116104869
2 0.006554307116104869
9 0.0056179775280898875
7 0.0056179775280898875
4 0.0056179775280898875
3 0.0056179775280898875
0 0.0056179775280898875
5 0.0046816479400749065
1 0.0046816479400749065
doc : 1
2 0.4511627906976744
7 0.13023255813953488
5 0.06976744186046512
1 0.06511627906976744
6 0.05581395348837209
0 0.05581395348837209
9 0.046511627906976744
4 0.046511627906976744
8 0.04186046511627907
3 0.037209302325581395
doc : 2
7 0.573170731707317
0 0.11219512195121951
1 0.09268292682926829
2 0.05609756097560976
3 0.05121951219512195
5 0.029268292682926828
8 0.026829268292682926
9 0.02195121951219512
6 0.02195121951219512
4 0.014634146341463414
doc : 3
1 0.6496815286624205
2 0.07006369426751592
4 0.0445859872611465
9 0.038216560509554146
5 0.038216560509554146
8 0.03184713375796178
7 0.03184713375796178
6 0.03184713375796178
3 0.03184713375796178
0 0.03184713375796178
doc : 4
7 0.3669064748201439
3 0.1510791366906475
2 0.11510791366906475
0 0.08633093525179857
9 0.06474820143884892
1 0.05755395683453238
8 0.04316546762589928
4 0.04316546762589928
6 0.03597122302158273
5 0.03597122302158273
doc : 5
7 0.225
2 0.2
0 0.1
6 0.07500000000000001
3 0.07500000000000001
1 0.07500000000000001
9 0.0625
8 0.0625
5 0.0625
4 0.0625
doc : 6
0 0.5139442231075697
2 0.11155378486055777
7 0.0796812749003984
4 0.06374501992031872
1 0.06374501992031872
9 0.0398406374501992
8 0.03585657370517928
5 0.03187250996015936
3 0.03187250996015936
6 0.027888446215139442
doc : 7
0 0.3817204301075269
1 0.34587813620071683
4 0.11469534050179211
7 0.035842293906810034
2 0.034050179211469536
5 0.023297491039426525
3 0.021505376344086023
8 0.017921146953405017
6 0.014336917562724014
9 0.010752688172043012
doc : 8
7 0.764857881136951
3 0.043927648578811374
2 0.03359173126614987
5 0.028423772609819122
4 0.028423772609819122
8 0.02583979328165375
0 0.02583979328165375
1 0.020671834625323
6 0.015503875968992248
9 0.012919896640826874
doc : 9
7 0.8179723502304147
0 0.029953917050691243
5 0.027649769585253454
8 0.020737327188940093
3 0.020737327188940093
2 0.020737327188940093
9 0.016129032258064516
6 0.016129032258064516
1 0.016129032258064516
4 0.013824884792626727
doc : 10
4 0.8103286384976526
8 0.05821596244131455
0 0.039436619718309855
2 0.03474178403755868
5 0.01596244131455399
6 0.011267605633802816
7 0.009389671361502348
1 0.008450704225352112
9 0.007511737089201878
3 0.004694835680751174
doc : 11
6 0.950374531835206
5 0.006554307116104869
1 0.006554307116104869
8 0.0056179775280898875
7 0.0056179775280898875
2 0.0056179775280898875
0 0.0056179775280898875
9 0.0046816479400749065
4 0.0046816479400749065
3 0.0046816479400749065
doc : 12
8 0.5821138211382114
0 0.16260162601626016
1 0.12520325203252033
4 0.029268292682926828
7 0.024390243902439025
3 0.01788617886178862
2 0.01788617886178862
5 0.016260162601626015
6 0.013008130081300813
9 0.011382113821138212
doc : 13
1 0.6120689655172413
7 0.08620689655172414
2 0.06034482758620689
5 0.05172413793103448
3 0.04741379310344827
4 0.03879310344827586
6 0.034482758620689655
9 0.02586206896551724
8 0.021551724137931036
0 0.021551724137931036
doc : 14
2 0.3119266055045872
7 0.11009174311926606
5 0.11009174311926606
4 0.10091743119266056
8 0.07339449541284404
0 0.07339449541284404
6 0.06422018348623854
3 0.05504587155963303
1 0.05504587155963303
9 0.045871559633027525
doc : 15
2 0.2631578947368421
0 0.11842105263157894
5 0.10526315789473684
7 0.09210526315789473
3 0.07894736842105263
1 0.07894736842105263
9 0.06578947368421052
8 0.06578947368421052
6 0.06578947368421052
4 0.06578947368421052
doc : 16
1 0.6413043478260869
2 0.06521739130434782
0 0.05434782608695652
8 0.03804347826086957
7 0.03804347826086957
5 0.03804347826086957
4 0.03804347826086957
3 0.03260869565217391
9 0.02717391304347826
6 0.02717391304347826
doc : 17
3 0.4292682926829268
2 0.23902439024390243
6 0.058536585365853655
7 0.04878048780487805
5 0.04390243902439024
4 0.04390243902439024
1 0.04390243902439024
8 0.03902439024390244
0 0.029268292682926828
9 0.024390243902439025
doc : 18
9 0.7911832946635731
7 0.03944315545243619
1 0.03248259860788863
2 0.030162412993039442
8 0.025522041763341066
5 0.018561484918793503
4 0.018561484918793503
3 0.016241299303944315
0 0.016241299303944315
6 0.01160092807424594
doc : 19
9 0.8223350253807106
5 0.03045685279187817
0 0.025380710659898477
1 0.02284263959390863
4 0.02030456852791878
8 0.017766497461928932
3 0.017766497461928932
2 0.017766497461928932
7 0.012690355329949238
6 0.012690355329949238
doc : 20
2 0.27192982456140347
9 0.13157894736842105
5 0.11403508771929824
4 0.10526315789473684
3 0.07894736842105263
7 0.07017543859649122
6 0.06140350877192982
1 0.06140350877192982
0 0.06140350877192982
8 0.043859649122807015
doc : 21
6 0.954119850187266
9 0.0056179775280898875
8 0.0056179775280898875
2 0.0056179775280898875
1 0.0056179775280898875
7 0.0046816479400749065
5 0.0046816479400749065
4 0.0046816479400749065
3 0.0046816479400749065
0 0.0046816479400749065
doc : 22
1 0.75
0 0.04929577464788733
2 0.03169014084507042
8 0.028169014084507043
4 0.028169014084507043
7 0.024647887323943664
3 0.024647887323943664
9 0.02112676056338028
6 0.02112676056338028
5 0.02112676056338028
doc : 23
1 0.7623762376237624
2 0.04207920792079208
5 0.0297029702970297
8 0.027227722772277228
4 0.027227722772277228
0 0.027227722772277228
3 0.024752475247524754
7 0.022277227722772276
9 0.019801980198019802
6 0.017326732673267328
doc : 24
2 0.7601078167115903
0 0.04043126684636119
8 0.02964959568733154
4 0.02964959568733154
9 0.026954177897574125
5 0.02425876010781671
3 0.02425876010781671
1 0.02425876010781671
6 0.0215633423180593
7 0.01886792452830189
doc : 25
1 0.7335329341317366
8 0.04191616766467066
2 0.04191616766467066
9 0.035928143712574856
3 0.02694610778443114
0 0.02694610778443114
7 0.023952095808383235
5 0.023952095808383235
4 0.023952095808383235
6 0.02095808383233533
doc : 26
1 0.6989795918367346
2 0.05612244897959183
4 0.04081632653061224
3 0.03571428571428571
0 0.03571428571428571
5 0.030612244897959183
9 0.02551020408163265
8 0.02551020408163265
7 0.02551020408163265
6 0.02551020408163265
doc : 27
1 0.7850467289719626
0 0.040498442367601244
3 0.028037383177570093
7 0.024922118380062305
2 0.024922118380062305
5 0.021806853582554516
4 0.021806853582554516
9 0.018691588785046728
8 0.018691588785046728
6 0.01557632398753894
doc : 28
1 0.7586206896551724
2 0.04597701149425287
0 0.04597701149425287
8 0.028735632183908046
4 0.02586206896551724
9 0.022988505747126436
5 0.022988505747126436
7 0.017241379310344827
6 0.017241379310344827
3 0.014367816091954023
doc : 29
9 0.6515151515151516
2 0.05050505050505051
5 0.045454545454545456
3 0.045454545454545456
1 0.045454545454545456
6 0.04040404040404041
8 0.03535353535353536
0 0.03535353535353536
7 0.025252525252525256
4 0.025252525252525256
doc : 30
4 0.7533039647577093
0 0.05903083700440529
8 0.048458149779735685
2 0.028193832599118944
5 0.02290748898678414
1 0.02290748898678414
3 0.021145374449339206
6 0.016740088105726872
7 0.015859030837004406
9 0.01145374449339207
doc : 31
6 0.951310861423221
9 0.00749063670411985
2 0.006554307116104869
4 0.0056179775280898875
3 0.0056179775280898875
8 0.0046816479400749065
7 0.0046816479400749065
5 0.0046816479400749065
1 0.0046816479400749065
0 0.0046816479400749065
doc : 32
1 0.6318407960199005
2 0.05970149253731343
8 0.05472636815920398
4 0.04975124378109452
0 0.04975124378109452
3 0.03980099502487562
5 0.03482587064676617
6 0.029850746268656716
9 0.02487562189054726
7 0.02487562189054726
doc : 33
1 0.7694704049844237
2 0.03426791277258567
0 0.03426791277258567
3 0.028037383177570093
9 0.024922118380062305
8 0.024922118380062305
7 0.024922118380062305
6 0.021806853582554516
5 0.018691588785046728
4 0.018691588785046728
doc : 34
1 0.6905829596412556
2 0.053811659192825115
8 0.04932735426008968
4 0.04035874439461883
0 0.03587443946188341
6 0.03139013452914798
5 0.026905829596412557
3 0.026905829596412557
9 0.02242152466367713
7 0.02242152466367713
doc : 35
1 0.7420212765957447
4 0.05851063829787234
7 0.0398936170212766
0 0.02925531914893617
8 0.026595744680851064
9 0.023936170212765957
6 0.023936170212765957
3 0.023936170212765957
5 0.018617021276595744
2 0.013297872340425532
doc : 36
8 0.7846655791190865
4 0.08156606851549755
0 0.040783034257748776
6 0.018760195758564437
1 0.017944535073409464
7 0.013050570962479609
5 0.013050570962479609
2 0.013050570962479609
3 0.011419249592169658
9 0.005709624796084829
doc : 37
3 0.6265822784810127
2 0.06487341772151899
5 0.058544303797468354
7 0.055379746835443035
8 0.04746835443037974
4 0.04272151898734177
0 0.0379746835443038
1 0.030063291139240507
9 0.0189873417721519
6 0.01740506329113924
doc : 38
0 0.7682333873581847
3 0.05672609400324149
2 0.03403565640194489
7 0.03079416531604538
6 0.02917341977309562
1 0.02431118314424635
5 0.017828200972447326
8 0.01620745542949757
9 0.011345218800648298
4 0.011345218800648298
doc : 39
5 0.3924050632911392
9 0.10126582278481013
2 0.10126582278481013
8 0.0759493670886076
7 0.06962025316455696
3 0.06962025316455696
0 0.06329113924050633
6 0.04430379746835443
4 0.04430379746835443
1 0.0379746835443038
doc : 40
5 0.44108761329305135
3 0.256797583081571
7 0.08157099697885196
4 0.060422960725075525
0 0.045317220543806644
1 0.03323262839879154
6 0.030211480362537763
8 0.01812688821752266
2 0.01812688821752266
9 0.015105740181268881
doc : 41
6 0.9531835205992509
8 0.00749063670411985
2 0.0056179775280898875
1 0.0056179775280898875
9 0.0046816479400749065
7 0.0046816479400749065
5 0.0046816479400749065
4 0.0046816479400749065
3 0.0046816479400749065
0 0.0046816479400749065
doc : 42
9 0.6103448275862069
0 0.1
2 0.06896551724137931
5 0.04482758620689655
6 0.041379310344827586
3 0.034482758620689655
7 0.027586206896551724
8 0.02413793103448276
4 0.02413793103448276
1 0.02413793103448276
doc : 43
1 0.7285223367697594
2 0.041237113402061855
7 0.037800687285223365
0 0.037800687285223365
8 0.027491408934707903
5 0.027491408934707903
4 0.027491408934707903
3 0.027491408934707903
6 0.024054982817869414
9 0.020618556701030927
doc : 44
5 0.8200408997955011
0 0.032719836400818
1 0.026584867075664625
3 0.0245398773006135
6 0.02044989775051125
9 0.016359918200409
7 0.016359918200409
2 0.016359918200409
4 0.014314928425357875
8 0.01226993865030675
doc : 45
0 0.7907542579075426
5 0.03649635036496351
9 0.029197080291970802
6 0.024330900243309004
3 0.024330900243309004
1 0.024330900243309004
2 0.019464720194647202
8 0.0170316301703163
7 0.0170316301703163
4 0.0170316301703163
doc : 46
3 0.7955056179775282
0 0.0651685393258427
7 0.03370786516853933
5 0.017977528089887642
4 0.017977528089887642
9 0.015730337078651686
1 0.015730337078651686
8 0.01348314606741573
6 0.01348314606741573
2 0.011235955056179777
doc : 47
3 0.8263229308005426
0 0.05563093622795115
4 0.021709633649932156
8 0.017639077340569877
9 0.016282225237449117
6 0.016282225237449117
5 0.013568521031207597
7 0.012211668928086838
1 0.010854816824966078
2 0.009497964721845317
doc : 48
2 0.13846153846153847
0 0.12307692307692308
9 0.1076923076923077
6 0.1076923076923077
8 0.09230769230769231
7 0.09230769230769231
4 0.09230769230769231
3 0.09230769230769231
5 0.07692307692307693
1 0.07692307692307693
doc : 49
9 0.49053627760252366
5 0.3659305993690852
2 0.0362776025236593
4 0.01892744479495268
3 0.017350157728706624
0 0.017350157728706624
8 0.015772870662460567
7 0.015772870662460567
6 0.012618296529968454
1 0.00946372239747634
