doc : 0
3 0.6551724137931034
0 0.05517241379310345
8 0.041379310344827586
1 0.041379310344827586
9 0.034482758620689655
7 0.034482758620689655
6 0.034482758620689655
5 0.034482758620689655
4 0.034482758620689655
2 0.034482758620689655
doc : 1
3 0.22953216374269003
5 0.22368421052631576
7 0.20614035087719296
6 0.12134502923976608
0 0.05847953216374269
4 0.049707602339181284
9 0.03654970760233918
1 0.03508771929824561
8 0.023391812865497075
2 0.01608187134502924
doc : 2
3 0.6602564102564102
6 0.05128205128205128
0 0.05128205128205128
5 0.04487179487179487
9 0.03205128205128205
8 0.03205128205128205
7 0.03205128205128205
4 0.03205128205128205
2 0.03205128205128205
1 0.03205128205128205
doc : 3
3 0.5252525252525253
5 0.06060606060606061
1 0.06060606060606061
9 0.05050505050505051
8 0.05050505050505051
7 0.05050505050505051
6 0.05050505050505051
4 0.05050505050505051
2 0.05050505050505051
0 0.05050505050505051
doc : 4
5 0.8685121107266436
8 0.02249134948096886
3 0.020761245674740483
0 0.01730103806228374
1 0.015570934256055364
9 0.01384083044982699
7 0.012110726643598616
6 0.010380622837370242
2 0.010380622837370242
4 0.00865051903114187
doc : 5
5 0.5980861244019139
8 0.12280701754385966
2 0.07017543859649122
1 0.044657097288676235
0 0.04146730462519936
9 0.03508771929824561
6 0.03349282296650718
4 0.02073365231259968
3 0.019138755980861243
7 0.014354066985645933
doc : 6
7 0.6679035250463822
4 0.1261595547309833
9 0.055658627087198514
1 0.03896103896103896
0 0.029684601113172542
8 0.022263450834879406
6 0.01855287569573284
3 0.014842300556586271
2 0.014842300556586271
5 0.011131725417439703
doc : 7
8 0.8172757475083057
5 0.036544850498338874
2 0.023255813953488372
6 0.019933554817275746
3 0.019933554817275746
9 0.016611295681063124
7 0.016611295681063124
4 0.016611295681063124
1 0.016611295681063124
0 0.016611295681063124
doc : 8
8 0.8106312292358804
5 0.03322259136212625
2 0.029900332225913623
6 0.023255813953488372
9 0.019933554817275746
7 0.016611295681063124
4 0.016611295681063124
3 0.016611295681063124
1 0.016611295681063124
0 0.016611295681063124
doc : 9
7 0.8792592592592592
4 0.07185185185185185
0 0.007407407407407407
8 0.006666666666666666
5 0.006666666666666666
2 0.006666666666666666
9 0.005925925925925926
6 0.005925925925925926
3 0.005185185185185185
1 0.0044444444444444444
doc : 10
3 0.6335877862595419
8 0.05343511450381679
0 0.04580152671755725
9 0.03816793893129771
7 0.03816793893129771
6 0.03816793893129771
5 0.03816793893129771
4 0.03816793893129771
2 0.03816793893129771
1 0.03816793893129771
doc : 11
3 0.68
8 0.04
6 0.04
2 0.04
9 0.03333333333333333
7 0.03333333333333333
5 0.03333333333333333
4 0.03333333333333333
1 0.03333333333333333
0 0.03333333333333333
doc : 12
3 0.6754966887417219
0 0.046357615894039736
8 0.039735099337748346
1 0.039735099337748346
9 0.033112582781456956
7 0.033112582781456956
6 0.033112582781456956
5 0.033112582781456956
4 0.033112582781456956
2 0.033112582781456956
doc : 13
3 0.6546762589928058
0 0.05755395683453238
9 0.03597122302158273
8 0.03597122302158273
7 0.03597122302158273
6 0.03597122302158273
5 0.03597122302158273
4 0.03597122302158273
2 0.03597122302158273
1 0.03597122302158273
doc : 14
3 0.6153846153846154
9 0.042735042735042736
8 0.042735042735042736
7 0.042735042735042736
6 0.042735042735042736
5 0.042735042735042736
4 0.042735042735042736
2 0.042735042735042736
1 0.042735042735042736
0 0.042735042735042736
doc : 15
3 0.7252747252747254
0 0.04395604395604396
7 0.03296703296703297
6 0.03296703296703297
9 0.027472527472527476
8 0.027472527472527476
5 0.027472527472527476
4 0.027472527472527476
2 0.027472527472527476
1 0.027472527472527476
doc : 16
2 0.6050420168067226
5 0.05042016806722689
1 0.05042016806722689
9 0.04201680672268907
8 0.04201680672268907
7 0.04201680672268907
6 0.04201680672268907
4 0.04201680672268907
3 0.04201680672268907
0 0.04201680672268907
doc : 17
7 0.39373970345963755
9 0.3624382207578254
4 0.06589785831960461
6 0.032948929159802305
0 0.032948929159802305
1 0.03130148270181219
2 0.02800658978583196
3 0.02471169686985173
8 0.018121911037891267
5 0.009884678747940693
doc : 18
3 0.6541353383458646
6 0.045112781954887216
9 0.03759398496240601
8 0.03759398496240601
7 0.03759398496240601
5 0.03759398496240601
4 0.03759398496240601
2 0.03759398496240601
1 0.03759398496240601
0 0.03759398496240601
doc : 19
3 0.6644295302013423
7 0.04697986577181208
4 0.04697986577181208
6 0.040268456375838924
9 0.03355704697986577
8 0.03355704697986577
5 0.03355704697986577
2 0.03355704697986577
1 0.03355704697986577
0 0.03355704697986577
doc : 20
3 0.6417910447761194
7 0.04477611940298507
6 0.04477611940298507
4 0.04477611940298507
9 0.03731343283582089
8 0.03731343283582089
5 0.03731343283582089
2 0.03731343283582089
1 0.03731343283582089
0 0.03731343283582089
doc : 21
3 0.6666666666666666
9 0.047619047619047616
6 0.04081632653061224
5 0.04081632653061224
8 0.03401360544217687
7 0.03401360544217687
4 0.03401360544217687
2 0.03401360544217687
1 0.03401360544217687
0 0.03401360544217687
doc : 22
9 0.14545454545454545
8 0.10909090909090909
0 0.10909090909090909
7 0.09090909090909091
6 0.09090909090909091
5 0.09090909090909091
4 0.09090909090909091
3 0.09090909090909091
2 0.09090909090909091
1 0.09090909090909091
doc : 23
1 0.84140625
5 0.08515625
8 0.014843750000000001
3 0.0140625
2 0.010937500000000001
0 0.0078125
6 0.00703125
9 0.00625
7 0.00625
4 0.00625
doc : 24
5 0.8445121951219513
7 0.01829268292682927
4 0.01829268292682927
3 0.01829268292682927
2 0.01829268292682927
1 0.01829268292682927
0 0.01829268292682927
9 0.01524390243902439
8 0.01524390243902439
6 0.01524390243902439
doc : 25
0 0.8157894736842105
7 0.04251012145748988
2 0.02631578947368421
6 0.024291497975708502
3 0.020242914979757085
9 0.016194331983805668
8 0.016194331983805668
4 0.01417004048582996
1 0.01417004048582996
5 0.010121457489878543
doc : 26
2 0.6643356643356644
8 0.04895104895104895
1 0.04195804195804196
9 0.03496503496503497
7 0.03496503496503497
6 0.03496503496503497
5 0.03496503496503497
4 0.03496503496503497
3 0.03496503496503497
0 0.03496503496503497
doc : 27
2 0.7000000000000001
9 0.03333333333333333
8 0.03333333333333333
7 0.03333333333333333
6 0.03333333333333333
5 0.03333333333333333
4 0.03333333333333333
3 0.03333333333333333
1 0.03333333333333333
0 0.03333333333333333
doc : 28
2 0.6597222222222222
8 0.048611111111111105
7 0.041666666666666664
4 0.041666666666666664
9 0.034722222222222224
6 0.034722222222222224
5 0.034722222222222224
3 0.034722222222222224
1 0.034722222222222224
0 0.034722222222222224
doc : 29
2 0.5966386554621849
5 0.05042016806722689
1 0.05042016806722689
0 0.05042016806722689
9 0.04201680672268907
8 0.04201680672268907
7 0.04201680672268907
6 0.04201680672268907
4 0.04201680672268907
3 0.04201680672268907
doc : 30
2 0.7000000000000001
9 0.03333333333333333
8 0.03333333333333333
7 0.03333333333333333
6 0.03333333333333333
5 0.03333333333333333
4 0.03333333333333333
3 0.03333333333333333
1 0.03333333333333333
0 0.03333333333333333
doc : 31
2 0.6134453781512604
5 0.05042016806722689
9 0.04201680672268907
8 0.04201680672268907
7 0.04201680672268907
6 0.04201680672268907
4 0.04201680672268907
3 0.04201680672268907
1 0.04201680672268907
0 0.04201680672268907
doc : 32
8 0.8081023454157782
2 0.031982942430703626
0 0.027718550106609806
6 0.023454157782515993
5 0.021321961620469083
3 0.021321961620469083
1 0.021321961620469083
9 0.017057569296375266
4 0.014925373134328358
7 0.01279317697228145
doc : 33
3 0.520618556701031
8 0.1134020618556701
5 0.07731958762886598
7 0.07216494845360824
2 0.05154639175257732
9 0.03608247422680412
4 0.03608247422680412
0 0.03608247422680412
6 0.030927835051546393
1 0.02577319587628866
doc : 34
7 0.7629032258064516
9 0.05161290322580645
0 0.035483870967741936
2 0.027419354838709678
6 0.024193548387096774
3 0.024193548387096774
1 0.020967741935483872
4 0.01935483870967742
8 0.017741935483870968
5 0.016129032258064516
doc : 35
9 0.12727272727272726
8 0.12727272727272726
6 0.10909090909090909
7 0.09090909090909091
5 0.09090909090909091
4 0.09090909090909091
3 0.09090909090909091
2 0.09090909090909091
1 0.09090909090909091
0 0.09090909090909091
doc : 36
4 0.8247987117552336
7 0.14396135265700483
9 0.007085346215780998
6 0.00676328502415459
2 0.0038647342995169085
0 0.0038647342995169085
8 0.00322061191626409
5 0.0025764895330112722
3 0.0022544283413848632
1 0.001610305958132045
doc : 37
0 0.8404907975460123
7 0.02862985685071575
2 0.022494887525562373
5 0.02044989775051125
3 0.02044989775051125
6 0.016359918200409
4 0.016359918200409
9 0.01226993865030675
8 0.01226993865030675
1 0.010224948875255624
doc : 38
2 0.6933333333333334
1 0.04
9 0.03333333333333333
8 0.03333333333333333
7 0.03333333333333333
6 0.03333333333333333
5 0.03333333333333333
4 0.03333333333333333
3 0.03333333333333333
0 0.03333333333333333
doc : 39
2 0.6912751677852349
5 0.040268456375838924
9 0.03355704697986577
8 0.03355704697986577
7 0.03355704697986577
6 0.03355704697986577
4 0.03355704697986577
3 0.03355704697986577
1 0.03355704697986577
0 0.03355704697986577
doc : 40
2 0.6866666666666668
8 0.04
1 0.04
9 0.03333333333333333
7 0.03333333333333333
6 0.03333333333333333
5 0.03333333333333333
4 0.03333333333333333
3 0.03333333333333333
0 0.03333333333333333
doc : 41
2 0.6866666666666668
1 0.04666666666666667
9 0.03333333333333333
8 0.03333333333333333
7 0.03333333333333333
6 0.03333333333333333
5 0.03333333333333333
4 0.03333333333333333
3 0.03333333333333333
0 0.03333333333333333
doc : 42
2 0.6866666666666668
1 0.04666666666666667
9 0.03333333333333333
8 0.03333333333333333
7 0.03333333333333333
6 0.03333333333333333
5 0.03333333333333333
4 0.03333333333333333
3 0.03333333333333333
0 0.03333333333333333
doc : 43
5 0.8617283950617284
8 0.024691358024691357
2 0.019753086419753086
9 0.014814814814814815
7 0.014814814814814815
3 0.014814814814814815
6 0.012345679012345678
4 0.012345679012345678
1 0.012345679012345678
0 0.012345679012345678
doc : 44
9 0.22758620689655173
5 0.18620689655172412
8 0.1724137931034483
3 0.09655172413793103
0 0.08275862068965517
2 0.06896551724137931
6 0.04827586206896552
1 0.04827586206896552
7 0.034482758620689655
4 0.034482758620689655
doc : 45
9 0.40606060606060607
8 0.11515151515151516
5 0.07878787878787878
7 0.07272727272727272
2 0.07272727272727272
4 0.05454545454545454
3 0.05454545454545454
0 0.05454545454545454
6 0.048484848484848485
1 0.04242424242424243
doc : 46
9 0.5394736842105263
7 0.24013157894736842
4 0.07730263157894736
0 0.029605263157894735
1 0.024671052631578948
6 0.023026315789473683
8 0.019736842105263157
2 0.018092105263157895
3 0.014802631578947368
5 0.013157894736842105
doc : 47
9 0.7021791767554479
7 0.07021791767554479
2 0.053268765133171914
4 0.05084745762711865
6 0.026634382566585957
1 0.02421307506053269
0 0.02179176755447942
8 0.01937046004842615
3 0.01694915254237288
5 0.014527845036319613
doc : 48
6 0.6009302325581396
7 0.19906976744186047
4 0.09116279069767443
9 0.03348837209302326
3 0.023255813953488372
0 0.022325581395348838
1 0.010232558139534885
2 0.0074418604651162795
8 0.0065116279069767444
5 0.005581395348837209
doc : 49
6 0.7678571428571428
5 0.03869047619047619
8 0.03273809523809523
0 0.03273809523809523
2 0.02976190476190476
3 0.026785714285714284
1 0.023809523809523808
4 0.017857142857142856
9 0.01488095238095238
7 0.01488095238095238
