doc : 0
0 0.48201438848920863
2 0.3057553956834533
8 0.03597122302158273
9 0.02877697841726619
7 0.02877697841726619
6 0.02877697841726619
3 0.025179856115107917
5 0.02158273381294964
4 0.02158273381294964
1 0.02158273381294964
doc : 1
2 0.5945273631840796
0 0.0945273631840796
5 0.06716417910447761
7 0.0472636815920398
8 0.04477611940298507
6 0.03731343283582089
9 0.03233830845771144
4 0.03233830845771144
3 0.029850746268656716
1 0.01990049751243781
doc : 2
8 0.9654501216545013
2 0.011678832116788322
0 0.0038929440389294406
4 0.0034063260340632603
6 0.0029197080291970805
5 0.0029197080291970805
9 0.0024330900243309003
7 0.0024330900243309003
3 0.0024330900243309003
1 0.0024330900243309003
doc : 3
8 0.9544145873320538
2 0.01871401151631478
7 0.005758157389635317
6 0.003838771593090211
5 0.0033589251439539347
4 0.0033589251439539347
1 0.0028790786948176585
0 0.0028790786948176585
9 0.0023992322456813818
3 0.0023992322456813818
doc : 4
7 0.8815931108719052
5 0.018299246501614637
0 0.017222820236813777
3 0.016146393972012917
2 0.016146393972012917
9 0.013993541442411193
4 0.011840688912809472
6 0.01076426264800861
8 0.007534983853606027
1 0.006458557588805166
doc : 5
2 0.5588235294117647
6 0.07352941176470588
4 0.0661764705882353
8 0.051470588235294115
5 0.051470588235294115
9 0.044117647058823525
3 0.044117647058823525
7 0.03676470588235294
1 0.03676470588235294
0 0.03676470588235294
doc : 6
3 0.56158940397351
0 0.3218543046357616
6 0.04304635761589404
7 0.017880794701986755
2 0.01390728476821192
1 0.012582781456953643
5 0.011258278145695364
9 0.00728476821192053
4 0.006622516556291391
8 0.003973509933774834
doc : 7
0 0.8558648111332007
4 0.02385685884691849
6 0.021868787276341946
9 0.019880715705765405
3 0.019880715705765405
1 0.016898608349900594
7 0.014910536779324053
5 0.012922465208747513
2 0.008946322067594433
8 0.004970178926441351
doc : 8
3 0.6900452488687783
0 0.23936651583710408
6 0.03212669683257919
7 0.00995475113122172
2 0.006334841628959276
4 0.005429864253393665
9 0.00497737556561086
8 0.004524886877828055
5 0.004524886877828055
1 0.0027149321266968325
doc : 9
8 0.9240909090909091
2 0.03909090909090909
3 0.007727272727272728
9 0.006818181818181818
5 0.005
0 0.005
7 0.004090909090909091
6 0.0036363636363636364
4 0.0022727272727272726
1 0.0022727272727272726
doc : 10
2 0.7608695652173914
1 0.043478260869565216
8 0.03260869565217391
5 0.03260869565217391
4 0.028985507246376812
9 0.025362318840579712
6 0.021739130434782608
7 0.018115942028985508
3 0.018115942028985508
0 0.018115942028985508
doc : 11
4 0.8588516746411483
1 0.02631578947368421
5 0.019138755980861243
2 0.019138755980861243
6 0.01674641148325359
9 0.011961722488038277
8 0.011961722488038277
7 0.011961722488038277
3 0.011961722488038277
0 0.011961722488038277
doc : 12
7 0.8424153166421208
4 0.032400589101620025
9 0.025036818851251842
5 0.01914580265095729
2 0.016200294550810013
0 0.016200294550810013
1 0.014727540500736377
6 0.013254786450662739
8 0.010309278350515464
3 0.010309278350515464
doc : 13
3 0.45806451612903226
5 0.11612903225806452
2 0.1032258064516129
0 0.06451612903225806
1 0.06129032258064516
6 0.05806451612903226
9 0.054838709677419356
7 0.03870967741935484
4 0.025806451612903226
8 0.01935483870967742
doc : 14
3 0.8824091778202676
7 0.02198852772466539
5 0.019120458891013385
2 0.018164435946462713
9 0.012428298279158699
0 0.01147227533460803
8 0.009560229445506692
1 0.009560229445506692
4 0.008604206500956023
6 0.006692160611854684
doc : 15
7 0.8739431206764028
5 0.03151421983089931
3 0.018447348193697158
1 0.016910069177555727
2 0.01614142966948501
9 0.012298232129131437
6 0.012298232129131437
0 0.007686395080707148
4 0.006149116064565719
8 0.0046118370484242895
doc : 16
7 0.6497237569060774
0 0.2110497237569061
4 0.041988950276243095
3 0.024309392265193373
9 0.01878453038674033
2 0.01878453038674033
5 0.011049723756906079
6 0.008839779005524863
8 0.0077348066298342545
1 0.0077348066298342545
doc : 17
9 0.796875
7 0.0625
2 0.033203125
6 0.02734375
3 0.017578125
8 0.013671875
4 0.013671875
0 0.013671875
5 0.01171875
1 0.009765625
doc : 18
7 0.7688266199649737
2 0.07355516637478109
4 0.040280210157618214
0 0.02276707530647986
1 0.01926444833625219
3 0.017513134851138354
9 0.01576182136602452
8 0.01576182136602452
6 0.014010507880910683
5 0.012259194395796848
doc : 19
8 0.963855421686747
0 0.006247211066488175
3 0.0049085229808121375
9 0.004462293618920124
7 0.004016064257028112
5 0.004016064257028112
1 0.004016064257028112
2 0.0035698348951361
6 0.002677376171352075
4 0.002231146809460062
doc : 20
2 0.6848816029143898
7 0.06557377049180328
4 0.04371584699453552
3 0.04371584699453552
9 0.04007285974499089
6 0.029143897996357013
1 0.029143897996357013
0 0.029143897996357013
5 0.023679417122040074
8 0.01092896174863388
doc : 21
9 0.7117516629711752
0 0.1746119733924612
1 0.03159645232815964
7 0.025498891352549888
4 0.01662971175166297
6 0.009977827050997782
5 0.009977827050997782
3 0.009423503325942351
2 0.0066518847006651885
8 0.003880266075388027
doc : 22
6 0.6973293768545994
0 0.21632047477744806
3 0.03412462908011869
1 0.02344213649851632
5 0.009495548961424332
7 0.007418397626112759
2 0.004154302670623145
9 0.0035608308605341245
4 0.002373887240356083
8 0.0017804154302670622
doc : 23
0 0.7940528634361235
6 0.07599118942731278
1 0.03193832599118943
5 0.019823788546255508
4 0.019823788546255508
3 0.01431718061674009
7 0.013215859030837006
8 0.012114537444933921
9 0.009911894273127754
2 0.00881057268722467
doc : 24
5 0.8183749336165692
0 0.06850770047796069
7 0.03345724907063197
2 0.016994158258098777
6 0.01486988847583643
4 0.01327668613913967
3 0.012214551248008496
1 0.01009028146574615
9 0.009559214020180562
8 0.002655337227827934
doc : 25
2 0.5263157894736842
7 0.10526315789473684
4 0.06220095693779904
6 0.05263157894736842
3 0.05263157894736842
5 0.04784688995215311
9 0.043062200956937795
0 0.043062200956937795
8 0.03349282296650718
1 0.03349282296650718
doc : 26
9 0.9034090909090909
2 0.013257575757575758
0 0.013257575757575758
7 0.011363636363636364
4 0.011363636363636364
8 0.00946969696969697
6 0.00946969696969697
5 0.00946969696969697
3 0.00946969696969697
1 0.00946969696969697
doc : 27
0 0.7713903743315508
1 0.0641711229946524
4 0.038770053475935824
5 0.0374331550802139
2 0.0213903743315508
6 0.020053475935828877
9 0.013368983957219251
3 0.012032085561497326
8 0.0106951871657754
7 0.0106951871657754
doc : 28
8 0.9710982658959537
5 0.004335260115606936
2 0.004335260115606936
0 0.004335260115606936
3 0.003371868978805395
9 0.002890173410404624
7 0.0024084778420038534
6 0.0024084778420038534
4 0.0024084778420038534
1 0.0024084778420038534
doc : 29
8 0.9693279206134415
4 0.004961659900766802
2 0.0040595399188092015
9 0.0036084799278304014
7 0.0036084799278304014
6 0.0031574199368516014
3 0.0031574199368516014
0 0.0031574199368516014
1 0.0027063599458728013
5 0.0022552999548940008
doc : 30
4 0.8338497288923316
0 0.07358636715724245
7 0.03756777691711852
1 0.026336173508907827
2 0.0073586367157242455
3 0.005422153369481023
9 0.005034856700232378
6 0.004260263361735089
8 0.0034856700232378003
5 0.003098373353989156
doc : 31
7 0.8788598574821852
5 0.024544734758511478
3 0.019002375296912115
4 0.0166270783847981
0 0.015043547110055422
1 0.013460015835312747
9 0.010292953285827395
6 0.010292953285827395
8 0.006334125098970704
2 0.0055423594615993665
doc : 32
2 0.7441253263707572
4 0.08616187989556136
0 0.04960835509138381
1 0.02349869451697128
5 0.020887728459530026
7 0.018276762402088774
8 0.01566579634464752
3 0.01566579634464752
9 0.013054830287206266
6 0.013054830287206266
doc : 33
5 0.7971259509721048
7 0.08706677937447167
2 0.029585798816568046
9 0.027049873203719356
6 0.014370245139475908
3 0.012679628064243447
4 0.01014370245139476
0 0.009298393913778529
8 0.006762468300929839
1 0.005917159763313609
doc : 34
9 0.8874045801526718
8 0.015267175572519083
4 0.015267175572519083
0 0.015267175572519083
6 0.013358778625954198
5 0.013358778625954198
2 0.011450381679389313
7 0.009541984732824428
3 0.009541984732824428
1 0.009541984732824428
doc : 35
6 0.8676470588235293
2 0.03046218487394958
7 0.025210084033613446
4 0.018907563025210083
5 0.014705882352941176
0 0.012605042016806723
9 0.009453781512605041
3 0.008403361344537815
8 0.007352941176470588
1 0.005252100840336134
doc : 36
4 0.8569060773480663
7 0.06795580110497237
2 0.023756906077348067
6 0.016022099447513812
5 0.00828729281767956
3 0.0066298342541436465
0 0.0066298342541436465
8 0.006077348066298343
9 0.004419889502762431
1 0.0033149171270718232
doc : 37
7 0.6677115987460814
9 0.05956112852664577
5 0.04702194357366771
4 0.04702194357366771
2 0.0438871473354232
8 0.034482758620689655
3 0.034482758620689655
6 0.028213166144200625
1 0.018808777429467086
0 0.018808777429467086
doc : 38
2 0.6202020202020202
7 0.1797979797979798
5 0.03838383838383838
4 0.03434343434343434
1 0.03232323232323232
6 0.024242424242424242
9 0.022222222222222223
0 0.022222222222222223
8 0.014141414141414142
3 0.012121212121212121
doc : 39
8 0.9732569245463228
5 0.0038204393505253103
3 0.0038204393505253103
9 0.0033428844317096463
6 0.0033428844317096463
0 0.0028653295128939827
7 0.002387774594078319
4 0.002387774594078319
2 0.002387774594078319
1 0.002387774594078319
doc : 40
7 0.5357737104825291
4 0.17304492512479203
3 0.06988352745424294
0 0.0632279534109817
2 0.048252911813643926
5 0.03826955074875208
6 0.021630615640599003
9 0.018302828618968387
1 0.018302828618968387
8 0.013311148086522463
doc : 41
8 0.970508166969147
4 0.004537205081669691
6 0.004083484573502722
9 0.003629764065335753
1 0.003176043557168784
0 0.003176043557168784
7 0.0027223230490018148
5 0.0027223230490018148
3 0.0027223230490018148
2 0.0027223230490018148
doc : 42
8 0.9692671394799054
7 0.0037825059101654845
4 0.0037825059101654845
2 0.0037825059101654845
9 0.003309692671394799
6 0.003309692671394799
5 0.003309692671394799
3 0.003309692671394799
0 0.003309692671394799
1 0.0028368794326241132
doc : 43
1 0.8495704467353953
0 0.10704467353951891
6 0.012199312714776634
2 0.007216494845360825
3 0.006529209621993127
4 0.0053264604810996565
9 0.004037800687285224
5 0.003951890034364262
7 0.002147766323024055
8 0.001975945017182131
doc : 44
0 0.8809675366008911
3 0.02673456397199236
5 0.019732654360280075
6 0.018459579885423297
7 0.01273074474856779
2 0.0120942075111394
1 0.009548058561425843
8 0.0076384468491406746
9 0.007001909611712285
4 0.005092297899427116
doc : 45
4 0.9042553191489362
1 0.015957446808510637
7 0.012411347517730497
2 0.012411347517730497
8 0.010638297872340425
9 0.008865248226950354
6 0.008865248226950354
5 0.008865248226950354
3 0.008865248226950354
0 0.008865248226950354
doc : 46
2 0.6733668341708543
4 0.05527638190954774
0 0.05527638190954774
5 0.052763819095477386
7 0.04522613065326633
9 0.04020100502512563
3 0.02763819095477387
6 0.020100502512562814
8 0.01507537688442211
1 0.01507537688442211
doc : 47
4 0.9577114427860697
7 0.006633499170812604
2 0.004975124378109453
1 0.004975124378109453
0 0.004975124378109453
9 0.0041459369817578775
8 0.0041459369817578775
6 0.0041459369817578775
5 0.0041459369817578775
3 0.0041459369817578775
doc : 48
8 0.9679313459801264
4 0.006323396567299006
5 0.004065040650406504
2 0.0036133694670280035
1 0.0036133694670280035
7 0.003161698283649503
3 0.003161698283649503
0 0.003161698283649503
9 0.0027100271002710027
6 0.002258355916892502
doc : 49
8 0.9667673716012084
7 0.006042296072507553
9 0.004747518342684506
5 0.003884333189469141
4 0.0034527406128614588
3 0.0034527406128614588
1 0.0034527406128614588
0 0.0030211480362537764
6 0.002589555459646094
2 0.002589555459646094
