doc : 0
6 0.6640746500777605
4 0.2488335925349922
7 0.013996889580093312
9 0.012441679626749611
0 0.012441679626749611
8 0.01088646967340591
3 0.01088646967340591
2 0.00933125972006221
1 0.00933125972006221
5 0.0077760497667185065
doc : 1
2 0.8218125960061444
8 0.0706605222734255
6 0.02304147465437788
4 0.016897081413210446
3 0.015360983102918587
9 0.013824884792626727
1 0.010752688172043012
7 0.009216589861751152
5 0.009216589861751152
0 0.009216589861751152
doc : 2
2 0.9846704138988247
6 0.0042582183614375746
8 0.00170328734457503
3 0.00170328734457503
9 0.0015329586101175269
5 0.0013626298756600238
4 0.0013626298756600238
0 0.0013626298756600238
1 0.0011923011412025208
7 8.51643672287515E-4
doc : 3
3 0.6473429951690821
6 0.06280193236714976
0 0.05797101449275362
4 0.04830917874396135
9 0.033816425120772944
7 0.033816425120772944
1 0.033816425120772944
5 0.02898550724637681
2 0.02898550724637681
8 0.024154589371980676
doc : 4
3 0.6576576576576576
6 0.07207207207207207
5 0.05855855855855856
4 0.04504504504504504
0 0.04054054054054054
8 0.03153153153153153
1 0.02702702702702703
9 0.02252252252252252
7 0.02252252252252252
2 0.02252252252252252
doc : 5
3 0.5722222222222223
5 0.09444444444444444
4 0.06666666666666667
2 0.05
0 0.05
7 0.03888888888888889
6 0.03888888888888889
8 0.03333333333333333
9 0.02777777777777778
1 0.02777777777777778
doc : 6
5 0.8036723163841808
3 0.043785310734463276
8 0.03672316384180791
0 0.026836158192090395
6 0.02401129943502825
7 0.018361581920903956
4 0.01694915254237288
1 0.011299435028248588
2 0.009887005649717513
9 0.00847457627118644
doc : 7
6 0.9126819126819128
4 0.02286902286902287
8 0.015592515592515593
0 0.010395010395010396
3 0.008316008316008316
9 0.007276507276507277
7 0.006237006237006237
2 0.006237006237006237
5 0.005197505197505198
1 0.005197505197505198
doc : 8
4 0.5454545454545454
3 0.12121212121212122
6 0.05627705627705628
5 0.05627705627705628
0 0.05627705627705628
7 0.04329004329004329
9 0.03463203463203463
1 0.03463203463203463
8 0.025974025974025976
2 0.025974025974025976
doc : 9
0 0.4429708222811671
4 0.1856763925729443
1 0.09283819628647215
3 0.0716180371352785
5 0.05835543766578249
6 0.05039787798408488
8 0.03713527851458886
9 0.03183023872679045
7 0.015915119363395226
2 0.01326259946949602
doc : 10
0 0.8180628272251309
1 0.04057591623036649
7 0.03534031413612566
8 0.02486910994764398
4 0.01963350785340314
6 0.017015706806282723
5 0.015706806282722516
3 0.015706806282722516
9 0.006544502617801047
2 0.006544502617801047
doc : 11
9 0.7762430939226519
2 0.06353591160220995
6 0.027624309392265192
4 0.027624309392265192
1 0.027624309392265192
7 0.016574585635359115
5 0.016574585635359115
0 0.016574585635359115
8 0.013812154696132596
3 0.013812154696132596
doc : 12
9 0.783567134268537
1 0.044088176352705406
3 0.03607214428857715
6 0.028056112224448895
4 0.028056112224448895
8 0.022044088176352703
0 0.02004008016032064
5 0.014028056112224447
7 0.012024048096192383
2 0.012024048096192383
doc : 13
6 0.8010680907877169
4 0.044058744993324434
1 0.044058744993324434
3 0.025367156208277702
9 0.020026702269692925
0 0.017356475300400534
8 0.016021361815754337
7 0.016021361815754337
5 0.009345794392523364
2 0.006675567423230975
doc : 14
3 0.6033519553072626
7 0.1787709497206704
0 0.04748603351955307
1 0.0335195530726257
4 0.02793296089385475
6 0.025139664804469275
5 0.025139664804469275
9 0.0223463687150838
8 0.0223463687150838
2 0.013966480446927375
doc : 15
9 0.790273556231003
4 0.03343465045592705
3 0.030395136778115502
1 0.02735562310030395
8 0.0243161094224924
6 0.02127659574468085
5 0.02127659574468085
7 0.0182370820668693
0 0.0182370820668693
2 0.015197568389057751
doc : 16
7 0.9455930359085963
0 0.008705114254624592
5 0.006528835690968444
3 0.006528835690968444
9 0.00544069640914037
8 0.00544069640914037
6 0.00544069640914037
4 0.00544069640914037
2 0.00544069640914037
1 0.00544069640914037
doc : 17
7 0.945102260495156
6 0.007534983853606027
8 0.006458557588805166
5 0.006458557588805166
3 0.006458557588805166
1 0.006458557588805166
9 0.005382131324004305
4 0.005382131324004305
2 0.005382131324004305
0 0.005382131324004305
doc : 18
1 0.941402497598463
9 0.008645533141210374
4 0.008645533141210374
8 0.007684918347742555
7 0.0067243035542747355
0 0.0067243035542747355
6 0.005763688760806916
5 0.0048030739673390966
3 0.0048030739673390966
2 0.0048030739673390966
doc : 19
5 0.9464114832535886
7 0.009569377990430622
9 0.007655502392344498
8 0.005741626794258373
6 0.005741626794258373
4 0.005741626794258373
3 0.004784688995215311
2 0.004784688995215311
1 0.004784688995215311
0 0.004784688995215311
doc : 20
5 0.9453499520613614
7 0.009587727708533077
6 0.006711409395973154
4 0.006711409395973154
0 0.006711409395973154
8 0.005752636625119847
9 0.004793863854266538
3 0.004793863854266538
2 0.004793863854266538
1 0.004793863854266538
doc : 21
5 0.9446808510638298
3 0.00851063829787234
8 0.006382978723404256
7 0.006382978723404256
6 0.006382978723404256
4 0.006382978723404256
9 0.005319148936170213
2 0.005319148936170213
1 0.005319148936170213
0 0.005319148936170213
doc : 22
5 0.9466950959488273
1 0.007462686567164179
7 0.006396588486140725
6 0.006396588486140725
0 0.006396588486140725
9 0.005330490405117271
8 0.005330490405117271
4 0.005330490405117271
3 0.005330490405117271
2 0.005330490405117271
doc : 23
5 0.9435897435897436
3 0.008205128205128205
7 0.0071794871794871795
0 0.0071794871794871795
8 0.006153846153846154
4 0.006153846153846154
1 0.006153846153846154
9 0.005128205128205128
6 0.005128205128205128
2 0.005128205128205128
doc : 24
1 0.94577685088634
0 0.008342022940563087
8 0.006256517205422315
7 0.006256517205422315
6 0.006256517205422315
5 0.006256517205422315
9 0.00521376433785193
4 0.00521376433785193
3 0.00521376433785193
2 0.00521376433785193
doc : 25
7 0.948162111215834
3 0.007540056550424128
1 0.007540056550424128
0 0.006597549481621112
8 0.005655042412818096
6 0.005655042412818096
9 0.00471253534401508
5 0.00471253534401508
4 0.00471253534401508
2 0.00471253534401508
doc : 26
7 0.6
8 0.13170731707317074
0 0.05609756097560976
3 0.046341463414634146
5 0.04390243902439024
4 0.04390243902439024
1 0.029268292682926828
6 0.024390243902439025
9 0.012195121951219513
2 0.012195121951219513
doc : 27
9 0.8357536304456684
8 0.10365548322483724
1 0.013520280420630946
3 0.009514271407110666
4 0.00901352028042063
0 0.007511266900350525
7 0.00701051577366049
6 0.005508262393590385
2 0.00500751126690035
5 0.003505257886830245
doc : 28
5 0.9318181818181819
7 0.010330578512396695
4 0.010330578512396695
1 0.008264462809917356
0 0.008264462809917356
3 0.007231404958677686
9 0.006198347107438017
8 0.006198347107438017
2 0.006198347107438017
6 0.005165289256198347
doc : 29
5 0.9264555669050052
7 0.01327885597548519
3 0.011235955056179775
6 0.010214504596527068
4 0.009193054136874362
8 0.007150153217568948
9 0.006128702757916242
0 0.006128702757916242
2 0.005107252298263534
1 0.005107252298263534
doc : 30
5 0.9434737923946557
8 0.008221993833504625
3 0.008221993833504625
4 0.007194244604316547
0 0.007194244604316547
9 0.0051387461459403904
7 0.0051387461459403904
6 0.0051387461459403904
2 0.0051387461459403904
1 0.0051387461459403904
doc : 31
5 0.9359823399558499
7 0.012141280353200883
8 0.006622516556291391
6 0.006622516556291391
4 0.006622516556291391
3 0.006622516556291391
2 0.006622516556291391
1 0.006622516556291391
0 0.006622516556291391
9 0.005518763796909493
doc : 32
5 0.9346405228758171
7 0.013071895424836603
0 0.007625272331154685
9 0.006535947712418302
8 0.006535947712418302
6 0.006535947712418302
4 0.006535947712418302
3 0.006535947712418302
1 0.006535947712418302
2 0.0054466230936819175
doc : 33
5 0.9390919158361019
7 0.009966777408637873
3 0.007751937984496124
0 0.007751937984496124
9 0.006644518272425249
4 0.006644518272425249
8 0.005537098560354374
6 0.005537098560354374
2 0.005537098560354374
1 0.005537098560354374
doc : 34
4 0.877245508982036
6 0.031437125748503
2 0.023952095808383235
5 0.01347305389221557
3 0.011976047904191617
7 0.008982035928143714
1 0.008982035928143714
0 0.008982035928143714
9 0.0074850299401197605
8 0.0074850299401197605
doc : 35
4 0.8282442748091603
6 0.05725190839694656
2 0.01717557251908397
1 0.015267175572519083
0 0.015267175572519083
9 0.013358778625954198
8 0.013358778625954198
7 0.013358778625954198
5 0.013358778625954198
3 0.013358778625954198
doc : 36
0 0.46073298429319376
1 0.1099476439790576
4 0.09424083769633508
3 0.07329842931937174
6 0.06282722513089006
9 0.05235602094240838
5 0.041884816753926704
8 0.03664921465968587
2 0.03664921465968587
7 0.03141361256544503
doc : 37
9 0.1
8 0.1
7 0.1
6 0.1
5 0.1
4 0.1
3 0.1
2 0.1
1 0.1
0 0.1
doc : 38
4 0.29054054054054057
3 0.22972972972972974
0 0.0945945945945946
5 0.08108108108108109
7 0.07432432432432433
1 0.060810810810810814
6 0.05405405405405406
8 0.0472972972972973
9 0.033783783783783786
2 0.033783783783783786
doc : 39
0 0.5963855421686747
7 0.2620481927710844
8 0.03313253012048193
1 0.030120481927710843
6 0.021084337349397592
3 0.01807228915662651
4 0.01355421686746988
9 0.010542168674698796
5 0.007530120481927711
2 0.007530120481927711
doc : 40
5 0.9364102564102564
4 0.010256410256410256
7 0.00923076923076923
3 0.00923076923076923
2 0.0071794871794871795
9 0.006153846153846154
1 0.006153846153846154
8 0.005128205128205128
6 0.005128205128205128
0 0.005128205128205128
doc : 41
5 0.9415983606557378
7 0.00819672131147541
0 0.00819672131147541
4 0.007172131147540984
3 0.007172131147540984
2 0.006147540983606557
1 0.006147540983606557
9 0.005122950819672132
8 0.005122950819672132
6 0.005122950819672132
doc : 42
5 0.9420131291028446
9 0.007658643326039387
7 0.007658643326039387
6 0.006564551422319475
2 0.006564551422319475
1 0.006564551422319475
0 0.006564551422319475
8 0.005470459518599562
4 0.005470459518599562
3 0.005470459518599562
doc : 43
5 0.9347826086956521
0 0.00966183574879227
3 0.008454106280193236
7 0.007246376811594202
6 0.007246376811594202
4 0.007246376811594202
1 0.007246376811594202
9 0.006038647342995169
8 0.006038647342995169
2 0.006038647342995169
doc : 44
7 0.6113744075829385
8 0.07582938388625593
3 0.05213270142180095
0 0.047393364928909956
5 0.04265402843601896
4 0.04265402843601896
1 0.04265402843601896
6 0.037914691943127965
9 0.023696682464454978
2 0.023696682464454978
doc : 45
8 0.6088560885608856
0 0.0996309963099631
3 0.05904059040590406
7 0.04428044280442804
2 0.03690036900369004
1 0.03690036900369004
4 0.033210332103321034
9 0.02952029520295203
6 0.02952029520295203
5 0.02214022140221402
doc : 46
1 0.47345132743362833
7 0.12389380530973451
0 0.08407079646017698
8 0.061946902654867256
4 0.061946902654867256
9 0.048672566371681415
6 0.04424778761061947
5 0.035398230088495575
3 0.035398230088495575
2 0.030973451327433628
doc : 47
4 0.8169934640522876
9 0.0326797385620915
0 0.027450980392156862
2 0.02483660130718954
8 0.02091503267973856
3 0.02091503267973856
1 0.02091503267973856
6 0.01568627450980392
7 0.011764705882352941
5 0.00784313725490196
doc : 48
3 0.7973684210526316
5 0.060526315789473685
8 0.031578947368421054
9 0.018421052631578946
6 0.018421052631578946
4 0.018421052631578946
1 0.015789473684210527
7 0.013157894736842105
2 0.013157894736842105
0 0.013157894736842105
doc : 49
3 0.45270270270270274
4 0.0945945945945946
0 0.08108108108108109
1 0.07432432432432433
7 0.06756756756756757
5 0.05405405405405406
8 0.0472972972972973
6 0.0472972972972973
9 0.04054054054054054
2 0.04054054054054054
