doc : 0
0 0.8326848249027237
9 0.025940337224383915
3 0.02464332036316472
2 0.023346303501945526
1 0.019455252918287938
4 0.01815823605706874
6 0.01556420233463035
8 0.014267185473411154
7 0.012970168612191958
5 0.012970168612191958
doc : 1
0 0.8252148997134671
1 0.025787965616045846
4 0.022922636103151862
2 0.022922636103151862
9 0.020057306590257878
3 0.020057306590257878
8 0.017191977077363897
7 0.017191977077363897
6 0.014326647564469913
5 0.014326647564469913
doc : 2
0 0.8164893617021276
2 0.045212765957446804
9 0.023936170212765957
4 0.023936170212765957
1 0.018617021276595744
8 0.015957446808510637
7 0.015957446808510637
6 0.013297872340425532
5 0.013297872340425532
3 0.013297872340425532
doc : 3
0 0.7737931034482758
4 0.0496551724137931
7 0.04275862068965517
8 0.02896551724137931
5 0.023448275862068962
1 0.023448275862068962
2 0.020689655172413793
3 0.019310344827586205
6 0.009655172413793102
9 0.008275862068965516
doc : 4
9 0.7096994535519126
6 0.1987704918032787
7 0.025273224043715847
5 0.023224043715846996
8 0.01366120218579235
3 0.006830601092896175
1 0.006830601092896175
4 0.006147540983606557
2 0.0047814207650273225
0 0.0047814207650273225
doc : 5
3 0.3152866242038217
2 0.15923566878980894
8 0.09872611464968153
7 0.09872611464968153
4 0.09235668789808918
5 0.08280254777070065
0 0.07961783439490447
1 0.03184713375796178
9 0.025477707006369428
6 0.01592356687898089
doc : 6
3 0.3057644110275689
7 0.22305764411027568
5 0.09774436090225563
0 0.07518796992481203
8 0.06516290726817042
6 0.06516290726817042
9 0.05263157894736842
4 0.045112781954887216
2 0.042606516290726815
1 0.02756892230576441
doc : 7
2 0.5682539682539682
0 0.14285714285714285
8 0.07936507936507936
5 0.06349206349206349
9 0.03492063492063492
4 0.025396825396825397
3 0.025396825396825397
1 0.025396825396825397
7 0.01904761904761905
6 0.015873015873015872
doc : 8
2 0.8327645051194539
9 0.020477815699658702
5 0.020477815699658702
4 0.020477815699658702
0 0.020477815699658702
8 0.017064846416382253
7 0.017064846416382253
6 0.017064846416382253
3 0.017064846416382253
1 0.017064846416382253
doc : 9
7 0.11764705882352941
9 0.09803921568627451
8 0.09803921568627451
6 0.09803921568627451
5 0.09803921568627451
4 0.09803921568627451
3 0.09803921568627451
2 0.09803921568627451
1 0.09803921568627451
0 0.09803921568627451
doc : 10
0 0.9154616240266963
2 0.026696329254727473
4 0.014460511679644048
1 0.00778642936596218
8 0.006674082313681868
3 0.006674082313681868
9 0.0055617352614015575
7 0.0055617352614015575
6 0.0055617352614015575
5 0.0055617352614015575
doc : 11
8 0.9371428571428572
0 0.012436974789915966
5 0.009747899159663866
4 0.008403361344537815
2 0.007058823529411765
6 0.00638655462184874
1 0.006050420168067227
9 0.005042016806722689
7 0.004369747899159664
3 0.0033613445378151263
doc : 12
9 0.6768941765810895
6 0.258609893550407
7 0.014402003757044458
5 0.014402003757044458
3 0.008140262993112084
4 0.006261740763932373
1 0.005635566687539136
0 0.005635566687539136
8 0.005009392611145898
2 0.005009392611145898
doc : 13
2 0.825938566552901
0 0.023890784982935155
8 0.020477815699658702
7 0.020477815699658702
6 0.020477815699658702
4 0.020477815699658702
9 0.017064846416382253
5 0.017064846416382253
3 0.017064846416382253
1 0.017064846416382253
doc : 14
8 0.9291833238149629
1 0.011993146773272416
2 0.010850942318675044
3 0.009137635636778984
4 0.008566533409480296
7 0.0074243289548829245
0 0.0074243289548829245
6 0.0057110222729868645
5 0.005139920045688178
9 0.004568817818389492
doc : 15
7 0.8613013698630136
6 0.07662671232876712
9 0.019691780821917807
5 0.010702054794520547
3 0.008561643835616438
8 0.0059931506849315065
1 0.005565068493150685
2 0.004708904109589041
4 0.003424657534246575
0 0.003424657534246575
doc : 16
8 0.7902995720399429
7 0.039942938659058486
9 0.03138373751783167
4 0.03138373751783167
3 0.024251069900142655
1 0.02282453637660485
6 0.017118402282453638
0 0.015691868758915834
5 0.014265335235378032
2 0.01283880171184023
doc : 17
4 0.8829902491874322
1 0.05471289274106175
2 0.016793066088840736
3 0.00866738894907909
0 0.00866738894907909
9 0.007583965330444203
8 0.005958829902491874
7 0.005417118093174431
6 0.004875406283856988
5 0.004333694474539545
doc : 18
4 0.8922091782283884
1 0.08288865172536464
9 0.004268943436499466
0 0.0035574528637495554
5 0.0032017075773745998
8 0.002845962290999644
7 0.002845962290999644
6 0.002845962290999644
3 0.002845962290999644
2 0.0024902170046246885
doc : 19
4 0.9142857142857144
1 0.035918367346938776
9 0.010612244897959184
5 0.008571428571428572
3 0.008571428571428572
2 0.006122448979591837
8 0.005714285714285714
7 0.004489795918367347
0 0.0036734693877551023
6 0.0020408163265306124
doc : 20
4 0.7728119180633147
1 0.08659217877094973
0 0.0297951582867784
3 0.0223463687150838
2 0.019553072625698324
6 0.01675977653631285
5 0.015828677839851025
8 0.0148975791433892
9 0.01303538175046555
7 0.008379888268156424
doc : 21
2 0.8191126279863481
9 0.023890784982935155
7 0.023890784982935155
0 0.023890784982935155
8 0.020477815699658702
5 0.020477815699658702
6 0.017064846416382253
4 0.017064846416382253
3 0.017064846416382253
1 0.017064846416382253
doc : 22
2 0.8209459459459459
8 0.02702702702702703
9 0.02027027027027027
7 0.02027027027027027
4 0.02027027027027027
3 0.02027027027027027
0 0.02027027027027027
6 0.016891891891891893
5 0.016891891891891893
1 0.016891891891891893
doc : 23
2 0.8299319727891156
8 0.023809523809523808
7 0.02040816326530612
5 0.02040816326530612
4 0.02040816326530612
9 0.017006802721088433
6 0.017006802721088433
3 0.017006802721088433
1 0.017006802721088433
0 0.017006802721088433
doc : 24
2 0.8215488215488215
8 0.02356902356902357
4 0.02356902356902357
0 0.02356902356902357
9 0.0202020202020202
6 0.0202020202020202
7 0.016835016835016835
5 0.016835016835016835
3 0.016835016835016835
1 0.016835016835016835
doc : 25
3 0.24137931034482757
0 0.11494252873563218
2 0.10344827586206896
7 0.09195402298850575
5 0.08045977011494253
4 0.08045977011494253
1 0.08045977011494253
9 0.06896551724137931
8 0.06896551724137931
6 0.06896551724137931
doc : 26
8 0.7884615384615384
7 0.07211538461538461
4 0.030448717948717948
9 0.020833333333333332
1 0.020833333333333332
6 0.016025641025641024
2 0.016025641025641024
5 0.01282051282051282
3 0.011217948717948718
0 0.011217948717948718
doc : 27
7 0.9318306761957119
6 0.016492578339747113
9 0.010445299615173173
5 0.008796041781198461
3 0.008796041781198461
0 0.006597031335898846
8 0.005497526113249038
4 0.004947773501924134
2 0.003298515667949423
1 0.003298515667949423
doc : 28
3 0.7593283582089552
9 0.1623134328358209
5 0.0236318407960199
7 0.01616915422885572
0 0.008706467661691543
6 0.00808457711442786
1 0.006840796019900498
4 0.006218905472636815
8 0.004353233830845771
2 0.004353233830845771
doc : 29
9 0.8433734939759037
6 0.05335628227194492
5 0.02667814113597246
7 0.024956970740103272
3 0.01549053356282272
1 0.010327022375215147
8 0.00946643717728055
2 0.006024096385542169
4 0.0051635111876075735
0 0.0051635111876075735
doc : 30
9 0.9241573033707865
5 0.016853932584269662
8 0.008426966292134831
3 0.008426966292134831
7 0.00749063670411985
6 0.00749063670411985
2 0.00749063670411985
1 0.00749063670411985
4 0.006554307116104869
0 0.0056179775280898875
doc : 31
5 0.8477366255144033
6 0.048206937095825984
9 0.03997648442092887
7 0.015285126396237508
3 0.011757789535567314
1 0.011757789535567314
2 0.009994121105232217
8 0.006466784244562022
4 0.005291005291005291
0 0.003527336860670194
doc : 32
5 0.8973584905660377
3 0.02339622641509434
6 0.01509433962264151
9 0.013584905660377358
7 0.012075471698113207
0 0.011320754716981131
2 0.009056603773584904
8 0.006792452830188679
4 0.006792452830188679
1 0.004528301886792452
doc : 33
8 0.7991391678622669
9 0.04160688665710187
7 0.03443328550932569
4 0.027259684361549498
2 0.021520803443328552
3 0.017216642754662843
5 0.015781922525107604
1 0.015781922525107604
6 0.014347202295552367
0 0.01291248206599713
doc : 34
2 0.8383838383838383
5 0.0202020202020202
3 0.0202020202020202
0 0.0202020202020202
9 0.016835016835016835
8 0.016835016835016835
7 0.016835016835016835
6 0.016835016835016835
4 0.016835016835016835
1 0.016835016835016835
doc : 35
2 0.8135593220338982
7 0.023728813559322035
3 0.023728813559322035
8 0.020338983050847456
6 0.020338983050847456
5 0.020338983050847456
4 0.020338983050847456
1 0.020338983050847456
0 0.020338983050847456
9 0.01694915254237288
doc : 36
2 0.8141891891891893
0 0.02702702702702703
7 0.02364864864864865
1 0.02364864864864865
8 0.02027027027027027
6 0.02027027027027027
5 0.02027027027027027
9 0.016891891891891893
4 0.016891891891891893
3 0.016891891891891893
doc : 37
2 0.8127090301003345
8 0.033444816053511704
9 0.023411371237458192
7 0.023411371237458192
5 0.023411371237458192
6 0.016722408026755852
4 0.016722408026755852
3 0.016722408026755852
1 0.016722408026755852
0 0.016722408026755852
doc : 38
7 0.912050534499514
6 0.04421768707482993
4 0.008746355685131196
8 0.007774538386783284
5 0.0058309037900874635
1 0.005344995140913508
9 0.004859086491739553
3 0.003887269193391642
2 0.003887269193391642
0 0.003401360544217687
doc : 39
6 0.554953560371517
7 0.4233746130030959
5 0.0036119711042311656
8 0.003095975232198142
2 0.00283797729618163
1 0.00283797729618163
9 0.0025799793601651187
4 0.0023219814241486067
0 0.0023219814241486067
3 0.0020639834881320948
doc : 40
7 0.8103800572129137
6 0.12423375561912546
9 0.027789129546383327
8 0.010625255414793625
5 0.006129955046996322
1 0.0053126277073968125
4 0.004903964037597058
3 0.004495300367797303
0 0.0032693093583980384
2 0.0028606456885982836
doc : 41
2 0.8333333333333333
4 0.023809523809523808
5 0.02040816326530612
1 0.02040816326530612
9 0.017006802721088433
8 0.017006802721088433
7 0.017006802721088433
6 0.017006802721088433
3 0.017006802721088433
0 0.017006802721088433
doc : 42
2 0.7966101694915254
7 0.030508474576271184
5 0.02711864406779661
4 0.02711864406779661
0 0.02711864406779661
9 0.020338983050847456
8 0.020338983050847456
6 0.01694915254237288
3 0.01694915254237288
1 0.01694915254237288
doc : 43
2 0.8108108108108109
3 0.02702702702702703
8 0.02364864864864865
6 0.02364864864864865
9 0.02027027027027027
7 0.02027027027027027
4 0.02027027027027027
1 0.02027027027027027
5 0.016891891891891893
0 0.016891891891891893
doc : 44
3 0.5112359550561798
1 0.0898876404494382
8 0.06741573033707865
6 0.06741573033707865
0 0.06179775280898876
4 0.056179775280898875
9 0.03932584269662921
7 0.03651685393258427
5 0.03651685393258427
2 0.033707865168539325
doc : 45
1 0.5124077800134138
4 0.4077800134138162
2 0.03755868544600939
7 0.008718980549966466
5 0.008048289738430584
0 0.008048289738430584
8 0.0053655264922870555
3 0.004694835680751174
6 0.004024144869215292
9 0.0033534540576794095
doc : 46
9 0.9165867689357622
5 0.01725790987535954
6 0.014381591562799615
4 0.009587727708533077
7 0.00862895493767977
3 0.00862895493767977
0 0.00862895493767977
8 0.005752636625119847
1 0.005752636625119847
2 0.004793863854266538
doc : 47
8 0.9684741488020177
0 0.004623791509037411
3 0.004203446826397646
6 0.0037831021437578815
2 0.0037831021437578815
1 0.0037831021437578815
4 0.003362757461118117
7 0.0029424127784783522
5 0.0029424127784783522
9 0.002101723413198823
doc : 48
7 0.6528799019607843
6 0.30422794117647056
5 0.011029411764705881
9 0.0070465686274509805
3 0.006127450980392157
4 0.005514705882352941
2 0.00428921568627451
1 0.003982843137254902
0 0.0027573529411764703
8 0.002144607843137255
doc : 49
3 0.4152542372881356
7 0.3101694915254237
5 0.08305084745762711
6 0.04406779661016949
8 0.0423728813559322
9 0.04067796610169491
0 0.01864406779661017
2 0.01694915254237288
1 0.015254237288135592
4 0.013559322033898305
doc : 50
2 0.8187919463087248
3 0.026845637583892617
8 0.02348993288590604
1 0.02348993288590604
7 0.020134228187919462
5 0.020134228187919462
9 0.016778523489932886
6 0.016778523489932886
4 0.016778523489932886
0 0.016778523489932886
doc : 51
2 0.8378378378378379
9 0.02027027027027027
5 0.02027027027027027
3 0.02027027027027027
8 0.016891891891891893
7 0.016891891891891893
6 0.016891891891891893
4 0.016891891891891893
1 0.016891891891891893
0 0.016891891891891893
doc : 52
2 0.825938566552901
5 0.023890784982935155
6 0.020477815699658702
4 0.020477815699658702
3 0.020477815699658702
0 0.020477815699658702
9 0.017064846416382253
8 0.017064846416382253
7 0.017064846416382253
1 0.017064846416382253
doc : 53
2 0.8067796610169491
5 0.030508474576271184
1 0.02711864406779661
6 0.023728813559322035
9 0.020338983050847456
7 0.020338983050847456
0 0.020338983050847456
8 0.01694915254237288
4 0.01694915254237288
3 0.01694915254237288
doc : 54
2 0.8013468013468014
6 0.026936026936026935
5 0.026936026936026935
3 0.02356902356902357
1 0.02356902356902357
9 0.0202020202020202
8 0.0202020202020202
4 0.0202020202020202
0 0.0202020202020202
7 0.016835016835016835
doc : 55
4 0.7825443786982248
1 0.07248520710059171
2 0.03254437869822485
7 0.028106508875739643
0 0.022189349112426034
8 0.014792899408284023
3 0.014792899408284023
6 0.011834319526627219
5 0.011834319526627219
9 0.008875739644970414
doc : 56
5 0.7742998352553542
6 0.0799011532125206
7 0.04036243822075783
9 0.03789126853377265
8 0.014827018121911038
1 0.011532125205930808
0 0.011532125205930808
4 0.01070840197693575
2 0.009884678747940693
3 0.009060955518945634
doc : 57
0 0.8470948012232415
4 0.021406727828746176
5 0.01834862385321101
2 0.01834862385321101
1 0.01834862385321101
9 0.01529051987767584
8 0.01529051987767584
7 0.01529051987767584
6 0.01529051987767584
3 0.01529051987767584
doc : 58
2 0.8160535117056856
9 0.023411371237458192
7 0.023411371237458192
3 0.023411371237458192
0 0.023411371237458192
8 0.020066889632107024
5 0.020066889632107024
6 0.016722408026755852
4 0.016722408026755852
1 0.016722408026755852
doc : 59
2 0.8191126279863481
4 0.023890784982935155
3 0.023890784982935155
9 0.020477815699658702
7 0.020477815699658702
6 0.020477815699658702
0 0.020477815699658702
8 0.017064846416382253
5 0.017064846416382253
1 0.017064846416382253
doc : 60
2 0.8101694915254237
8 0.030508474576271184
5 0.02711864406779661
9 0.020338983050847456
4 0.020338983050847456
3 0.020338983050847456
0 0.020338983050847456
7 0.01694915254237288
6 0.01694915254237288
1 0.01694915254237288
doc : 61
9 0.7319378798109386
6 0.20054017555705606
7 0.024307900067521947
1 0.010128291694800812
5 0.006076975016880487
4 0.006076975016880487
3 0.006076975016880487
8 0.0054017555705604325
2 0.0054017555705604325
0 0.004051316677920324
doc : 62
9 0.8796526054590571
7 0.02109181141439206
5 0.02109181141439206
6 0.019851116625310174
3 0.013647642679900745
2 0.009925558312655087
0 0.009925558312655087
4 0.008684863523573201
1 0.008684863523573201
8 0.007444168734491315
doc : 63
0 0.5817610062893082
2 0.14779874213836477
4 0.05660377358490566
8 0.04402515723270441
3 0.04402515723270441
1 0.031446540880503145
5 0.02830188679245283
9 0.025157232704402517
7 0.022012578616352203
6 0.01886792452830189
doc : 64
8 0.938953488372093
1 0.009302325581395349
7 0.00872093023255814
4 0.00813953488372093
3 0.007558139534883721
0 0.006395348837209302
9 0.005813953488372093
5 0.005813953488372093
2 0.005813953488372093
6 0.0034883720930232558
doc : 65
7 0.7908468776732249
6 0.16894781864841743
9 0.008126603934987169
5 0.006843455945252352
1 0.005988023952095808
3 0.005132591958939264
8 0.003849443969204448
4 0.003849443969204448
0 0.003849443969204448
2 0.002566295979469632
doc : 66
1 0.6858895705521473
4 0.22331288343558284
2 0.01717791411042945
0 0.015950920245398775
9 0.011042944785276074
6 0.011042944785276074
5 0.011042944785276074
7 0.008588957055214725
3 0.008588957055214725
8 0.00736196319018405
doc : 67
2 0.8243243243243243
8 0.02364864864864865
3 0.02364864864864865
4 0.02027027027027027
1 0.02027027027027027
0 0.02027027027027027
9 0.016891891891891893
7 0.016891891891891893
6 0.016891891891891893
5 0.016891891891891893
doc : 68
2 0.8203389830508474
0 0.02711864406779661
5 0.023728813559322035
1 0.023728813559322035
8 0.020338983050847456
9 0.01694915254237288
7 0.01694915254237288
6 0.01694915254237288
4 0.01694915254237288
3 0.01694915254237288
doc : 69
2 0.823728813559322
8 0.02711864406779661
4 0.023728813559322035
3 0.020338983050847456
1 0.020338983050847456
9 0.01694915254237288
7 0.01694915254237288
6 0.01694915254237288
5 0.01694915254237288
0 0.01694915254237288
doc : 70
2 0.8333333333333333
9 0.02040816326530612
8 0.02040816326530612
5 0.02040816326530612
4 0.02040816326530612
7 0.017006802721088433
6 0.017006802721088433
3 0.017006802721088433
1 0.017006802721088433
0 0.017006802721088433
doc : 71
2 0.8295081967213115
0 0.029508196721311476
9 0.019672131147540982
6 0.019672131147540982
5 0.019672131147540982
8 0.01639344262295082
7 0.01639344262295082
4 0.01639344262295082
3 0.01639344262295082
1 0.01639344262295082
doc : 72
7 0.5313415348564734
6 0.4302870533099004
4 0.006151142355008787
9 0.005565319273579379
8 0.00497949619214997
1 0.00497949619214997
2 0.0046865846514352666
5 0.004100761570005858
0 0.004100761570005858
3 0.003807850029291154
doc : 73
6 0.572280534351145
7 0.40219465648854963
9 0.004293893129770993
5 0.0040553435114503815
1 0.0040553435114503815
2 0.0033396946564885495
8 0.003101145038167939
3 0.0026240458015267176
0 0.002385496183206107
4 0.0016698473282442748
doc : 74
4 0.7891949152542372
1 0.13983050847457626
9 0.011652542372881356
5 0.01059322033898305
2 0.01059322033898305
0 0.009533898305084746
7 0.00847457627118644
8 0.007415254237288136
3 0.007415254237288136
6 0.005296610169491525
doc : 75
5 0.9192462987886945
9 0.019515477792732168
6 0.016150740242261104
2 0.010094212651413189
7 0.008748317631224765
3 0.008075370121130552
4 0.006056527590847914
8 0.004037685060565276
1 0.004037685060565276
0 0.004037685060565276
doc : 76
8 0.7297297297297297
9 0.046546546546546545
1 0.046546546546546545
5 0.036036036036036036
3 0.03303303303303303
6 0.03153153153153153
0 0.02702702702702703
7 0.024024024024024024
2 0.015015015015015015
4 0.01051051051051051
doc : 77
2 0.8175675675675677
9 0.02364864864864865
7 0.02364864864864865
5 0.02364864864864865
8 0.02027027027027027
3 0.02027027027027027
1 0.02027027027027027
6 0.016891891891891893
4 0.016891891891891893
0 0.016891891891891893
doc : 78
2 0.8338983050847457
5 0.023728813559322035
9 0.020338983050847456
0 0.020338983050847456
8 0.01694915254237288
7 0.01694915254237288
6 0.01694915254237288
4 0.01694915254237288
3 0.01694915254237288
1 0.01694915254237288
doc : 79
2 0.8209459459459459
0 0.02702702702702703
9 0.02364864864864865
4 0.02364864864864865
5 0.02027027027027027
8 0.016891891891891893
7 0.016891891891891893
6 0.016891891891891893
3 0.016891891891891893
1 0.016891891891891893
doc : 80
2 0.8284789644012945
3 0.025889967637540454
9 0.01941747572815534
8 0.01941747572815534
7 0.01941747572815534
4 0.01941747572815534
0 0.01941747572815534
6 0.016181229773462785
5 0.016181229773462785
1 0.016181229773462785
doc : 81
5 0.921885521885522
9 0.015488215488215488
6 0.01346801346801347
3 0.012121212121212121
2 0.009427609427609429
1 0.007407407407407408
7 0.006734006734006735
0 0.0053872053872053875
8 0.00404040404040404
4 0.00404040404040404
doc : 82
0 0.9013282732447818
5 0.013282732447817837
9 0.011385199240986717
8 0.011385199240986717
4 0.011385199240986717
3 0.011385199240986717
1 0.011385199240986717
7 0.009487666034155597
6 0.009487666034155597
2 0.009487666034155597
doc : 83
9 0.9068493150684931
5 0.019178082191780823
7 0.015525114155251141
6 0.010958904109589041
0 0.010958904109589041
2 0.00821917808219178
1 0.00821917808219178
8 0.0073059360730593605
4 0.00639269406392694
3 0.00639269406392694
doc : 84
9 0.851063829787234
6 0.06297872340425532
5 0.01872340425531915
3 0.015319148936170212
1 0.011063829787234043
0 0.011063829787234043
7 0.009361702127659575
2 0.007659574468085106
4 0.006808510638297872
8 0.005957446808510639
doc : 85
2 0.825938566552901
8 0.023890784982935155
4 0.020477815699658702
3 0.020477815699658702
1 0.020477815699658702
0 0.020477815699658702
9 0.017064846416382253
7 0.017064846416382253
6 0.017064846416382253
5 0.017064846416382253
doc : 86
2 0.8127090301003345
5 0.026755852842809364
3 0.026755852842809364
7 0.023411371237458192
4 0.023411371237458192
9 0.020066889632107024
8 0.016722408026755852
6 0.016722408026755852
1 0.016722408026755852
0 0.016722408026755852
doc : 87
2 0.8129251700680272
9 0.023809523809523808
5 0.023809523809523808
1 0.023809523809523808
0 0.023809523809523808
8 0.02040816326530612
4 0.02040816326530612
7 0.017006802721088433
6 0.017006802721088433
3 0.017006802721088433
doc : 88
2 0.7845659163987139
0 0.04180064308681672
3 0.028938906752411574
5 0.02572347266881029
6 0.022508038585209004
9 0.01929260450160772
8 0.01929260450160772
7 0.01929260450160772
4 0.01929260450160772
1 0.01929260450160772
doc : 89
2 0.7986798679867987
6 0.0297029702970297
5 0.0297029702970297
9 0.023102310231023104
4 0.023102310231023104
3 0.023102310231023104
8 0.019801980198019802
0 0.019801980198019802
7 0.0165016501650165
1 0.0165016501650165
doc : 90
1 0.9281092739036665
4 0.04493170381020849
6 0.004313443565780015
8 0.003953989935298346
0 0.0035945363048166786
3 0.003235082674335011
2 0.003235082674335011
9 0.002875629043853343
7 0.002875629043853343
5 0.002875629043853343
doc : 91
7 0.9025270758122744
6 0.04744713769984528
9 0.016503352243424446
5 0.007220216606498195
8 0.005673027333677153
3 0.005157297576070139
0 0.0046415678184631255
1 0.0041258380608561115
4 0.0036101083032490976
2 0.0030943785456420837
doc : 92
3 0.6836555360281195
9 0.12360867018160515
6 0.12185120093731693
5 0.019332161687170474
7 0.01698886936145284
8 0.008787346221441126
4 0.007029876977152899
2 0.006444053895723492
1 0.006444053895723492
0 0.005858230814294083
doc : 93
2 0.8054607508532423
3 0.034129692832764506
7 0.027303754266211604
9 0.020477815699658702
8 0.020477815699658702
5 0.020477815699658702
4 0.020477815699658702
6 0.017064846416382253
1 0.017064846416382253
0 0.017064846416382253
doc : 94
2 0.8310810810810811
7 0.02364864864864865
4 0.02027027027027027
3 0.02027027027027027
1 0.02027027027027027
9 0.016891891891891893
8 0.016891891891891893
6 0.016891891891891893
5 0.016891891891891893
0 0.016891891891891893
doc : 95
2 0.8355704697986577
7 0.02348993288590604
9 0.020134228187919462
4 0.020134228187919462
8 0.016778523489932886
6 0.016778523489932886
5 0.016778523489932886
3 0.016778523489932886
1 0.016778523489932886
0 0.016778523489932886
doc : 96
2 0.8122866894197952
0 0.030716723549488054
8 0.023890784982935155
9 0.020477815699658702
7 0.020477815699658702
5 0.020477815699658702
4 0.020477815699658702
6 0.017064846416382253
3 0.017064846416382253
1 0.017064846416382253
doc : 97
2 0.8163265306122449
7 0.03741496598639456
4 0.023809523809523808
5 0.02040816326530612
9 0.017006802721088433
8 0.017006802721088433
6 0.017006802721088433
3 0.017006802721088433
1 0.017006802721088433
0 0.017006802721088433
doc : 98
2 0.8156996587030717
6 0.023890784982935155
9 0.020477815699658702
8 0.020477815699658702
7 0.020477815699658702
5 0.020477815699658702
4 0.020477815699658702
3 0.020477815699658702
1 0.020477815699658702
0 0.017064846416382253
doc : 99
9 0.8589965397923875
6 0.07006920415224914
7 0.014705882352941176
3 0.009515570934256055
1 0.009515570934256055
5 0.00865051903114187
4 0.00865051903114187
8 0.006920415224913495
2 0.006920415224913495
0 0.006055363321799308
