doc : 0
6 0.18888888888888888
4 0.15555555555555556
1 0.14444444444444446
9 0.12222222222222223
2 0.1
5 0.07222222222222223
3 0.07222222222222223
8 0.05555555555555556
0 0.05
7 0.03888888888888889
doc : 1
1 0.7216494845360825
6 0.04810996563573883
5 0.041237113402061855
4 0.041237113402061855
2 0.030927835051546393
9 0.027491408934707903
7 0.027491408934707903
8 0.024054982817869414
3 0.020618556701030927
0 0.01718213058419244
doc : 2
1 0.8363636363636363
9 0.024242424242424242
6 0.024242424242424242
7 0.01818181818181818
3 0.01818181818181818
0 0.01818181818181818
8 0.015151515151515152
5 0.015151515151515152
4 0.015151515151515152
2 0.015151515151515152
doc : 3
1 0.8303030303030303
9 0.02727272727272727
4 0.02727272727272727
8 0.01818181818181818
7 0.01818181818181818
2 0.01818181818181818
6 0.015151515151515152
5 0.015151515151515152
3 0.015151515151515152
0 0.015151515151515152
doc : 4
1 0.8212121212121212
4 0.030303030303030304
9 0.024242424242424242
2 0.021212121212121213
7 0.01818181818181818
6 0.01818181818181818
3 0.01818181818181818
0 0.01818181818181818
8 0.015151515151515152
5 0.015151515151515152
doc : 5
1 0.8272727272727273
4 0.03333333333333333
7 0.021212121212121213
6 0.021212121212121213
9 0.01818181818181818
2 0.01818181818181818
8 0.015151515151515152
5 0.015151515151515152
3 0.015151515151515152
0 0.015151515151515152
doc : 6
3 0.3071428571428571
8 0.11428571428571428
6 0.11428571428571428
9 0.07857142857142857
2 0.07857142857142857
7 0.07142857142857142
5 0.07142857142857142
4 0.07142857142857142
1 0.05714285714285714
0 0.03571428571428571
doc : 7
1 0.2
3 0.16
4 0.112
8 0.10400000000000001
7 0.08
6 0.07200000000000001
5 0.07200000000000001
0 0.07200000000000001
9 0.064
2 0.064
doc : 8
3 0.24324324324324323
4 0.2072072072072072
2 0.14414414414414414
6 0.10810810810810811
1 0.06756756756756757
5 0.06306306306306306
9 0.04954954954954955
7 0.04954954954954955
0 0.04054054054054054
8 0.02702702702702703
doc : 9
2 0.5906976744186047
4 0.10232558139534884
9 0.05581395348837209
1 0.05581395348837209
5 0.046511627906976744
6 0.04186046511627907
8 0.027906976744186046
7 0.027906976744186046
3 0.027906976744186046
0 0.023255813953488372
doc : 10
1 0.8079268292682927
3 0.03048780487804878
5 0.027439024390243903
9 0.021341463414634148
4 0.021341463414634148
2 0.021341463414634148
7 0.01829268292682927
6 0.01829268292682927
0 0.01829268292682927
8 0.01524390243902439
doc : 11
1 0.8454545454545455
3 0.021212121212121213
0 0.021212121212121213
7 0.01818181818181818
2 0.01818181818181818
9 0.015151515151515152
8 0.015151515151515152
6 0.015151515151515152
5 0.015151515151515152
4 0.015151515151515152
doc : 12
1 0.8343949044585988
4 0.02229299363057325
9 0.019108280254777073
7 0.019108280254777073
6 0.019108280254777073
5 0.019108280254777073
3 0.019108280254777073
8 0.01592356687898089
2 0.01592356687898089
0 0.01592356687898089
doc : 13
1 0.8393939393939394
6 0.024242424242424242
4 0.021212121212121213
7 0.01818181818181818
5 0.01818181818181818
2 0.01818181818181818
9 0.015151515151515152
8 0.015151515151515152
3 0.015151515151515152
0 0.015151515151515152
doc : 14
1 0.8454545454545455
9 0.021212121212121213
6 0.021212121212121213
7 0.01818181818181818
2 0.01818181818181818
8 0.015151515151515152
5 0.015151515151515152
4 0.015151515151515152
3 0.015151515151515152
0 0.015151515151515152
doc : 15
1 0.8303030303030303
9 0.024242424242424242
8 0.021212121212121213
6 0.021212121212121213
7 0.01818181818181818
3 0.01818181818181818
2 0.01818181818181818
0 0.01818181818181818
5 0.015151515151515152
4 0.015151515151515152
doc : 16
1 0.8393939393939394
6 0.024242424242424242
4 0.021212121212121213
7 0.01818181818181818
5 0.01818181818181818
3 0.01818181818181818
9 0.015151515151515152
8 0.015151515151515152
2 0.015151515151515152
0 0.015151515151515152
doc : 17
1 0.8151515151515152
4 0.02727272727272727
6 0.024242424242424242
3 0.024242424242424242
2 0.024242424242424242
9 0.01818181818181818
7 0.01818181818181818
5 0.01818181818181818
8 0.015151515151515152
0 0.015151515151515152
doc : 18
1 0.8089171974522293
9 0.025477707006369428
4 0.025477707006369428
2 0.025477707006369428
3 0.02229299363057325
0 0.02229299363057325
7 0.019108280254777073
5 0.019108280254777073
8 0.01592356687898089
6 0.01592356687898089
doc : 19
1 0.8280254777070064
6 0.028662420382165606
7 0.02229299363057325
8 0.019108280254777073
4 0.019108280254777073
2 0.019108280254777073
9 0.01592356687898089
5 0.01592356687898089
3 0.01592356687898089
0 0.01592356687898089
doc : 20
1 0.8424242424242424
2 0.024242424242424242
9 0.01818181818181818
7 0.01818181818181818
4 0.01818181818181818
3 0.01818181818181818
8 0.015151515151515152
6 0.015151515151515152
5 0.015151515151515152
0 0.015151515151515152
doc : 21
1 0.8303030303030303
3 0.030303030303030304
2 0.024242424242424242
4 0.021212121212121213
7 0.01818181818181818
9 0.015151515151515152
8 0.015151515151515152
6 0.015151515151515152
5 0.015151515151515152
0 0.015151515151515152
doc : 22
1 0.821656050955414
4 0.038216560509554146
8 0.019108280254777073
7 0.019108280254777073
2 0.019108280254777073
0 0.019108280254777073
9 0.01592356687898089
6 0.01592356687898089
5 0.01592356687898089
3 0.01592356687898089
doc : 23
1 0.8424242424242424
6 0.021212121212121213
4 0.021212121212121213
7 0.01818181818181818
3 0.01818181818181818
2 0.01818181818181818
9 0.015151515151515152
8 0.015151515151515152
5 0.015151515151515152
0 0.015151515151515152
doc : 24
1 0.8121019108280255
4 0.038216560509554146
6 0.02229299363057325
2 0.02229299363057325
9 0.019108280254777073
7 0.019108280254777073
3 0.019108280254777073
8 0.01592356687898089
5 0.01592356687898089
0 0.01592356687898089
doc : 25
1 0.8384146341463415
5 0.024390243902439025
2 0.021341463414634148
7 0.01829268292682927
6 0.01829268292682927
3 0.01829268292682927
9 0.01524390243902439
8 0.01524390243902439
4 0.01524390243902439
0 0.01524390243902439
doc : 26
1 0.8445121951219513
9 0.01829268292682927
7 0.01829268292682927
5 0.01829268292682927
4 0.01829268292682927
2 0.01829268292682927
0 0.01829268292682927
8 0.01524390243902439
6 0.01524390243902439
3 0.01524390243902439
doc : 27
1 0.8323170731707318
4 0.027439024390243903
2 0.021341463414634148
7 0.01829268292682927
6 0.01829268292682927
3 0.01829268292682927
0 0.01829268292682927
9 0.01524390243902439
8 0.01524390243902439
5 0.01524390243902439
doc : 28
1 0.8384146341463415
2 0.024390243902439025
4 0.021341463414634148
7 0.01829268292682927
5 0.01829268292682927
3 0.01829268292682927
9 0.01524390243902439
8 0.01524390243902439
6 0.01524390243902439
0 0.01524390243902439
doc : 29
1 0.8184713375796179
4 0.028662420382165606
5 0.025477707006369428
9 0.019108280254777073
7 0.019108280254777073
6 0.019108280254777073
3 0.019108280254777073
2 0.019108280254777073
8 0.01592356687898089
0 0.01592356687898089
doc : 30
3 0.5188679245283019
4 0.08018867924528301
2 0.07547169811320754
0 0.0660377358490566
8 0.051886792452830184
6 0.051886792452830184
5 0.051886792452830184
9 0.03773584905660377
7 0.03773584905660377
1 0.02830188679245283
doc : 31
7 0.5970218706375059
8 0.1791530944625407
3 0.16891577477896697
6 0.014890646812470917
2 0.010702652396463471
9 0.006979990693345742
0 0.006979990693345742
4 0.006049325267566311
5 0.005583992554676594
1 0.0037226617031177293
doc : 32
2 0.717219589257504
0 0.052132701421800945
4 0.05055292259083728
5 0.044233807266982623
9 0.03949447077409163
1 0.03317535545023697
3 0.026856240126382307
8 0.014218009478672985
6 0.01263823064770932
7 0.009478672985781991
doc : 33
0 0.8112324492979719
5 0.0483619344773791
4 0.0265210608424337
9 0.0249609984399376
2 0.0187207488299532
8 0.015600624024960999
7 0.015600624024960999
3 0.014040561622464899
1 0.014040561622464899
6 0.0109204368174727
doc : 34
2 0.38697318007662834
1 0.24137931034482757
9 0.06513409961685823
4 0.05747126436781609
3 0.05747126436781609
5 0.053639846743295014
6 0.04980842911877394
0 0.038314176245210725
8 0.03065134099616858
7 0.019157088122605363
doc : 35
4 0.8626506024096386
6 0.02168674698795181
2 0.01927710843373494
7 0.016867469879518072
9 0.014457831325301207
3 0.014457831325301207
1 0.014457831325301207
8 0.012048192771084338
5 0.012048192771084338
0 0.012048192771084338
doc : 36
4 0.792332268370607
6 0.03194888178913738
7 0.02875399361022364
5 0.025559105431309903
1 0.025559105431309903
2 0.022364217252396165
9 0.019169329073482427
8 0.019169329073482427
3 0.019169329073482427
0 0.01597444089456869
doc : 37
5 0.78125
0 0.04769736842105263
6 0.03618421052631579
4 0.03453947368421052
2 0.029605263157894735
9 0.014802631578947368
7 0.014802631578947368
3 0.014802631578947368
1 0.014802631578947368
8 0.011513157894736841
doc : 38
2 0.6449579831932772
6 0.09663865546218486
9 0.05042016806722689
0 0.04831932773109243
4 0.04201680672268907
3 0.029411764705882353
5 0.0273109243697479
8 0.025210084033613446
7 0.025210084033613446
1 0.010504201680672268
doc : 39
6 0.5729166666666666
4 0.0798611111111111
9 0.06597222222222222
5 0.06597222222222222
0 0.05555555555555555
2 0.048611111111111105
7 0.03819444444444444
3 0.027777777777777776
1 0.027777777777777776
8 0.017361111111111112
doc : 40
9 0.7518910741301059
1 0.07261724659606657
4 0.039334341906202726
0 0.036308623298033284
2 0.027231467473524965
5 0.019667170953101363
7 0.013615733736762482
6 0.013615733736762482
3 0.013615733736762482
8 0.012102874432677761
doc : 41
6 0.7251655629139073
4 0.059602649006622516
1 0.033112582781456956
7 0.029801324503311258
3 0.029801324503311258
2 0.029801324503311258
9 0.026490066225165563
8 0.023178807947019868
0 0.023178807947019868
5 0.019867549668874173
doc : 42
5 0.6390728476821192
6 0.09768211920529801
4 0.076158940397351
1 0.06456953642384106
2 0.039735099337748346
0 0.023178807947019868
9 0.02152317880794702
8 0.019867549668874173
3 0.009933774834437087
7 0.008278145695364239
doc : 43
4 0.8357487922705313
6 0.02898550724637681
2 0.021739130434782608
1 0.01932367149758454
0 0.01932367149758454
8 0.016908212560386472
7 0.016908212560386472
9 0.014492753623188404
5 0.014492753623188404
3 0.012077294685990338
doc : 44
4 0.8541176470588234
6 0.021176470588235293
9 0.018823529411764704
5 0.018823529411764704
0 0.018823529411764704
7 0.016470588235294115
3 0.014117647058823528
2 0.014117647058823528
8 0.011764705882352941
1 0.011764705882352941
doc : 45
4 0.8650602409638555
9 0.01927710843373494
6 0.01927710843373494
8 0.014457831325301207
7 0.014457831325301207
2 0.014457831325301207
1 0.014457831325301207
0 0.014457831325301207
5 0.012048192771084338
3 0.012048192771084338
doc : 46
4 0.8688524590163934
7 0.01639344262295082
6 0.01639344262295082
1 0.01639344262295082
0 0.01639344262295082
9 0.01405152224824356
5 0.01405152224824356
3 0.01405152224824356
8 0.011709601873536299
2 0.011709601873536299
doc : 47
0 0.867003367003367
5 0.021885521885521883
1 0.0202020202020202
9 0.018518518518518517
6 0.016835016835016835
7 0.013468013468013467
2 0.013468013468013467
4 0.011784511784511785
8 0.008417508417508417
3 0.008417508417508417
doc : 48
4 0.8104265402843602
6 0.04265402843601896
9 0.03317535545023697
3 0.018957345971563982
7 0.016587677725118485
5 0.016587677725118485
2 0.016587677725118485
0 0.016587677725118485
8 0.014218009478672987
1 0.014218009478672987
doc : 49
0 0.8949771689497716
5 0.017123287671232876
4 0.014840182648401826
2 0.0136986301369863
9 0.012557077625570776
1 0.01141552511415525
7 0.010273972602739725
3 0.010273972602739725
8 0.007990867579908675
6 0.00684931506849315
