doc : 0
7 0.8916750250752257
9 0.07221664994984955
1 0.01053159478435306
8 0.004513540621865597
6 0.004513540621865597
2 0.004012036108324975
4 0.003510531594784353
0 0.003510531594784353
3 0.0030090270812437314
5 0.0025075225677031092
doc : 1
0 0.6858974358974359
8 0.09935897435897435
5 0.03205128205128205
1 0.03205128205128205
9 0.028846153846153844
4 0.028846153846153844
7 0.02564102564102564
6 0.02564102564102564
3 0.022435897435897436
2 0.019230769230769232
doc : 2
9 0.8108974358974359
1 0.05128205128205128
7 0.019230769230769232
3 0.019230769230769232
0 0.019230769230769232
8 0.016025641025641024
6 0.016025641025641024
5 0.016025641025641024
4 0.016025641025641024
2 0.016025641025641024
doc : 3
8 0.8007380073800737
0 0.033210332103321034
4 0.02952029520295203
7 0.02214022140221402
1 0.02214022140221402
9 0.01845018450184502
6 0.01845018450184502
5 0.01845018450184502
3 0.01845018450184502
2 0.01845018450184502
doc : 4
8 0.8091872791519434
1 0.028268551236749116
9 0.024734982332155476
4 0.024734982332155476
7 0.021201413427561835
3 0.021201413427561835
6 0.0176678445229682
5 0.0176678445229682
2 0.0176678445229682
0 0.0176678445229682
doc : 5
1 0.8531317494600432
9 0.047516198704103674
7 0.021598272138228944
4 0.012958963282937365
8 0.010799136069114472
6 0.010799136069114472
5 0.010799136069114472
3 0.010799136069114472
2 0.010799136069114472
0 0.010799136069114472
doc : 6
4 0.8732394366197184
1 0.019366197183098594
5 0.017605633802816902
0 0.017605633802816902
3 0.014084507042253521
2 0.014084507042253521
9 0.012323943661971832
8 0.012323943661971832
6 0.01056338028169014
7 0.008802816901408451
doc : 7
7 0.9109972041006523
9 0.053588070829450135
1 0.0097856477166822
3 0.0060577819198508855
6 0.004659832246039142
4 0.0032618825722274
0 0.0032618825722274
8 0.0027958993476234857
5 0.0027958993476234857
2 0.0027958993476234857
doc : 8
6 0.5765306122448979
1 0.09438775510204081
4 0.07653061224489795
0 0.0586734693877551
3 0.04846938775510204
8 0.04591836734693877
5 0.028061224489795915
9 0.02551020408163265
7 0.02551020408163265
2 0.02040816326530612
doc : 9
2 0.9072356215213359
9 0.011131725417439703
8 0.011131725417439703
7 0.011131725417439703
4 0.011131725417439703
0 0.011131725417439703
6 0.00927643784786642
5 0.00927643784786642
3 0.00927643784786642
1 0.00927643784786642
doc : 10
9 0.856
7 0.021333333333333333
1 0.021333333333333333
6 0.016
3 0.016
2 0.016
8 0.013333333333333332
5 0.013333333333333332
4 0.013333333333333332
0 0.013333333333333332
doc : 11
9 0.8413978494623656
1 0.03225806451612903
7 0.02688172043010753
2 0.01881720430107527
8 0.013440860215053765
6 0.013440860215053765
5 0.013440860215053765
4 0.013440860215053765
3 0.013440860215053765
0 0.013440860215053765
doc : 12
0 0.8533834586466165
8 0.020676691729323307
5 0.020676691729323307
4 0.020676691729323307
7 0.016917293233082706
9 0.015037593984962405
2 0.015037593984962405
1 0.015037593984962405
6 0.013157894736842105
3 0.009398496240601503
doc : 13
4 0.5585585585585585
7 0.06306306306306306
8 0.05405405405405406
3 0.05405405405405406
9 0.04504504504504504
6 0.04504504504504504
5 0.04504504504504504
2 0.04504504504504504
1 0.04504504504504504
0 0.04504504504504504
doc : 14
1 0.9088507265521797
9 0.023778071334214
4 0.011889035667107
7 0.009247027741083224
0 0.009247027741083224
8 0.007926023778071334
6 0.007926023778071334
3 0.007926023778071334
5 0.0066050198150594455
2 0.0066050198150594455
doc : 15
8 0.7965260545905707
0 0.05086848635235732
5 0.033498759305210915
6 0.022332506203473945
3 0.022332506203473945
4 0.018610421836228287
7 0.016129032258064516
1 0.016129032258064516
9 0.013647642679900745
2 0.009925558312655087
doc : 16
4 0.8735632183908046
2 0.016091954022988506
0 0.016091954022988506
9 0.013793103448275862
8 0.013793103448275862
7 0.013793103448275862
6 0.013793103448275862
3 0.013793103448275862
1 0.013793103448275862
5 0.011494252873563218
doc : 17
2 0.9800244598450877
0 0.0028536485935589076
6 0.0024459845087647777
3 0.0024459845087647777
9 0.0020383204239706482
8 0.0020383204239706482
7 0.0020383204239706482
5 0.0020383204239706482
4 0.0020383204239706482
1 0.0020383204239706482
doc : 18
6 0.6695652173913044
8 0.06376811594202898
0 0.05507246376811594
4 0.04057971014492753
2 0.04057971014492753
5 0.03188405797101449
3 0.028985507246376812
1 0.028985507246376812
9 0.02318840579710145
7 0.017391304347826087
doc : 19
8 0.7106227106227107
0 0.05860805860805861
5 0.03296703296703297
4 0.03296703296703297
9 0.029304029304029304
7 0.029304029304029304
6 0.029304029304029304
3 0.029304029304029304
2 0.02564102564102564
1 0.021978021978021976
doc : 20
4 0.7730769230769231
7 0.03076923076923077
5 0.03076923076923077
8 0.026923076923076925
3 0.026923076923076925
6 0.023076923076923078
2 0.023076923076923078
1 0.023076923076923078
0 0.023076923076923078
9 0.019230769230769232
doc : 21
3 0.6477900552486188
8 0.07458563535911603
6 0.0649171270718232
0 0.058011049723756904
1 0.03867403314917127
5 0.03729281767955801
9 0.024861878453038673
7 0.024861878453038673
4 0.019337016574585635
2 0.009668508287292817
doc : 22
4 0.6744186046511628
8 0.08837209302325581
1 0.04186046511627907
5 0.03255813953488372
3 0.03255813953488372
9 0.027906976744186046
7 0.027906976744186046
6 0.027906976744186046
2 0.023255813953488372
0 0.023255813953488372
doc : 23
4 0.7777777777777778
8 0.02962962962962963
9 0.02592592592592593
6 0.02592592592592593
5 0.02592592592592593
1 0.02592592592592593
0 0.02592592592592593
7 0.022222222222222223
3 0.022222222222222223
2 0.018518518518518517
doc : 24
8 0.8034398034398034
5 0.06142506142506143
0 0.036855036855036855
4 0.02334152334152334
2 0.020884520884520884
9 0.013513513513513513
1 0.012285012285012284
6 0.011056511056511056
7 0.0085995085995086
3 0.0085995085995086
doc : 25
4 0.7794117647058824
1 0.04779411764705882
9 0.029411764705882353
8 0.029411764705882353
6 0.022058823529411763
7 0.01838235294117647
5 0.01838235294117647
3 0.01838235294117647
2 0.01838235294117647
0 0.01838235294117647
doc : 26
2 0.9221374045801527
8 0.010687022900763359
3 0.010687022900763359
9 0.00916030534351145
4 0.00916030534351145
7 0.007633587786259542
6 0.007633587786259542
5 0.007633587786259542
1 0.007633587786259542
0 0.007633587786259542
doc : 27
2 0.9652173913043478
9 0.004347826086956522
8 0.004347826086956522
1 0.004347826086956522
7 0.0036231884057971015
6 0.0036231884057971015
5 0.0036231884057971015
4 0.0036231884057971015
3 0.0036231884057971015
0 0.0036231884057971015
doc : 28
0 0.5886850152905199
8 0.22324159021406728
5 0.07339449541284404
4 0.02599388379204893
6 0.019877675840978593
3 0.019877675840978593
7 0.016819571865443424
9 0.012232415902140673
1 0.012232415902140673
2 0.00764525993883792
doc : 29
6 0.8475336322869955
4 0.04185351270553064
0 0.017937219730941704
3 0.016442451420029897
9 0.014947683109118088
8 0.014947683109118088
7 0.013452914798206279
5 0.013452914798206279
1 0.01195814648729447
2 0.007473841554559044
doc : 30
8 0.7004341534008682
0 0.14905933429811866
3 0.03183791606367583
6 0.02460202604920405
4 0.02460202604920405
5 0.020260492040520984
7 0.01447178002894356
1 0.01447178002894356
9 0.013024602026049202
2 0.00723589001447178
doc : 31
5 0.9278131634819533
3 0.01592356687898089
4 0.012738853503184714
0 0.011146496815286623
8 0.0074309978768577496
9 0.006369426751592357
6 0.00583864118895966
7 0.005307855626326964
1 0.004777070063694267
2 0.002653927813163482
doc : 32
1 0.879182156133829
9 0.03531598513011152
7 0.013011152416356878
6 0.013011152416356878
3 0.011152416356877323
2 0.011152416356877323
8 0.009293680297397768
5 0.009293680297397768
4 0.009293680297397768
0 0.009293680297397768
doc : 33
3 0.8731665228645384
6 0.03796376186367558
4 0.020707506471095774
8 0.013805004314063849
2 0.013805004314063849
1 0.010353753235547887
5 0.008628127696289905
0 0.008628127696289905
7 0.006902502157031924
9 0.0060396893874029335
doc : 34
3 0.8048211508553654
1 0.04432348367029549
4 0.03188180404354588
0 0.030326594090202177
8 0.028771384136858476
6 0.02255054432348367
9 0.014774494556765163
7 0.008553654743390357
5 0.008553654743390357
2 0.005443234836702955
doc : 35
2 0.970356926799758
9 0.0036297640653357535
6 0.0036297640653357535
5 0.0036297640653357535
0 0.0036297640653357535
8 0.0030248033877797948
7 0.0030248033877797948
4 0.0030248033877797948
3 0.0030248033877797948
1 0.0030248033877797948
doc : 36
2 0.9740932642487048
9 0.0028785261945883708
8 0.0028785261945883708
7 0.0028785261945883708
6 0.0028785261945883708
5 0.0028785261945883708
4 0.0028785261945883708
3 0.0028785261945883708
1 0.0028785261945883708
0 0.0028785261945883708
doc : 37
0 0.8335570469798658
8 0.05771812080536912
5 0.028187919463087248
4 0.022818791946308724
9 0.012080536912751677
3 0.012080536912751677
6 0.009395973154362415
7 0.008053691275167784
2 0.008053691275167784
1 0.008053691275167784
doc : 38
1 0.8796844181459567
9 0.03353057199211046
7 0.013806706114398423
6 0.01183431952662722
3 0.01183431952662722
8 0.009861932938856016
5 0.009861932938856016
4 0.009861932938856016
2 0.009861932938856016
0 0.009861932938856016
doc : 39
5 0.8222543352601156
8 0.03757225433526011
0 0.03757225433526011
4 0.033236994219653176
6 0.017341040462427744
9 0.011560693641618497
3 0.011560693641618497
1 0.011560693641618497
7 0.008670520231213872
2 0.008670520231213872
doc : 40
5 0.8824771287825475
8 0.05700211118930331
0 0.018296973961998593
7 0.00844475721323012
4 0.007741027445460943
3 0.007037297677691766
9 0.005629838142153413
6 0.0049261083743842365
2 0.00422237860661506
1 0.00422237860661506
doc : 41
6 0.5778781038374717
8 0.1399548532731377
5 0.07449209932279909
0 0.0564334085778781
9 0.04514672686230248
3 0.03386004514672686
1 0.02257336343115124
4 0.01805869074492099
7 0.015801354401805866
2 0.015801354401805866
doc : 42
6 0.871822033898305
3 0.022245762711864406
1 0.022245762711864406
9 0.018008474576271187
0 0.01694915254237288
7 0.014830508474576272
4 0.013771186440677966
8 0.00847457627118644
2 0.006355932203389831
5 0.005296610169491525
doc : 43
9 0.8534031413612566
1 0.03141361256544503
7 0.02356020942408377
8 0.013089005235602094
6 0.013089005235602094
5 0.013089005235602094
4 0.013089005235602094
3 0.013089005235602094
2 0.013089005235602094
0 0.013089005235602094
doc : 44
9 0.825974025974026
1 0.04935064935064935
6 0.023376623376623377
7 0.02077922077922078
2 0.015584415584415584
8 0.012987012987012988
5 0.012987012987012988
4 0.012987012987012988
3 0.012987012987012988
0 0.012987012987012988
doc : 45
1 0.8840579710144928
9 0.037037037037037035
7 0.01288244766505636
8 0.011272141706924315
6 0.011272141706924315
0 0.011272141706924315
5 0.008051529790660225
4 0.008051529790660225
3 0.008051529790660225
2 0.008051529790660225
doc : 46
1 0.8977695167286245
9 0.018587360594795536
7 0.013011152416356878
8 0.011152416356877323
4 0.011152416356877323
3 0.011152416356877323
6 0.009293680297397768
5 0.009293680297397768
2 0.009293680297397768
0 0.009293680297397768
doc : 47
4 0.7880690737833596
0 0.03453689167974883
1 0.029827315541601257
9 0.02511773940345369
7 0.02511773940345369
6 0.02197802197802198
3 0.02197802197802198
2 0.01883830455259027
8 0.017268445839874413
5 0.017268445839874413
doc : 48
9 0.8435897435897436
1 0.038461538461538464
7 0.015384615384615385
6 0.015384615384615385
5 0.015384615384615385
4 0.015384615384615385
2 0.015384615384615385
0 0.015384615384615385
8 0.01282051282051282
3 0.01282051282051282
doc : 49
9 0.8224852071005917
1 0.04142011834319526
7 0.026627218934911243
3 0.01775147928994083
0 0.01775147928994083
8 0.014792899408284023
6 0.014792899408284023
5 0.014792899408284023
4 0.014792899408284023
2 0.014792899408284023
