doc : 0
8 0.4069767441860465
2 0.08139534883720931
1 0.08139534883720931
9 0.06976744186046512
6 0.06976744186046512
7 0.05813953488372093
5 0.05813953488372093
4 0.05813953488372093
3 0.05813953488372093
0 0.05813953488372093
doc : 1
0 0.89419795221843
2 0.015358361774744027
1 0.015358361774744027
7 0.011945392491467578
6 0.011945392491467578
4 0.011945392491467578
3 0.011945392491467578
9 0.010238907849829351
8 0.008532423208191127
5 0.008532423208191127
doc : 2
6 0.8516624040920717
3 0.025575447570332484
4 0.020460358056265986
1 0.01790281329923274
0 0.01790281329923274
2 0.015345268542199489
9 0.012787723785166242
8 0.012787723785166242
7 0.012787723785166242
5 0.012787723785166242
doc : 3
4 0.9631901840490797
6 0.0075507314771118455
7 0.004719207173194903
5 0.004719207173194903
8 0.004247286455875413
2 0.0037753657385559227
0 0.0037753657385559227
9 0.0033034450212364322
3 0.0023596035865974517
1 0.0023596035865974517
doc : 4
9 0.6688000000000001
3 0.29760000000000003
7 0.0064
1 0.005866666666666667
4 0.0048000000000000004
6 0.004266666666666667
2 0.0037333333333333333
0 0.0032
8 0.002666666666666667
5 0.002666666666666667
doc : 5
7 0.7295918367346939
4 0.04081632653061224
2 0.03571428571428571
1 0.03571428571428571
6 0.030612244897959183
9 0.02551020408163265
8 0.02551020408163265
5 0.02551020408163265
3 0.02551020408163265
0 0.02551020408163265
doc : 6
7 0.7448979591836734
4 0.04591836734693877
5 0.030612244897959183
9 0.02551020408163265
8 0.02551020408163265
6 0.02551020408163265
3 0.02551020408163265
2 0.02551020408163265
1 0.02551020408163265
0 0.02551020408163265
doc : 7
7 0.3112244897959183
5 0.1683673469387755
3 0.12244897959183673
2 0.10714285714285714
6 0.061224489795918366
1 0.061224489795918366
4 0.05612244897959183
8 0.0510204081632653
9 0.030612244897959183
0 0.030612244897959183
doc : 8
2 0.2661290322580645
7 0.16129032258064516
1 0.12903225806451613
4 0.12096774193548387
6 0.07258064516129031
8 0.056451612903225805
5 0.056451612903225805
9 0.04838709677419355
3 0.04838709677419355
0 0.04032258064516129
doc : 9
1 0.7681970884658454
5 0.0425531914893617
3 0.03807390817469205
4 0.0335946248600224
9 0.027995520716685332
7 0.02687569988801792
8 0.023516237402015677
2 0.01791713325867861
0 0.012318029115341545
6 0.008958566629339306
doc : 10
9 0.6150121065375302
3 0.30121065375302664
2 0.02953995157384988
7 0.013075060532687652
6 0.013075060532687652
8 0.00774818401937046
5 0.005811138014527845
1 0.005326876513317191
4 0.004842615012106538
0 0.0043583535108958835
doc : 11
2 0.8073630136986301
5 0.0351027397260274
3 0.031678082191780824
1 0.028253424657534245
6 0.02482876712328767
9 0.023116438356164382
7 0.016267123287671232
4 0.014554794520547944
0 0.012842465753424657
8 0.0059931506849315065
doc : 12
2 0.8029953917050692
7 0.06682027649769585
9 0.027649769585253454
8 0.01728110599078341
1 0.01728110599078341
6 0.016129032258064516
4 0.016129032258064516
0 0.012672811059907835
5 0.01152073732718894
3 0.01152073732718894
doc : 13
8 0.66
5 0.04666666666666667
9 0.04
6 0.04
4 0.04
3 0.04
7 0.03333333333333333
2 0.03333333333333333
1 0.03333333333333333
0 0.03333333333333333
doc : 14
9 0.6693333333333333
3 0.2992
7 0.005866666666666667
2 0.0048000000000000004
1 0.0048000000000000004
5 0.0037333333333333333
4 0.0037333333333333333
8 0.0032
6 0.002666666666666667
0 0.002666666666666667
doc : 15
7 0.7397959183673469
5 0.03571428571428571
8 0.030612244897959183
6 0.030612244897959183
4 0.030612244897959183
3 0.030612244897959183
9 0.02551020408163265
2 0.02551020408163265
1 0.02551020408163265
0 0.02551020408163265
doc : 16
8 0.43023255813953487
7 0.08139534883720931
2 0.06976744186046512
1 0.06976744186046512
9 0.05813953488372093
6 0.05813953488372093
5 0.05813953488372093
4 0.05813953488372093
3 0.05813953488372093
0 0.05813953488372093
doc : 17
0 0.8959044368600683
4 0.01877133105802048
1 0.015358361774744027
8 0.011945392491467578
7 0.011945392491467578
3 0.011945392491467578
9 0.008532423208191127
6 0.008532423208191127
5 0.008532423208191127
2 0.008532423208191127
doc : 18
6 0.8593350383631714
4 0.023017902813299233
9 0.01790281329923274
7 0.015345268542199489
5 0.015345268542199489
2 0.015345268542199489
1 0.015345268542199489
8 0.012787723785166242
3 0.012787723785166242
0 0.012787723785166242
doc : 19
4 0.9622980251346499
7 0.0067324955116696596
6 0.004937163375224417
3 0.004937163375224417
9 0.004488330341113106
2 0.004039497307001795
1 0.003590664272890485
0 0.003590664272890485
5 0.0031418312387791743
8 0.002244165170556553
doc : 20
7 0.7193877551020408
4 0.04081632653061224
1 0.04081632653061224
3 0.03571428571428571
9 0.030612244897959183
8 0.030612244897959183
6 0.02551020408163265
5 0.02551020408163265
2 0.02551020408163265
0 0.02551020408163265
doc : 21
9 0.6762666666666667
3 0.29173333333333334
4 0.005333333333333334
8 0.0048000000000000004
7 0.004266666666666667
5 0.004266666666666667
1 0.0037333333333333333
6 0.0032
2 0.0032
0 0.0032
doc : 22
1 0.8305084745762712
3 0.0423728813559322
5 0.023305084745762712
2 0.022245762711864406
8 0.018008474576271187
7 0.01694915254237288
9 0.015889830508474576
4 0.012711864406779662
0 0.009533898305084746
6 0.00847457627118644
doc : 23
1 0.8464467005076142
7 0.031725888324873094
4 0.021573604060913704
9 0.017766497461928932
5 0.016497461928934008
3 0.015228426395939085
8 0.013959390862944161
6 0.013959390862944161
2 0.013959390862944161
0 0.008883248730964466
doc : 24
1 0.791970802919708
3 0.040145985401459854
5 0.031630170316301706
2 0.027980535279805353
9 0.025547445255474453
6 0.024330900243309004
4 0.018248175182481754
0 0.014598540145985401
8 0.013381995133819952
7 0.012165450121654502
doc : 25
7 0.641552511415525
9 0.07990867579908675
6 0.0639269406392694
2 0.05707762557077625
4 0.04337899543378995
3 0.03881278538812785
1 0.02511415525114155
8 0.02054794520547945
0 0.0182648401826484
5 0.01141552511415525
doc : 26
7 0.3285714285714286
5 0.16666666666666669
3 0.1
2 0.09523809523809525
9 0.0761904761904762
4 0.07142857142857144
8 0.05238095238095239
1 0.04285714285714286
6 0.0380952380952381
0 0.028571428571428574
doc : 27
7 0.38095238095238093
4 0.10317460317460317
2 0.09523809523809523
3 0.09126984126984126
5 0.08333333333333333
1 0.06349206349206349
8 0.051587301587301584
0 0.051587301587301584
6 0.04365079365079365
9 0.03571428571428571
doc : 28
2 0.3807829181494662
7 0.2918149466192171
8 0.05693950177935943
6 0.05693950177935943
5 0.05338078291814946
3 0.042704626334519574
1 0.042704626334519574
9 0.028469750889679714
0 0.02491103202846975
4 0.021352313167259787
doc : 29
7 0.7193877551020408
4 0.04081632653061224
3 0.03571428571428571
2 0.03571428571428571
9 0.030612244897959183
8 0.030612244897959183
6 0.030612244897959183
5 0.02551020408163265
1 0.02551020408163265
0 0.02551020408163265
doc : 30
9 0.6698666666666667
3 0.29653333333333337
4 0.007466666666666667
1 0.0048000000000000004
7 0.004266666666666667
6 0.004266666666666667
0 0.0037333333333333333
5 0.0032
2 0.0032
8 0.002666666666666667
doc : 31
6 0.8542199488491049
4 0.02813299232736573
9 0.01790281329923274
7 0.01790281329923274
1 0.015345268542199489
0 0.015345268542199489
8 0.012787723785166242
5 0.012787723785166242
3 0.012787723785166242
2 0.012787723785166242
doc : 32
4 0.9508116084604032
7 0.010329562223315297
6 0.008853910477127398
3 0.007870142646335464
1 0.005410723069355632
8 0.0034431874077717655
5 0.0034431874077717655
2 0.0034431874077717655
0 0.0034431874077717655
9 0.002951303492375799
doc : 33
8 0.3616161616161616
3 0.17373737373737375
6 0.13737373737373737
0 0.0808080808080808
4 0.07676767676767676
2 0.05454545454545454
7 0.046464646464646465
9 0.030303030303030304
5 0.022222222222222223
1 0.01616161616161616
doc : 34
8 0.6653696498054474
4 0.09922178988326849
0 0.06420233463035019
6 0.042801556420233464
1 0.029182879377431907
9 0.023346303501945526
5 0.023346303501945526
7 0.019455252918287938
2 0.017509727626459144
3 0.01556420233463035
doc : 35
9 0.6672
3 0.2869333333333334
8 0.007466666666666667
2 0.0064
1 0.0064
0 0.005866666666666667
7 0.005333333333333334
6 0.0048000000000000004
5 0.0048000000000000004
4 0.0048000000000000004
doc : 36
7 0.7142857142857142
8 0.04081632653061224
6 0.03571428571428571
4 0.03571428571428571
1 0.03571428571428571
9 0.030612244897959183
2 0.030612244897959183
5 0.02551020408163265
3 0.02551020408163265
0 0.02551020408163265
doc : 37
8 0.41860465116279066
1 0.08139534883720931
9 0.06976744186046512
7 0.06976744186046512
2 0.06976744186046512
6 0.05813953488372093
5 0.05813953488372093
4 0.05813953488372093
3 0.05813953488372093
0 0.05813953488372093
doc : 38
0 0.89419795221843
6 0.015358361774744027
4 0.015358361774744027
3 0.013651877133105802
7 0.011945392491467578
1 0.011945392491467578
9 0.010238907849829351
2 0.010238907849829351
8 0.008532423208191127
5 0.008532423208191127
doc : 39
1 0.8161209068010076
7 0.054156171284634756
5 0.036523929471032744
2 0.02392947103274559
6 0.013853904282115869
3 0.012594458438287152
9 0.011335012594458438
8 0.011335012594458438
0 0.011335012594458438
4 0.008816120906801008
doc : 40
1 0.8599537037037036
3 0.028935185185185182
7 0.02199074074074074
9 0.019675925925925923
5 0.017361111111111112
8 0.013888888888888888
2 0.01273148148148148
4 0.009259259259259259
6 0.008101851851851851
0 0.008101851851851851
doc : 41
1 0.8284960422163589
7 0.027704485488126648
3 0.027704485488126648
6 0.025065963060686015
2 0.021108179419525065
9 0.018469656992084433
5 0.017150395778364115
8 0.013192612137203165
4 0.011873350923482849
0 0.009234828496042216
doc : 42
8 0.6466666666666667
1 0.04666666666666667
9 0.04
7 0.04
6 0.04
4 0.04
3 0.04
0 0.04
5 0.03333333333333333
2 0.03333333333333333
doc : 43
5 0.8244028405422853
3 0.04131697869593286
8 0.03163331181407359
7 0.025823111684958037
9 0.019367333763718526
2 0.01484828921885087
1 0.01484828921885087
4 0.011620400258231117
6 0.009683666881859263
0 0.006455777921239509
doc : 44
9 0.6688000000000001
3 0.29386666666666666
7 0.008
4 0.008
2 0.004266666666666667
1 0.004266666666666667
8 0.0037333333333333333
6 0.0032
5 0.0032
0 0.002666666666666667
doc : 45
7 0.7295918367346939
4 0.04591836734693877
3 0.03571428571428571
2 0.03571428571428571
9 0.02551020408163265
8 0.02551020408163265
6 0.02551020408163265
5 0.02551020408163265
1 0.02551020408163265
0 0.02551020408163265
doc : 46
8 0.4418604651162791
6 0.08139534883720931
7 0.06976744186046512
9 0.05813953488372093
5 0.05813953488372093
4 0.05813953488372093
3 0.05813953488372093
2 0.05813953488372093
1 0.05813953488372093
0 0.05813953488372093
doc : 47
0 0.8873720136518771
4 0.020477815699658702
7 0.017064846416382253
3 0.015358361774744027
8 0.011945392491467578
5 0.010238907849829351
2 0.010238907849829351
1 0.010238907849829351
9 0.008532423208191127
6 0.008532423208191127
doc : 48
6 0.8567774936061382
4 0.023017902813299233
2 0.023017902813299233
7 0.015345268542199489
3 0.015345268542199489
0 0.015345268542199489
9 0.012787723785166242
8 0.012787723785166242
5 0.012787723785166242
1 0.012787723785166242
doc : 49
7 0.7193877551020408
8 0.03571428571428571
6 0.03571428571428571
4 0.03571428571428571
3 0.03571428571428571
9 0.030612244897959183
1 0.030612244897959183
5 0.02551020408163265
2 0.02551020408163265
0 0.02551020408163265
