doc : 0
8 0.19148936170212766
3 0.1276595744680851
7 0.11702127659574468
9 0.10638297872340426
6 0.10638297872340426
0 0.10638297872340426
4 0.0851063829787234
5 0.05319148936170213
2 0.05319148936170213
1 0.05319148936170213
doc : 1
9 0.7719885277246654
3 0.16873804971319312
2 0.022466539196940725
1 0.011950286806883365
6 0.005258126195028681
5 0.004302103250478011
0 0.004302103250478011
8 0.0038240917782026767
7 0.0038240917782026767
4 0.003346080305927342
doc : 2
3 0.6878650227125243
9 0.2680077871512005
5 0.007138221933809214
6 0.006489292667099286
2 0.006489292667099286
4 0.005840363400389357
1 0.005191434133679429
8 0.0045425048669695
0 0.0045425048669695
7 0.0038935756002595715
doc : 3
6 0.8296593186372746
2 0.06991761300378535
9 0.04431084391004231
8 0.012024048096192385
3 0.011356045424181697
5 0.008238699621465152
7 0.007793364506791361
4 0.005789356490759297
0 0.005789356490759297
1 0.005121353818748608
doc : 4
0 0.6470588235294118
8 0.10130718954248366
9 0.04575163398692811
6 0.042483660130718956
1 0.03594771241830066
7 0.029411764705882353
5 0.029411764705882353
2 0.029411764705882353
4 0.022875816993464054
3 0.016339869281045753
doc : 5
4 0.681650700073692
9 0.1451731761238025
2 0.06484893146647015
7 0.023581429624170966
8 0.020633750921149593
1 0.019896831245394254
5 0.01915991156963891
6 0.009579955784819455
3 0.008106116433308769
0 0.007369196757553427
doc : 6
9 0.5460446247464503
3 0.3103448275862069
2 0.10060851926977687
7 0.012981744421906694
0 0.006896551724137931
8 0.006085192697768763
5 0.005679513184584178
4 0.004462474645030426
1 0.0036511156186612576
6 0.0032454361054766734
doc : 7
0 0.5826086956521739
9 0.14130434782608695
2 0.06956521739130435
1 0.041304347826086954
6 0.0391304347826087
4 0.034782608695652174
3 0.030434782608695653
8 0.02826086956521739
7 0.017391304347826087
5 0.015217391304347827
doc : 8
1 0.794407894736842
9 0.0625
2 0.044407894736842105
0 0.021381578947368418
7 0.01644736842105263
6 0.01644736842105263
8 0.014802631578947368
4 0.011513157894736841
3 0.009868421052631578
5 0.008223684210526315
doc : 9
0 0.9473156046161565
1 0.009031610637230306
9 0.008028098344204716
8 0.007526342197691921
2 0.007024586051179126
5 0.006522829904666331
7 0.004014049172102358
3 0.004014049172102358
4 0.003512293025589563
6 0.0030105368790767683
doc : 10
6 0.9080717488789237
8 0.017937219730941704
5 0.013452914798206279
0 0.011210762331838564
4 0.010089686098654708
2 0.010089686098654708
9 0.007847533632286996
3 0.007847533632286996
1 0.007847533632286996
7 0.005605381165919282
doc : 11
8 0.8097777777777778
0 0.10577777777777778
1 0.01688888888888889
4 0.014222222222222223
2 0.011555555555555557
7 0.009777777777777778
6 0.008888888888888889
5 0.008888888888888889
9 0.008
3 0.006222222222222223
doc : 12
0 0.719188767550702
9 0.060842433697347896
8 0.0499219968798752
2 0.0483619344773791
7 0.0343213728549142
1 0.0249609984399376
6 0.0202808112324493
4 0.0187207488299532
3 0.015600624024960999
5 0.0078003120124804995
doc : 13
1 0.7927631578947368
9 0.04769736842105263
2 0.046052631578947366
6 0.024671052631578948
4 0.024671052631578948
0 0.019736842105263157
7 0.01644736842105263
8 0.009868421052631578
3 0.009868421052631578
5 0.008223684210526315
doc : 14
7 0.3026706231454006
9 0.15727002967359052
0 0.1543026706231454
6 0.09495548961424333
2 0.09495548961424333
8 0.06231454005934718
5 0.03857566765578635
4 0.03857566765578635
1 0.03857566765578635
3 0.017804154302670624
doc : 15
4 0.8805815160955348
5 0.033229491173416406
7 0.017653167185877467
9 0.012461059190031152
8 0.012461059190031152
1 0.010384215991692626
6 0.008307372793354102
3 0.008307372793354102
2 0.008307372793354102
0 0.008307372793354102
doc : 16
5 0.8613861386138614
3 0.024752475247524754
2 0.017326732673267328
9 0.01485148514851485
6 0.01485148514851485
4 0.01485148514851485
0 0.01485148514851485
8 0.012376237623762377
7 0.012376237623762377
1 0.012376237623762377
doc : 17
5 0.8688118811881188
9 0.017326732673267328
0 0.017326732673267328
8 0.01485148514851485
7 0.01485148514851485
2 0.01485148514851485
1 0.01485148514851485
6 0.012376237623762377
4 0.012376237623762377
3 0.012376237623762377
doc : 18
5 0.864321608040201
9 0.022613065326633167
0 0.020100502512562814
2 0.017587939698492462
8 0.01256281407035176
7 0.01256281407035176
6 0.01256281407035176
4 0.01256281407035176
3 0.01256281407035176
1 0.01256281407035176
doc : 19
5 0.828978622327791
8 0.028503562945368172
7 0.023752969121140145
6 0.023752969121140145
2 0.02137767220902613
9 0.0166270783847981
1 0.0166270783847981
0 0.0166270783847981
4 0.011876484560570073
3 0.011876484560570073
doc : 20
4 0.7387978142076502
7 0.07431693989071038
1 0.04480874316939891
2 0.039344262295081964
8 0.03879781420765027
0 0.022950819672131147
9 0.018579234972677595
6 0.01092896174863388
3 0.007103825136612021
5 0.004371584699453552
doc : 21
2 0.9102462271644162
9 0.03441885093989939
1 0.019592268996558117
4 0.007413290971670638
8 0.006089489012443739
7 0.006089489012443739
5 0.006089489012443739
3 0.004500926661371459
6 0.003706645485835319
0 0.0018533227429176596
doc : 22
8 0.813664596273292
5 0.04968944099378882
0 0.026915113871635612
2 0.02484472049689441
3 0.020703933747412008
9 0.014492753623188408
4 0.014492753623188408
7 0.012422360248447206
6 0.012422360248447206
1 0.010351966873706004
doc : 23
5 0.8454106280193237
7 0.03140096618357488
4 0.016908212560386472
2 0.016908212560386472
1 0.016908212560386472
0 0.016908212560386472
8 0.014492753623188404
6 0.014492753623188404
3 0.014492753623188404
9 0.012077294685990338
doc : 24
5 0.854066985645933
8 0.023923444976076555
7 0.023923444976076555
9 0.01674641148325359
3 0.01674641148325359
1 0.014354066985645932
0 0.014354066985645932
6 0.011961722488038277
4 0.011961722488038277
2 0.011961722488038277
doc : 25
5 0.8615751789976134
9 0.021479713603818618
2 0.021479713603818618
0 0.016706443914081145
8 0.014319809069212411
6 0.014319809069212411
1 0.014319809069212411
7 0.011933174224343677
4 0.011933174224343677
3 0.011933174224343677
doc : 26
9 0.6129837702871411
3 0.24094881398252185
2 0.03870162297128589
6 0.024968789013732832
4 0.016229712858926344
0 0.016229712858926344
7 0.01373283395755306
8 0.012484394506866416
5 0.012484394506866416
1 0.011235955056179775
doc : 27
7 0.7711053089643167
2 0.17972149695387293
8 0.01000870322019147
9 0.009138381201044387
6 0.006527415143603133
1 0.006527415143603133
0 0.006527415143603133
5 0.0034812880765883376
4 0.0034812880765883376
3 0.0034812880765883376
doc : 28
0 0.626
7 0.124
9 0.068
8 0.036000000000000004
3 0.03
1 0.03
2 0.026000000000000002
6 0.024
5 0.018000000000000002
4 0.018000000000000002
doc : 29
3 0.9287769784172663
9 0.020143884892086333
1 0.00935251798561151
4 0.008633093525179856
6 0.007913669064748202
5 0.007913669064748202
7 0.005035971223021583
2 0.004316546762589928
0 0.004316546762589928
8 0.0035971223021582736
doc : 30
9 0.4830659536541889
3 0.4572192513368984
7 0.0106951871657754
4 0.00980392156862745
6 0.00802139037433155
8 0.0071301247771836
1 0.0071301247771836
5 0.006238859180035651
0 0.006238859180035651
2 0.00445632798573975
doc : 31
2 0.6352101506740682
1 0.2656621728786677
0 0.03330689928628073
6 0.01506740681998414
7 0.014274385408406027
4 0.011102299762093577
8 0.007930214115781126
9 0.006344171292624901
5 0.006344171292624901
3 0.004758128469468676
doc : 32
1 0.8153846153846154
0 0.07076923076923076
8 0.021538461538461538
2 0.02
7 0.016923076923076923
4 0.013846153846153847
9 0.012307692307692308
3 0.010769230769230769
6 0.00923076923076923
5 0.00923076923076923
doc : 33
5 0.8646080760095012
4 0.019002375296912115
8 0.0166270783847981
6 0.0166270783847981
3 0.0166270783847981
9 0.014251781472684086
7 0.014251781472684086
2 0.014251781472684086
1 0.011876484560570073
0 0.011876484560570073
doc : 34
5 0.8011811023622047
2 0.047244094488188976
1 0.033464566929133854
7 0.025590551181102362
8 0.017716535433070866
3 0.017716535433070866
0 0.017716535433070866
4 0.015748031496062992
6 0.013779527559055118
9 0.00984251968503937
doc : 35
5 0.8432835820895522
3 0.022388059701492536
2 0.022388059701492536
9 0.01990049751243781
8 0.017412935323383085
4 0.017412935323383085
7 0.014925373134328358
6 0.014925373134328358
0 0.014925373134328358
1 0.01243781094527363
doc : 36
5 0.8468677494199536
9 0.02088167053364269
6 0.02088167053364269
8 0.018561484918793503
3 0.018561484918793503
2 0.018561484918793503
0 0.016241299303944315
4 0.013921113689095127
1 0.013921113689095127
7 0.01160092807424594
doc : 37
7 0.5202863961813843
2 0.11694510739856802
9 0.07637231503579953
6 0.07159904534606205
1 0.06443914081145585
4 0.06205250596658712
0 0.03341288782816229
5 0.01909307875894988
3 0.01909307875894988
8 0.016706443914081145
doc : 38
7 0.7026647966339411
9 0.06732117812061711
8 0.04488078541374474
4 0.0364656381486676
2 0.0364656381486676
1 0.030855539971949508
0 0.028050490883590462
5 0.019635343618513323
3 0.0182328190743338
6 0.015427769985974754
doc : 39
8 0.6116838487972508
0 0.10309278350515463
3 0.08934707903780069
6 0.070446735395189
9 0.037800687285223365
7 0.022336769759450172
4 0.022336769759450172
2 0.01718213058419244
5 0.013745704467353952
1 0.012027491408934707
doc : 40
2 0.638888888888889
7 0.10683760683760685
0 0.06837606837606838
4 0.047008547008547015
9 0.03632478632478633
5 0.025641025641025644
8 0.023504273504273508
3 0.023504273504273508
6 0.017094017094017096
1 0.012820512820512822
doc : 41
7 0.6390293225480284
6 0.13043478260869565
2 0.054600606673407485
0 0.0455005055611729
4 0.03741152679474217
9 0.031344792719919114
8 0.020222446916076844
1 0.020222446916076844
5 0.01314459049544995
3 0.008088978766430738
doc : 42
1 0.8682842287694974
3 0.020797227036395145
0 0.020797227036395145
7 0.015597920277296359
8 0.01386481802426343
5 0.01386481802426343
4 0.01386481802426343
6 0.012131715771230503
9 0.010398613518197573
2 0.010398613518197573
doc : 43
4 0.8697524219590957
5 0.023681377825618945
1 0.018299246501614637
0 0.017222820236813777
2 0.015069967707212055
7 0.013993541442411193
3 0.013993541442411193
9 0.009687836383207749
6 0.009687836383207749
8 0.008611410118406888
doc : 44
5 0.8592233009708737
9 0.019417475728155338
1 0.019417475728155338
3 0.01699029126213592
2 0.01699029126213592
7 0.014563106796116504
6 0.014563106796116504
0 0.014563106796116504
8 0.012135922330097085
4 0.012135922330097085
doc : 45
5 0.854014598540146
9 0.021897810218978103
6 0.019464720194647202
8 0.0170316301703163
7 0.0170316301703163
2 0.0170316301703163
0 0.0170316301703163
4 0.012165450121654502
3 0.012165450121654502
1 0.012165450121654502
doc : 46
3 0.9275985663082438
9 0.02724014336917563
4 0.009318996415770608
6 0.0064516129032258064
5 0.0064516129032258064
2 0.005017921146953405
1 0.005017921146953405
8 0.004301075268817204
7 0.004301075268817204
0 0.004301075268817204
doc : 47
1 0.8421645997745209
3 0.05975197294250281
2 0.019165727170236752
4 0.016910935738444193
8 0.014656144306651634
7 0.012401352874859075
0 0.011273957158962795
9 0.010146561443066516
5 0.007891770011273957
6 0.005636978579481398
doc : 48
4 0.7826855123674912
1 0.05830388692579505
7 0.038869257950530034
0 0.037102473498233215
8 0.019434628975265017
6 0.014134275618374558
3 0.014134275618374558
5 0.012367491166077738
2 0.012367491166077738
9 0.010600706713780918
doc : 49
1 0.6897163120567376
7 0.06205673758865248
9 0.06028368794326241
4 0.051418439716312055
0 0.031914893617021274
2 0.028368794326241134
8 0.026595744680851064
5 0.02127659574468085
6 0.017730496453900707
3 0.010638297872340425
