doc : 0
8 0.8658798283261803
4 0.02575107296137339
6 0.023605150214592273
0 0.019313304721030045
5 0.012875536480686695
3 0.011802575107296136
2 0.011802575107296136
9 0.01072961373390558
7 0.01072961373390558
1 0.0075107296137339056
doc : 1
4 0.882145998240985
8 0.04573438874230431
9 0.011433597185576077
5 0.010554089709762533
3 0.00967458223394899
0 0.00967458223394899
6 0.008795074758135445
2 0.008795074758135445
7 0.007036059806508356
1 0.006156552330694811
doc : 2
7 0.8775510204081634
6 0.022448979591836737
4 0.0163265306122449
0 0.014285714285714287
5 0.012244897959183675
3 0.012244897959183675
2 0.012244897959183675
1 0.012244897959183675
9 0.010204081632653062
8 0.010204081632653062
doc : 3
7 0.7030075187969924
2 0.19172932330827067
1 0.020676691729323307
5 0.015037593984962405
4 0.015037593984962405
3 0.015037593984962405
8 0.011278195488721804
9 0.009398496240601503
6 0.009398496240601503
0 0.009398496240601503
doc : 4
7 0.8991097922848665
2 0.016320474777448073
8 0.013353115727002967
3 0.013353115727002967
9 0.010385756676557865
5 0.010385756676557865
4 0.010385756676557865
0 0.010385756676557865
6 0.008902077151335312
1 0.00741839762611276
doc : 5
6 0.5636743215031315
3 0.10020876826722337
8 0.09603340292275574
4 0.06471816283924843
2 0.05427974947807933
7 0.033402922755741124
9 0.025052192066805843
5 0.022964509394572022
1 0.020876826722338204
0 0.018789144050104383
doc : 6
9 0.9510161542470036
2 0.010943199583116205
5 0.006774361646690984
8 0.006253256904637832
7 0.006253256904637832
3 0.006253256904637832
4 0.004689942678478374
6 0.002605523710265763
1 0.002605523710265763
0 0.002605523710265763
doc : 7
7 0.5966620305980528
2 0.282336578581363
9 0.02642559109874826
5 0.018080667593880387
6 0.015299026425591097
3 0.015299026425591097
4 0.013908205841446452
0 0.012517385257301807
8 0.011126564673157162
1 0.008344923504867872
doc : 8
7 0.6470588235294118
2 0.24137931034482757
6 0.02028397565922921
9 0.016227180527383367
5 0.016227180527383367
8 0.014198782961460446
4 0.012170385395537525
0 0.012170385395537525
3 0.010141987829614604
1 0.010141987829614604
doc : 9
3 0.6309523809523809
7 0.06547619047619047
2 0.05357142857142857
5 0.047619047619047616
4 0.041666666666666664
6 0.03571428571428571
1 0.03571428571428571
9 0.02976190476190476
8 0.02976190476190476
0 0.02976190476190476
doc : 10
7 0.8854568854568854
2 0.02059202059202059
8 0.019305019305019305
4 0.015444015444015444
6 0.01287001287001287
1 0.011583011583011582
0 0.011583011583011582
5 0.009009009009009009
3 0.007722007722007722
9 0.006435006435006435
doc : 11
7 0.8776881720430109
2 0.02956989247311828
9 0.016129032258064516
3 0.016129032258064516
5 0.01478494623655914
8 0.010752688172043012
6 0.010752688172043012
0 0.010752688172043012
4 0.006720430107526883
1 0.006720430107526883
doc : 12
7 0.8907563025210085
9 0.0196078431372549
8 0.015406162464985995
3 0.015406162464985995
2 0.015406162464985995
6 0.011204481792717087
1 0.00980392156862745
5 0.008403361344537815
4 0.0070028011204481795
0 0.0070028011204481795
doc : 13
6 0.3455497382198953
8 0.23036649214659688
4 0.07853403141361257
3 0.07853403141361257
2 0.05235602094240838
9 0.04712041884816754
7 0.04712041884816754
0 0.04712041884816754
1 0.041884816753926704
5 0.03141361256544503
doc : 14
5 0.46511627906976744
6 0.06976744186046512
9 0.05813953488372093
8 0.05813953488372093
7 0.05813953488372093
4 0.05813953488372093
3 0.05813953488372093
2 0.05813953488372093
1 0.05813953488372093
0 0.05813953488372093
doc : 15
5 0.4069767441860465
4 0.08139534883720931
8 0.06976744186046512
6 0.06976744186046512
1 0.06976744186046512
0 0.06976744186046512
9 0.05813953488372093
7 0.05813953488372093
3 0.05813953488372093
2 0.05813953488372093
doc : 16
5 0.45348837209302323
7 0.06976744186046512
6 0.06976744186046512
9 0.05813953488372093
8 0.05813953488372093
4 0.05813953488372093
3 0.05813953488372093
2 0.05813953488372093
1 0.05813953488372093
0 0.05813953488372093
doc : 17
9 0.9588394062078273
8 0.007422402159244264
3 0.006072874493927126
5 0.005398110661268556
7 0.004723346828609986
4 0.004048582995951417
6 0.0033738191632928472
2 0.0033738191632928472
1 0.0033738191632928472
0 0.0033738191632928472
doc : 18
9 0.9578146611341632
7 0.00760719225449516
6 0.006224066390041494
2 0.004840940525587829
1 0.004840940525587829
8 0.004149377593360996
0 0.004149377593360996
5 0.0034578146611341635
4 0.0034578146611341635
3 0.0034578146611341635
doc : 19
4 0.29333333333333333
6 0.2066666666666667
0 0.11333333333333334
5 0.1
8 0.07333333333333333
2 0.05333333333333334
1 0.04666666666666667
9 0.04
3 0.04
7 0.03333333333333333
doc : 20
3 0.7455268389662028
8 0.057654075546719676
5 0.05566600397614314
2 0.03180914512922465
4 0.025844930417495027
9 0.02385685884691849
7 0.019880715705765405
6 0.015904572564612324
1 0.011928429423459244
0 0.011928429423459244
doc : 21
5 0.4069767441860465
6 0.08139534883720931
2 0.08139534883720931
4 0.06976744186046512
3 0.06976744186046512
9 0.05813953488372093
8 0.05813953488372093
7 0.05813953488372093
1 0.05813953488372093
0 0.05813953488372093
doc : 22
5 0.4418604651162791
8 0.06976744186046512
4 0.06976744186046512
3 0.06976744186046512
9 0.05813953488372093
7 0.05813953488372093
6 0.05813953488372093
2 0.05813953488372093
1 0.05813953488372093
0 0.05813953488372093
doc : 23
5 0.46511627906976744
8 0.06976744186046512
9 0.05813953488372093
7 0.05813953488372093
6 0.05813953488372093
4 0.05813953488372093
3 0.05813953488372093
2 0.05813953488372093
1 0.05813953488372093
0 0.05813953488372093
doc : 24
5 0.3953488372093023
6 0.08139534883720931
3 0.08139534883720931
9 0.06976744186046512
8 0.06976744186046512
7 0.06976744186046512
4 0.05813953488372093
2 0.05813953488372093
1 0.05813953488372093
0 0.05813953488372093
doc : 25
6 0.3183856502242152
5 0.23766816143497757
8 0.09417040358744394
3 0.08968609865470852
4 0.053811659192825115
0 0.053811659192825115
7 0.04484304932735426
2 0.04035874439461883
1 0.04035874439461883
9 0.026905829596412557
doc : 26
3 0.6190476190476191
7 0.05952380952380952
4 0.05357142857142857
9 0.041666666666666664
6 0.041666666666666664
5 0.041666666666666664
8 0.03571428571428571
2 0.03571428571428571
1 0.03571428571428571
0 0.03571428571428571
doc : 27
1 0.853916386352715
6 0.0691975012013455
5 0.0177799135031235
3 0.0177799135031235
2 0.011532916866890917
8 0.009130225852955311
4 0.008649687650168188
7 0.004805382027871216
0 0.004805382027871216
9 0.002402691013935608
doc : 28
7 0.7160161507402423
2 0.1816958277254374
8 0.022880215343203232
3 0.01749663526244953
4 0.016150740242261104
0 0.012113055181695828
5 0.009421265141318977
9 0.008075370121130552
6 0.008075370121130552
1 0.008075370121130552
doc : 29
5 0.7489102005231038
8 0.06887532693984307
6 0.04795117698343505
3 0.042720139494333044
2 0.03138622493461203
4 0.016564952048823016
0 0.015693112467306015
9 0.010462074978204011
1 0.010462074978204011
7 0.006974716652136007
doc : 30
5 0.43023255813953487
8 0.06976744186046512
3 0.06976744186046512
2 0.06976744186046512
0 0.06976744186046512
9 0.05813953488372093
7 0.05813953488372093
6 0.05813953488372093
4 0.05813953488372093
1 0.05813953488372093
doc : 31
5 0.46511627906976744
6 0.06976744186046512
9 0.05813953488372093
8 0.05813953488372093
7 0.05813953488372093
4 0.05813953488372093
3 0.05813953488372093
2 0.05813953488372093
1 0.05813953488372093
0 0.05813953488372093
doc : 32
0 0.831858407079646
6 0.033628318584070796
8 0.021238938053097345
3 0.019469026548672566
2 0.019469026548672566
4 0.017699115044247787
9 0.01592920353982301
7 0.01415929203539823
5 0.01415929203539823
1 0.012389380530973451
doc : 33
0 0.8698481561822126
3 0.021691973969631236
4 0.01735357917570499
9 0.015184381778741866
8 0.015184381778741866
5 0.015184381778741866
7 0.013015184381778743
6 0.010845986984815618
2 0.010845986984815618
1 0.010845986984815618
doc : 34
0 0.8401826484018264
7 0.0228310502283105
6 0.0228310502283105
4 0.0228310502283105
5 0.0182648401826484
3 0.0182648401826484
1 0.01598173515981735
8 0.0136986301369863
2 0.0136986301369863
9 0.01141552511415525
doc : 35
7 0.7080536912751678
2 0.19798657718120805
9 0.016778523489932886
5 0.015100671140939596
4 0.015100671140939596
3 0.01174496644295302
0 0.010067114093959731
8 0.008389261744966443
6 0.008389261744966443
1 0.008389261744966443
doc : 36
7 0.905448717948718
3 0.016025641025641024
9 0.01282051282051282
5 0.011217948717948718
6 0.009615384615384616
4 0.009615384615384616
1 0.009615384615384616
0 0.009615384615384616
8 0.008012820512820512
2 0.008012820512820512
doc : 37
7 0.712707182320442
2 0.19475138121546962
6 0.016574585635359115
8 0.015193370165745856
5 0.013812154696132596
9 0.011049723756906077
4 0.009668508287292817
1 0.009668508287292817
3 0.008287292817679558
0 0.008287292817679558
doc : 38
7 0.7391304347826086
2 0.17725752508361203
0 0.013377926421404682
9 0.011705685618729096
6 0.011705685618729096
3 0.011705685618729096
4 0.010033444816053512
8 0.008361204013377926
5 0.008361204013377926
1 0.008361204013377926
doc : 39
6 0.525974025974026
7 0.14610389610389612
8 0.08116883116883117
5 0.061688311688311695
4 0.04220779220779221
3 0.04220779220779221
0 0.03571428571428572
9 0.022727272727272728
1 0.022727272727272728
2 0.01948051948051948
doc : 40
7 0.9126506024096386
2 0.012048192771084338
9 0.010542168674698796
8 0.010542168674698796
4 0.010542168674698796
3 0.010542168674698796
6 0.009036144578313254
1 0.009036144578313254
5 0.007530120481927711
0 0.007530120481927711
doc : 41
7 0.8621359223300971
3 0.029126213592233007
6 0.019417475728155338
2 0.019417475728155338
0 0.013592233009708738
9 0.011650485436893204
8 0.011650485436893204
5 0.011650485436893204
1 0.011650485436893204
4 0.009708737864077669
doc : 42
0 0.826603325415677
7 0.030878859857482188
5 0.023752969121140145
3 0.023752969121140145
6 0.02137767220902613
9 0.0166270783847981
8 0.0166270783847981
4 0.014251781472684086
2 0.014251781472684086
1 0.011876484560570073
doc : 43
4 0.275
6 0.2
0 0.10833333333333334
3 0.075
8 0.06666666666666667
7 0.06666666666666667
2 0.058333333333333334
1 0.058333333333333334
5 0.05
9 0.041666666666666664
doc : 44
5 0.45348837209302323
2 0.08139534883720931
9 0.05813953488372093
8 0.05813953488372093
7 0.05813953488372093
6 0.05813953488372093
4 0.05813953488372093
3 0.05813953488372093
1 0.05813953488372093
0 0.05813953488372093
doc : 45
5 0.3953488372093023
4 0.08139534883720931
3 0.08139534883720931
8 0.06976744186046512
2 0.06976744186046512
1 0.06976744186046512
9 0.05813953488372093
7 0.05813953488372093
6 0.05813953488372093
0 0.05813953488372093
doc : 46
0 0.45955882352941174
2 0.15073529411764705
7 0.07720588235294118
4 0.06985294117647059
8 0.051470588235294115
3 0.04779411764705882
6 0.04044117647058824
5 0.04044117647058824
9 0.03676470588235294
1 0.025735294117647058
doc : 47
3 0.6035502958579881
7 0.07100591715976332
5 0.05917159763313609
4 0.047337278106508875
6 0.04142011834319526
2 0.04142011834319526
9 0.03550295857988166
8 0.03550295857988166
1 0.03550295857988166
0 0.029585798816568046
doc : 48
3 0.44776119402985076
7 0.08955223880597014
8 0.06716417910447761
6 0.06716417910447761
9 0.05970149253731343
1 0.05970149253731343
5 0.05223880597014925
4 0.05223880597014925
2 0.05223880597014925
0 0.05223880597014925
doc : 49
4 0.8461538461538463
2 0.050213675213675216
3 0.025641025641025644
0 0.017094017094017096
9 0.016025641025641028
7 0.016025641025641028
5 0.010683760683760684
8 0.006410256410256411
6 0.006410256410256411
1 0.005341880341880342
