doc : 0
8 0.8205928237129485
5 0.0327613104524181
1 0.029641185647425898
7 0.0218408736349454
4 0.0218408736349454
2 0.0202808112324493
9 0.015600624024960999
0 0.015600624024960999
3 0.0124804992199688
6 0.0093603744149766
doc : 1
0 0.41860465116279066
6 0.06976744186046512
5 0.06976744186046512
4 0.06976744186046512
3 0.06976744186046512
2 0.06976744186046512
9 0.05813953488372093
8 0.05813953488372093
7 0.05813953488372093
1 0.05813953488372093
doc : 2
1 0.6977886977886978
7 0.08845208845208845
8 0.04668304668304668
6 0.036855036855036855
5 0.03194103194103194
0 0.02457002457002457
9 0.022113022113022112
4 0.022113022113022112
3 0.014742014742014743
2 0.014742014742014743
doc : 3
0 0.5582255083179297
7 0.16266173752310537
2 0.06284658040665435
3 0.04436229205175601
4 0.038817005545286505
5 0.031423290203327174
8 0.029574861367837338
6 0.025878003696857672
1 0.025878003696857672
9 0.02033271719038817
doc : 4
0 0.6962843295638127
5 0.10662358642972537
7 0.08562197092084008
3 0.030694668820678516
4 0.017770597738287562
2 0.01615508885298869
6 0.014539579967689823
1 0.014539579967689823
8 0.009693053311793216
9 0.008077544426494346
doc : 5
4 0.7133891213389121
3 0.050209205020920494
7 0.048117154811715475
2 0.0397489539748954
9 0.03138075313807531
1 0.03138075313807531
8 0.02928870292887029
0 0.02092050209205021
5 0.018828451882845185
6 0.016736401673640166
doc : 6
5 0.6254019292604501
6 0.09807073954983923
2 0.08360128617363344
1 0.06430868167202572
7 0.03054662379421222
8 0.02572347266881029
0 0.022508038585209004
3 0.02090032154340836
9 0.014469453376205787
4 0.014469453376205787
doc : 7
7 0.6972222222222223
1 0.08333333333333334
5 0.061111111111111116
6 0.04722222222222222
8 0.02777777777777778
4 0.022222222222222223
9 0.016666666666666666
3 0.016666666666666666
2 0.01388888888888889
0 0.01388888888888889
doc : 8
5 0.8283433133732534
6 0.0279441117764471
8 0.02594810379241517
9 0.021956087824351295
2 0.01996007984031936
1 0.01996007984031936
7 0.015968063872255488
4 0.015968063872255488
3 0.01397205588822355
0 0.00998003992015968
doc : 9
5 0.8602794411177644
1 0.021956087824351295
8 0.01996007984031936
6 0.017964071856287425
7 0.015968063872255488
9 0.01397205588822355
4 0.01397205588822355
0 0.01397205588822355
2 0.011976047904191616
3 0.00998003992015968
doc : 10
0 0.4418604651162791
4 0.08139534883720931
9 0.06976744186046512
8 0.05813953488372093
7 0.05813953488372093
6 0.05813953488372093
5 0.05813953488372093
3 0.05813953488372093
2 0.05813953488372093
1 0.05813953488372093
doc : 11
0 0.46511627906976744
7 0.06976744186046512
9 0.05813953488372093
8 0.05813953488372093
6 0.05813953488372093
5 0.05813953488372093
4 0.05813953488372093
3 0.05813953488372093
2 0.05813953488372093
1 0.05813953488372093
doc : 12
0 0.45348837209302323
5 0.06976744186046512
4 0.06976744186046512
9 0.05813953488372093
8 0.05813953488372093
7 0.05813953488372093
6 0.05813953488372093
3 0.05813953488372093
2 0.05813953488372093
1 0.05813953488372093
doc : 13
0 0.43023255813953487
6 0.06976744186046512
4 0.06976744186046512
3 0.06976744186046512
2 0.06976744186046512
9 0.05813953488372093
8 0.05813953488372093
7 0.05813953488372093
5 0.05813953488372093
1 0.05813953488372093
doc : 14
3 0.882494004796163
4 0.016786570743405275
7 0.014388489208633093
1 0.014388489208633093
9 0.01199040767386091
8 0.01199040767386091
6 0.01199040767386091
5 0.01199040767386091
2 0.01199040767386091
0 0.01199040767386091
doc : 15
2 0.6717325227963525
1 0.12613981762917933
7 0.05319148936170213
9 0.03343465045592705
6 0.030395136778115502
8 0.028875379939209727
5 0.0182370820668693
3 0.013677811550151976
0 0.013677811550151976
4 0.010638297872340425
doc : 16
0 0.41860465116279066
7 0.08139534883720931
6 0.08139534883720931
3 0.06976744186046512
9 0.05813953488372093
8 0.05813953488372093
5 0.05813953488372093
4 0.05813953488372093
2 0.05813953488372093
1 0.05813953488372093
doc : 17
4 0.8004115226337449
9 0.05761316872427984
1 0.02674897119341564
6 0.020576131687242802
5 0.01851851851851852
2 0.01851851851851852
0 0.01851851851851852
7 0.01440329218106996
8 0.01234567901234568
3 0.01234567901234568
doc : 18
1 0.7868852459016393
7 0.04262295081967213
5 0.029508196721311476
8 0.022950819672131147
6 0.022950819672131147
2 0.022950819672131147
9 0.019672131147540982
3 0.019672131147540982
4 0.01639344262295082
0 0.01639344262295082
doc : 19
5 0.6292834890965732
2 0.06230529595015576
1 0.059190031152647975
4 0.0529595015576324
7 0.037383177570093455
9 0.03426791277258567
6 0.03426791277258567
3 0.03426791277258567
0 0.03115264797507788
8 0.024922118380062305
doc : 20
1 0.739938080495356
5 0.04953560371517028
7 0.04643962848297214
8 0.030959752321981428
2 0.027863777089783284
9 0.021671826625386997
6 0.021671826625386997
3 0.021671826625386997
0 0.021671826625386997
4 0.018575851393188854
doc : 21
1 0.7816455696202531
8 0.0379746835443038
4 0.028481012658227847
6 0.02531645569620253
3 0.02531645569620253
2 0.02531645569620253
9 0.022151898734177215
5 0.022151898734177215
7 0.015822784810126583
0 0.015822784810126583
doc : 22
1 0.8122866894197952
2 0.027303754266211604
6 0.023890784982935155
3 0.023890784982935155
8 0.020477815699658702
5 0.020477815699658702
0 0.020477815699658702
9 0.017064846416382253
7 0.017064846416382253
4 0.017064846416382253
doc : 23
4 0.24
3 0.152
5 0.128
1 0.10400000000000001
8 0.08
2 0.064
0 0.064
9 0.056
7 0.056
6 0.056
doc : 24
9 0.5216049382716049
6 0.12345679012345678
1 0.09259259259259259
8 0.06481481481481481
7 0.040123456790123455
0 0.040123456790123455
5 0.030864197530864196
4 0.030864197530864196
3 0.027777777777777776
2 0.027777777777777776
doc : 25
4 0.7350157728706624
8 0.06624605678233439
9 0.044164037854889586
0 0.04100946372239748
3 0.025236593059936908
1 0.022082018927444793
5 0.01892744479495268
7 0.015772870662460567
6 0.015772870662460567
2 0.015772870662460567
doc : 26
9 0.1
8 0.1
7 0.1
6 0.1
5 0.1
4 0.1
3 0.1
2 0.1
1 0.1
0 0.1
doc : 27
8 0.8121693121693121
5 0.047619047619047616
1 0.037037037037037035
2 0.021164021164021163
7 0.01984126984126984
9 0.01455026455026455
4 0.01455026455026455
3 0.011904761904761904
0 0.011904761904761904
6 0.009259259259259259
doc : 28
5 0.6880733944954129
6 0.05963302752293578
2 0.05045871559633028
1 0.045871559633027525
9 0.027522935779816515
7 0.027522935779816515
4 0.027522935779816515
3 0.027522935779816515
8 0.022935779816513763
0 0.022935779816513763
doc : 29
6 0.8400954653937948
7 0.023866348448687354
1 0.021479713603818618
0 0.021479713603818618
5 0.01909307875894988
8 0.016706443914081145
2 0.016706443914081145
9 0.014319809069212411
4 0.014319809069212411
3 0.011933174224343677
doc : 30
6 0.8537170263788968
9 0.02398081534772182
1 0.021582733812949638
7 0.019184652278177457
8 0.014388489208633093
4 0.014388489208633093
2 0.014388489208633093
0 0.014388489208633093
5 0.01199040767386091
3 0.01199040767386091
doc : 31
9 0.1
8 0.1
7 0.1
6 0.1
5 0.1
4 0.1
3 0.1
2 0.1
1 0.1
0 0.1
doc : 32
9 0.6450617283950617
6 0.1111111111111111
7 0.046296296296296294
8 0.033950617283950615
2 0.033950617283950615
5 0.030864197530864196
4 0.030864197530864196
1 0.027777777777777776
3 0.021604938271604937
0 0.018518518518518517
doc : 33
9 0.6414565826330533
6 0.0896358543417367
2 0.05322128851540616
7 0.04201680672268908
5 0.04201680672268908
1 0.04201680672268908
4 0.028011204481792718
3 0.022408963585434174
8 0.0196078431372549
0 0.0196078431372549
doc : 34
9 0.1
8 0.1
7 0.1
6 0.1
5 0.1
4 0.1
3 0.1
2 0.1
1 0.1
0 0.1
doc : 35
2 0.6003552397868561
6 0.08703374777975134
5 0.06927175843694494
9 0.06039076376554174
7 0.03907637655417407
1 0.03374777975133215
0 0.03197158081705151
8 0.03019538188277087
4 0.028419182948490232
3 0.019538188277087035
doc : 36
5 0.24836601307189543
6 0.2450980392156863
2 0.15359477124183007
1 0.14052287581699346
0 0.05555555555555556
8 0.0392156862745098
3 0.03594771241830066
4 0.029411764705882353
9 0.026143790849673203
7 0.026143790849673203
doc : 37
9 0.3568181818181818
1 0.19318181818181818
6 0.18636363636363634
7 0.07727272727272727
2 0.04318181818181818
5 0.038636363636363635
8 0.031818181818181815
4 0.029545454545454545
0 0.022727272727272728
3 0.020454545454545454
doc : 38
2 0.45430809399477806
9 0.13054830287206268
3 0.09138381201044386
1 0.09138381201044386
8 0.0731070496083551
7 0.04177545691906005
5 0.0391644908616188
0 0.03133159268929504
6 0.02610966057441253
4 0.020887728459530026
doc : 39
9 0.1
8 0.1
7 0.1
6 0.1
5 0.1
4 0.1
3 0.1
2 0.1
1 0.1
0 0.1
doc : 40
3 0.5037593984962405
9 0.07518796992481203
6 0.06766917293233082
7 0.06015037593984962
5 0.06015037593984962
0 0.06015037593984962
4 0.045112781954887216
2 0.045112781954887216
1 0.045112781954887216
8 0.03759398496240601
doc : 41
0 0.4069767441860465
9 0.08139534883720931
5 0.08139534883720931
4 0.06976744186046512
3 0.06976744186046512
8 0.05813953488372093
7 0.05813953488372093
6 0.05813953488372093
2 0.05813953488372093
1 0.05813953488372093
doc : 42
0 0.43023255813953487
9 0.08139534883720931
6 0.06976744186046512
4 0.06976744186046512
8 0.05813953488372093
7 0.05813953488372093
5 0.05813953488372093
3 0.05813953488372093
2 0.05813953488372093
1 0.05813953488372093
doc : 43
7 0.7000000000000001
1 0.075
5 0.05
6 0.04722222222222222
2 0.030555555555555558
4 0.025
9 0.022222222222222223
8 0.019444444444444445
3 0.016666666666666666
0 0.01388888888888889
doc : 44
6 0.7917981072555205
5 0.03785488958990536
9 0.028391167192429023
0 0.028391167192429023
2 0.022082018927444793
1 0.022082018927444793
8 0.01892744479495268
7 0.01892744479495268
4 0.015772870662460567
3 0.015772870662460567
doc : 45
9 0.6759941089837997
6 0.10309278350515463
7 0.042709867452135494
2 0.041237113402061855
1 0.036818851251840944
0 0.035346097201767304
3 0.026509572901325478
5 0.017673048600883652
4 0.011782032400589101
8 0.008836524300441826
doc : 46
6 0.7648902821316614
1 0.034482758620689655
9 0.03134796238244514
7 0.03134796238244514
5 0.028213166144200625
0 0.025078369905956112
8 0.0219435736677116
4 0.0219435736677116
2 0.0219435736677116
3 0.018808777429467086
doc : 47
9 0.1
8 0.1
7 0.1
6 0.1
5 0.1
4 0.1
3 0.1
2 0.1
1 0.1
0 0.1
doc : 48
9 0.544
6 0.136
4 0.06
0 0.052000000000000005
3 0.048
7 0.044
2 0.04
8 0.028
5 0.028
1 0.02
doc : 49
0 0.6785185185185185
9 0.06518518518518518
7 0.04296296296296296
5 0.04148148148148148
2 0.038518518518518514
3 0.037037037037037035
1 0.035555555555555556
6 0.03111111111111111
4 0.017777777777777778
8 0.011851851851851851
