doc : 0
1 0.8261538461538461
4 0.09230769230769231
7 0.01846153846153846
8 0.012307692307692308
2 0.010769230769230769
5 0.00923076923076923
9 0.007692307692307693
6 0.007692307692307693
3 0.007692307692307693
0 0.007692307692307693
doc : 1
1 0.8177215189873418
6 0.039662447257383965
4 0.031223628691983123
3 0.0270042194092827
7 0.02278481012658228
9 0.02109704641350211
5 0.01350210970464135
2 0.012658227848101266
8 0.008438818565400845
0 0.00590717299578059
doc : 2
4 0.7904589371980676
1 0.1721014492753623
7 0.010265700483091786
2 0.006038647342995169
9 0.004227053140096618
3 0.004227053140096618
6 0.003623188405797101
8 0.0030193236714975845
5 0.0030193236714975845
0 0.0030193236714975845
doc : 3
4 0.8023866348448687
1 0.16563245823389022
7 0.0076372315035799524
8 0.00477326968973747
5 0.0038186157517899762
3 0.0038186157517899762
2 0.0033412887828162294
0 0.0033412887828162294
6 0.002863961813842482
9 0.002386634844868735
doc : 4
1 0.8264580369843528
4 0.10099573257467995
7 0.01422475106685633
5 0.00995732574679943
3 0.00995732574679943
2 0.00995732574679943
9 0.007112375533428165
8 0.007112375533428165
6 0.007112375533428165
0 0.007112375533428165
doc : 5
1 0.8350305498981669
4 0.06720977596741344
7 0.02036659877800407
0 0.01425661914460285
2 0.012219959266802444
9 0.010183299389002035
8 0.010183299389002035
6 0.010183299389002035
5 0.010183299389002035
3 0.010183299389002035
doc : 6
1 0.31736526946107785
7 0.29341317365269465
4 0.10778443113772455
9 0.05389221556886228
2 0.05389221556886228
3 0.04191616766467066
8 0.035928143712574856
5 0.035928143712574856
6 0.029940119760479042
0 0.029940119760479042
doc : 7
4 0.7793939393939394
6 0.07636363636363637
0 0.037575757575757575
9 0.02181818181818182
5 0.020606060606060607
1 0.014545454545454545
8 0.013333333333333332
7 0.012121212121212121
3 0.012121212121212121
2 0.012121212121212121
doc : 8
4 0.7709923664122138
1 0.06870229007633588
7 0.027989821882951654
6 0.02290076335877863
2 0.02290076335877863
8 0.020356234096692113
9 0.017811704834605598
5 0.017811704834605598
0 0.017811704834605598
3 0.012722646310432571
doc : 9
4 0.4934210526315789
7 0.2664473684210526
1 0.05592105263157894
2 0.042763157894736836
8 0.03289473684210526
5 0.02631578947368421
3 0.023026315789473683
0 0.023026315789473683
9 0.019736842105263157
6 0.01644736842105263
doc : 10
1 0.8024316109422492
4 0.0668693009118541
7 0.0243161094224924
9 0.015197568389057751
8 0.015197568389057751
6 0.015197568389057751
5 0.015197568389057751
3 0.015197568389057751
2 0.015197568389057751
0 0.015197568389057751
doc : 11
1 0.8231292517006802
4 0.030612244897959183
7 0.027210884353741496
9 0.017006802721088433
8 0.017006802721088433
6 0.017006802721088433
5 0.017006802721088433
3 0.017006802721088433
2 0.017006802721088433
0 0.017006802721088433
doc : 12
4 0.5828877005347594
7 0.08021390374331551
1 0.06951871657754011
2 0.058823529411764705
5 0.0481283422459893
8 0.0427807486631016
3 0.0374331550802139
9 0.026737967914438502
6 0.026737967914438502
0 0.026737967914438502
doc : 13
7 0.5626822157434402
4 0.1836734693877551
1 0.10204081632653061
8 0.04081632653061224
2 0.029154518950437316
9 0.02040816326530612
5 0.01749271137026239
6 0.014577259475218658
3 0.014577259475218658
0 0.014577259475218658
doc : 14
2 0.7347294938917975
6 0.15706806282722513
0 0.019197207678883072
9 0.015706806282722512
5 0.015706806282722512
4 0.015706806282722512
3 0.012216404886561954
1 0.012216404886561954
8 0.008726003490401396
7 0.008726003490401396
doc : 15
2 0.604679802955665
6 0.22660098522167488
5 0.046798029556650245
9 0.04310344827586207
0 0.020935960591133004
8 0.017241379310344827
7 0.011083743842364532
4 0.009852216748768473
3 0.009852216748768473
1 0.009852216748768473
doc : 16
6 0.7133550488599348
3 0.19621529393516365
9 0.05087637660927563
5 0.010857763300760045
8 0.009927097874980612
0 0.007910656119125175
2 0.006514657980456026
7 0.0018613308515588647
4 0.0012408872343725764
1 0.0012408872343725764
doc : 17
9 0.6350210970464135
6 0.3171589310829817
8 0.012658227848101266
0 0.008438818565400845
3 0.006329113924050633
2 0.004922644163150493
7 0.0042194092827004225
1 0.0042194092827004225
5 0.0035161744022503515
4 0.0035161744022503515
doc : 18
2 0.6895424836601307
6 0.09150326797385622
0 0.06209150326797386
8 0.029411764705882353
9 0.026143790849673203
3 0.026143790849673203
5 0.022875816993464054
1 0.0196078431372549
7 0.016339869281045753
4 0.016339869281045753
doc : 19
5 0.47559760956175295
6 0.45617529880478086
0 0.01743027888446215
3 0.010956175298804782
2 0.0099601593625498
8 0.00846613545816733
9 0.00796812749003984
1 0.00647410358565737
7 0.0034860557768924302
4 0.0034860557768924302
doc : 20
9 0.6350210970464135
6 0.32137834036568214
0 0.007735583684950774
3 0.007032348804500703
8 0.006329113924050633
2 0.005625879043600563
5 0.004922644163150493
4 0.0042194092827004225
1 0.0042194092827004225
7 0.0035161744022503515
doc : 21
9 0.5036399735274653
6 0.43216412971542023
5 0.01588352084712111
8 0.01257445400397088
2 0.007941760423560556
0 0.007941760423560556
7 0.005956320317670417
3 0.005956320317670417
1 0.004632693580410324
4 0.0033090668431502318
doc : 22
9 0.5722266560255387
6 0.34317637669592976
0 0.031125299281723865
5 0.014365522745411015
8 0.010375099760574621
3 0.010375099760574621
1 0.00558659217877095
7 0.004788507581803671
4 0.0039904229848363925
2 0.0039904229848363925
doc : 23
5 0.5291181364392679
6 0.2312811980033278
8 0.056572379367720464
0 0.05490848585690516
2 0.03494176372712147
9 0.03161397670549085
3 0.029950083194675542
1 0.011647254575707155
7 0.009983361064891847
4 0.009983361064891847
doc : 24
5 0.42764857881136953
6 0.2958656330749354
0 0.06718346253229975
2 0.05943152454780362
8 0.05555555555555556
9 0.03617571059431525
3 0.02454780361757106
4 0.012919896640826874
7 0.0103359173126615
1 0.0103359173126615
doc : 25
7 0.6890080428954424
2 0.07238605898123325
5 0.05630026809651475
8 0.05361930294906166
6 0.02412868632707775
1 0.02412868632707775
0 0.02412868632707775
4 0.021447721179624665
9 0.01876675603217158
3 0.0160857908847185
doc : 26
5 0.5880522713130056
6 0.35780958307405103
0 0.021468574984443062
8 0.012756689483509645
9 0.005911636589919104
2 0.004667081518357187
1 0.0031113876789047915
3 0.002489110143123833
7 0.002177971375233354
4 0.0015556938394523958
doc : 27
6 0.38
2 0.3125
8 0.1075
5 0.055
3 0.035
9 0.0275
1 0.025
7 0.0225
0 0.02
4 0.015
doc : 28
9 0.5347506132461162
6 0.3286999182338512
8 0.031071136549468522
0 0.02616516762060507
3 0.025347506132461162
5 0.015535568274734261
2 0.012264922322158627
4 0.01144726083401472
1 0.008994276369582993
7 0.00572363041700736
doc : 29
7 0.9568020631850419
4 0.018697614442295292
1 0.009348807221147646
5 0.0032237266279819474
9 0.0025789813023855577
2 0.0025789813023855577
8 0.0019342359767891683
6 0.0016118633139909737
3 0.0016118633139909737
0 0.0016118633139909737
doc : 30
6 0.7094370860927153
3 0.14072847682119205
2 0.04718543046357616
5 0.026490066225165563
9 0.01903973509933775
7 0.016556291390728478
8 0.013245033112582781
1 0.011589403973509934
0 0.01076158940397351
4 0.004966887417218543
doc : 31
0 0.9924626558859805
6 0.003494586816499931
2 8.222557215293955E-4
5 6.852131012744963E-4
3 6.166917911470467E-4
9 4.1112786076469776E-4
8 4.1112786076469776E-4
1 4.1112786076469776E-4
7 3.4260655063724817E-4
4 3.4260655063724817E-4
doc : 32
4 0.25142857142857145
1 0.13714285714285715
2 0.13142857142857142
3 0.09142857142857143
5 0.08571428571428572
8 0.08
7 0.08
9 0.06857142857142857
0 0.04
6 0.03428571428571429
doc : 33
2 0.29976019184652275
6 0.28297362110311747
8 0.11510791366906474
5 0.10551558752997602
0 0.0935251798561151
4 0.02398081534772182
3 0.02398081534772182
1 0.02398081534772182
9 0.019184652278177457
7 0.01199040767386091
doc : 34
1 0.7797619047619048
4 0.047619047619047616
7 0.040178571428571425
2 0.03571428571428571
0 0.020833333333333332
5 0.017857142857142856
6 0.016369047619047616
3 0.016369047619047616
8 0.013392857142857142
9 0.011904761904761904
doc : 35
8 0.4091816367265469
6 0.217564870259481
0 0.1596806387225549
5 0.0778443113772455
2 0.03992015968063872
3 0.0279441117764471
9 0.021956087824351295
7 0.017964071856287425
4 0.015968063872255488
1 0.011976047904191616
doc : 36
8 0.3942307692307693
2 0.15384615384615385
6 0.11057692307692309
0 0.08653846153846154
5 0.07692307692307693
9 0.06730769230769232
4 0.028846153846153848
3 0.028846153846153848
1 0.028846153846153848
7 0.02403846153846154
doc : 37
2 0.6891495601173021
6 0.09090909090909091
0 0.06451612903225806
3 0.03812316715542522
5 0.02346041055718475
1 0.02346041055718475
9 0.020527859237536656
8 0.01759530791788856
4 0.01759530791788856
7 0.01466275659824047
doc : 38
6 0.4831521739130435
9 0.4565217391304348
8 0.019293478260869565
5 0.015217391304347827
0 0.007336956521739131
3 0.006793478260869565
2 0.004347826086956522
1 0.002989130434782609
7 0.0024456521739130437
4 0.0019021739130434783
doc : 39
2 0.7638297872340426
4 0.08297872340425531
1 0.05319148936170213
7 0.031914893617021274
3 0.014893617021276596
9 0.010638297872340425
8 0.010638297872340425
6 0.010638297872340425
5 0.010638297872340425
0 0.010638297872340425
doc : 40
8 0.546908064895368
6 0.4164119445097578
0 0.012461791676463673
2 0.006113331765812368
5 0.005172819186456619
9 0.004937691041617682
3 0.003056665882906184
1 0.0018810251587114979
7 0.0016458970138725606
4 0.0014107688690336235
doc : 41
2 0.4271070615034168
6 0.3804100227790433
5 0.08314350797266515
0 0.0398633257403189
3 0.02050113895216401
9 0.01366742596810934
8 0.012528473804100227
4 0.00797266514806378
1 0.00797266514806378
7 0.00683371298405467
doc : 42
2 0.6487523992322457
0 0.14587332053742802
6 0.1257197696737044
3 0.02015355086372361
5 0.018234165067178502
9 0.01439539347408829
8 0.01055662188099808
7 0.0067178502879078695
4 0.0047984644913627635
1 0.0047984644913627635
doc : 43
9 0.5257009345794392
6 0.29439252336448596
3 0.0397196261682243
5 0.03037383177570093
2 0.02336448598130841
8 0.02102803738317757
0 0.02102803738317757
1 0.016355140186915886
7 0.014018691588785045
4 0.014018691588785045
doc : 44
9 0.7066666666666667
6 0.15916666666666668
8 0.03833333333333334
5 0.023333333333333334
3 0.02
2 0.014166666666666668
0 0.0125
7 0.009166666666666667
4 0.009166666666666667
1 0.007500000000000001
doc : 45
2 0.17142857142857143
5 0.15714285714285714
8 0.09999999999999999
3 0.09999999999999999
0 0.09999999999999999
4 0.08571428571428572
9 0.07142857142857142
7 0.07142857142857142
6 0.07142857142857142
1 0.07142857142857142
doc : 46
5 0.47127393838467946
6 0.30641132389675274
0 0.08742714404662781
2 0.05495420482930891
9 0.024979184013322234
8 0.02331390507910075
3 0.012489592006661117
4 0.00832639467110741
1 0.005828476269775187
7 0.004995836802664446
doc : 47
2 0.6882217090069284
6 0.19630484988452657
0 0.023094688221709007
5 0.018475750577367205
8 0.013856812933025403
3 0.013856812933025403
9 0.011547344110854504
7 0.011547344110854504
4 0.011547344110854504
1 0.011547344110854504
doc : 48
8 0.4513966480446927
6 0.35754189944134074
5 0.07262569832402234
2 0.03128491620111731
0 0.027932960893854747
3 0.017877094972067038
9 0.013407821229050279
7 0.01005586592178771
4 0.008938547486033519
1 0.008938547486033519
doc : 49
3 0.589843028624192
6 0.376915974145891
9 0.017636195752539243
5 0.005170821791320406
0 0.004432132963988919
8 0.0022160664819944596
2 0.0017543859649122805
7 9.233610341643582E-4
1 6.463527239150507E-4
4 4.616805170821791E-4
