doc : 0
5 0.2066115702479339
6 0.1652892561983471
7 0.10743801652892562
9 0.09090909090909091
2 0.09090909090909091
1 0.08264462809917356
0 0.08264462809917356
3 0.0743801652892562
8 0.05785123966942149
4 0.04132231404958678
doc : 1
6 0.5803108808290156
5 0.08808290155440415
1 0.05699481865284974
4 0.05181347150259068
9 0.04145077720207254
3 0.04145077720207254
0 0.04145077720207254
8 0.036269430051813475
7 0.031088082901554404
2 0.031088082901554404
doc : 2
7 0.5155642023346304
6 0.19649805447470817
5 0.08560311284046693
4 0.05058365758754864
8 0.03501945525291829
9 0.033073929961089495
0 0.0311284046692607
1 0.02529182879377432
2 0.01556420233463035
3 0.011673151750972763
doc : 3
7 0.5601173020527859
6 0.13196480938416422
0 0.07038123167155425
5 0.06158357771260997
1 0.04398826979472141
9 0.03812316715542522
3 0.03225806451612903
8 0.026392961876832845
4 0.01759530791788856
2 0.01759530791788856
doc : 4
5 0.9240412979351033
9 0.019174041297935103
7 0.011061946902654867
0 0.009587020648967551
6 0.00663716814159292
4 0.00663716814159292
2 0.00663716814159292
1 0.00663716814159292
8 0.005162241887905605
3 0.004424778761061947
doc : 5
5 0.9301801801801802
0 0.01126126126126126
8 0.01051051051051051
9 0.00975975975975976
7 0.0075075075075075074
4 0.0075075075075075074
3 0.006756756756756757
6 0.006006006006006006
2 0.005255255255255255
1 0.005255255255255255
doc : 6
0 0.5740072202166066
8 0.07942238267148015
2 0.05776173285198556
9 0.05054151624548737
3 0.05054151624548737
7 0.04693140794223827
1 0.04693140794223827
4 0.039711191335740074
6 0.036101083032490974
5 0.018050541516245487
doc : 7
6 0.4294478527607362
5 0.11042944785276074
7 0.08588957055214724
1 0.0736196319018405
0 0.06134969325153374
8 0.05521472392638037
2 0.05521472392638037
9 0.049079754601226995
4 0.04294478527607362
3 0.03680981595092025
doc : 8
9 0.46798029556650245
0 0.11083743842364532
8 0.08866995073891626
5 0.08620689655172414
7 0.07389162561576355
6 0.06157635467980296
4 0.046798029556650245
2 0.024630541871921183
1 0.022167487684729065
3 0.017241379310344827
doc : 9
9 0.6652835408022131
7 0.07053941908713693
8 0.04702627939142462
5 0.04564315352697096
4 0.03872752420470263
0 0.03319502074688797
3 0.03042876901798064
6 0.029045643153526972
1 0.02351313969571231
2 0.016597510373443983
doc : 10
2 0.9303733602421796
4 0.013118062563067608
0 0.012108980827447022
9 0.007063572149344097
8 0.007063572149344097
7 0.006054490413723511
6 0.006054490413723511
5 0.006054490413723511
3 0.006054490413723511
1 0.006054490413723511
doc : 11
7 0.6076696165191741
4 0.07669616519174041
8 0.061946902654867256
5 0.05014749262536873
9 0.04129793510324484
6 0.04129793510324484
3 0.04129793510324484
1 0.032448377581120944
2 0.02359882005899705
0 0.02359882005899705
doc : 12
7 0.7817014446227929
4 0.05457463884430176
8 0.028892455858747994
5 0.02728731942215088
9 0.024077046548956663
1 0.02086677367576244
3 0.01765650080256822
0 0.016051364365971106
6 0.014446227929373997
2 0.014446227929373997
doc : 13
6 0.6030534351145038
8 0.07633587786259542
7 0.07251908396946564
5 0.061068702290076333
4 0.03816793893129771
9 0.03435114503816794
2 0.030534351145038167
1 0.030534351145038167
3 0.026717557251908396
0 0.026717557251908396
doc : 14
4 0.6233766233766234
3 0.05844155844155845
8 0.045454545454545456
5 0.045454545454545456
2 0.045454545454545456
9 0.03896103896103896
6 0.03896103896103896
1 0.03896103896103896
7 0.03246753246753247
0 0.03246753246753247
doc : 15
4 0.6040268456375839
5 0.0738255033557047
1 0.060402684563758385
8 0.040268456375838924
7 0.040268456375838924
3 0.040268456375838924
0 0.040268456375838924
9 0.03355704697986577
6 0.03355704697986577
2 0.03355704697986577
doc : 16
6 0.5637065637065637
1 0.08108108108108109
9 0.06177606177606178
5 0.06177606177606178
8 0.04247104247104247
4 0.03861003861003861
3 0.03861003861003861
2 0.03861003861003861
0 0.03861003861003861
7 0.03474903474903475
doc : 17
0 0.9043348281016442
9 0.014947683109118088
8 0.014947683109118088
7 0.01046337817638266
5 0.01046337817638266
4 0.01046337817638266
2 0.01046337817638266
1 0.008968609865470852
6 0.007473841554559044
3 0.007473841554559044
doc : 18
8 0.4468599033816425
0 0.3695652173913043
5 0.036231884057971016
1 0.036231884057971016
6 0.021739130434782608
9 0.01932367149758454
7 0.01932367149758454
2 0.01932367149758454
3 0.016908212560386472
4 0.014492753623188404
doc : 19
7 0.43846153846153846
4 0.09230769230769231
5 0.08461538461538462
0 0.07692307692307693
6 0.06153846153846154
1 0.06153846153846154
8 0.05384615384615385
9 0.046153846153846156
3 0.046153846153846156
2 0.038461538461538464
doc : 20
0 0.6440329218106996
5 0.06790123456790124
1 0.05761316872427984
7 0.04938271604938272
9 0.03909465020576132
6 0.03292181069958848
4 0.03292181069958848
8 0.0308641975308642
3 0.02263374485596708
2 0.02263374485596708
doc : 21
8 0.8263374485596707
6 0.03045267489711934
5 0.02880658436213992
9 0.027983539094650206
0 0.019753086419753086
1 0.01810699588477366
2 0.014814814814814815
3 0.013991769547325103
7 0.011522633744855966
4 0.00823045267489712
doc : 22
1 0.9510240427426536
5 0.007123775601068566
4 0.007123775601068566
0 0.006233303650934995
9 0.005342831700801425
7 0.005342831700801425
8 0.004452359750667854
6 0.004452359750667854
3 0.004452359750667854
2 0.004452359750667854
doc : 23
1 0.9476486246672582
8 0.007985803016858918
5 0.007985803016858918
4 0.00709849157054126
9 0.006211180124223603
3 0.005323868677905946
7 0.0044365572315882874
6 0.0044365572315882874
2 0.0044365572315882874
0 0.0044365572315882874
doc : 24
4 0.580110497237569
0 0.08287292817679558
7 0.06077348066298342
9 0.055248618784530384
6 0.049723756906077346
8 0.03867403314917127
5 0.03867403314917127
2 0.03314917127071823
1 0.03314917127071823
3 0.027624309392265192
doc : 25
4 0.5862068965517241
7 0.05747126436781609
9 0.05172413793103448
6 0.05172413793103448
2 0.05172413793103448
0 0.05172413793103448
5 0.04597701149425287
8 0.040229885057471264
1 0.034482758620689655
3 0.028735632183908046
doc : 26
4 0.7092198581560284
5 0.1016548463356974
7 0.08392434988179669
8 0.022458628841607563
6 0.018912529550827423
1 0.016548463356973995
9 0.014184397163120567
3 0.01182033096926714
2 0.010638297872340425
0 0.010638297872340425
doc : 27
8 0.5223214285714285
0 0.33035714285714285
1 0.03125
3 0.024553571428571428
7 0.017857142857142856
2 0.017857142857142856
6 0.015625
4 0.015625
5 0.013392857142857142
9 0.011160714285714284
doc : 28
9 0.6658536585365854
2 0.14146341463414633
3 0.03414634146341464
5 0.03170731707317073
0 0.03170731707317073
4 0.024390243902439025
8 0.01951219512195122
6 0.01951219512195122
7 0.01707317073170732
1 0.014634146341463414
doc : 29
0 0.8936170212765957
1 0.016717325227963525
8 0.015197568389057751
7 0.013677811550151976
5 0.0121580547112462
9 0.010638297872340425
4 0.010638297872340425
2 0.010638297872340425
6 0.00911854103343465
3 0.007598784194528876
doc : 30
3 0.630841121495327
7 0.07009345794392523
4 0.05607476635514018
8 0.04672897196261682
0 0.04205607476635514
1 0.037383177570093455
9 0.03271028037383177
6 0.03271028037383177
5 0.02803738317757009
2 0.02336448598130841
doc : 31
9 0.7613776137761378
0 0.08733087330873308
5 0.04797047970479705
2 0.02706027060270603
1 0.023370233702337023
3 0.015990159901599018
8 0.014760147601476016
6 0.008610086100861008
7 0.007380073800738008
4 0.006150061500615006
doc : 32
2 0.9281376518218624
3 0.012145748987854251
4 0.010121457489878543
9 0.009109311740890687
5 0.008097165991902834
6 0.00708502024291498
1 0.00708502024291498
0 0.00708502024291498
8 0.006072874493927126
7 0.005060728744939271
doc : 33
8 0.4209245742092457
0 0.41605839416058393
7 0.0340632603406326
5 0.024330900243309004
3 0.021897810218978103
2 0.019464720194647202
1 0.019464720194647202
9 0.014598540145985401
6 0.014598540145985401
4 0.014598540145985401
doc : 34
4 0.6296296296296295
3 0.06172839506172839
1 0.06172839506172839
5 0.043209876543209874
8 0.037037037037037035
7 0.037037037037037035
6 0.037037037037037035
9 0.030864197530864196
2 0.030864197530864196
0 0.030864197530864196
doc : 35
0 0.5204918032786886
6 0.12704918032786885
5 0.0778688524590164
9 0.05737704918032787
1 0.05327868852459017
8 0.036885245901639344
7 0.03278688524590164
3 0.03278688524590164
2 0.03278688524590164
4 0.028688524590163935
doc : 36
4 0.6274509803921569
1 0.07189542483660132
7 0.04575163398692811
2 0.04575163398692811
0 0.04575163398692811
9 0.032679738562091505
8 0.032679738562091505
6 0.032679738562091505
5 0.032679738562091505
3 0.032679738562091505
doc : 37
7 0.5750000000000001
0 0.14
5 0.0775
1 0.055
6 0.0375
3 0.035
2 0.0275
9 0.02
8 0.0175
4 0.015
doc : 38
4 0.7307692307692307
3 0.06153846153846154
8 0.038461538461538464
2 0.03333333333333333
5 0.03076923076923077
1 0.028205128205128206
0 0.023076923076923078
9 0.020512820512820513
7 0.017948717948717947
6 0.015384615384615385
doc : 39
0 0.5991735537190083
1 0.14049586776859505
7 0.05371900826446281
8 0.05165289256198347
9 0.0371900826446281
5 0.028925619834710745
3 0.028925619834710745
2 0.024793388429752067
6 0.02066115702479339
4 0.014462809917355372
doc : 40
2 0.9304703476482619
3 0.009202453987730062
8 0.0081799591002045
5 0.0081799591002045
4 0.0081799591002045
0 0.0081799591002045
7 0.0071574642126789375
6 0.0071574642126789375
1 0.0071574642126789375
9 0.006134969325153375
doc : 41
3 0.9224806201550388
2 0.011627906976744186
0 0.011627906976744186
9 0.0103359173126615
4 0.0103359173126615
5 0.007751937984496124
8 0.006459948320413437
7 0.006459948320413437
6 0.006459948320413437
1 0.006459948320413437
doc : 42
3 0.9239690721649484
9 0.00902061855670103
7 0.00902061855670103
5 0.00902061855670103
4 0.00902061855670103
2 0.00902061855670103
0 0.00902061855670103
8 0.007731958762886598
1 0.007731958762886598
6 0.006443298969072165
doc : 43
0 0.5772357723577236
6 0.0894308943089431
5 0.06504065040650407
7 0.04878048780487805
3 0.04471544715447155
1 0.04471544715447155
8 0.04065040650406505
2 0.032520325203252036
9 0.02845528455284553
4 0.02845528455284553
doc : 44
0 0.33942558746736295
7 0.24804177545691905
9 0.1279373368146214
5 0.09660574412532637
8 0.06005221932114883
6 0.044386422976501305
2 0.02610966057441253
3 0.02349869451697128
4 0.018276762402088774
1 0.01566579634464752
doc : 45
9 0.7295690936106983
2 0.05794947994056463
5 0.04903417533432392
3 0.04606240713224368
0 0.03566121842496285
8 0.03417533432392273
1 0.016344725111441305
6 0.01188707280832095
4 0.01188707280832095
7 0.007429420505200594
doc : 46
6 0.9137214137214138
9 0.014553014553014554
3 0.011434511434511435
5 0.009355509355509356
1 0.009355509355509356
0 0.009355509355509356
7 0.008316008316008316
4 0.008316008316008316
2 0.008316008316008316
8 0.007276507276507277
doc : 47
4 0.6710526315789473
1 0.046052631578947366
5 0.039473684210526314
2 0.039473684210526314
0 0.039473684210526314
9 0.03289473684210526
8 0.03289473684210526
7 0.03289473684210526
6 0.03289473684210526
3 0.03289473684210526
doc : 48
4 0.5294117647058824
7 0.15294117647058822
1 0.05647058823529411
9 0.04470588235294117
6 0.039999999999999994
5 0.039999999999999994
8 0.03764705882352941
3 0.03764705882352941
2 0.03294117647058823
0 0.028235294117647056
doc : 49
5 0.6296992481203008
8 0.13157894736842105
0 0.046992481203007516
4 0.03759398496240601
6 0.03571428571428571
2 0.03571428571428571
7 0.02819548872180451
3 0.02631578947368421
9 0.015037593984962405
1 0.013157894736842105
