doc : 0
9 0.7682926829268293
2 0.05182926829268293
1 0.042682926829268296
5 0.024390243902439025
7 0.021341463414634148
4 0.021341463414634148
0 0.021341463414634148
3 0.01829268292682927
8 0.01524390243902439
6 0.01524390243902439
doc : 1
9 0.6525198938992042
4 0.14854111405835543
0 0.03713527851458886
7 0.03183023872679045
6 0.029177718832891244
2 0.02652519893899204
1 0.023872679045092837
3 0.01856763925729443
8 0.015915119363395226
5 0.015915119363395226
doc : 2
9 0.7854406130268199
5 0.05555555555555555
4 0.03065134099616858
3 0.026819923371647507
2 0.021072796934865898
0 0.019157088122605363
7 0.017241379310344827
1 0.017241379310344827
6 0.01532567049808429
8 0.011494252873563218
doc : 3
6 0.5283182014699525
7 0.19152615650670124
9 0.1841763942931258
0 0.03242542153047989
1 0.020752269779507133
3 0.015131863380890618
5 0.011673151750972763
8 0.006485084306095979
4 0.004755728491137051
2 0.004755728491137051
doc : 4
9 0.7937956204379562
4 0.051094890510948905
7 0.03832116788321168
0 0.027372262773722626
1 0.023722627737226276
6 0.01824817518248175
5 0.016423357664233577
2 0.012773722627737226
8 0.009124087591240875
3 0.009124087591240875
doc : 5
9 0.6851851851851851
4 0.125
5 0.034722222222222224
3 0.032407407407407406
1 0.027777777777777776
0 0.023148148148148147
2 0.020833333333333332
7 0.018518518518518517
6 0.018518518518518517
8 0.013888888888888888
doc : 6
1 0.8054187192118226
8 0.034482758620689655
7 0.03201970443349754
6 0.024630541871921183
2 0.024630541871921183
5 0.017241379310344827
4 0.017241379310344827
9 0.014778325123152709
3 0.014778325123152709
0 0.014778325123152709
doc : 7
1 0.8106194690265487
6 0.06371681415929203
3 0.03008849557522124
0 0.024778761061946902
9 0.019469026548672566
7 0.012389380530973451
8 0.010619469026548672
2 0.010619469026548672
5 0.008849557522123894
4 0.008849557522123894
doc : 8
2 0.9348455598455598
9 0.01254826254826255
0 0.0111003861003861
6 0.00723938223938224
1 0.00723938223938224
7 0.006274131274131275
5 0.006274131274131275
8 0.005308880308880309
3 0.005308880308880309
4 0.003861003861003861
doc : 9
3 0.8314332247557004
1 0.06514657980456026
6 0.03175895765472313
7 0.021172638436482087
4 0.012214983713355049
0 0.010586319218241044
8 0.008957654723127036
9 0.006514657980456026
5 0.006514657980456026
2 0.005700325732899023
doc : 10
9 0.8088033012379643
5 0.030261348005502064
3 0.02888583218707015
1 0.027510316368638238
0 0.023383768913342505
7 0.02063273727647868
6 0.02063273727647868
2 0.01925722145804677
4 0.011004126547455296
8 0.009628610729023384
doc : 11
7 0.5849462365591398
9 0.2931899641577061
6 0.02724014336917563
0 0.02078853046594982
1 0.017921146953405017
4 0.016487455197132617
5 0.014336917562724014
3 0.010752688172043012
8 0.007168458781362007
2 0.007168458781362007
doc : 12
5 0.7041036717062635
9 0.20464362850971923
4 0.03725701943844493
7 0.012958963282937365
6 0.009719222462203024
1 0.009719222462203024
3 0.008639308855291577
0 0.004859611231101512
2 0.004319654427645789
8 0.003779697624190065
doc : 13
9 0.7863247863247863
5 0.04957264957264957
3 0.03076923076923077
0 0.02905982905982906
7 0.022222222222222223
4 0.022222222222222223
8 0.017094017094017096
6 0.017094017094017096
2 0.013675213675213675
1 0.011965811965811965
doc : 14
7 0.7630718954248367
9 0.1388888888888889
0 0.022875816993464054
3 0.01797385620915033
1 0.016884531590413945
8 0.013071895424836603
5 0.010893246187363835
4 0.008169934640522876
6 0.004901960784313726
2 0.003267973856209151
doc : 15
5 0.297979797979798
8 0.18181818181818182
1 0.14141414141414144
3 0.09595959595959597
0 0.06060606060606061
6 0.05050505050505051
2 0.05050505050505051
4 0.045454545454545456
9 0.04040404040404041
7 0.03535353535353536
doc : 16
2 0.8811881188118812
9 0.017821782178217824
5 0.017821782178217824
3 0.013861386138613862
7 0.011881188118811881
6 0.011881188118811881
4 0.011881188118811881
1 0.011881188118811881
0 0.011881188118811881
8 0.009900990099009901
doc : 17
2 0.889763779527559
0 0.015748031496062992
9 0.013779527559055118
4 0.013779527559055118
3 0.013779527559055118
8 0.011811023622047244
5 0.011811023622047244
7 0.00984251968503937
6 0.00984251968503937
1 0.00984251968503937
doc : 18
0 0.655241935483871
2 0.0625
1 0.0625
9 0.056451612903225805
5 0.038306451612903226
8 0.03629032258064516
3 0.034274193548387094
6 0.02217741935483871
7 0.01814516129032258
4 0.014112903225806451
doc : 19
1 0.8440366972477065
4 0.027522935779816515
6 0.023853211009174313
9 0.022018348623853212
3 0.02018348623853211
7 0.014678899082568808
2 0.014678899082568808
0 0.012844036697247707
5 0.011009174311926606
8 0.009174311926605505
doc : 20
2 0.880859375
3 0.015625
0 0.015625
9 0.013671875
6 0.013671875
4 0.013671875
1 0.013671875
8 0.01171875
5 0.01171875
7 0.009765625
doc : 21
8 0.9387755102040817
1 0.008348794063079777
9 0.0074211502782931356
6 0.0074211502782931356
4 0.0074211502782931356
0 0.0074211502782931356
7 0.006493506493506494
5 0.0055658627087198514
3 0.0055658627087198514
2 0.0055658627087198514
doc : 22
9 0.7580340264650284
7 0.06616257088846882
6 0.043478260869565216
5 0.02835538752362949
0 0.022684310018903593
1 0.020793950850661626
8 0.017013232514177693
2 0.017013232514177693
4 0.013232514177693762
3 0.013232514177693762
doc : 23
9 0.7723880597014925
3 0.046641791044776115
0 0.041044776119402986
2 0.03731343283582089
1 0.027985074626865673
5 0.024253731343283583
4 0.014925373134328358
8 0.013059701492537313
7 0.011194029850746268
6 0.011194029850746268
doc : 24
9 0.6726027397260274
7 0.1780821917808219
1 0.052054794520547946
4 0.019178082191780823
3 0.016438356164383564
0 0.016438356164383564
6 0.0136986301369863
5 0.0136986301369863
2 0.010958904109589041
8 0.00684931506849315
doc : 25
7 0.6550416982562547
9 0.25473843821076575
6 0.02122820318423048
3 0.018953752843062926
1 0.013646702047005306
4 0.009855951478392721
5 0.0075815011372251705
0 0.006823351023502653
8 0.006065200909780136
2 0.006065200909780136
doc : 26
5 0.8153618906942394
3 0.050221565731166914
4 0.033973412112259974
1 0.020679468242245203
9 0.01772525849335303
0 0.014771048744460858
7 0.013293943870014771
2 0.013293943870014771
8 0.011816838995568686
6 0.008862629246676515
doc : 27
5 0.5981873111782477
1 0.10574018126888217
4 0.060422960725075525
0 0.05740181268882175
9 0.03625377643504532
7 0.03625377643504532
3 0.03625377643504532
6 0.027190332326283987
8 0.021148036253776436
2 0.021148036253776436
doc : 28
0 0.8496042216358839
1 0.03869832893579596
6 0.03781882145998241
9 0.0158311345646438
7 0.014951627088830256
8 0.013192612137203167
5 0.00967458223394899
3 0.0079155672823219
4 0.006156552330694811
2 0.006156552330694811
doc : 29
3 0.8744769874476986
1 0.0502092050209205
9 0.01422594142259414
7 0.012552301255230125
4 0.011715481171548116
6 0.0100418410041841
0 0.0100418410041841
5 0.008368200836820083
8 0.0041841004184100415
2 0.0041841004184100415
doc : 30
8 0.20408163265306123
1 0.17006802721088435
3 0.16326530612244897
5 0.13605442176870747
6 0.07482993197278912
0 0.07482993197278912
9 0.05442176870748299
7 0.04081632653061224
4 0.04081632653061224
2 0.04081632653061224
doc : 31
4 0.9174809989142237
1 0.014115092290988058
6 0.013029315960912053
8 0.011943539630836048
5 0.010857763300760045
3 0.00760043431053203
9 0.006514657980456026
7 0.006514657980456026
2 0.006514657980456026
0 0.005428881650380022
doc : 32
4 0.9171151776103336
8 0.011840688912809472
6 0.011840688912809472
9 0.009687836383207749
7 0.009687836383207749
5 0.008611410118406888
1 0.008611410118406888
0 0.008611410118406888
3 0.007534983853606027
2 0.006458557588805166
doc : 33
4 0.7238805970149254
5 0.13246268656716417
3 0.03544776119402985
1 0.03171641791044776
8 0.014925373134328358
0 0.014925373134328358
7 0.013059701492537313
2 0.013059701492537313
9 0.011194029850746268
6 0.009328358208955223
doc : 34
4 0.7349624060150376
5 0.12218045112781954
8 0.02443609022556391
3 0.02443609022556391
2 0.022556390977443608
1 0.018796992481203006
6 0.016917293233082706
9 0.013157894736842105
7 0.011278195488721804
0 0.011278195488721804
doc : 35
9 0.709016393442623
7 0.13524590163934427
6 0.034836065573770496
5 0.026639344262295084
3 0.018442622950819672
8 0.01639344262295082
1 0.01639344262295082
0 0.01639344262295082
2 0.014344262295081968
4 0.012295081967213115
doc : 36
8 0.9395229982964225
1 0.01192504258943782
9 0.010221465076660989
6 0.0068143100511073255
4 0.0068143100511073255
3 0.00596252129471891
7 0.0051107325383304945
5 0.0051107325383304945
2 0.004258943781942078
0 0.004258943781942078
doc : 37
8 0.927257525083612
3 0.014214046822742474
1 0.01254180602006689
9 0.008361204013377926
6 0.007525083612040134
5 0.006688963210702341
4 0.006688963210702341
0 0.006688963210702341
2 0.005852842809364548
7 0.004180602006688963
doc : 38
2 0.7407407407407408
4 0.08847736625514405
0 0.03292181069958848
9 0.02674897119341564
5 0.02469135802469136
6 0.02263374485596708
3 0.01851851851851852
1 0.01851851851851852
7 0.01646090534979424
8 0.010288065843621401
doc : 39
1 0.8417132216014898
3 0.0335195530726257
9 0.024208566108007448
7 0.020484171322160148
4 0.0186219739292365
6 0.0148975791433892
8 0.01303538175046555
5 0.0111731843575419
2 0.0111731843575419
0 0.0111731843575419
doc : 40
8 0.901060070671378
6 0.025441696113074203
3 0.01342756183745583
4 0.011307420494699646
1 0.010600706713780918
9 0.009187279151943463
5 0.009187279151943463
0 0.009187279151943463
7 0.007067137809187279
2 0.0035335689045936395
doc : 41
8 0.9430272108843537
1 0.011054421768707483
6 0.00935374149659864
7 0.007653061224489796
4 0.005952380952380952
3 0.00510204081632653
0 0.00510204081632653
9 0.004251700680272108
5 0.004251700680272108
2 0.004251700680272108
doc : 42
8 0.9337298215802888
1 0.011045029736618521
6 0.009345794392523366
0 0.008496176720475786
9 0.0076465590484282074
4 0.006796941376380629
3 0.006796941376380629
7 0.00594732370433305
5 0.00594732370433305
2 0.004248088360237893
doc : 43
5 0.7142857142857143
4 0.04285714285714286
3 0.039285714285714285
0 0.039285714285714285
6 0.03571428571428571
2 0.03214285714285714
9 0.02857142857142857
1 0.024999999999999998
8 0.02142857142857143
7 0.02142857142857143
doc : 44
6 0.44971264367816094
9 0.30603448275862066
1 0.09626436781609195
8 0.040229885057471264
7 0.033045977011494254
5 0.024425287356321837
4 0.017241379310344827
0 0.015804597701149427
3 0.008620689655172414
2 0.008620689655172414
doc : 45
4 0.5148514851485149
2 0.08415841584158416
5 0.07920792079207921
1 0.07425742574257425
0 0.0594059405940594
9 0.04950495049504951
8 0.039603960396039604
3 0.039603960396039604
7 0.034653465346534656
6 0.024752475247524754
doc : 46
1 0.41810344827586204
5 0.24568965517241378
0 0.06034482758620689
4 0.05603448275862069
2 0.04741379310344827
9 0.03879310344827586
3 0.03879310344827586
7 0.034482758620689655
8 0.030172413793103446
6 0.030172413793103446
doc : 47
8 0.27209302325581397
1 0.2186046511627907
6 0.16279069767441862
4 0.1558139534883721
0 0.044186046511627906
5 0.03488372093023256
3 0.030232558139534883
9 0.027906976744186046
2 0.027906976744186046
7 0.02558139534883721
doc : 48
6 0.7974683544303797
4 0.0590717299578059
8 0.02953586497890295
1 0.02742616033755274
3 0.02109704641350211
7 0.014767932489451475
2 0.014767932489451475
9 0.012658227848101264
0 0.012658227848101264
5 0.010548523206751054
doc : 49
6 0.8041666666666667
4 0.04375
1 0.027083333333333334
8 0.025
3 0.022916666666666665
5 0.01875
2 0.016666666666666666
9 0.014583333333333334
7 0.014583333333333334
0 0.0125
