doc : 0
9 0.6056338028169014
1 0.1091549295774648
4 0.07394366197183098
3 0.04929577464788733
5 0.04225352112676056
6 0.028169014084507043
2 0.024647887323943664
0 0.024647887323943664
8 0.02112676056338028
7 0.02112676056338028
doc : 1
9 0.67828418230563
1 0.07238605898123325
0 0.05361930294906166
6 0.040214477211796246
5 0.032171581769437
4 0.029490616621983913
8 0.02680965147453083
3 0.02680965147453083
2 0.021447721179624665
7 0.01876675603217158
doc : 2
9 0.45
1 0.08571428571428572
6 0.07142857142857142
5 0.07142857142857142
8 0.06428571428571428
7 0.06428571428571428
4 0.05714285714285714
0 0.05714285714285714
2 0.04285714285714286
3 0.03571428571428571
doc : 3
9 0.5592417061611374
3 0.09478672985781991
1 0.07109004739336494
5 0.05687203791469195
8 0.05213270142180095
6 0.05213270142180095
0 0.037914691943127965
7 0.028436018957345974
4 0.023696682464454978
2 0.023696682464454978
doc : 4
9 0.5691056910569107
1 0.14227642276422767
5 0.05691056910569106
8 0.052845528455284556
6 0.04065040650406505
4 0.032520325203252036
0 0.032520325203252036
3 0.02845528455284553
7 0.024390243902439025
2 0.020325203252032523
doc : 5
9 0.6258992805755396
8 0.08872901678657073
1 0.05995203836930455
5 0.050359712230215826
0 0.040767386091127095
4 0.03836930455635491
6 0.03597122302158273
7 0.021582733812949638
3 0.021582733812949638
2 0.016786570743405275
doc : 6
7 0.5945303210463733
5 0.34066587395957193
4 0.024970273483947678
2 0.010107015457788346
3 0.00713436385255648
1 0.005945303210463733
6 0.005350772889417359
0 0.0047562425683709865
8 0.00356718192627824
9 0.0029726516052318666
doc : 7
9 0.465863453815261
8 0.11244979919678713
1 0.08835341365461846
6 0.07228915662650602
3 0.05220883534136546
2 0.04417670682730923
0 0.04417670682730923
7 0.040160642570281124
5 0.040160642570281124
4 0.040160642570281124
doc : 8
5 0.4007029876977153
0 0.312829525483304
4 0.10720562390158171
3 0.04393673110720562
2 0.035149384885764495
9 0.028119507908611598
7 0.022847100175746923
1 0.019332161687170474
8 0.017574692442882248
6 0.012302284710017574
doc : 9
4 0.5427675772503359
0 0.23421406180026869
5 0.13703537841468877
2 0.060904612628750555
7 0.005821764442454098
3 0.005821764442454098
6 0.004030452306314375
1 0.0035826242722794446
8 0.003134796238244514
9 0.0026869682042095834
doc : 10
9 0.874493927125506
5 0.024291497975708502
6 0.017543859649122806
0 0.016194331983805668
4 0.014844804318488529
1 0.014844804318488529
8 0.010796221322537112
7 0.010796221322537112
2 0.009446693657219972
3 0.0067476383265856945
doc : 11
1 0.7147117296222664
7 0.21868787276341947
0 0.015904572564612324
8 0.008946322067594433
6 0.008946322067594433
9 0.007952286282306162
2 0.006958250497017892
5 0.005964214711729622
4 0.005964214711729622
3 0.005964214711729622
doc : 12
7 0.6164705882352941
5 0.27999999999999997
2 0.02941176470588235
4 0.016470588235294115
0 0.016470588235294115
6 0.010588235294117647
3 0.010588235294117647
9 0.007058823529411764
8 0.007058823529411764
1 0.0058823529411764705
doc : 13
7 0.42280701754385963
5 0.23333333333333334
3 0.10175438596491228
0 0.10175438596491228
2 0.052631578947368425
4 0.02982456140350877
9 0.021052631578947368
8 0.014035087719298246
1 0.012280701754385965
6 0.010526315789473684
doc : 14
7 0.6285500747384156
5 0.3071748878923767
4 0.014200298953662182
2 0.014200298953662182
0 0.009715994020926757
3 0.007473841554559044
9 0.00523168908819133
8 0.00523168908819133
6 0.004484304932735426
1 0.003736920777279522
doc : 15
6 0.18579234972677597
3 0.15846994535519127
9 0.15300546448087432
8 0.12021857923497267
1 0.1092896174863388
0 0.07650273224043716
7 0.060109289617486336
4 0.060109289617486336
5 0.04918032786885246
2 0.0273224043715847
doc : 16
2 0.903866248693835
4 0.018808777429467086
5 0.017763845350052248
7 0.013584117032392895
1 0.012539184952978058
0 0.008359456635318705
6 0.007314524555903867
8 0.006269592476489029
3 0.006269592476489029
9 0.00522466039707419
doc : 17
0 0.5077586206896552
5 0.40344827586206894
4 0.03275862068965517
7 0.01293103448275862
6 0.009482758620689655
2 0.009482758620689655
1 0.009482758620689655
9 0.005172413793103448
3 0.005172413793103448
8 0.004310344827586207
doc : 18
0 0.599647266313933
5 0.3395061728395061
4 0.014109347442680775
3 0.009700176366843033
1 0.008818342151675485
8 0.006172839506172839
7 0.006172839506172839
2 0.006172839506172839
9 0.005291005291005291
6 0.004409171075837742
doc : 19
4 0.6835242986961675
0 0.14658237850651915
5 0.099170288423548
2 0.04820229158435401
6 0.005926511260371394
7 0.004346108257605689
3 0.004346108257605689
9 0.002765705254839984
8 0.002765705254839984
1 0.0023706045041485577
doc : 20
3 0.9345095693779903
7 0.01824162679425837
6 0.017643540669856458
2 0.005382775119617224
5 0.005083732057416268
4 0.005083732057416268
1 0.005083732057416268
8 0.003588516746411483
9 0.003289473684210526
0 0.0020933014354066986
doc : 21
6 0.5148514851485149
0 0.30627062706270625
5 0.08514851485148515
3 0.04686468646864687
2 0.013201320132013201
4 0.012541254125412541
7 0.008580858085808581
9 0.0046204620462046205
8 0.0039603960396039604
1 0.0039603960396039604
doc : 22
6 0.4063706563706564
5 0.21042471042471042
0 0.18243243243243243
2 0.08011583011583012
4 0.06756756756756757
3 0.019305019305019305
9 0.011583011583011584
1 0.009652509652509652
8 0.006756756756756757
7 0.005791505791505792
doc : 23
9 0.7086092715231788
8 0.06622516556291391
1 0.06291390728476821
0 0.029801324503311258
6 0.023178807947019868
5 0.023178807947019868
3 0.023178807947019868
2 0.023178807947019868
7 0.019867549668874173
4 0.019867549668874173
doc : 24
1 0.6310679611650485
7 0.29004854368932037
9 0.014563106796116504
6 0.012135922330097085
8 0.010922330097087377
0 0.010922330097087377
4 0.009708737864077669
3 0.00849514563106796
5 0.006067961165048543
2 0.006067961165048543
doc : 25
0 0.5330713817943681
4 0.2383759004584152
5 0.09364767518009169
2 0.08513425016371971
7 0.011787819253438114
1 0.010478061558611657
3 0.0091683038637852
6 0.008513425016371971
9 0.005893909626719057
8 0.003929273084479372
doc : 26
1 0.46706586826347307
9 0.2035928143712575
2 0.059880239520958084
8 0.04790419161676647
6 0.04191616766467066
4 0.04191616766467066
7 0.035928143712574856
5 0.035928143712574856
0 0.035928143712574856
3 0.029940119760479042
doc : 27
7 0.5965250965250966
5 0.31467181467181465
4 0.019305019305019305
0 0.015444015444015444
3 0.01254826254826255
2 0.011583011583011584
1 0.009652509652509652
8 0.007722007722007722
6 0.006756756756756757
9 0.005791505791505792
doc : 28
7 0.5873239436619718
5 0.30563380281690145
0 0.022535211267605635
2 0.01971830985915493
3 0.016901408450704227
9 0.011267605633802818
4 0.011267605633802818
6 0.009859154929577466
8 0.008450704225352114
1 0.007042253521126761
doc : 29
6 0.30801104972375687
5 0.2969613259668508
9 0.17265193370165746
1 0.058011049723756904
3 0.05662983425414364
4 0.03867403314917127
2 0.024861878453038673
7 0.019337016574585635
0 0.013812154696132596
8 0.011049723756906077
doc : 30
2 0.9036649214659687
5 0.029319371727748695
4 0.010471204188481676
3 0.010471204188481676
9 0.008376963350785341
7 0.008376963350785341
0 0.008376963350785341
8 0.007329842931937174
1 0.007329842931937174
6 0.006282722513089006
doc : 31
2 0.9081632653061225
5 0.017006802721088437
0 0.017006802721088437
7 0.01360544217687075
3 0.010204081632653062
4 0.009070294784580499
9 0.006802721088435375
6 0.006802721088435375
8 0.005668934240362812
1 0.005668934240362812
doc : 32
2 0.8900226757369615
5 0.024943310657596373
4 0.022675736961451247
0 0.015873015873015872
9 0.009070294784580499
7 0.009070294784580499
3 0.009070294784580499
6 0.006802721088435375
1 0.006802721088435375
8 0.005668934240362812
doc : 33
2 0.9034907597535935
5 0.02053388090349076
4 0.01642710472279261
7 0.012320328542094456
6 0.012320328542094456
0 0.01026694045174538
3 0.007186858316221767
8 0.006160164271047228
1 0.006160164271047228
9 0.00513347022587269
doc : 34
2 0.9154488517745302
5 0.019832985386221292
7 0.013569937369519832
9 0.010438413361169102
1 0.008350730688935281
0 0.008350730688935281
8 0.006263048016701461
4 0.006263048016701461
3 0.006263048016701461
6 0.005219206680584551
doc : 35
6 0.400184842883549
5 0.22920517560073936
0 0.2033271719038817
2 0.066543438077634
4 0.04713493530499076
3 0.018484288354898334
7 0.014787430683918669
9 0.009242144177449167
8 0.005545286506469501
1 0.005545286506469501
doc : 36
3 0.4375
5 0.23214285714285712
9 0.09642857142857142
0 0.09642857142857142
6 0.033928571428571426
7 0.03214285714285714
2 0.024999999999999998
4 0.02142857142857143
8 0.01607142857142857
1 0.008928571428571428
doc : 37
5 0.4922737306843267
3 0.2560706401766004
9 0.05077262693156733
4 0.046357615894039736
2 0.03532008830022075
0 0.03532008830022075
8 0.030905077262693155
7 0.017660044150110375
6 0.017660044150110375
1 0.017660044150110375
doc : 38
7 0.6087484811664641
5 0.29404617253948967
2 0.021871202916160386
0 0.018226002430133656
4 0.01701093560145808
3 0.010935601458080193
6 0.00850546780072904
9 0.007290400972053463
1 0.007290400972053463
8 0.006075334143377885
doc : 39
3 0.7412223667100131
6 0.11053315994798439
5 0.054616384915474644
4 0.0247074122236671
9 0.015604681404421327
1 0.013003901170351106
2 0.011703511053315995
0 0.011703511053315995
8 0.010403120936280884
7 0.006501950585175553
doc : 40
1 0.808641975308642
4 0.03497942386831276
6 0.02880658436213992
7 0.02674897119341564
8 0.02263374485596708
5 0.01851851851851852
9 0.01646090534979424
0 0.01646090534979424
3 0.01440329218106996
2 0.01234567901234568
doc : 41
7 0.6288888888888889
5 0.27
2 0.027777777777777776
0 0.023333333333333334
4 0.015555555555555555
6 0.01
9 0.006666666666666666
3 0.006666666666666666
8 0.005555555555555556
1 0.005555555555555556
doc : 42
7 0.5865384615384616
5 0.15064102564102566
0 0.08760683760683761
1 0.08226495726495728
3 0.023504273504273508
8 0.02243589743589744
2 0.016025641025641028
6 0.011752136752136754
9 0.009615384615384616
4 0.009615384615384616
doc : 43
6 0.5088105726872247
3 0.20484581497797358
1 0.05726872246696036
9 0.05506607929515419
8 0.03303964757709251
5 0.030837004405286347
4 0.030837004405286347
0 0.02863436123348018
2 0.026431718061674013
7 0.024229074889867842
doc : 44
7 0.27780734433209153
8 0.21021820117083553
2 0.14369345396487493
0 0.11016498137307078
4 0.10484300159659393
3 0.06546035125066524
5 0.034060670569451834
1 0.030867482703565725
6 0.016498137307078234
9 0.006386375731772219
doc : 45
2 0.5201793721973094
5 0.3094170403587444
4 0.03811659192825112
0 0.026905829596412557
7 0.02242152466367713
9 0.020179372197309416
6 0.017937219730941704
3 0.01569506726457399
1 0.01569506726457399
8 0.013452914798206279
doc : 46
1 0.29554655870445345
9 0.2874493927125506
8 0.145748987854251
2 0.05263157894736842
5 0.04453441295546559
0 0.04453441295546559
4 0.04048582995951417
3 0.04048582995951417
6 0.02834008097165992
7 0.020242914979757085
doc : 47
0 0.7293233082706767
5 0.18045112781954886
7 0.017543859649122806
2 0.015037593984962405
6 0.012531328320802004
4 0.012531328320802004
3 0.011278195488721804
9 0.008771929824561403
8 0.006265664160401002
1 0.006265664160401002
doc : 48
9 0.8836805555555555
6 0.03211805555555555
4 0.014756944444444444
1 0.012152777777777776
0 0.012152777777777776
3 0.011284722222222222
2 0.011284722222222222
7 0.008680555555555556
8 0.0078125
5 0.006076388888888888
doc : 49
8 0.7801455301455302
7 0.09095634095634096
1 0.07276507276507277
0 0.014033264033264034
9 0.010914760914760915
6 0.010914760914760915
3 0.006237006237006237
5 0.005197505197505198
2 0.004677754677754678
4 0.004158004158004158
