doc : 0
6 0.6
5 0.06153846153846154
3 0.06153846153846154
7 0.05128205128205128
9 0.046153846153846156
8 0.046153846153846156
2 0.046153846153846156
1 0.03076923076923077
0 0.03076923076923077
4 0.02564102564102564
doc : 1
6 0.5776699029126213
5 0.18932038834951453
2 0.03398058252427184
1 0.03398058252427184
9 0.029126213592233007
7 0.029126213592233007
4 0.029126213592233007
0 0.029126213592233007
8 0.02427184466019417
3 0.02427184466019417
doc : 2
9 0.7483870967741936
6 0.18193548387096775
5 0.016774193548387096
7 0.00903225806451613
3 0.00903225806451613
4 0.007741935483870968
0 0.007741935483870968
8 0.0064516129032258064
2 0.0064516129032258064
1 0.0064516129032258064
doc : 3
6 0.417910447761194
3 0.3171641791044776
0 0.055970149253731345
5 0.05223880597014925
8 0.04477611940298507
7 0.026119402985074626
9 0.022388059701492536
2 0.022388059701492536
1 0.022388059701492536
4 0.018656716417910446
doc : 4
6 0.6275862068965518
9 0.10344827586206896
3 0.05862068965517241
0 0.05172413793103448
4 0.034482758620689655
2 0.034482758620689655
1 0.027586206896551724
7 0.02413793103448276
5 0.020689655172413793
8 0.017241379310344827
doc : 5
9 0.4268585131894484
6 0.33812949640287765
3 0.05275779376498801
0 0.04796163069544364
2 0.031175059952038366
8 0.02398081534772182
5 0.02398081534772182
1 0.021582733812949638
4 0.019184652278177457
7 0.014388489208633093
doc : 6
6 0.47826086956521735
5 0.17701863354037267
0 0.12422360248447203
9 0.07763975155279502
2 0.03416149068322981
3 0.03105590062111801
4 0.021739130434782608
1 0.021739130434782608
8 0.018633540372670808
7 0.015527950310559004
doc : 7
6 0.5585365853658537
7 0.09268292682926829
5 0.07317073170731707
0 0.07317073170731707
2 0.05121951219512195
1 0.041463414634146344
8 0.03414634146341464
3 0.03170731707317073
9 0.024390243902439025
4 0.01951219512195122
doc : 8
6 0.6231343283582089
2 0.07835820895522388
4 0.061567164179104475
3 0.05970149253731343
5 0.041044776119402986
1 0.03917910447761194
9 0.03171641791044776
0 0.027985074626865673
7 0.022388059701492536
8 0.014925373134328358
doc : 9
6 0.4225721784776903
7 0.30446194225721784
9 0.049868766404199474
3 0.04461942257217848
2 0.04461942257217848
5 0.04199475065616798
8 0.026246719160104987
1 0.023622047244094488
0 0.023622047244094488
4 0.01837270341207349
doc : 10
9 0.41688654353562005
6 0.38522427440633245
0 0.06068601583113456
2 0.02638522427440633
1 0.023746701846965697
5 0.021108179419525065
4 0.018469656992084433
3 0.018469656992084433
8 0.0158311345646438
7 0.013192612137203165
doc : 11
6 0.6397058823529411
9 0.06985294117647059
3 0.0625
0 0.058823529411764705
2 0.04779411764705882
5 0.03308823529411765
4 0.029411764705882353
8 0.022058823529411763
7 0.01838235294117647
1 0.01838235294117647
doc : 12
5 0.39849624060150374
3 0.3571428571428571
9 0.06015037593984962
1 0.041353383458646614
4 0.03007518796992481
7 0.02631578947368421
6 0.022556390977443608
2 0.022556390977443608
0 0.022556390977443608
8 0.018796992481203006
doc : 13
5 0.6521739130434783
9 0.07692307692307693
6 0.07692307692307693
3 0.05016722408026756
7 0.033444816053511704
2 0.030100334448160536
1 0.026755852842809364
4 0.020066889632107024
8 0.016722408026755852
0 0.016722408026755852
doc : 14
5 0.5718349928876245
7 0.20056899004267426
1 0.08250355618776672
6 0.029871977240398296
2 0.025604551920341397
0 0.02418207681365576
9 0.02275960170697013
3 0.017069701280227598
8 0.015647226173541962
4 0.00995732574679943
doc : 15
3 0.696875
5 0.11750000000000001
4 0.063125
9 0.0325
1 0.024375
6 0.019375
7 0.0175
0 0.0175
8 0.00625
2 0.005
doc : 16
4 0.8297048863086599
7 0.06289308176100629
5 0.027576197387518143
0 0.027092404450895016
3 0.014513788098693758
2 0.010643444605708756
9 0.009675858732462506
8 0.006773101112723754
1 0.006289308176100628
6 0.004837929366231253
doc : 17
6 0.6684931506849315
0 0.10410958904109589
5 0.0547945205479452
9 0.043835616438356165
3 0.0273972602739726
2 0.0273972602739726
7 0.024657534246575342
8 0.016438356164383564
4 0.016438356164383564
1 0.016438356164383564
doc : 18
6 0.65
1 0.05625
0 0.05625
9 0.037500000000000006
5 0.037500000000000006
2 0.037500000000000006
8 0.03125
7 0.03125
4 0.03125
3 0.03125
doc : 19
7 0.5333333333333334
5 0.14523809523809525
6 0.08095238095238096
8 0.04761904761904762
9 0.0380952380952381
4 0.0380952380952381
0 0.03333333333333334
1 0.030952380952380953
2 0.028571428571428574
3 0.02380952380952381
doc : 20
6 0.17200000000000001
1 0.16
7 0.152
5 0.132
0 0.108
9 0.07200000000000001
2 0.068
3 0.056
8 0.048
4 0.032
doc : 21
6 0.6687500000000001
5 0.05
3 0.043750000000000004
0 0.043750000000000004
2 0.037500000000000006
9 0.03125
8 0.03125
7 0.03125
4 0.03125
1 0.03125
doc : 22
6 0.7303370786516854
9 0.0449438202247191
5 0.03745318352059925
0 0.033707865168539325
2 0.0299625468164794
4 0.026217228464419477
3 0.026217228464419477
1 0.026217228464419477
8 0.02247191011235955
7 0.02247191011235955
doc : 23
6 0.6687500000000001
5 0.05625
0 0.05
9 0.037500000000000006
8 0.03125
7 0.03125
4 0.03125
3 0.03125
2 0.03125
1 0.03125
doc : 24
6 0.5734463276836158
9 0.14689265536723164
1 0.06214689265536723
2 0.05367231638418079
5 0.05084745762711865
3 0.031073446327683614
0 0.031073446327683614
7 0.022598870056497175
8 0.014124293785310734
4 0.014124293785310734
doc : 25
2 0.39795918367346933
6 0.1530612244897959
9 0.061224489795918366
5 0.061224489795918366
3 0.061224489795918366
0 0.061224489795918366
8 0.0510204081632653
7 0.0510204081632653
4 0.0510204081632653
1 0.0510204081632653
doc : 26
6 0.7404255319148936
9 0.0425531914893617
4 0.029787234042553193
2 0.029787234042553193
1 0.029787234042553193
0 0.029787234042553193
8 0.025531914893617023
7 0.025531914893617023
3 0.025531914893617023
5 0.02127659574468085
doc : 27
2 0.625160462130937
0 0.12066752246469832
5 0.07573812580231065
3 0.03851091142490372
6 0.03722721437740693
7 0.035943517329910135
9 0.024390243902439022
1 0.017971758664955068
4 0.012836970474967907
8 0.011553273427471117
doc : 28
5 0.71484375
0 0.05078125
6 0.046875
1 0.0390625
9 0.02734375
7 0.02734375
3 0.02734375
4 0.0234375
2 0.0234375
8 0.01953125
doc : 29
5 0.734375
6 0.046875
1 0.0390625
7 0.03515625
0 0.03515625
9 0.0234375
8 0.0234375
3 0.0234375
4 0.01953125
2 0.01953125
doc : 30
2 0.3559322033898305
3 0.327683615819209
6 0.1016949152542373
4 0.04519774011299435
9 0.03954802259887005
0 0.03389830508474576
7 0.02824858757062147
8 0.025423728813559324
1 0.025423728813559324
5 0.01694915254237288
doc : 31
6 0.7378277153558053
9 0.052434456928838954
2 0.033707865168539325
0 0.033707865168539325
4 0.0299625468164794
5 0.026217228464419477
3 0.026217228464419477
8 0.02247191011235955
7 0.018726591760299626
1 0.018726591760299626
doc : 32
1 0.6681614349775785
6 0.21225710014947685
9 0.028400597907324365
5 0.019431988041853514
3 0.017937219730941704
7 0.014947683109118088
0 0.01195814648729447
2 0.01046337817638266
4 0.008968609865470852
8 0.007473841554559044
doc : 33
6 0.6782608695652174
1 0.09130434782608696
3 0.0391304347826087
5 0.034782608695652174
4 0.034782608695652174
9 0.026086956521739132
8 0.026086956521739132
0 0.026086956521739132
7 0.021739130434782608
2 0.021739130434782608
doc : 34
9 0.47187500000000004
1 0.10312500000000001
7 0.1
4 0.07187500000000001
3 0.05625
5 0.053125000000000006
0 0.05
6 0.040625
8 0.034375
2 0.018750000000000003
doc : 35
8 0.9001857010213556
7 0.04874651810584958
0 0.010677808727948004
5 0.009285051067780874
2 0.008356545961002786
9 0.007428040854224698
6 0.004642525533890437
3 0.004642525533890437
1 0.0032497678737233053
4 0.002785515320334262
doc : 36
6 0.7003257328990228
9 0.05211726384364821
5 0.05211726384364821
2 0.05211726384364821
3 0.02931596091205212
8 0.026058631921824105
0 0.026058631921824105
1 0.02280130293159609
7 0.01954397394136808
4 0.01954397394136808
doc : 37
6 0.6344086021505376
2 0.07526881720430108
5 0.05734767025089606
0 0.05017921146953405
4 0.03942652329749104
9 0.035842293906810034
3 0.035842293906810034
1 0.03225806451612903
7 0.021505376344086023
8 0.017921146953405017
doc : 38
5 0.7021276595744681
6 0.06855791962174941
4 0.044917257683215125
8 0.037825059101654845
7 0.037825059101654845
9 0.03309692671394799
2 0.02364066193853428
0 0.02364066193853428
3 0.014184397163120567
1 0.014184397163120567
doc : 39
2 0.8061002178649238
6 0.054466230936819175
7 0.026143790849673207
1 0.02396514161220044
9 0.02178649237472767
5 0.01525054466230937
0 0.01525054466230937
8 0.013071895424836603
3 0.013071895424836603
4 0.010893246187363835
doc : 40
6 0.7241379310344828
9 0.05517241379310345
5 0.041379310344827586
2 0.03793103448275862
7 0.034482758620689655
3 0.02413793103448276
1 0.02413793103448276
4 0.020689655172413793
0 0.020689655172413793
8 0.017241379310344827
doc : 41
2 0.6014828544949027
7 0.21223354958294718
5 0.04819277108433735
0 0.03151065801668211
3 0.027803521779425393
6 0.020389249304911955
8 0.018535681186283598
1 0.018535681186283598
9 0.012048192771084338
4 0.009267840593141799
doc : 42
8 0.9064293915040184
7 0.045924225028702644
1 0.008610792192881746
6 0.008036739380022962
0 0.008036739380022962
5 0.0057405281285878304
3 0.0057405281285878304
9 0.004592422502870264
2 0.004018369690011481
4 0.0028702640642939152
doc : 43
2 0.7638376383763837
6 0.047970479704797044
5 0.02952029520295203
9 0.025830258302583026
8 0.025830258302583026
1 0.025830258302583026
3 0.02214022140221402
0 0.02214022140221402
7 0.01845018450184502
4 0.01845018450184502
doc : 44
6 0.7121212121212122
5 0.06060606060606061
9 0.03535353535353536
1 0.03535353535353536
0 0.030303030303030304
8 0.025252525252525256
7 0.025252525252525256
4 0.025252525252525256
3 0.025252525252525256
2 0.025252525252525256
doc : 45
2 0.5222929936305732
6 0.10191082802547771
7 0.07006369426751592
5 0.05732484076433121
1 0.050955414012738856
9 0.0445859872611465
0 0.0445859872611465
8 0.038216560509554146
4 0.038216560509554146
3 0.03184713375796178
doc : 46
0 0.37943262411347517
5 0.1950354609929078
9 0.1347517730496454
7 0.06382978723404255
3 0.06028368794326241
6 0.04609929078014184
8 0.035460992907801414
1 0.035460992907801414
4 0.028368794326241134
2 0.02127659574468085
doc : 47
0 0.7364485981308412
5 0.08878504672897197
7 0.07102803738317758
6 0.03551401869158879
9 0.014953271028037384
3 0.013084112149532711
2 0.011214953271028038
8 0.010280373831775701
4 0.009345794392523366
1 0.009345794392523366
doc : 48
1 0.7300275482093664
5 0.09917355371900827
2 0.09641873278236915
8 0.013774104683195593
7 0.013774104683195593
6 0.012396694214876033
4 0.011019283746556474
9 0.008264462809917356
0 0.008264462809917356
3 0.006887052341597796
doc : 49
6 0.7209302325581396
3 0.046511627906976744
9 0.04318936877076412
2 0.03322259136212625
7 0.029900332225913623
4 0.029900332225913623
1 0.026578073089700997
0 0.026578073089700997
8 0.023255813953488372
5 0.019933554817275746
