doc : 0
5 0.8424870466321243
1 0.061139896373056994
0 0.060621761658031084
4 0.007253886010362694
3 0.006735751295336787
6 0.005699481865284974
7 0.00466321243523316
2 0.004145077720207254
9 0.003626943005181347
8 0.003626943005181347
doc : 1
1 0.5977175463623395
0 0.19971469329529246
5 0.06918687589158345
7 0.03138373751783167
9 0.029243937232524966
4 0.016405135520684736
3 0.014978601997146934
6 0.014265335235378032
2 0.014265335235378032
8 0.01283880171184023
doc : 2
5 0.8190769230769231
0 0.11692307692307692
7 0.016615384615384615
1 0.014153846153846154
8 0.009230769230769232
6 0.007384615384615385
3 0.005538461538461539
4 0.0043076923076923075
9 0.0036923076923076927
2 0.003076923076923077
doc : 3
5 0.5702127659574469
0 0.3223404255319149
7 0.02872340425531915
1 0.02446808510638298
6 0.014893617021276596
4 0.011702127659574468
2 0.00851063829787234
9 0.007446808510638298
3 0.006382978723404256
8 0.005319148936170213
doc : 4
5 0.912008281573499
0 0.04865424430641822
7 0.009834368530020704
4 0.007763975155279504
3 0.006211180124223603
9 0.003623188405797102
8 0.0031055900621118015
2 0.0031055900621118015
1 0.0031055900621118015
6 0.002587991718426501
doc : 5
4 0.8059822150363783
0 0.14308811641067096
1 0.009700889248181082
2 0.008084074373484235
8 0.007275666936135812
7 0.0064672594987873885
9 0.005658852061438965
6 0.004850444624090541
5 0.004850444624090541
3 0.0040420371867421175
doc : 6
1 0.8286828682868288
0 0.04245424542454246
8 0.03315331533153316
4 0.024302430243024305
6 0.018601860186018605
7 0.0168016801680168
5 0.015301530153015303
2 0.010651065106510652
9 0.005100510051005101
3 0.0049504950495049506
doc : 7
1 0.8127421437795954
0 0.12182522600086096
8 0.019801980198019802
4 0.011192423590185106
2 0.008179078777442962
6 0.0064571674558760225
5 0.006026689625484288
3 0.005596211795092553
7 0.004735256134309083
9 0.0034438226431338786
doc : 8
3 0.8129860031104199
5 0.16213063763608088
7 0.004665629860031105
6 0.003499222395023328
0 0.003499222395023328
2 0.003110419906687403
8 0.0027216174183514776
4 0.0027216174183514776
1 0.0027216174183514776
9 0.0019440124416796266
doc : 9
3 0.38408304498269896
2 0.1384083044982699
5 0.08650519031141869
4 0.07958477508650519
1 0.06920415224913495
0 0.06228373702422146
8 0.058823529411764705
9 0.04152249134948097
7 0.04152249134948097
6 0.03806228373702422
doc : 10
3 0.9024896265560166
7 0.012448132780082988
5 0.012448132780082988
9 0.01037344398340249
8 0.01037344398340249
6 0.01037344398340249
4 0.01037344398340249
2 0.01037344398340249
1 0.01037344398340249
0 0.01037344398340249
doc : 11
5 0.7938856015779093
4 0.07840236686390532
1 0.0601577909270217
2 0.015779092702169626
0 0.014299802761341223
6 0.01232741617357002
3 0.011341222879684419
7 0.005424063116370809
9 0.004930966469428008
8 0.003451676528599606
doc : 12
7 0.8295073510446221
5 0.11503740005158629
0 0.04204281661078153
4 0.0023213825122517413
3 0.0023213825122517413
8 0.0020634511220015478
6 0.0020634511220015478
2 0.0018055197317513542
1 0.0015475883415011608
9 0.0012896569512509675
doc : 13
0 0.458962573867367
5 0.41759684832567295
1 0.024294156270518712
9 0.022980958634274455
7 0.0216677609980302
6 0.018384766907419567
2 0.010505581089954037
4 0.009192383453709783
8 0.008535784635587655
3 0.007879185817465528
doc : 14
0 0.4018348623853211
1 0.29357798165137616
9 0.060550458715596334
7 0.045871559633027525
6 0.044036697247706424
4 0.04036697247706422
8 0.03853211009174312
3 0.031192660550458717
5 0.022018348623853212
2 0.022018348623853212
doc : 15
5 0.7225959635931936
0 0.12742382271468145
7 0.1187178472497032
8 0.007914523149980214
9 0.004748713889988128
6 0.004748713889988128
1 0.003957261574990107
4 0.003561535417491096
2 0.003561535417491096
3 0.002770083102493075
doc : 16
0 0.6365159128978225
5 0.1658291457286432
7 0.09715242881072027
2 0.021775544388609715
8 0.01507537688442211
3 0.01507537688442211
1 0.01340033500837521
9 0.01172529313232831
6 0.01172529313232831
4 0.01172529313232831
doc : 17
0 0.6584507042253521
1 0.08802816901408451
7 0.04929577464788733
3 0.04225352112676056
4 0.035211267605633804
6 0.03169014084507042
5 0.028169014084507043
2 0.024647887323943664
9 0.02112676056338028
8 0.02112676056338028
doc : 18
1 0.5077519379844961
7 0.17635658914728683
5 0.14728682170542634
6 0.046511627906976744
0 0.031007751937984496
8 0.023255813953488372
4 0.01937984496124031
9 0.01744186046511628
3 0.015503875968992248
2 0.015503875968992248
doc : 19
5 0.7562056737588653
4 0.2074468085106383
7 0.0070921985815602835
0 0.006648936170212766
2 0.004432624113475177
1 0.004432624113475177
6 0.003989361702127659
9 0.0035460992907801418
8 0.0035460992907801418
3 0.0026595744680851063
doc : 20
7 0.4807017543859649
0 0.39473684210526316
5 0.0368421052631579
6 0.015789473684210527
2 0.015789473684210527
8 0.012280701754385965
4 0.012280701754385965
1 0.012280701754385965
3 0.010526315789473684
9 0.008771929824561403
doc : 21
1 0.7721680779677265
0 0.07445278798530117
5 0.06949992011503435
7 0.031953986259785905
8 0.020770091068860838
2 0.008467806358843265
4 0.008148266496245405
9 0.0059114874580603926
6 0.0059114874580603926
3 0.002716088832081802
doc : 22
5 0.7604651162790698
0 0.1813953488372093
2 0.010077519379844961
6 0.008527131782945736
4 0.008527131782945736
7 0.007751937984496124
1 0.0069767441860465115
9 0.006201550387596899
8 0.005426356589147287
3 0.004651162790697674
doc : 23
0 0.8525132275132274
5 0.10317460317460317
7 0.013888888888888888
6 0.005952380952380952
8 0.005291005291005291
2 0.005291005291005291
9 0.003968253968253968
4 0.0033068783068783067
3 0.0033068783068783067
1 0.0033068783068783067
doc : 24
5 0.3553719008264463
8 0.1322314049586777
3 0.09504132231404959
9 0.08264462809917356
6 0.0743801652892562
1 0.07024793388429752
0 0.05785123966942149
7 0.049586776859504134
4 0.04132231404958678
2 0.04132231404958678
doc : 25
1 0.7148612354521039
7 0.0756490599820949
6 0.06266786034019696
5 0.02954341987466428
2 0.02954341987466428
9 0.022381378692927483
8 0.021933751119068933
4 0.017905102954341987
3 0.01656222023276634
0 0.008952551477170993
doc : 26
3 0.8932238193018481
4 0.01642710472279261
9 0.014373716632443533
8 0.014373716632443533
7 0.01026694045174538
6 0.01026694045174538
5 0.01026694045174538
2 0.01026694045174538
1 0.01026694045174538
0 0.01026694045174538
doc : 27
3 0.8857142857142857
4 0.02727272727272727
1 0.01818181818181818
6 0.011688311688311689
0 0.011688311688311689
5 0.01038961038961039
9 0.00909090909090909
8 0.00909090909090909
2 0.00909090909090909
7 0.007792207792207792
doc : 28
8 0.7699115044247787
4 0.04129793510324484
3 0.029498525073746312
0 0.029498525073746312
7 0.02359882005899705
6 0.02359882005899705
5 0.02359882005899705
2 0.02359882005899705
1 0.02064896755162242
9 0.014749262536873156
doc : 29
2 0.42286348501664817
1 0.28412874583795783
4 0.08546059933407325
3 0.06992230854605994
6 0.06881243063263041
5 0.01553829078801332
8 0.014428412874583796
0 0.014428412874583796
9 0.013318534961154274
7 0.011098779134295227
doc : 30
3 0.889344262295082
1 0.020491803278688527
9 0.012295081967213115
4 0.012295081967213115
2 0.012295081967213115
0 0.012295081967213115
8 0.010245901639344263
7 0.010245901639344263
6 0.010245901639344263
5 0.010245901639344263
doc : 31
3 0.9024856596558317
9 0.015296367112810707
5 0.01147227533460803
4 0.01147227533460803
1 0.01147227533460803
8 0.009560229445506692
7 0.009560229445506692
6 0.009560229445506692
2 0.009560229445506692
0 0.009560229445506692
doc : 32
3 0.8857715430861722
9 0.018036072144288574
1 0.01603206412825651
8 0.014028056112224447
4 0.014028056112224447
6 0.012024048096192383
7 0.01002004008016032
5 0.01002004008016032
2 0.01002004008016032
0 0.01002004008016032
doc : 33
3 0.8864970645792563
8 0.019569471624266144
6 0.015655577299412915
4 0.0136986301369863
1 0.0136986301369863
5 0.011741682974559686
9 0.009784735812133072
7 0.009784735812133072
2 0.009784735812133072
0 0.009784735812133072
doc : 34
3 0.8860759493670886
1 0.016877637130801686
9 0.014767932489451475
0 0.014767932489451475
8 0.012658227848101264
4 0.012658227848101264
7 0.010548523206751054
6 0.010548523206751054
5 0.010548523206751054
2 0.010548523206751054
doc : 35
8 0.9020618556701031
9 0.027491408934707903
5 0.015463917525773196
1 0.014604810996563574
7 0.009450171821305841
6 0.007731958762886598
2 0.007731958762886598
3 0.006013745704467353
4 0.005154639175257732
0 0.00429553264604811
doc : 36
0 0.5158007498660954
5 0.2994108194965185
9 0.07070166041778253
1 0.05275843599357258
7 0.02088912694161757
8 0.012319228709159078
4 0.008837707552222816
2 0.008302088912694162
6 0.00723085163363685
3 0.003749330476700589
doc : 37
5 0.760387811634349
0 0.10664819944598337
7 0.0865650969529086
1 0.01038781163434903
3 0.007617728531855956
2 0.007617728531855956
9 0.00554016620498615
8 0.00554016620498615
4 0.00554016620498615
6 0.004155124653739612
doc : 38
8 0.612193588937775
0 0.18478944060339408
1 0.11313639220615965
6 0.023255813953488372
2 0.01759899434318039
4 0.01697045883092395
7 0.01257071024512885
9 0.01005656819610308
3 0.0056568196103079825
5 0.003771213073538655
doc : 39
5 0.844438170525127
7 0.08808582721626199
0 0.04545454545454545
1 0.006775832862789384
2 0.003105590062111801
4 0.00282326369282891
6 0.002540937323546019
3 0.002540937323546019
9 0.002258610954263128
8 0.001976284584980237
doc : 40
0 0.4714765100671141
5 0.4161073825503356
7 0.025167785234899327
6 0.016778523489932886
4 0.015100671140939596
2 0.013422818791946308
3 0.01174496644295302
1 0.01174496644295302
9 0.010067114093959731
8 0.008389261744966443
doc : 41
0 0.4663978494623656
5 0.37634408602150543
7 0.06182795698924732
9 0.01881720430107527
8 0.016129032258064516
2 0.01478494623655914
4 0.013440860215053765
1 0.013440860215053765
6 0.009408602150537635
3 0.009408602150537635
doc : 42
5 0.8573584905660377
0 0.09283018867924528
7 0.01509433962264151
9 0.008679245283018867
1 0.007547169811320755
4 0.004528301886792452
2 0.004150943396226415
3 0.0037735849056603774
8 0.0030188679245283017
6 0.0030188679245283017
doc : 43
5 0.8770510227017307
0 0.0964261631827377
9 0.004045853000674309
7 0.003821083389525736
6 0.0035963137783771634
8 0.0033715441672285905
1 0.0031467745560800177
4 0.0029220049449314453
2 0.0029220049449314453
3 0.0026972353337828725
doc : 44
5 0.4360535931790499
0 0.40316686967113274
9 0.043239951278928136
7 0.035931790499390985
6 0.02253349573690621
4 0.01705237515225335
1 0.015834348355663823
2 0.01522533495736906
8 0.0060901339829476245
3 0.0048721071863581
doc : 45
0 0.550624133148405
5 0.2912621359223301
7 0.06102635228848821
8 0.02635228848821082
4 0.01941747572815534
1 0.012482662968099861
6 0.011095700416088766
3 0.011095700416088766
9 0.008321775312066574
2 0.008321775312066574
doc : 46
3 0.8119009584664536
5 0.16054313099041534
7 0.0059904153354632585
2 0.00439297124600639
8 0.003594249201277955
1 0.003594249201277955
6 0.0027955271565495207
9 0.0023961661341853034
4 0.0023961661341853034
0 0.0023961661341853034
doc : 47
8 0.5811258278145696
2 0.15728476821192053
3 0.07119205298013245
6 0.04470198675496689
4 0.03642384105960265
0 0.033112582781456956
9 0.028145695364238412
5 0.02152317880794702
7 0.013245033112582781
1 0.013245033112582781
doc : 48
6 0.6248839368616528
1 0.1959145775301764
9 0.04642525533890436
5 0.02692664809656453
4 0.02321262766945218
8 0.022284122562674095
3 0.016713091922005572
7 0.014856081708449397
0 0.014856081708449397
2 0.013927576601671309
doc : 49
5 0.8821483771251932
0 0.07959814528593509
7 0.010046367851622875
6 0.005409582689335394
1 0.005023183925811438
8 0.0038639876352395673
3 0.0038639876352395673
9 0.0034775888717156105
2 0.0034775888717156105
4 0.0030911901081916537
doc : 50
0 0.6179775280898876
5 0.21207865168539325
7 0.07162921348314606
3 0.02247191011235955
9 0.01544943820224719
1 0.01544943820224719
6 0.012640449438202247
2 0.012640449438202247
8 0.009831460674157303
4 0.009831460674157303
doc : 51
1 0.49642004773269693
0 0.32935560859188545
9 0.05966587112171838
7 0.027446300715990454
3 0.02028639618138425
2 0.017899761336515514
6 0.016706443914081145
4 0.013126491646778043
5 0.010739856801909309
8 0.008353221957040573
doc : 52
0 0.4880952380952381
4 0.14285714285714285
7 0.1349206349206349
5 0.057539682539682536
3 0.04563492063492063
1 0.04365079365079365
2 0.037698412698412696
8 0.01984126984126984
9 0.015873015873015872
6 0.013888888888888888
doc : 53
0 0.6245954692556634
5 0.2394822006472492
1 0.04935275080906149
7 0.03559870550161812
6 0.012135922330097087
4 0.010517799352750809
9 0.00970873786407767
3 0.00889967637540453
2 0.0056634304207119745
8 0.004045307443365696
doc : 54
8 0.8687982359426681
9 0.03197353914002205
6 0.020948180815876516
5 0.018743109151047408
7 0.015435501653803748
3 0.011025358324145536
4 0.008820286659316428
1 0.008820286659316428
0 0.008820286659316428
2 0.006615214994487321
doc : 55
8 0.7337559429477021
6 0.11093502377179082
0 0.03486529318541997
3 0.03328050713153724
2 0.020602218700475437
1 0.01584786053882726
4 0.014263074484944533
7 0.012678288431061807
5 0.012678288431061807
9 0.011093502377179081
doc : 56
6 0.9241706161137442
4 0.013033175355450238
8 0.009478672985781991
5 0.009478672985781991
7 0.008293838862559242
2 0.008293838862559242
9 0.007109004739336493
3 0.007109004739336493
0 0.007109004739336493
1 0.0059241706161137445
doc : 57
1 0.6787086856264412
3 0.09915449654112221
6 0.0668716372021522
2 0.05149884704073789
8 0.027671022290545733
0 0.023059185242121444
4 0.016910069177555727
9 0.013066871637202153
7 0.012298232129131437
5 0.010760953112990008
doc : 58
0 0.435546875
5 0.421875
4 0.029296875
7 0.025390625
3 0.0234375
1 0.015625
9 0.013671875
6 0.013671875
8 0.01171875
2 0.009765625
doc : 59
5 0.6078296703296704
7 0.2575549450549451
0 0.10096153846153846
4 0.006181318681318682
1 0.006181318681318682
9 0.005494505494505495
8 0.004807692307692308
6 0.004120879120879121
3 0.0034340659340659344
2 0.0034340659340659344
doc : 60
1 0.6766630316248637
0 0.13522355507088332
5 0.09978189749182116
7 0.023446019629225736
8 0.017448200654307525
4 0.016902944383860415
2 0.010359869138495093
6 0.008178844056706653
3 0.0076335877862595426
9 0.004362050163576881
doc : 61
5 0.49667405764966743
7 0.4062084257206208
0 0.06563192904656319
4 0.008425720620842573
1 0.004878048780487805
8 0.003991130820399113
3 0.003991130820399113
9 0.003547671840354767
6 0.003547671840354767
2 0.0031042128603104213
doc : 62
2 0.4363957597173145
1 0.428886925795053
6 0.0706713780918728
4 0.014134275618374558
3 0.011925795053003533
9 0.010600706713780918
8 0.010600706713780918
0 0.009275618374558304
7 0.00441696113074205
5 0.0030918727915194345
doc : 63
7 0.5896373056994818
5 0.3488773747841105
6 0.012780656303972366
4 0.011398963730569948
9 0.01001727115716753
1 0.008635578583765112
2 0.006563039723661485
8 0.005526770293609672
0 0.0037996545768566492
3 0.002763385146804836
doc : 64
4 0.9315856777493607
5 0.020460358056265986
0 0.014705882352941178
1 0.005754475703324808
3 0.005115089514066497
2 0.005115089514066497
8 0.004475703324808185
7 0.004475703324808185
6 0.004475703324808185
9 0.0038363171355498722
doc : 65
4 0.8717375093214019
0 0.03653989560029828
2 0.019388516032811335
3 0.017151379567486948
5 0.01267710663683818
7 0.011185682326621923
8 0.009694258016405667
6 0.009694258016405667
9 0.006711409395973154
1 0.005219985085756897
doc : 66
3 0.6993243243243243
6 0.10247747747747747
2 0.10135135135135136
8 0.02027027027027027
1 0.02027027027027027
4 0.015765765765765764
0 0.013513513513513514
9 0.012387387387387387
5 0.007882882882882882
7 0.006756756756756757
doc : 67
0 0.8758333333333334
5 0.0675
7 0.021666666666666667
8 0.008333333333333333
9 0.005
2 0.005
6 0.004166666666666667
4 0.004166666666666667
3 0.004166666666666667
1 0.004166666666666667
doc : 68
5 0.7046095954844779
0 0.17497648165569143
7 0.0658513640639699
9 0.01317027281279398
8 0.008466603951081845
2 0.008466603951081845
6 0.00658513640639699
4 0.00658513640639699
3 0.005644402634054563
1 0.005644402634054563
doc : 69
1 0.4745972738537794
0 0.30855018587360594
6 0.0644361833952912
8 0.030978934324659233
9 0.02973977695167286
3 0.024783147459727387
2 0.022304832713754646
5 0.021065675340768277
4 0.01486988847583643
7 0.008674101610904586
doc : 70
6 0.7243975903614458
7 0.07454819277108433
2 0.0444277108433735
3 0.035391566265060244
8 0.03162650602409639
0 0.024849397590361446
1 0.021837349397590362
9 0.02033132530120482
5 0.014307228915662652
4 0.008283132530120483
doc : 71
3 0.8871595330739299
1 0.021400778210116732
9 0.017509727626459144
7 0.011673151750972763
6 0.011673151750972763
4 0.011673151750972763
8 0.009727626459143969
5 0.009727626459143969
2 0.009727626459143969
0 0.009727626459143969
doc : 72
3 0.8930693069306931
1 0.019801980198019802
8 0.013861386138613862
7 0.011881188118811881
4 0.011881188118811881
9 0.009900990099009901
6 0.009900990099009901
5 0.009900990099009901
2 0.009900990099009901
0 0.009900990099009901
doc : 73
8 0.8466819221967964
2 0.027459954233409613
1 0.02288329519450801
9 0.018306636155606407
6 0.018306636155606407
4 0.016018306636155607
3 0.016018306636155607
7 0.011441647597254004
5 0.011441647597254004
0 0.011441647597254004
doc : 74
2 0.7971973530556636
0 0.09264305177111716
9 0.03814713896457766
5 0.021798365122615803
3 0.012066952121448033
4 0.01012066952121448
7 0.009731413001167769
8 0.008174386920980926
6 0.006228104320747372
1 0.0038925652004671075
doc : 75
5 0.6238997968855788
0 0.31651997291807715
7 0.01895734597156398
2 0.010155721056194989
4 0.007447528774542992
8 0.0071090047393364926
6 0.005416384563303994
9 0.004400812457684496
1 0.0033852403520649964
3 0.002708192281651997
doc : 76
0 0.6046010064701653
5 0.3335729690869878
1 0.013659237958303379
6 0.011502516175413372
7 0.010783608914450037
8 0.007189072609633357
4 0.006470165348670022
3 0.004313443565780015
2 0.004313443565780015
9 0.0035945363048166786
doc : 77
5 0.7113207547169811
0 0.10707547169811321
7 0.09433962264150944
6 0.02358490566037736
9 0.014622641509433962
8 0.014622641509433962
1 0.01179245283018868
2 0.009433962264150943
3 0.007075471698113208
4 0.006132075471698114
doc : 78
5 0.8447088290544771
0 0.10457107075767062
7 0.013775829680651221
8 0.0068879148403256105
1 0.006261740763932373
2 0.005635566687539136
3 0.005009392611145898
9 0.004383218534752661
6 0.004383218534752661
4 0.004383218534752661
doc : 79
4 0.39644970414201186
0 0.3096646942800789
5 0.1952662721893491
2 0.02465483234714004
9 0.01972386587771203
7 0.018737672583826432
6 0.010848126232741617
3 0.008875739644970414
8 0.007889546351084813
1 0.007889546351084813
doc : 80
5 0.7858834675509238
0 0.16911416390336334
1 0.00994789199431549
6 0.0071056371387967785
7 0.006631927996210327
8 0.005210800568450971
4 0.0047370914258645196
9 0.004263382283278067
2 0.0037896731406916154
3 0.0033159639981051635
doc : 81
5 0.8873152709359606
0 0.0668103448275862
7 0.016317733990147784
9 0.008004926108374385
4 0.004618226600985222
1 0.004618226600985222
2 0.004310344827586207
6 0.0040024630541871924
3 0.0021551724137931034
8 0.0018472906403940886
doc : 82
6 0.7418967587034814
5 0.09723889555822328
0 0.048019207683073224
7 0.04441776710684273
1 0.02280912364945978
8 0.010804321728691476
3 0.010804321728691476
9 0.009603841536614645
4 0.008403361344537815
2 0.006002400960384153
doc : 83
6 0.7670250896057347
5 0.08124253285543608
0 0.04778972520908004
7 0.04181600955794504
4 0.014336917562724014
1 0.014336917562724014
9 0.01075268817204301
8 0.009557945041816009
2 0.007168458781362007
3 0.005973715651135005
doc : 84
6 0.9106945975744212
9 0.017640573318632856
8 0.014332965821389196
5 0.009922822491730982
1 0.009922822491730982
4 0.008820286659316428
2 0.008820286659316428
7 0.006615214994487321
3 0.006615214994487321
0 0.006615214994487321
doc : 85
6 0.6422845691382765
9 0.09118236472945891
8 0.052104208416833664
2 0.049098196392785565
1 0.044088176352705406
4 0.041082164328657314
3 0.03106212424849699
5 0.019038076152304607
0 0.01603206412825651
7 0.014028056112224447
doc : 86
0 0.4855072463768116
5 0.321256038647343
7 0.07004830917874395
3 0.021739130434782608
8 0.01932367149758454
6 0.01932367149758454
1 0.01932367149758454
2 0.016908212560386472
9 0.014492753623188404
4 0.012077294685990338
doc : 87
9 0.9467000000000001
0 0.0239
6 0.008700000000000001
2 0.006
8 0.0037
5 0.0031000000000000003
1 0.0026000000000000003
4 0.0022
3 0.002
7 0.0011
doc : 88
6 0.7122641509433962
9 0.09669811320754716
2 0.05542452830188679
1 0.03773584905660377
3 0.025943396226415092
8 0.02122641509433962
7 0.015330188679245283
4 0.014150943396226415
0 0.011792452830188678
5 0.009433962264150943
doc : 89
2 0.9531662269129287
8 0.008575197889182058
6 0.0065963060686015824
9 0.005936675461741424
3 0.005277044854881266
5 0.004617414248021108
0 0.004617414248021108
7 0.00395778364116095
4 0.00395778364116095
1 0.0032981530343007912
doc : 90
4 0.9712722298221614
1 0.004559963520291838
7 0.00364797081623347
5 0.00364797081623347
2 0.00364797081623347
3 0.0031919744642042863
8 0.0027359781121751026
6 0.0027359781121751026
9 0.002279981760145919
0 0.002279981760145919
doc : 91
6 0.8502080443828017
9 0.05131761442441054
3 0.027045769764216368
8 0.02011095700416089
2 0.014563106796116505
7 0.011095700416088766
5 0.008321775312066574
1 0.0076282940360610264
0 0.005547850208044383
4 0.004160887656033287
doc : 92
4 0.9699042407660738
8 0.005471956224350205
0 0.004103967168262654
1 0.00364797081623347
7 0.0031919744642042863
5 0.0031919744642042863
3 0.0031919744642042863
6 0.0027359781121751026
9 0.002279981760145919
2 0.002279981760145919
doc : 93
8 0.6883821932681868
0 0.13735070575461455
9 0.08197611292073834
1 0.020086862106406082
7 0.017915309446254073
6 0.017915309446254073
3 0.010857763300760045
5 0.010314875135722042
4 0.009229098805646038
2 0.005971769815418024
doc : 94
0 0.6985376827896513
5 0.11698537682789653
7 0.04274465691788527
9 0.0359955005624297
1 0.03487064116985377
8 0.022497187851518562
6 0.01799775028121485
4 0.012373453318335208
2 0.012373453318335208
3 0.005624296962879641
doc : 95
5 0.874444064317482
0 0.08552856654122476
7 0.010263427984946972
4 0.008894970920287376
1 0.006500171057133082
9 0.0037632569278138895
8 0.0037632569278138895
6 0.0023947998631542932
2 0.0023947998631542932
3 0.0020526855969893944
doc : 96
2 0.9523489932885906
8 0.008053691275167784
0 0.006711409395973154
5 0.006040268456375839
9 0.005369127516778523
3 0.005369127516778523
7 0.004026845637583892
6 0.004026845637583892
4 0.004026845637583892
1 0.004026845637583892
doc : 97
8 0.8405103668261563
6 0.03349282296650718
9 0.025518341307814992
0 0.025518341307814992
7 0.01594896331738437
2 0.01594896331738437
1 0.01594896331738437
5 0.009569377990430622
3 0.009569377990430622
4 0.007974481658692184
doc : 98
6 0.9298454221165279
5 0.010701545778834719
9 0.009512485136741973
3 0.008323424494649227
2 0.008323424494649227
8 0.00713436385255648
4 0.00713436385255648
0 0.00713436385255648
7 0.005945303210463733
1 0.005945303210463733
doc : 99
6 0.4056603773584906
2 0.19968553459119498
1 0.15408805031446543
4 0.0849056603773585
0 0.03459119496855346
8 0.02830188679245283
5 0.02830188679245283
9 0.022012578616352203
3 0.022012578616352203
7 0.020440251572327046
