doc : 0
6 0.30757097791798105
7 0.2949526813880126
8 0.13249211356466878
1 0.1167192429022082
4 0.0362776025236593
2 0.03470031545741325
5 0.022082018927444793
9 0.02050473186119874
3 0.01892744479495268
0 0.015772870662460567
doc : 1
7 0.6194895591647331
6 0.18561484918793503
1 0.05104408352668213
3 0.030162412993039442
0 0.027842227378190254
9 0.018561484918793503
8 0.018561484918793503
5 0.018561484918793503
4 0.018561484918793503
2 0.01160092807424594
doc : 2
9 0.8076923076923077
6 0.04072398190045249
0 0.029411764705882356
5 0.027149321266968326
7 0.020361990950226245
1 0.01809954751131222
8 0.015837104072398193
2 0.015837104072398193
4 0.013574660633484163
3 0.011312217194570137
doc : 3
9 0.8731182795698925
6 0.01935483870967742
5 0.017204301075268817
8 0.015053763440860214
7 0.012903225806451613
4 0.012903225806451613
2 0.012903225806451613
1 0.012903225806451613
0 0.012903225806451613
3 0.010752688172043012
doc : 4
9 0.8691796008869179
6 0.024390243902439025
5 0.017738359201773836
2 0.015521064301552107
8 0.013303769401330377
7 0.013303769401330377
1 0.013303769401330377
4 0.011086474501108647
3 0.011086474501108647
0 0.011086474501108647
doc : 5
9 0.8461538461538463
6 0.04072398190045249
5 0.020361990950226245
4 0.015837104072398193
8 0.013574660633484163
3 0.013574660633484163
2 0.013574660633484163
1 0.013574660633484163
7 0.011312217194570137
0 0.011312217194570137
doc : 6
6 0.5880281690140845
1 0.0903755868544601
8 0.07746478873239437
0 0.07629107981220658
4 0.04812206572769953
2 0.03873239436619719
9 0.028169014084507043
5 0.025821596244131457
7 0.01995305164319249
3 0.007042253521126761
doc : 7
5 0.8148148148148148
6 0.08796296296296297
7 0.016203703703703703
1 0.015046296296296295
3 0.013888888888888888
0 0.01273148148148148
9 0.011574074074074073
8 0.010416666666666666
4 0.009259259259259259
2 0.008101851851851851
doc : 8
6 0.7224489795918368
0 0.04489795918367347
8 0.04285714285714286
5 0.04285714285714286
1 0.04081632653061225
4 0.028571428571428574
9 0.02448979591836735
7 0.022448979591836737
3 0.0163265306122449
2 0.014285714285714287
doc : 9
7 0.583710407239819
1 0.10407239819004525
8 0.05882352941176471
6 0.0497737556561086
4 0.04524886877828055
5 0.03619909502262444
3 0.03619909502262444
0 0.03619909502262444
9 0.027149321266968326
2 0.022624434389140274
doc : 10
4 0.9449025487256372
8 0.014617691154422787
1 0.012368815592203897
0 0.006371814092953523
3 0.004497751124437781
2 0.004497751124437781
6 0.0037481259370314842
5 0.0033733133433283356
9 0.0029985007496251873
7 0.002623688155922039
doc : 11
0 0.14925373134328357
9 0.13432835820895522
2 0.11940298507462686
5 0.1044776119402985
8 0.08955223880597014
3 0.08955223880597014
1 0.08955223880597014
7 0.07462686567164178
6 0.07462686567164178
4 0.07462686567164178
doc : 12
0 0.7375328083989502
2 0.19072615923009625
3 0.014873140857392827
4 0.012248468941382328
7 0.010498687664041995
8 0.007874015748031496
5 0.007874015748031496
1 0.00699912510936133
6 0.006124234470691164
9 0.005249343832020997
doc : 13
0 0.8564867967853043
2 0.07577497129735936
3 0.014925373134328358
6 0.010332950631458095
8 0.009184845005740528
9 0.008036739380022962
7 0.006888633754305396
1 0.006888633754305396
5 0.0057405281285878304
4 0.0057405281285878304
doc : 14
3 0.7718729747245625
8 0.060272197018794556
2 0.03953337653920933
6 0.028515878159429683
0 0.028515878159429683
1 0.02268308489954634
4 0.01814646791963707
7 0.013609850939727802
9 0.009073233959818535
5 0.007777057679844459
doc : 15
2 0.910633484162896
7 0.020361990950226245
0 0.016968325791855206
1 0.010180995475113122
5 0.007918552036199096
3 0.007918552036199096
9 0.006787330316742082
8 0.006787330316742082
6 0.006787330316742082
4 0.005656108597285069
doc : 16
2 0.909502262443439
3 0.016968325791855206
4 0.013574660633484163
0 0.01244343891402715
7 0.010180995475113122
8 0.00904977375565611
5 0.007918552036199096
1 0.007918552036199096
6 0.006787330316742082
9 0.005656108597285069
doc : 17
1 0.9027660571964369
8 0.0786685419596812
4 0.004688232536333802
0 0.0030942334739803095
9 0.0028129395218002813
6 0.002250351617440225
3 0.0018752930145335208
2 0.0017815283638068448
5 0.0012189404594467885
7 8.438818565400844E-4
doc : 18
2 0.8461538461538461
0 0.06688963210702341
3 0.02508361204013378
7 0.014214046822742474
5 0.010033444816053512
9 0.008361204013377926
1 0.008361204013377926
8 0.007525083612040134
6 0.007525083612040134
4 0.005852842809364548
doc : 19
7 0.8501683501683501
2 0.09259259259259259
0 0.02441077441077441
6 0.007575757575757575
8 0.005892255892255892
9 0.004629629629629629
5 0.004208754208754209
3 0.0037878787878787876
4 0.003367003367003367
1 0.003367003367003367
doc : 20
3 0.7218649517684887
8 0.11254019292604502
7 0.03376205787781351
4 0.02572347266881029
9 0.022508038585209004
6 0.01929260450160772
1 0.017684887459807074
5 0.01607717041800643
0 0.01607717041800643
2 0.014469453376205787
doc : 21
9 0.8784584980237153
2 0.044466403162055336
0 0.01976284584980237
4 0.01284584980237154
5 0.009881422924901184
3 0.009881422924901184
7 0.00691699604743083
8 0.005928853754940711
6 0.005928853754940711
1 0.005928853754940711
doc : 22
6 0.6373626373626374
9 0.06593406593406594
0 0.049450549450549455
7 0.04395604395604396
5 0.038461538461538464
2 0.038461538461538464
8 0.03296703296703297
4 0.03296703296703297
3 0.03296703296703297
1 0.027472527472527476
doc : 23
5 0.8755221386800334
6 0.050960735171261484
8 0.02172096908939014
1 0.012531328320802004
7 0.00835421888053467
4 0.007518796992481203
2 0.007518796992481203
9 0.006683375104427736
0 0.005012531328320802
3 0.004177109440267335
doc : 24
5 0.9291338582677166
3 0.012795275590551181
4 0.011811023622047244
8 0.008858267716535433
1 0.007874015748031496
7 0.006889763779527559
9 0.005905511811023622
6 0.005905511811023622
2 0.005905511811023622
0 0.004921259842519685
doc : 25
6 0.5
1 0.06862745098039216
0 0.06862745098039216
9 0.058823529411764705
4 0.058823529411764705
8 0.049019607843137254
7 0.049019607843137254
5 0.049019607843137254
3 0.049019607843137254
2 0.049019607843137254
doc : 26
6 0.3804347826086956
9 0.10869565217391304
8 0.09782608695652173
4 0.06521739130434782
3 0.06521739130434782
1 0.06521739130434782
7 0.05434782608695652
5 0.05434782608695652
2 0.05434782608695652
0 0.05434782608695652
doc : 27
0 0.5
5 0.17010309278350516
6 0.06701030927835051
7 0.04639175257731959
8 0.041237113402061855
2 0.041237113402061855
9 0.03608247422680412
4 0.03608247422680412
3 0.030927835051546393
1 0.030927835051546393
doc : 28
0 0.5051546391752577
5 0.18556701030927836
6 0.07216494845360824
9 0.041237113402061855
8 0.041237113402061855
7 0.030927835051546393
4 0.030927835051546393
3 0.030927835051546393
2 0.030927835051546393
1 0.030927835051546393
doc : 29
8 0.6151142355008787
9 0.08787346221441124
0 0.0843585237258348
5 0.05975395430579965
1 0.04393673110720562
6 0.028119507908611598
2 0.02460456942003515
7 0.022847100175746923
4 0.017574692442882248
3 0.015817223198594025
doc : 30
7 0.6246786632390745
6 0.1722365038560411
1 0.051413881748071974
4 0.030848329048843187
2 0.02313624678663239
5 0.02056555269922879
3 0.02056555269922879
0 0.02056555269922879
9 0.01799485861182519
8 0.01799485861182519
doc : 31
5 0.892638036809816
6 0.023006134969325152
8 0.015337423312883436
7 0.010736196319018405
4 0.010736196319018405
1 0.010736196319018405
9 0.009202453987730062
3 0.009202453987730062
2 0.009202453987730062
0 0.009202453987730062
doc : 32
5 0.9019963702359346
8 0.02087114337568058
4 0.016333938294010888
1 0.012704174228675136
6 0.011796733212341197
7 0.009981851179673321
2 0.008166969147005444
9 0.007259528130671506
3 0.006352087114337568
0 0.004537205081669691
doc : 33
5 0.8325991189427313
6 0.050660792951541855
4 0.019823788546255508
9 0.015418502202643174
3 0.015418502202643174
0 0.015418502202643174
8 0.013215859030837006
2 0.013215859030837006
1 0.013215859030837006
7 0.011013215859030838
doc : 34
5 0.88110964332893
6 0.03302509907529723
8 0.018494055482166448
1 0.017173051519154558
9 0.010568031704095112
0 0.009247027741083224
7 0.007926023778071334
4 0.007926023778071334
2 0.007926023778071334
3 0.0066050198150594455
doc : 35
5 0.9293873312564901
8 0.010384215991692626
1 0.010384215991692626
7 0.008307372793354102
4 0.008307372793354102
2 0.008307372793354102
0 0.007268951194184839
9 0.006230529595015576
3 0.006230529595015576
6 0.005192107995846313
doc : 36
5 0.9111842105263157
9 0.01425438596491228
4 0.01206140350877193
7 0.010964912280701754
6 0.010964912280701754
0 0.009868421052631578
2 0.008771929824561403
8 0.007675438596491228
1 0.007675438596491228
3 0.006578947368421052
doc : 37
6 0.7605633802816902
8 0.06438631790744467
2 0.03420523138832998
9 0.026156941649899398
1 0.026156941649899398
4 0.02012072434607646
5 0.018108651911468814
3 0.018108651911468814
0 0.018108651911468814
7 0.014084507042253523
doc : 38
6 0.4954954954954955
9 0.07207207207207207
5 0.07207207207207207
4 0.06306306306306306
8 0.05405405405405406
7 0.05405405405405406
1 0.05405405405405406
3 0.04504504504504504
2 0.04504504504504504
0 0.04504504504504504
doc : 39
7 0.5449330783938814
1 0.09942638623326959
6 0.09369024856596558
5 0.06692160611854685
8 0.06309751434034416
4 0.05927342256214149
9 0.024856596558317397
3 0.019120458891013385
0 0.015296367112810707
2 0.013384321223709368
doc : 40
7 0.6235294117647059
6 0.08235294117647059
4 0.047058823529411764
9 0.03529411764705882
8 0.03529411764705882
5 0.03529411764705882
3 0.03529411764705882
2 0.03529411764705882
1 0.03529411764705882
0 0.03529411764705882
doc : 41
5 0.9082706766917293
9 0.012030075187969926
8 0.012030075187969926
0 0.012030075187969926
6 0.010526315789473686
4 0.010526315789473686
2 0.010526315789473686
3 0.009022556390977444
7 0.0075187969924812035
1 0.0075187969924812035
doc : 42
5 0.9182209469153515
4 0.01291248206599713
8 0.010043041606886658
6 0.010043041606886658
1 0.010043041606886658
2 0.008608321377331422
0 0.008608321377331422
9 0.007173601147776184
7 0.007173601147776184
3 0.007173601147776184
doc : 43
6 0.7655172413793103
5 0.04827586206896552
8 0.03793103448275862
2 0.02413793103448276
9 0.020689655172413793
7 0.020689655172413793
4 0.020689655172413793
3 0.020689655172413793
1 0.020689655172413793
0 0.020689655172413793
doc : 44
2 0.7030567685589519
3 0.17685589519650655
1 0.021834061135371178
9 0.017467248908296942
6 0.017467248908296942
5 0.015283842794759825
7 0.013100436681222707
0 0.013100436681222707
8 0.010917030567685589
4 0.010917030567685589
doc : 45
2 0.7234513274336283
3 0.14380530973451328
7 0.024336283185840708
5 0.01991150442477876
1 0.01991150442477876
0 0.017699115044247787
6 0.015486725663716814
9 0.01327433628318584
8 0.011061946902654867
4 0.011061946902654867
doc : 46
3 0.8561643835616438
2 0.0273972602739726
5 0.0182648401826484
1 0.01598173515981735
0 0.01598173515981735
9 0.0136986301369863
8 0.0136986301369863
7 0.0136986301369863
6 0.0136986301369863
4 0.01141552511415525
doc : 47
3 0.8744292237442922
6 0.02054794520547945
0 0.01598173515981735
7 0.0136986301369863
5 0.0136986301369863
2 0.0136986301369863
1 0.0136986301369863
9 0.01141552511415525
8 0.01141552511415525
4 0.01141552511415525
doc : 48
3 0.8826185101580135
6 0.01805869074492099
5 0.015801354401805866
9 0.013544018058690745
2 0.013544018058690745
8 0.01128668171557562
7 0.01128668171557562
4 0.01128668171557562
1 0.01128668171557562
0 0.01128668171557562
doc : 49
3 0.8584474885844748
2 0.0228310502283105
5 0.0182648401826484
0 0.0182648401826484
6 0.01598173515981735
8 0.0136986301369863
7 0.0136986301369863
4 0.0136986301369863
1 0.0136986301369863
9 0.01141552511415525
