doc : 0
2 0.9313953488372093
6 0.011627906976744186
9 0.009302325581395349
8 0.0069767441860465115
5 0.0069767441860465115
4 0.0069767441860465115
3 0.0069767441860465115
1 0.0069767441860465115
0 0.0069767441860465115
7 0.005813953488372093
doc : 1
1 0.9507908611599296
0 0.007908611599297012
5 0.006151142355008787
3 0.006151142355008787
7 0.005272407732864675
6 0.005272407732864675
4 0.005272407732864675
9 0.004393673110720562
8 0.004393673110720562
2 0.004393673110720562
doc : 2
0 0.6487455197132617
4 0.1003584229390681
5 0.08243727598566308
3 0.035842293906810034
8 0.025089605734767026
2 0.025089605734767026
9 0.021505376344086023
6 0.021505376344086023
1 0.021505376344086023
7 0.017921146953405017
doc : 3
0 0.6220095693779905
6 0.07655502392344497
4 0.06220095693779904
5 0.05263157894736842
7 0.043062200956937795
2 0.03349282296650718
9 0.028708133971291863
3 0.028708133971291863
1 0.028708133971291863
8 0.023923444976076555
doc : 4
6 0.7915057915057915
0 0.03474903474903475
7 0.02702702702702703
2 0.02702702702702703
5 0.02316602316602317
9 0.019305019305019305
8 0.019305019305019305
4 0.019305019305019305
3 0.019305019305019305
1 0.019305019305019305
doc : 5
6 0.801418439716312
0 0.031914893617021274
7 0.028368794326241134
8 0.02127659574468085
5 0.02127659574468085
4 0.02127659574468085
2 0.02127659574468085
9 0.017730496453900707
3 0.017730496453900707
1 0.017730496453900707
doc : 6
6 0.74822695035461
7 0.05673758865248227
5 0.03900709219858156
0 0.031914893617021274
8 0.024822695035460994
1 0.024822695035460994
3 0.02127659574468085
9 0.017730496453900707
4 0.017730496453900707
2 0.017730496453900707
doc : 7
6 0.7945205479452054
2 0.030821917808219176
5 0.0273972602739726
3 0.0273972602739726
0 0.0273972602739726
8 0.02054794520547945
7 0.02054794520547945
9 0.017123287671232876
4 0.017123287671232876
1 0.017123287671232876
doc : 8
0 0.6188679245283019
5 0.15471698113207547
6 0.05660377358490566
1 0.033962264150943396
3 0.026415094339622643
8 0.022641509433962266
7 0.022641509433962266
4 0.022641509433962266
2 0.022641509433962266
9 0.018867924528301886
doc : 9
0 0.357487922705314
6 0.178743961352657
5 0.15458937198067632
4 0.06763285024154589
7 0.05797101449275362
1 0.05797101449275362
9 0.043478260869565216
2 0.033816425120772944
8 0.024154589371980676
3 0.024154589371980676
doc : 10
6 0.272
3 0.168
0 0.136
7 0.096
5 0.08
9 0.056
4 0.056
2 0.048
1 0.048
8 0.04
doc : 11
0 0.3333333333333333
3 0.13768115942028986
9 0.08695652173913043
6 0.07246376811594203
8 0.06521739130434782
5 0.06521739130434782
4 0.06521739130434782
2 0.06521739130434782
7 0.057971014492753624
1 0.050724637681159424
doc : 12
1 0.953427065026362
6 0.007029876977152899
5 0.007029876977152899
9 0.005272407732864675
2 0.005272407732864675
8 0.004393673110720562
7 0.004393673110720562
4 0.004393673110720562
3 0.004393673110720562
0 0.004393673110720562
doc : 13
2 0.9311981020166075
1 0.011862396204033215
5 0.010676156583629894
4 0.008303677342823251
9 0.007117437722419929
3 0.007117437722419929
8 0.005931198102016607
7 0.005931198102016607
6 0.005931198102016607
0 0.005931198102016607
doc : 14
1 0.9551845342706502
6 0.006151142355008787
9 0.005272407732864675
5 0.005272407732864675
2 0.005272407732864675
0 0.005272407732864675
8 0.004393673110720562
7 0.004393673110720562
4 0.004393673110720562
3 0.004393673110720562
doc : 15
6 0.7553191489361702
5 0.06028368794326241
7 0.028368794326241134
0 0.028368794326241134
8 0.024822695035460994
3 0.024822695035460994
2 0.02127659574468085
1 0.02127659574468085
9 0.017730496453900707
4 0.017730496453900707
doc : 16
6 0.7649253731343283
5 0.041044776119402986
7 0.033582089552238806
0 0.029850746268656716
8 0.026119402985074626
4 0.022388059701492536
2 0.022388059701492536
1 0.022388059701492536
9 0.018656716417910446
3 0.018656716417910446
doc : 17
6 0.7816091954022988
5 0.042145593869731796
0 0.03065134099616858
7 0.026819923371647507
1 0.022988505747126436
9 0.019157088122605363
8 0.019157088122605363
4 0.019157088122605363
3 0.019157088122605363
2 0.019157088122605363
doc : 18
6 0.7805755395683454
5 0.04316546762589928
8 0.02877697841726619
7 0.025179856115107917
1 0.025179856115107917
9 0.02158273381294964
0 0.02158273381294964
4 0.017985611510791366
3 0.017985611510791366
2 0.017985611510791366
doc : 19
6 0.7389558232931727
5 0.05220883534136546
0 0.04417670682730923
7 0.028112449799196783
4 0.028112449799196783
9 0.024096385542168672
8 0.024096385542168672
3 0.020080321285140562
2 0.020080321285140562
1 0.020080321285140562
doc : 20
5 0.424
4 0.268
6 0.07200000000000001
0 0.052000000000000005
7 0.044
1 0.04
2 0.028
9 0.024
8 0.024
3 0.024
doc : 21
9 0.5985037406483791
3 0.2776392352452203
4 0.0739817123857024
1 0.011637572734829594
2 0.007481296758104738
0 0.007481296758104738
8 0.006650041562759767
7 0.005818786367414797
5 0.005818786367414797
6 0.004987531172069825
doc : 22
0 0.4911504424778761
4 0.18584070796460178
5 0.0663716814159292
2 0.05752212389380531
7 0.03982300884955752
3 0.03982300884955752
6 0.035398230088495575
9 0.030973451327433628
1 0.030973451327433628
8 0.022123893805309734
doc : 23
3 0.8478260869565217
4 0.02826086956521739
9 0.021739130434782608
8 0.017391304347826087
7 0.017391304347826087
5 0.015217391304347827
0 0.015217391304347827
2 0.013043478260869566
1 0.013043478260869566
6 0.010869565217391304
doc : 24
5 0.7379679144385026
4 0.0374331550802139
6 0.0320855614973262
0 0.0320855614973262
9 0.026737967914438502
8 0.026737967914438502
7 0.026737967914438502
3 0.026737967914438502
2 0.026737967914438502
1 0.026737967914438502
doc : 25
1 0.9499121265377856
6 0.007029876977152899
0 0.007029876977152899
8 0.006151142355008787
2 0.006151142355008787
9 0.005272407732864675
5 0.005272407732864675
7 0.004393673110720562
4 0.004393673110720562
3 0.004393673110720562
doc : 26
2 0.9356725146198831
9 0.010526315789473684
3 0.008187134502923977
8 0.007017543859649123
7 0.007017543859649123
6 0.007017543859649123
0 0.007017543859649123
5 0.005847953216374269
4 0.005847953216374269
1 0.005847953216374269
doc : 27
1 0.9569420035149384
6 0.006151142355008787
5 0.005272407732864675
3 0.005272407732864675
9 0.004393673110720562
8 0.004393673110720562
7 0.004393673110720562
4 0.004393673110720562
2 0.004393673110720562
0 0.004393673110720562
doc : 28
5 0.7150537634408602
4 0.048387096774193554
9 0.03225806451612903
6 0.03225806451612903
3 0.03225806451612903
0 0.03225806451612903
8 0.02688172043010753
7 0.02688172043010753
2 0.02688172043010753
1 0.02688172043010753
doc : 29
5 0.696969696969697
6 0.06060606060606061
0 0.045454545454545456
9 0.030303030303030304
8 0.030303030303030304
7 0.030303030303030304
3 0.030303030303030304
4 0.025252525252525256
2 0.025252525252525256
1 0.025252525252525256
doc : 30
5 0.6868131868131868
0 0.05494505494505495
3 0.04395604395604396
9 0.03296703296703297
7 0.03296703296703297
6 0.03296703296703297
4 0.03296703296703297
8 0.027472527472527476
2 0.027472527472527476
1 0.027472527472527476
doc : 31
5 0.8236714975845411
7 0.0748792270531401
9 0.014492753623188404
4 0.014492753623188404
8 0.012077294685990338
6 0.012077294685990338
3 0.012077294685990338
2 0.012077294685990338
1 0.012077294685990338
0 0.012077294685990338
doc : 32
5 0.7043010752688172
0 0.048387096774193554
6 0.043010752688172046
9 0.03225806451612903
7 0.03225806451612903
4 0.03225806451612903
8 0.02688172043010753
3 0.02688172043010753
2 0.02688172043010753
1 0.02688172043010753
doc : 33
5 0.7941176470588235
7 0.029411764705882353
0 0.029411764705882353
6 0.025735294117647058
4 0.022058823529411763
3 0.022058823529411763
2 0.022058823529411763
9 0.01838235294117647
8 0.01838235294117647
1 0.01838235294117647
doc : 34
5 0.7219251336898396
4 0.0374331550802139
9 0.0320855614973262
7 0.0320855614973262
6 0.0320855614973262
3 0.0320855614973262
0 0.0320855614973262
8 0.026737967914438502
2 0.026737967914438502
1 0.026737967914438502
doc : 35
5 0.8161764705882353
7 0.025735294117647058
6 0.022058823529411763
4 0.022058823529411763
0 0.022058823529411763
9 0.01838235294117647
8 0.01838235294117647
3 0.01838235294117647
2 0.01838235294117647
1 0.01838235294117647
doc : 36
0 0.6363636363636364
5 0.13090909090909092
6 0.08
3 0.025454545454545455
1 0.025454545454545455
9 0.02181818181818182
8 0.02181818181818182
2 0.02181818181818182
7 0.01818181818181818
4 0.01818181818181818
doc : 37
9 0.8858369098712446
0 0.028326180257510727
6 0.01630901287553648
7 0.015450643776824034
3 0.013733905579399141
5 0.011158798283261802
4 0.010300429184549355
2 0.007725321888412017
8 0.006008583690987124
1 0.005150214592274677
doc : 38
1 0.9472759226713532
4 0.007908611599297012
6 0.007029876977152899
5 0.007029876977152899
0 0.006151142355008787
7 0.005272407732864675
3 0.005272407732864675
2 0.005272407732864675
9 0.004393673110720562
8 0.004393673110720562
doc : 39
2 0.9341176470588235
0 0.009411764705882352
9 0.008235294117647058
7 0.008235294117647058
1 0.008235294117647058
6 0.007058823529411764
3 0.007058823529411764
8 0.0058823529411764705
5 0.0058823529411764705
4 0.0058823529411764705
doc : 40
1 0.9499121265377856
6 0.008787346221441124
9 0.006151142355008787
2 0.006151142355008787
5 0.005272407732864675
4 0.005272407732864675
3 0.005272407732864675
8 0.004393673110720562
7 0.004393673110720562
0 0.004393673110720562
doc : 41
3 0.8734402852049911
6 0.0213903743315508
7 0.017825311942959
5 0.017825311942959
4 0.0142602495543672
2 0.012477718360071301
0 0.012477718360071301
9 0.0106951871657754
8 0.0106951871657754
1 0.0089126559714795
doc : 42
5 0.6989247311827957
3 0.048387096774193554
0 0.043010752688172046
8 0.03225806451612903
7 0.03225806451612903
6 0.03225806451612903
2 0.03225806451612903
9 0.02688172043010753
4 0.02688172043010753
1 0.02688172043010753
doc : 43
5 0.6935483870967742
6 0.048387096774193554
2 0.043010752688172046
3 0.03763440860215054
0 0.03763440860215054
7 0.03225806451612903
9 0.02688172043010753
8 0.02688172043010753
4 0.02688172043010753
1 0.02688172043010753
doc : 44
5 0.6881720430107527
6 0.05376344086021506
0 0.05376344086021506
4 0.03763440860215054
7 0.03225806451612903
9 0.02688172043010753
8 0.02688172043010753
3 0.02688172043010753
2 0.02688172043010753
1 0.02688172043010753
doc : 45
7 0.8907435508345979
5 0.019726858877086494
6 0.018209408194233688
4 0.016691957511380882
3 0.013657056145675266
2 0.010622154779969651
9 0.007587253414264037
8 0.007587253414264037
1 0.007587253414264037
0 0.007587253414264037
doc : 46
7 0.8606271777003485
5 0.027874564459930314
3 0.020905923344947737
6 0.01916376306620209
0 0.017421602787456445
2 0.0156794425087108
9 0.010452961672473868
4 0.010452961672473868
8 0.008710801393728223
1 0.008710801393728223
doc : 47
4 0.375
7 0.19642857142857142
5 0.18928571428571428
0 0.060714285714285714
2 0.05357142857142857
3 0.04285714285714286
6 0.024999999999999998
9 0.02142857142857143
8 0.017857142857142856
1 0.017857142857142856
doc : 48
4 0.7177914110429447
3 0.05828220858895706
9 0.046012269938650305
6 0.04294478527607362
8 0.03067484662576687
0 0.03067484662576687
2 0.02147239263803681
1 0.02147239263803681
7 0.015337423312883436
5 0.015337423312883436
doc : 49
8 0.8662993039443155
6 0.0771461716937355
0 0.015081206496519721
3 0.013921113689095127
4 0.012761020881670533
7 0.004350348027842227
5 0.0034802784222737818
9 0.002900232018561485
2 0.0026102088167053363
1 0.0014501160092807424
