doc : 0
9 0.8907363420427554
2 0.014251781472684086
8 0.011876484560570073
7 0.011876484560570073
6 0.011876484560570073
5 0.011876484560570073
4 0.011876484560570073
3 0.011876484560570073
1 0.011876484560570073
0 0.011876484560570073
doc : 1
0 0.32407407407407407
4 0.18518518518518517
3 0.1111111111111111
6 0.06481481481481481
1 0.06481481481481481
9 0.05555555555555555
2 0.05555555555555555
8 0.046296296296296294
7 0.046296296296296294
5 0.046296296296296294
doc : 2
0 0.541958041958042
4 0.13636363636363635
7 0.07692307692307693
6 0.05944055944055944
3 0.05244755244755245
8 0.04195804195804196
2 0.027972027972027972
1 0.024475524475524476
9 0.02097902097902098
5 0.017482517482517484
doc : 3
0 0.5027322404371585
4 0.14754098360655737
8 0.060109289617486336
1 0.0546448087431694
7 0.04918032786885246
3 0.04371584699453552
9 0.03825136612021858
6 0.03825136612021858
5 0.03825136612021858
2 0.0273224043715847
doc : 4
0 0.4336283185840708
6 0.08849557522123894
4 0.08849557522123894
7 0.07079646017699115
8 0.061946902654867256
2 0.061946902654867256
9 0.05309734513274336
3 0.05309734513274336
5 0.04424778761061947
1 0.04424778761061947
doc : 5
0 0.7291666666666666
4 0.1273148148148148
3 0.034722222222222224
8 0.018518518518518517
7 0.016203703703703703
6 0.016203703703703703
2 0.016203703703703703
1 0.016203703703703703
9 0.013888888888888888
5 0.011574074074074073
doc : 6
0 0.36607142857142855
7 0.11607142857142856
4 0.11607142857142856
9 0.07142857142857142
8 0.0625
6 0.0625
5 0.05357142857142857
3 0.05357142857142857
2 0.05357142857142857
1 0.04464285714285714
doc : 7
0 0.6749999999999999
1 0.05357142857142857
6 0.049999999999999996
7 0.04285714285714286
9 0.039285714285714285
3 0.039285714285714285
8 0.02857142857142857
5 0.02857142857142857
4 0.02142857142857143
2 0.02142857142857143
doc : 8
8 0.6673553719008265
0 0.05991735537190083
7 0.05785123966942149
1 0.05578512396694215
6 0.049586776859504134
5 0.03925619834710744
3 0.022727272727272728
9 0.01652892561983471
2 0.01652892561983471
4 0.014462809917355372
doc : 9
0 0.29464285714285715
7 0.28869047619047616
1 0.13095238095238093
4 0.07142857142857142
3 0.050595238095238096
8 0.047619047619047616
5 0.047619047619047616
6 0.03273809523809523
2 0.020833333333333332
9 0.01488095238095238
doc : 10
9 0.8907363420427554
2 0.014251781472684086
8 0.011876484560570073
7 0.011876484560570073
6 0.011876484560570073
5 0.011876484560570073
4 0.011876484560570073
3 0.011876484560570073
1 0.011876484560570073
0 0.011876484560570073
doc : 11
9 0.8907363420427554
3 0.014251781472684086
8 0.011876484560570073
7 0.011876484560570073
6 0.011876484560570073
5 0.011876484560570073
4 0.011876484560570073
2 0.011876484560570073
1 0.011876484560570073
0 0.011876484560570073
doc : 12
5 0.8354430379746836
3 0.0379746835443038
2 0.0379746835443038
7 0.01828410689170183
8 0.014064697609001406
6 0.014064697609001406
1 0.012658227848101266
0 0.011251758087201125
4 0.009845288326300985
9 0.008438818565400845
doc : 13
5 0.8626609442060086
3 0.035765379113018594
7 0.02861230329041488
8 0.01430615164520744
4 0.011444921316165951
1 0.011444921316165951
2 0.010014306151645207
9 0.008583690987124463
6 0.008583690987124463
0 0.008583690987124463
doc : 14
3 0.9397944199706315
1 0.009789525208027412
2 0.009300048947626042
8 0.008321096426823299
7 0.0063631913852178175
6 0.005873715124816447
9 0.005384238864415076
4 0.005384238864415076
0 0.005384238864415076
5 0.004405286343612335
doc : 15
0 0.5377207062600321
7 0.27929373996789725
3 0.033707865168539325
2 0.033707865168539325
8 0.03210272873194221
1 0.024077046548956663
6 0.01765650080256822
5 0.01765650080256822
4 0.014446227929373997
9 0.009630818619582664
doc : 16
4 0.8975409836065574
9 0.014344262295081968
8 0.012295081967213115
7 0.012295081967213115
3 0.012295081967213115
6 0.010245901639344263
5 0.010245901639344263
2 0.010245901639344263
1 0.010245901639344263
0 0.010245901639344263
doc : 17
0 0.7299107142857142
7 0.04241071428571428
4 0.04241071428571428
3 0.03571428571428571
6 0.033482142857142856
8 0.02901785714285714
5 0.024553571428571428
1 0.024553571428571428
2 0.020089285714285712
9 0.017857142857142856
doc : 18
2 0.9370829361296472
8 0.009532888465204958
0 0.008579599618684462
9 0.0076263107721639654
3 0.0076263107721639654
4 0.006673021925643469
1 0.006673021925643469
6 0.005719733079122974
5 0.005719733079122974
7 0.004766444232602479
doc : 19
9 0.8836104513064134
7 0.0166270783847981
6 0.014251781472684086
2 0.014251781472684086
8 0.011876484560570073
5 0.011876484560570073
4 0.011876484560570073
3 0.011876484560570073
1 0.011876484560570073
0 0.011876484560570073
doc : 20
9 0.8883610451306414
8 0.014251781472684086
4 0.014251781472684086
7 0.011876484560570073
6 0.011876484560570073
5 0.011876484560570073
3 0.011876484560570073
2 0.011876484560570073
1 0.011876484560570073
0 0.011876484560570073
doc : 21
4 0.8123324396782842
0 0.05630026809651475
3 0.021447721179624665
1 0.01876675603217158
8 0.0160857908847185
7 0.0160857908847185
6 0.0160857908847185
5 0.0160857908847185
9 0.013404825737265416
2 0.013404825737265416
doc : 22
4 0.41081081081081083
0 0.13513513513513514
6 0.10270270270270271
8 0.07027027027027027
7 0.05945945945945946
3 0.05945945945945946
5 0.043243243243243246
1 0.043243243243243246
9 0.03783783783783784
2 0.03783783783783784
doc : 23
8 0.5881006864988558
7 0.14874141876430205
1 0.06864988558352403
6 0.05034324942791762
2 0.034324942791762014
5 0.032036613272311214
9 0.02288329519450801
4 0.020594965675057208
0 0.020594965675057208
3 0.013729977116704806
doc : 24
0 0.304
1 0.128
7 0.12
5 0.096
8 0.07200000000000001
4 0.064
3 0.064
6 0.056
2 0.056
9 0.04
doc : 25
0 0.590990990990991
1 0.13873873873873874
7 0.09549549549549549
4 0.05765765765765766
8 0.02882882882882883
5 0.02882882882882883
9 0.018018018018018018
3 0.016216216216216217
6 0.014414414414414415
2 0.010810810810810811
doc : 26
2 0.937799043062201
0 0.009569377990430622
8 0.00861244019138756
3 0.00861244019138756
7 0.0066985645933014355
6 0.0066985645933014355
9 0.005741626794258373
5 0.005741626794258373
4 0.005741626794258373
1 0.004784688995215311
doc : 27
8 0.8674351585014408
2 0.02737752161383285
7 0.024495677233429394
6 0.01585014409221902
5 0.01296829971181556
9 0.011527377521613832
3 0.011527377521613832
0 0.011527377521613832
1 0.010086455331412104
4 0.007204610951008645
doc : 28
0 0.4835820895522388
8 0.12238805970149254
6 0.10746268656716418
7 0.07164179104477612
3 0.05373134328358209
4 0.04776119402985075
5 0.03582089552238806
1 0.029850746268656716
2 0.026865671641791045
9 0.020895522388059702
doc : 29
9 0.8883610451306414
8 0.014251781472684086
6 0.014251781472684086
7 0.011876484560570073
5 0.011876484560570073
4 0.011876484560570073
3 0.011876484560570073
2 0.011876484560570073
1 0.011876484560570073
0 0.011876484560570073
doc : 30
9 0.8907363420427554
6 0.014251781472684086
8 0.011876484560570073
7 0.011876484560570073
5 0.011876484560570073
4 0.011876484560570073
3 0.011876484560570073
2 0.011876484560570073
1 0.011876484560570073
0 0.011876484560570073
doc : 31
1 0.6637630662020906
0 0.06794425087108014
8 0.06445993031358885
7 0.05400696864111498
3 0.04878048780487805
6 0.029616724738675958
9 0.02264808362369338
5 0.020905923344947737
2 0.017421602787456445
4 0.010452961672473868
doc : 32
4 0.4880952380952381
7 0.1111111111111111
8 0.08333333333333333
3 0.07539682539682539
1 0.05952380952380952
5 0.051587301587301584
6 0.03968253968253968
0 0.03571428571428571
2 0.031746031746031744
9 0.023809523809523808
doc : 33
8 0.7788873038516405
7 0.0456490727532097
3 0.03566333808844508
5 0.03138373751783167
6 0.02710413694721826
2 0.02710413694721826
0 0.018544935805991442
4 0.015691868758915834
1 0.011412268188302425
9 0.008559201141226819
doc : 34
6 0.78
0 0.0625
7 0.0325
8 0.0225
4 0.02
2 0.02
5 0.0175
9 0.015
3 0.015
1 0.015
doc : 35
0 0.20574162679425836
8 0.15789473684210525
1 0.1291866028708134
4 0.11483253588516745
6 0.09090909090909091
7 0.08612440191387559
9 0.07655502392344497
3 0.05263157894736842
2 0.05263157894736842
5 0.03349282296650718
doc : 36
1 0.8730569948186528
3 0.032383419689119175
7 0.022020725388601038
5 0.01683937823834197
2 0.011658031088082901
8 0.010362694300518135
0 0.010362694300518135
9 0.009067357512953369
4 0.007772020725388601
6 0.006476683937823835
doc : 37
5 0.9140401146131805
2 0.01862464183381089
0 0.011461318051575931
8 0.008595988538681949
6 0.008595988538681949
4 0.008595988538681949
3 0.008595988538681949
9 0.007163323782234957
7 0.007163323782234957
1 0.007163323782234957
doc : 38
2 0.9370829361296472
3 0.011439466158245948
5 0.0076263107721639654
0 0.0076263107721639654
9 0.006673021925643469
7 0.006673021925643469
4 0.006673021925643469
8 0.005719733079122974
6 0.005719733079122974
1 0.004766444232602479
doc : 39
7 0.6951788491446346
5 0.07931570762052877
3 0.041990668740279936
0 0.038880248833592534
2 0.03576982892690513
8 0.029548989113530325
4 0.027993779160186624
1 0.026438569206842923
6 0.013996889580093312
9 0.01088646967340591
doc : 40
9 0.8931116389548694
8 0.011876484560570073
7 0.011876484560570073
6 0.011876484560570073
5 0.011876484560570073
4 0.011876484560570073
3 0.011876484560570073
2 0.011876484560570073
1 0.011876484560570073
0 0.011876484560570073
doc : 41
9 0.8859857482185274
3 0.0166270783847981
8 0.014251781472684086
7 0.011876484560570073
6 0.011876484560570073
5 0.011876484560570073
4 0.011876484560570073
2 0.011876484560570073
1 0.011876484560570073
0 0.011876484560570073
doc : 42
7 0.6025316455696202
5 0.0759493670886076
0 0.07088607594936709
6 0.04556962025316456
1 0.04050632911392405
8 0.0379746835443038
4 0.0379746835443038
3 0.035443037974683546
2 0.035443037974683546
9 0.017721518987341773
doc : 43
1 0.6509146341463414
9 0.07621951219512195
7 0.06859756097560976
8 0.05030487804878049
6 0.041158536585365856
4 0.041158536585365856
5 0.028963414634146343
0 0.01829268292682927
2 0.013719512195121951
3 0.010670731707317074
doc : 44
0 0.4097560975609756
4 0.16585365853658537
8 0.07317073170731707
6 0.07317073170731707
3 0.07317073170731707
7 0.04878048780487805
1 0.04878048780487805
5 0.03902439024390244
9 0.03414634146341464
2 0.03414634146341464
doc : 45
4 0.6046511627906976
7 0.18023255813953487
1 0.0436046511627907
9 0.03488372093023256
2 0.03488372093023256
6 0.023255813953488372
8 0.020348837209302327
5 0.020348837209302327
0 0.020348837209302327
3 0.01744186046511628
doc : 46
7 0.5722120658135283
1 0.18281535648994515
8 0.07678244972577697
4 0.038391224862888484
5 0.03473491773308958
2 0.029250457038391225
6 0.02376599634369287
9 0.014625228519195612
3 0.014625228519195612
0 0.012797074954296161
doc : 47
6 0.7927927927927928
3 0.038288288288288286
0 0.038288288288288286
1 0.02702702702702703
8 0.02252252252252252
5 0.02252252252252252
7 0.018018018018018018
9 0.013513513513513514
4 0.013513513513513514
2 0.013513513513513514
doc : 48
6 0.8496868475991648
0 0.029227557411273482
8 0.020876826722338204
1 0.018789144050104383
4 0.016701461377870562
7 0.014613778705636741
3 0.014613778705636741
2 0.014613778705636741
9 0.010438413361169102
5 0.010438413361169102
doc : 49
1 0.26153846153846155
7 0.18461538461538463
8 0.1076923076923077
5 0.1
6 0.07692307692307693
4 0.07692307692307693
3 0.05384615384615385
0 0.05384615384615385
2 0.046153846153846156
9 0.038461538461538464
