doc : 0
8 0.9639905548996458
5 0.004722550177095631
0 0.004722550177095631
7 0.004132231404958678
6 0.004132231404958678
3 0.004132231404958678
2 0.004132231404958678
4 0.0035419126328217233
1 0.0035419126328217233
9 0.0029515938606847697
doc : 1
9 0.218978102189781
2 0.1897810218978102
1 0.18248175182481752
0 0.08759124087591241
4 0.072992700729927
8 0.058394160583941604
5 0.058394160583941604
6 0.051094890510948905
7 0.043795620437956206
3 0.0364963503649635
doc : 2
1 0.8255613126079447
4 0.031088082901554404
9 0.027633851468048358
2 0.027633851468048358
8 0.020725388601036267
5 0.018998272884283247
7 0.015544041450777202
6 0.012089810017271156
3 0.010362694300518133
0 0.010362694300518133
doc : 3
0 0.7909407665505227
4 0.0313588850174216
3 0.027874564459930314
9 0.024390243902439025
6 0.024390243902439025
1 0.024390243902439025
8 0.020905923344947737
7 0.020905923344947737
5 0.017421602787456445
2 0.017421602787456445
doc : 4
0 0.7926421404682275
9 0.030100334448160536
8 0.030100334448160536
3 0.026755852842809364
4 0.023411371237458192
1 0.023411371237458192
5 0.020066889632107024
2 0.020066889632107024
7 0.016722408026755852
6 0.016722408026755852
doc : 5
0 0.8172757475083057
8 0.026578073089700997
7 0.019933554817275746
6 0.019933554817275746
5 0.019933554817275746
4 0.019933554817275746
3 0.019933554817275746
2 0.019933554817275746
1 0.019933554817275746
9 0.016611295681063124
doc : 6
1 0.3939393939393939
2 0.17424242424242425
8 0.06818181818181818
3 0.06818181818181818
4 0.06060606060606061
6 0.05303030303030303
9 0.045454545454545456
7 0.045454545454545456
5 0.045454545454545456
0 0.045454545454545456
doc : 7
1 0.35428571428571426
0 0.25142857142857145
4 0.09142857142857143
2 0.06285714285714286
8 0.05142857142857143
3 0.05142857142857143
7 0.04
9 0.03428571428571429
6 0.03428571428571429
5 0.02857142857142857
doc : 8
1 0.3630952380952381
0 0.1607142857142857
4 0.10119047619047619
3 0.06547619047619047
2 0.06547619047619047
9 0.05952380952380952
6 0.05952380952380952
8 0.047619047619047616
7 0.047619047619047616
5 0.02976190476190476
doc : 9
5 0.51875
3 0.3
7 0.098125
9 0.0325
4 0.013125
0 0.0125
2 0.00875
1 0.006875
8 0.005
6 0.004375
doc : 10
3 0.5126582278481012
6 0.12658227848101267
9 0.10759493670886076
4 0.06329113924050633
8 0.03164556962025317
7 0.03164556962025317
5 0.03164556962025317
2 0.03164556962025317
1 0.03164556962025317
0 0.03164556962025317
doc : 11
8 0.959858323494687
4 0.006493506493506493
6 0.005312868949232585
3 0.004722550177095631
0 0.004722550177095631
9 0.004132231404958678
7 0.004132231404958678
1 0.004132231404958678
5 0.0035419126328217233
2 0.0029515938606847697
doc : 12
5 0.6043437204910294
3 0.1954674220963173
7 0.10576015108593012
9 0.030217186024551465
6 0.015108593012275733
0 0.013220018885741265
4 0.010387157695939566
1 0.009442870632672334
2 0.0084985835694051
8 0.007554296506137866
doc : 13
5 0.583710407239819
3 0.248868778280543
9 0.0392156862745098
6 0.037707390648567124
0 0.02262443438914027
7 0.0196078431372549
8 0.015082956259426848
4 0.012066365007541479
2 0.010558069381598794
1 0.010558069381598794
doc : 14
5 0.44868735083532224
3 0.2768496420047733
6 0.09785202863961814
7 0.03341288782816229
2 0.03341288782816229
1 0.028639618138424822
8 0.026252983293556086
9 0.021479713603818618
4 0.016706443914081145
0 0.016706443914081145
doc : 15
3 0.8537906137184116
0 0.03068592057761733
9 0.018050541516245487
7 0.018050541516245487
1 0.018050541516245487
6 0.01624548736462094
5 0.01624548736462094
4 0.010830324909747294
8 0.009025270758122744
2 0.009025270758122744
doc : 16
0 0.7154255319148936
9 0.045212765957446804
1 0.0425531914893617
6 0.03723404255319149
4 0.03723404255319149
2 0.03723404255319149
7 0.026595744680851064
3 0.023936170212765957
8 0.018617021276595744
5 0.015957446808510637
doc : 17
4 0.7294303797468354
0 0.06962025316455696
2 0.04272151898734177
3 0.03639240506329114
6 0.02531645569620253
8 0.022151898734177215
1 0.022151898734177215
5 0.0189873417721519
9 0.01740506329113924
7 0.015822784810126583
doc : 18
9 0.7989130434782609
6 0.035326086956521736
0 0.03260869565217391
4 0.029891304347826088
1 0.021739130434782608
2 0.019021739130434784
8 0.016304347826086956
7 0.016304347826086956
5 0.016304347826086956
3 0.01358695652173913
doc : 19
9 0.8480662983425414
0 0.027624309392265192
6 0.019337016574585635
4 0.016574585635359115
2 0.016574585635359115
1 0.016574585635359115
8 0.013812154696132596
7 0.013812154696132596
5 0.013812154696132596
3 0.013812154696132596
doc : 20
4 0.866977829638273
0 0.03150525087514586
7 0.02217036172695449
8 0.01633605600933489
5 0.014002333722287047
9 0.012835472578763127
3 0.011668611435239205
6 0.009334889148191364
1 0.009334889148191364
2 0.005834305717619602
doc : 21
1 0.5073170731707317
4 0.11707317073170731
3 0.06829268292682927
2 0.06829268292682927
5 0.04878048780487805
0 0.04878048780487805
9 0.03902439024390244
7 0.03902439024390244
6 0.03414634146341464
8 0.029268292682926828
doc : 22
6 0.6323851203501094
9 0.20568927789934355
0 0.0525164113785558
4 0.030634573304157548
7 0.0175054704595186
8 0.01312910284463895
2 0.01312910284463895
1 0.01312910284463895
5 0.010940919037199124
3 0.010940919037199124
doc : 23
0 0.8067796610169491
3 0.030508474576271184
8 0.023728813559322035
9 0.020338983050847456
7 0.020338983050847456
6 0.020338983050847456
5 0.020338983050847456
4 0.020338983050847456
2 0.020338983050847456
1 0.01694915254237288
doc : 24
0 0.8146853146853147
9 0.03496503496503497
7 0.02097902097902098
6 0.02097902097902098
1 0.02097902097902098
8 0.017482517482517484
5 0.017482517482517484
4 0.017482517482517484
3 0.017482517482517484
2 0.017482517482517484
doc : 25
0 0.8105263157894737
3 0.028070175438596492
9 0.02456140350877193
8 0.021052631578947368
6 0.021052631578947368
5 0.021052631578947368
4 0.021052631578947368
7 0.017543859649122806
2 0.017543859649122806
1 0.017543859649122806
doc : 26
0 0.8047945205479452
3 0.0273972602739726
9 0.023972602739726026
5 0.023972602739726026
2 0.023972602739726026
8 0.02054794520547945
7 0.02054794520547945
1 0.02054794520547945
6 0.017123287671232876
4 0.017123287671232876
doc : 27
6 0.7261146496815286
3 0.09554140127388534
7 0.040339702760084924
5 0.03184713375796178
9 0.029723991507430998
0 0.01910828025477707
4 0.014861995753715499
2 0.014861995753715499
1 0.014861995753715499
8 0.012738853503184714
doc : 28
2 0.6473684210526316
4 0.04736842105263158
0 0.04736842105263158
6 0.042105263157894736
5 0.042105263157894736
3 0.042105263157894736
1 0.042105263157894736
7 0.03684210526315789
9 0.02631578947368421
8 0.02631578947368421
doc : 29
7 0.9615981380915438
5 0.007370054305663305
9 0.0054305663304887505
0 0.00504266873545384
3 0.004654771140418929
6 0.004266873545384018
4 0.0034910783553141972
8 0.0027152831652443752
2 0.0027152831652443752
1 0.0027152831652443752
doc : 30
5 0.3746898263027295
3 0.31017369727047145
6 0.1141439205955335
9 0.052109181141439205
7 0.052109181141439205
2 0.02977667493796526
0 0.022332506203473945
1 0.017369727047146403
8 0.01488833746898263
4 0.012406947890818858
doc : 31
2 0.6820652173913043
1 0.0625
6 0.043478260869565216
9 0.03804347826086957
4 0.03804347826086957
0 0.03804347826086957
3 0.035326086956521736
8 0.02717391304347826
5 0.019021739130434784
7 0.016304347826086956
doc : 32
8 0.9616292798110979
7 0.005312868949232585
6 0.005312868949232585
9 0.004722550177095631
4 0.004722550177095631
5 0.004132231404958678
3 0.004132231404958678
2 0.0035419126328217233
0 0.0035419126328217233
1 0.0029515938606847697
doc : 33
0 0.8033898305084746
9 0.03728813559322034
6 0.02711864406779661
8 0.020338983050847456
7 0.020338983050847456
4 0.020338983050847456
1 0.020338983050847456
5 0.01694915254237288
3 0.01694915254237288
2 0.01694915254237288
doc : 34
0 0.8290598290598291
9 0.025641025641025644
2 0.022792022792022793
4 0.019943019943019943
3 0.019943019943019943
1 0.019943019943019943
7 0.017094017094017096
6 0.017094017094017096
8 0.014245014245014245
5 0.014245014245014245
doc : 35
0 0.8150684931506849
9 0.030821917808219176
5 0.023972602739726026
1 0.023972602739726026
4 0.02054794520547945
8 0.017123287671232876
7 0.017123287671232876
6 0.017123287671232876
3 0.017123287671232876
2 0.017123287671232876
doc : 36
0 0.7980132450331126
6 0.033112582781456956
8 0.026490066225165563
4 0.026490066225165563
9 0.023178807947019868
1 0.023178807947019868
2 0.019867549668874173
7 0.016556291390728478
5 0.016556291390728478
3 0.016556291390728478
doc : 37
0 0.8082191780821917
3 0.030821917808219176
8 0.023972602739726026
6 0.023972602739726026
9 0.02054794520547945
7 0.02054794520547945
4 0.02054794520547945
5 0.017123287671232876
2 0.017123287671232876
1 0.017123287671232876
doc : 38
0 0.804635761589404
4 0.029801324503311258
8 0.026490066225165563
9 0.023178807947019868
6 0.023178807947019868
1 0.023178807947019868
2 0.019867549668874173
7 0.016556291390728478
5 0.016556291390728478
3 0.016556291390728478
doc : 39
3 0.3611111111111111
2 0.26041666666666663
0 0.08159722222222222
8 0.07638888888888888
6 0.06770833333333333
5 0.03993055555555555
4 0.03993055555555555
9 0.029513888888888888
1 0.026041666666666664
7 0.017361111111111112
doc : 40
6 0.7463312368972747
3 0.09433962264150944
7 0.04612159329140461
9 0.025157232704402517
5 0.01886792452830189
2 0.016771488469601678
8 0.014675052410901468
4 0.014675052410901468
0 0.012578616352201259
1 0.010482180293501049
doc : 41
3 0.8391472868217054
7 0.029069767441860465
0 0.02131782945736434
5 0.01744186046511628
1 0.01744186046511628
9 0.015503875968992248
8 0.015503875968992248
4 0.015503875968992248
2 0.015503875968992248
6 0.013565891472868217
doc : 42
5 0.5312783318223028
6 0.2456935630099728
7 0.07796917497733455
3 0.07252946509519492
0 0.017225747960108794
8 0.016319129646418858
1 0.013599274705349048
9 0.010879419764279238
4 0.008159564823209429
2 0.006346328195829556
doc : 43
8 0.9574970484061393
5 0.006493506493506493
7 0.005312868949232585
1 0.005312868949232585
0 0.005312868949232585
4 0.004722550177095631
3 0.004132231404958678
2 0.004132231404958678
9 0.0035419126328217233
6 0.0035419126328217233
doc : 44
7 0.8246828143021915
5 0.051903114186851215
3 0.029988465974625143
4 0.0265282583621684
9 0.02306805074971165
0 0.01384083044982699
2 0.00922722029988466
8 0.006920415224913495
6 0.006920415224913495
1 0.006920415224913495
doc : 45
0 0.8155339805825244
9 0.03236245954692557
3 0.025889967637540454
6 0.022653721682847898
4 0.01941747572815534
1 0.01941747572815534
8 0.016181229773462785
7 0.016181229773462785
5 0.016181229773462785
2 0.016181229773462785
doc : 46
0 0.8155339805825244
6 0.025889967637540454
4 0.025889967637540454
8 0.022653721682847898
7 0.022653721682847898
9 0.01941747572815534
1 0.01941747572815534
5 0.016181229773462785
3 0.016181229773462785
2 0.016181229773462785
doc : 47
0 0.8290598290598291
2 0.03133903133903134
9 0.025641025641025644
6 0.019943019943019943
4 0.017094017094017096
3 0.017094017094017096
1 0.017094017094017096
8 0.014245014245014245
7 0.014245014245014245
5 0.014245014245014245
doc : 48
2 0.7338935574229692
4 0.05042016806722689
0 0.0392156862745098
3 0.036414565826330535
5 0.03081232492997199
9 0.025210084033613446
1 0.025210084033613446
6 0.022408963585434174
8 0.0196078431372549
7 0.01680672268907563
doc : 49
9 0.6875
4 0.059027777777777776
0 0.048611111111111105
3 0.03819444444444444
8 0.03125
6 0.03125
5 0.027777777777777776
1 0.027777777777777776
7 0.024305555555555552
2 0.024305555555555552
