doc : 0
1 0.5
7 0.09166666666666666
9 0.06666666666666667
8 0.06666666666666667
6 0.058333333333333334
0 0.05
5 0.041666666666666664
4 0.041666666666666664
3 0.041666666666666664
2 0.041666666666666664
doc : 1
1 0.3793103448275862
0 0.10344827586206896
6 0.08620689655172414
9 0.07758620689655173
2 0.07758620689655173
7 0.06896551724137931
8 0.06034482758620689
4 0.05172413793103448
3 0.05172413793103448
5 0.04310344827586207
doc : 2
1 0.9280821917808219
5 0.01141552511415525
6 0.010273972602739725
7 0.0091324200913242
0 0.007990867579908675
9 0.00684931506849315
8 0.00684931506849315
4 0.00684931506849315
3 0.00684931506849315
2 0.005707762557077625
doc : 3
0 0.4908835904628331
1 0.2496493688639551
8 0.1388499298737728
6 0.04207573632538569
7 0.02664796633941094
5 0.015427769985974754
4 0.009817671809256662
2 0.009817671809256662
9 0.008415147265077139
3 0.008415147265077139
doc : 4
5 0.6698113207547169
1 0.051886792452830184
6 0.04716981132075471
7 0.04245283018867924
4 0.04245283018867924
3 0.0330188679245283
2 0.0330188679245283
9 0.02830188679245283
0 0.02830188679245283
8 0.023584905660377357
doc : 5
7 0.8032454361054766
6 0.04056795131845842
0 0.028397565922920892
9 0.02434077079107505
1 0.02231237322515213
2 0.02028397565922921
5 0.018255578093306288
4 0.016227180527383367
8 0.014198782961460446
3 0.012170385395537525
doc : 6
7 0.7886792452830189
6 0.04339622641509434
2 0.033962264150943396
8 0.024528301886792454
0 0.022641509433962266
5 0.020754716981132074
1 0.018867924528301886
9 0.016981132075471698
4 0.016981132075471698
3 0.013207547169811321
doc : 7
7 0.8641188959660298
8 0.02335456475583864
2 0.02335456475583864
9 0.016985138004246284
6 0.014861995753715499
1 0.014861995753715499
5 0.010615711252653927
4 0.010615711252653927
3 0.010615711252653927
0 0.010615711252653927
doc : 8
6 0.9768637532133677
1 0.003427592116538132
8 0.0029991431019708655
9 0.0025706940874035992
7 0.0025706940874035992
2 0.0025706940874035992
0 0.0025706940874035992
5 0.0021422450728363325
4 0.0021422450728363325
3 0.0021422450728363325
doc : 9
6 0.9736057896977437
0 0.003831417624521073
5 0.0034057045551298426
2 0.0034057045551298426
8 0.002979991485738612
1 0.002979991485738612
7 0.002554278416347382
4 0.002554278416347382
3 0.002554278416347382
9 0.0021285653469561515
doc : 10
6 0.9692113032475749
0 0.007591733445803458
8 0.003795866722901729
2 0.003795866722901729
7 0.0029523407844791226
5 0.0029523407844791226
9 0.0025305778152678194
4 0.0025305778152678194
1 0.0025305778152678194
3 0.002108814846056516
doc : 11
1 0.5740740740740741
7 0.05555555555555555
9 0.046296296296296294
8 0.046296296296296294
6 0.046296296296296294
5 0.046296296296296294
4 0.046296296296296294
3 0.046296296296296294
2 0.046296296296296294
0 0.046296296296296294
doc : 12
1 0.43442622950819676
7 0.14754098360655737
6 0.06557377049180328
8 0.05737704918032787
3 0.05737704918032787
9 0.04918032786885246
4 0.04918032786885246
2 0.04918032786885246
0 0.04918032786885246
5 0.04098360655737705
doc : 13
9 0.9206349206349207
7 0.01473922902494331
0 0.012471655328798186
3 0.011337868480725623
5 0.009070294784580499
1 0.007936507936507936
6 0.006802721088435375
8 0.005668934240362812
4 0.005668934240362812
2 0.005668934240362812
doc : 14
9 0.9094292803970223
3 0.019851116625310174
5 0.012406947890818858
6 0.011166253101736972
7 0.008684863523573201
1 0.008684863523573201
0 0.008684863523573201
4 0.007444168734491315
2 0.007444168734491315
8 0.006203473945409429
doc : 15
6 0.9714285714285714
0 0.008528784648187633
1 0.0029850746268656717
8 0.0025586353944562898
7 0.0025586353944562898
5 0.0025586353944562898
3 0.0025586353944562898
2 0.0025586353944562898
9 0.0021321961620469083
4 0.0021321961620469083
doc : 16
3 0.6666666666666667
9 0.04666666666666667
7 0.04
5 0.04
1 0.04
8 0.03333333333333333
6 0.03333333333333333
4 0.03333333333333333
2 0.03333333333333333
0 0.03333333333333333
doc : 17
2 0.5440976933514247
6 0.28493894165535955
0 0.04341926729986431
8 0.031207598371777473
7 0.024423337856173677
4 0.024423337856173677
1 0.016282225237449117
5 0.013568521031207597
9 0.009497964721845317
3 0.008141112618724558
doc : 18
6 0.25508607198748046
0 0.24569640062597808
2 0.15805946791862285
8 0.1564945226917058
7 0.07355242566510173
1 0.04538341158059468
5 0.026604068857589987
9 0.01564945226917058
3 0.01564945226917058
4 0.00782472613458529
doc : 19
5 0.9038461538461539
3 0.03254437869822485
9 0.011834319526627219
0 0.010355029585798816
7 0.009615384615384616
8 0.008875739644970414
1 0.008875739644970414
6 0.005177514792899408
4 0.004437869822485207
2 0.004437869822485207
doc : 20
1 0.5412371134020618
0 0.1134020618556701
9 0.07731958762886598
7 0.05670103092783505
5 0.05154639175257732
6 0.04639175257731959
8 0.030927835051546393
3 0.030927835051546393
4 0.02577319587628866
2 0.02577319587628866
doc : 21
1 0.40384615384615385
8 0.08653846153846154
0 0.08653846153846154
6 0.07692307692307693
9 0.06730769230769232
7 0.057692307692307696
5 0.057692307692307696
4 0.057692307692307696
3 0.057692307692307696
2 0.04807692307692308
doc : 22
1 0.5431952662721894
0 0.37041420118343193
8 0.023668639053254437
6 0.01775147928994083
7 0.009467455621301775
4 0.009467455621301775
3 0.007100591715976332
2 0.007100591715976332
9 0.005917159763313609
5 0.005917159763313609
doc : 23
5 0.6013986013986014
2 0.06643356643356643
7 0.05944055944055944
1 0.05944055944055944
8 0.04895104895104895
4 0.045454545454545456
6 0.04195804195804196
9 0.027972027972027972
0 0.027972027972027972
3 0.02097902097902098
doc : 24
7 0.12068965517241378
9 0.10344827586206896
8 0.10344827586206896
6 0.10344827586206896
5 0.10344827586206896
1 0.10344827586206896
0 0.10344827586206896
4 0.08620689655172414
3 0.08620689655172414
2 0.08620689655172414
doc : 25
3 0.6733333333333333
5 0.04666666666666667
9 0.04
8 0.04
7 0.03333333333333333
6 0.03333333333333333
4 0.03333333333333333
2 0.03333333333333333
1 0.03333333333333333
0 0.03333333333333333
doc : 26
3 0.31125827814569534
8 0.16556291390728478
0 0.1456953642384106
7 0.11258278145695365
6 0.10816777041942605
5 0.039735099337748346
9 0.037527593818984545
1 0.037527593818984545
2 0.02207505518763797
4 0.019867549668874173
doc : 27
3 0.8882900538951494
9 0.05291523762861342
5 0.017638412542871143
8 0.012738853503184714
0 0.009309162175404213
6 0.004409603135717786
1 0.004409603135717786
2 0.0039196472317491425
7 0.0034296913277804997
4 0.002939735423811857
doc : 28
4 0.9750104123281966
5 0.0049979175343606835
0 0.003331945022907122
8 0.0029154518950437317
6 0.0024989587671803417
2 0.0024989587671803417
1 0.0024989587671803417
9 0.0020824656393169513
7 0.0020824656393169513
3 0.0020824656393169513
doc : 29
1 0.5816326530612245
6 0.061224489795918366
5 0.061224489795918366
9 0.05612244897959183
2 0.05612244897959183
0 0.05612244897959183
8 0.03571428571428571
7 0.03571428571428571
4 0.030612244897959183
3 0.02551020408163265
doc : 30
1 0.5467455621301776
0 0.3810650887573965
6 0.01893491124260355
8 0.01301775147928994
4 0.008284023668639054
7 0.007100591715976332
2 0.007100591715976332
9 0.005917159763313609
5 0.005917159763313609
3 0.005917159763313609
doc : 31
3 0.5407407407407407
7 0.08888888888888889
9 0.07407407407407407
5 0.05925925925925926
1 0.044444444444444446
0 0.044444444444444446
8 0.037037037037037035
6 0.037037037037037035
4 0.037037037037037035
2 0.037037037037037035
doc : 32
3 0.6466666666666667
7 0.05333333333333334
9 0.04666666666666667
5 0.04666666666666667
2 0.04
8 0.03333333333333333
6 0.03333333333333333
4 0.03333333333333333
1 0.03333333333333333
0 0.03333333333333333
doc : 33
2 0.78998778998779
8 0.06593406593406594
0 0.045177045177045176
7 0.021978021978021976
6 0.018315018315018316
1 0.014652014652014652
3 0.01221001221001221
5 0.010989010989010988
4 0.010989010989010988
9 0.009768009768009768
doc : 34
0 0.2764227642276423
2 0.2723577235772358
8 0.1626016260162602
6 0.05691056910569106
3 0.04471544715447155
9 0.04065040650406505
7 0.04065040650406505
1 0.04065040650406505
5 0.03658536585365854
4 0.02845528455284553
doc : 35
0 0.22448979591836732
5 0.14285714285714285
1 0.11224489795918366
8 0.1020408163265306
2 0.09183673469387754
7 0.08163265306122448
3 0.08163265306122448
9 0.061224489795918366
6 0.0510204081632653
4 0.0510204081632653
doc : 36
0 0.2346938775510204
1 0.11224489795918366
8 0.1020408163265306
6 0.1020408163265306
5 0.1020408163265306
2 0.1020408163265306
3 0.07142857142857142
9 0.061224489795918366
7 0.061224489795918366
4 0.0510204081632653
doc : 37
3 0.17142857142857143
9 0.14285714285714285
7 0.11428571428571428
5 0.09999999999999999
6 0.08571428571428572
2 0.08571428571428572
1 0.08571428571428572
8 0.07142857142857142
4 0.07142857142857142
0 0.07142857142857142
doc : 38
0 0.125
8 0.10714285714285714
7 0.10714285714285714
2 0.10714285714285714
1 0.10714285714285714
9 0.08928571428571427
6 0.08928571428571427
5 0.08928571428571427
4 0.08928571428571427
3 0.08928571428571427
doc : 39
7 0.8562628336755647
1 0.026694045174537988
3 0.018480492813141684
5 0.01642710472279261
4 0.01642710472279261
2 0.01642710472279261
6 0.014373716632443533
0 0.014373716632443533
9 0.01026694045174538
8 0.01026694045174538
doc : 40
9 0.8110831234256927
6 0.04030226700251889
2 0.025188916876574305
7 0.022670025188916875
5 0.022670025188916875
0 0.022670025188916875
8 0.015113350125944584
1 0.015113350125944584
4 0.012594458438287152
3 0.012594458438287152
doc : 41
0 0.9704880817253122
1 0.006810442678774121
8 0.004540295119182747
6 0.004161937192584185
4 0.0026485054861899358
2 0.0026485054861899358
7 0.0022701475595913734
5 0.0022701475595913734
3 0.0022701475595913734
9 0.0018917896329928114
doc : 42
3 0.5289256198347108
5 0.06611570247933884
0 0.06611570247933884
9 0.05785123966942149
8 0.05785123966942149
6 0.049586776859504134
1 0.049586776859504134
7 0.04132231404958678
4 0.04132231404958678
2 0.04132231404958678
doc : 43
6 0.9154013015184381
2 0.02950108459869848
9 0.01561822125813449
0 0.011279826464208243
8 0.007809110629067245
1 0.006073752711496746
7 0.004772234273318872
3 0.0039045553145336223
5 0.003036876355748373
4 0.0026030368763557484
doc : 44
6 0.9686907020872866
8 0.008064516129032258
0 0.004743833017077799
2 0.003320683111954459
9 0.0028462998102466793
4 0.0028462998102466793
7 0.0023719165085388993
5 0.0023719165085388993
3 0.0023719165085388993
1 0.0023719165085388993
doc : 45
9 0.7773851590106007
5 0.04240282685512367
7 0.028268551236749116
0 0.028268551236749116
8 0.024734982332155476
6 0.024734982332155476
2 0.021201413427561835
4 0.0176678445229682
3 0.0176678445229682
1 0.0176678445229682
doc : 46
8 0.8964924346629987
6 0.04332874828060523
0 0.0374828060522696
2 0.005502063273727648
1 0.003782668500687758
7 0.0034387895460797797
5 0.003094910591471802
4 0.002751031636863824
9 0.002063273727647868
3 0.002063273727647868
doc : 47
3 0.2441860465116279
9 0.12790697674418605
2 0.12790697674418605
7 0.08139534883720931
5 0.08139534883720931
8 0.06976744186046512
4 0.06976744186046512
1 0.06976744186046512
0 0.06976744186046512
6 0.05813953488372093
doc : 48
2 0.7051826677994902
0 0.16142735768903993
8 0.06966864910790145
6 0.026338147833474938
5 0.0076465590484282074
1 0.0076465590484282074
7 0.00594732370433305
3 0.00594732370433305
9 0.005097706032285472
4 0.005097706032285472
doc : 49
9 0.8551724137931034
0 0.020689655172413793
6 0.01839080459770115
5 0.01839080459770115
3 0.01839080459770115
7 0.016091954022988506
8 0.013793103448275862
2 0.013793103448275862
1 0.013793103448275862
4 0.011494252873563218
