doc : 0
8 0.6623616236162362
7 0.15129151291512916
4 0.055350553505535055
1 0.033210332103321034
5 0.03136531365313653
0 0.01845018450184502
6 0.012915129151291513
3 0.012915129151291513
9 0.01107011070110701
2 0.01107011070110701
doc : 1
8 0.77491961414791
6 0.04180064308681672
7 0.03215434083601286
3 0.03215434083601286
9 0.028938906752411574
0 0.022508038585209004
5 0.01929260450160772
4 0.01607717041800643
2 0.01607717041800643
1 0.01607717041800643
doc : 2
8 0.7142857142857142
2 0.05263157894736842
6 0.03759398496240601
7 0.03383458646616541
3 0.03007518796992481
0 0.03007518796992481
9 0.02631578947368421
4 0.02631578947368421
1 0.02631578947368421
5 0.022556390977443608
doc : 3
8 0.794344473007712
5 0.033419023136246784
7 0.025706940874035987
3 0.025706940874035987
0 0.025706940874035987
9 0.02313624678663239
1 0.02313624678663239
4 0.01799485861182519
6 0.015424164524421594
2 0.015424164524421594
doc : 4
5 0.9260416666666667
6 0.0125
4 0.011458333333333333
8 0.010416666666666666
7 0.009375
3 0.007291666666666667
9 0.00625
1 0.00625
2 0.005208333333333333
0 0.005208333333333333
doc : 5
8 0.26119402985074625
3 0.13432835820895522
0 0.12686567164179105
7 0.11940298507462686
6 0.08955223880597014
9 0.06716417910447761
1 0.06716417910447761
4 0.05223880597014925
5 0.04477611940298507
2 0.03731343283582089
doc : 6
1 0.9040902679830747
8 0.0390220968500235
6 0.01457451810061119
7 0.007992477668077104
4 0.007992477668077104
5 0.006582040432534085
3 0.006582040432534085
2 0.004701457451810061
9 0.0042313117066290545
0 0.0042313117066290545
doc : 7
1 0.6455696202531646
8 0.0970464135021097
9 0.06329113924050632
7 0.03375527426160337
6 0.03375527426160337
0 0.03375527426160337
5 0.025316455696202528
4 0.025316455696202528
3 0.02109704641350211
2 0.02109704641350211
doc : 8
6 0.45217391304347826
8 0.09565217391304348
0 0.08695652173913043
5 0.0782608695652174
3 0.06086956521739131
2 0.052173913043478265
9 0.043478260869565216
7 0.043478260869565216
4 0.043478260869565216
1 0.043478260869565216
doc : 9
1 0.6268980477223427
6 0.10195227765726682
8 0.0824295010845987
9 0.060737527114967466
2 0.030368763557483733
3 0.02819956616052061
7 0.021691973969631236
0 0.019522776572668113
5 0.01735357917570499
4 0.010845986984815618
doc : 10
8 0.4878048780487805
3 0.21951219512195122
0 0.07621951219512195
6 0.06707317073170732
9 0.03048780487804878
5 0.03048780487804878
7 0.024390243902439025
2 0.024390243902439025
1 0.021341463414634148
4 0.01829268292682927
doc : 11
6 0.3066666666666667
9 0.09333333333333334
8 0.09333333333333334
2 0.08
1 0.08
0 0.08
7 0.06666666666666667
5 0.06666666666666667
4 0.06666666666666667
3 0.06666666666666667
doc : 12
0 0.6583629893238434
3 0.11565836298932383
8 0.06405693950177936
6 0.046263345195729534
9 0.02491103202846975
7 0.02491103202846975
5 0.023131672597864767
2 0.01601423487544484
4 0.014234875444839857
1 0.012455516014234875
doc : 13
3 0.6814159292035398
8 0.07079646017699115
6 0.06436041834271922
2 0.05148833467417538
4 0.041834271922767494
0 0.041834271922767494
1 0.02011263073209976
9 0.011263073209975865
7 0.008849557522123894
5 0.008045052292839902
doc : 14
6 0.48623853211009177
9 0.3934760448521917
0 0.04689092762487258
2 0.02140672782874618
7 0.011213047910295617
8 0.010193679918450561
3 0.009174311926605505
1 0.00815494393476045
5 0.007135575942915393
4 0.006116207951070337
doc : 15
5 0.4281914893617021
3 0.11702127659574468
6 0.11170212765957446
8 0.10638297872340426
7 0.07446808510638298
2 0.05319148936170213
0 0.05053191489361702
9 0.026595744680851064
4 0.015957446808510637
1 0.015957446808510637
doc : 16
2 0.9330199764982373
9 0.011750881316098707
5 0.008225616921269096
4 0.008225616921269096
8 0.007050528789659224
3 0.007050528789659224
1 0.007050528789659224
7 0.005875440658049354
6 0.005875440658049354
0 0.005875440658049354
doc : 17
8 0.7058823529411764
7 0.047058823529411764
6 0.0392156862745098
0 0.0392156862745098
4 0.03137254901960784
2 0.03137254901960784
1 0.03137254901960784
9 0.027450980392156862
5 0.023529411764705882
3 0.023529411764705882
doc : 18
9 0.9279950341402855
6 0.01675977653631285
0 0.0111731843575419
5 0.00931098696461825
3 0.008690254500310366
8 0.006828057107386716
4 0.006207324643078833
1 0.004965859714463066
2 0.004345127250155183
7 0.0037243947858473
doc : 19
8 0.15476190476190477
6 0.15476190476190477
1 0.13095238095238093
3 0.10714285714285714
5 0.09523809523809523
9 0.08333333333333333
0 0.08333333333333333
2 0.07142857142857142
7 0.05952380952380952
4 0.05952380952380952
doc : 20
7 0.9381633594831564
8 0.014766958929395477
3 0.009690816797415782
9 0.006460544531610522
4 0.006460544531610522
1 0.006460544531610522
6 0.005999077065066913
5 0.0055376095985233045
0 0.004153207198892478
2 0.0023073373327180432
doc : 21
6 0.3066666666666667
0 0.09333333333333334
9 0.08
8 0.08
7 0.08
5 0.08
2 0.08
4 0.06666666666666667
3 0.06666666666666667
1 0.06666666666666667
doc : 22
6 0.33333333333333337
9 0.09333333333333334
7 0.08
2 0.08
0 0.08
8 0.06666666666666667
5 0.06666666666666667
4 0.06666666666666667
3 0.06666666666666667
1 0.06666666666666667
doc : 23
6 0.32
9 0.09333333333333334
8 0.09333333333333334
3 0.08
2 0.08
7 0.06666666666666667
5 0.06666666666666667
4 0.06666666666666667
1 0.06666666666666667
0 0.06666666666666667
doc : 24
6 0.7581967213114754
8 0.06762295081967214
2 0.0430327868852459
9 0.03278688524590164
3 0.022540983606557378
0 0.020491803278688527
7 0.01639344262295082
5 0.014344262295081968
1 0.014344262295081968
4 0.010245901639344263
doc : 25
4 0.9050884157343918
8 0.07181522915914831
7 0.0036088054853843374
5 0.0036088054853843374
6 0.003247924936845904
2 0.003247924936845904
3 0.002526163839769036
1 0.002526163839769036
9 0.0021652832912306026
0 0.0021652832912306026
doc : 26
6 0.5064935064935066
2 0.25974025974025977
8 0.08603896103896104
1 0.05194805194805195
9 0.01948051948051948
5 0.01785714285714286
0 0.01785714285714286
3 0.014610389610389612
7 0.012987012987012988
4 0.012987012987012988
doc : 27
6 0.4098360655737705
8 0.10655737704918034
0 0.10655737704918034
3 0.07377049180327869
2 0.06557377049180328
5 0.05737704918032787
7 0.04918032786885246
1 0.04918032786885246
9 0.04098360655737705
4 0.04098360655737705
doc : 28
3 0.45685279187817257
9 0.11928934010152284
8 0.10913705583756345
6 0.08121827411167512
5 0.06345177664974619
0 0.055837563451776644
2 0.048223350253807105
1 0.035532994923857864
4 0.017766497461928932
7 0.012690355329949238
doc : 29
6 0.2441860465116279
0 0.11627906976744186
7 0.10465116279069767
4 0.09302325581395349
2 0.09302325581395349
5 0.08139534883720931
9 0.06976744186046512
8 0.06976744186046512
3 0.06976744186046512
1 0.05813953488372093
doc : 30
5 0.48901098901098905
6 0.1098901098901099
1 0.07142857142857144
8 0.06593406593406594
7 0.05494505494505495
9 0.04395604395604396
4 0.04395604395604396
2 0.04395604395604396
3 0.038461538461538464
0 0.038461538461538464
doc : 31
0 0.8904109589041096
7 0.01761252446183953
8 0.015655577299412915
2 0.015655577299412915
1 0.011741682974559686
9 0.009784735812133072
6 0.009784735812133072
5 0.009784735812133072
4 0.009784735812133072
3 0.009784735812133072
doc : 32
5 0.25
9 0.10714285714285714
6 0.10714285714285714
4 0.10714285714285714
3 0.09523809523809523
8 0.07142857142857142
7 0.07142857142857142
0 0.07142857142857142
2 0.05952380952380952
1 0.05952380952380952
doc : 33
5 0.1839080459770115
2 0.12643678160919541
0 0.11494252873563218
8 0.10344827586206896
3 0.09195402298850575
1 0.09195402298850575
9 0.08045977011494253
7 0.06896551724137931
6 0.06896551724137931
4 0.06896551724137931
doc : 34
2 0.9416299559471366
9 0.009911894273127754
4 0.007709251101321587
7 0.006607929515418503
1 0.006607929515418503
8 0.005506607929515419
6 0.005506607929515419
5 0.005506607929515419
3 0.005506607929515419
0 0.005506607929515419
doc : 35
9 0.9373531714956931
0 0.012529365700861394
8 0.010180109631949883
3 0.010180109631949883
7 0.00548159749412686
5 0.00548159749412686
6 0.004698512137823022
4 0.004698512137823022
2 0.004698512137823022
1 0.004698512137823022
doc : 36
9 0.9370558375634518
3 0.009137055837563452
8 0.008121827411167513
6 0.008121827411167513
5 0.007106598984771574
0 0.007106598984771574
7 0.006091370558375634
4 0.006091370558375634
2 0.006091370558375634
1 0.005076142131979696
doc : 37
9 0.9324191968658179
6 0.013712047012732615
5 0.009794319294809012
8 0.007835455435847209
0 0.007835455435847209
3 0.0068560235063663075
4 0.005876591576885406
1 0.005876591576885406
7 0.004897159647404506
2 0.004897159647404506
doc : 38
9 0.9466666666666667
0 0.008571428571428572
6 0.007619047619047619
3 0.006666666666666666
2 0.006666666666666666
8 0.004761904761904762
7 0.004761904761904762
5 0.004761904761904762
4 0.004761904761904762
1 0.004761904761904762
doc : 39
0 0.8054298642533937
8 0.04298642533936652
5 0.027149321266968326
9 0.022624434389140274
3 0.022624434389140274
2 0.020361990950226245
1 0.020361990950226245
7 0.015837104072398193
6 0.011312217194570137
4 0.011312217194570137
doc : 40
0 0.7229299363057324
9 0.08598726114649681
5 0.06475583864118896
6 0.055201698513800426
8 0.025477707006369428
2 0.016985138004246284
7 0.008492569002123142
1 0.008492569002123142
3 0.006369426751592357
4 0.005307855626326964
doc : 41
0 0.8176795580110497
9 0.0707182320441989
6 0.028729281767955802
5 0.027624309392265196
2 0.013259668508287293
3 0.011049723756906079
8 0.00994475138121547
7 0.00994475138121547
4 0.005524861878453039
1 0.005524861878453039
doc : 42
0 0.875
9 0.019230769230769232
8 0.01730769230769231
2 0.01730769230769231
7 0.013461538461538462
6 0.013461538461538462
3 0.013461538461538462
1 0.011538461538461539
5 0.009615384615384616
4 0.009615384615384616
doc : 43
6 0.2441860465116279
8 0.11627906976744186
2 0.10465116279069767
5 0.09302325581395349
4 0.09302325581395349
3 0.09302325581395349
1 0.06976744186046512
0 0.06976744186046512
9 0.05813953488372093
7 0.05813953488372093
doc : 44
9 0.8915989159891599
0 0.023486901535682024
8 0.014453477868112014
6 0.012646793134598011
5 0.011743450767841012
3 0.01084010840108401
7 0.009033423667570008
4 0.009033423667570008
2 0.009033423667570008
1 0.008130081300813007
doc : 45
2 0.9358533791523482
0 0.01145475372279496
9 0.008018327605956473
7 0.006872852233676976
6 0.006872852233676976
4 0.006872852233676976
3 0.006872852233676976
8 0.00572737686139748
5 0.00572737686139748
1 0.00572737686139748
doc : 46
2 0.9228224917309813
9 0.014332965821389196
8 0.009922822491730982
1 0.009922822491730982
6 0.008820286659316428
4 0.007717750826901874
3 0.007717750826901874
5 0.006615214994487321
0 0.006615214994487321
7 0.005512679162072768
doc : 47
6 0.33333333333333337
9 0.08
8 0.08
7 0.08
2 0.08
1 0.08
5 0.06666666666666667
4 0.06666666666666667
3 0.06666666666666667
0 0.06666666666666667
doc : 48
5 0.8635394456289979
8 0.023454157782515993
3 0.019189765458422173
6 0.017057569296375266
4 0.014925373134328358
0 0.014925373134328358
2 0.01279317697228145
1 0.01279317697228145
9 0.010660980810234541
7 0.010660980810234541
doc : 49
3 0.8758519961051607
6 0.027750730282375853
8 0.026777020447906526
5 0.016553067185978577
2 0.01557935735150925
9 0.014605647517039922
0 0.01071080817916261
4 0.004868549172346641
7 0.0038948393378773127
1 0.0034079844206426485
