doc : 0
3 0.7308868501529052
2 0.07033639143730887
5 0.03058103975535168
9 0.027522935779816515
6 0.027522935779816515
8 0.024464831804281346
4 0.024464831804281346
0 0.024464831804281346
1 0.021406727828746176
7 0.01834862385321101
doc : 1
7 0.8203592814371257
3 0.03592814371257485
8 0.021956087824351295
6 0.021956087824351295
9 0.01996007984031936
2 0.01996007984031936
5 0.015968063872255488
4 0.015968063872255488
1 0.015968063872255488
0 0.011976047904191616
doc : 2
7 0.8089622641509434
9 0.02830188679245283
5 0.02830188679245283
1 0.025943396226415092
4 0.023584905660377357
2 0.023584905660377357
3 0.02122641509433962
8 0.01650943396226415
6 0.011792452830188678
0 0.011792452830188678
doc : 3
3 0.4690265486725664
2 0.08849557522123894
7 0.07079646017699115
9 0.061946902654867256
0 0.061946902654867256
8 0.05309734513274336
5 0.05309734513274336
1 0.05309734513274336
6 0.04424778761061947
4 0.04424778761061947
doc : 4
3 0.4205607476635514
2 0.09345794392523364
1 0.08411214953271028
7 0.07476635514018691
9 0.06542056074766354
8 0.06542056074766354
5 0.05607476635514018
6 0.04672897196261682
4 0.04672897196261682
0 0.04672897196261682
doc : 5
3 0.6457142857142857
7 0.05714285714285714
9 0.045714285714285714
6 0.04
4 0.04
2 0.04
5 0.03428571428571429
1 0.03428571428571429
0 0.03428571428571429
8 0.02857142857142857
doc : 6
0 0.8477611940298507
3 0.03805970149253731
9 0.023134328358208955
2 0.019402985074626865
7 0.016417910447761194
1 0.014925373134328358
4 0.012686567164179105
6 0.010447761194029851
5 0.009701492537313432
8 0.007462686567164179
doc : 7
2 0.49874055415617125
3 0.2468513853904282
8 0.05289672544080604
5 0.04030226700251889
7 0.03526448362720403
4 0.0327455919395466
9 0.030226700251889168
0 0.025188916876574305
1 0.022670025188916875
6 0.015113350125944584
doc : 8
3 0.7971014492753623
8 0.028985507246376812
9 0.025362318840579712
5 0.025362318840579712
6 0.021739130434782608
4 0.021739130434782608
1 0.021739130434782608
0 0.021739130434782608
7 0.018115942028985508
2 0.018115942028985508
doc : 9
3 0.7898550724637681
1 0.028985507246376812
9 0.025362318840579712
8 0.025362318840579712
7 0.025362318840579712
6 0.021739130434782608
4 0.021739130434782608
2 0.021739130434782608
0 0.021739130434782608
5 0.018115942028985508
doc : 10
3 0.8262910798122066
2 0.03912363067292645
9 0.0297339593114241
5 0.0297339593114241
1 0.01564945226917058
4 0.014084507042253521
7 0.012519561815336464
0 0.012519561815336464
8 0.010954616588419406
6 0.009389671361502348
doc : 11
8 0.9418886198547215
3 0.01937046004842615
7 0.009200968523002421
2 0.009200968523002421
4 0.0043583535108958835
1 0.0043583535108958835
5 0.003389830508474576
9 0.0029055690072639223
0 0.0029055690072639223
6 0.002421307506053269
doc : 12
8 0.94739336492891
3 0.023696682464454978
1 0.005213270142180095
2 0.0042654028436018955
7 0.0037914691943127963
5 0.0037914691943127963
4 0.0033175355450236967
9 0.002843601895734597
6 0.002843601895734597
0 0.002843601895734597
doc : 13
3 0.288135593220339
7 0.1271186440677966
1 0.11016949152542373
9 0.09322033898305085
2 0.09322033898305085
6 0.06779661016949153
5 0.059322033898305086
4 0.059322033898305086
8 0.05084745762711865
0 0.05084745762711865
doc : 14
3 0.6674528301886792
2 0.06132075471698113
1 0.05660377358490566
7 0.04481132075471698
8 0.03773584905660377
5 0.03537735849056604
4 0.0330188679245283
9 0.030660377358490566
0 0.02122641509433962
6 0.011792452830188678
doc : 15
8 0.5021929824561403
2 0.21929824561403508
5 0.05043859649122807
9 0.046052631578947366
7 0.043859649122807015
4 0.03728070175438596
3 0.03728070175438596
1 0.02631578947368421
0 0.021929824561403508
6 0.015350877192982455
doc : 16
9 0.5536480686695279
3 0.12446351931330472
2 0.06437768240343347
5 0.060085836909871244
1 0.055793991416309016
8 0.034334763948497854
7 0.034334763948497854
4 0.030042918454935622
6 0.02145922746781116
0 0.02145922746781116
doc : 17
2 0.6451612903225807
6 0.0913978494623656
3 0.043010752688172046
0 0.043010752688172046
9 0.03225806451612903
5 0.03225806451612903
4 0.03225806451612903
8 0.02688172043010753
7 0.02688172043010753
1 0.02688172043010753
doc : 18
9 0.8993808049535604
7 0.013931888544891642
4 0.013931888544891642
2 0.013931888544891642
6 0.01238390092879257
5 0.01238390092879257
3 0.009287925696594427
0 0.009287925696594427
8 0.007739938080495357
1 0.007739938080495357
doc : 19
3 0.6563146997929608
2 0.13043478260869565
4 0.041407867494824016
1 0.035196687370600416
7 0.033126293995859216
6 0.02484472049689441
5 0.02484472049689441
9 0.020703933747412008
0 0.018633540372670808
8 0.014492753623188408
doc : 20
2 0.4418604651162791
7 0.06976744186046512
5 0.06976744186046512
4 0.06976744186046512
9 0.05813953488372093
8 0.05813953488372093
6 0.05813953488372093
3 0.05813953488372093
1 0.05813953488372093
0 0.05813953488372093
doc : 21
2 0.45348837209302323
5 0.06976744186046512
4 0.06976744186046512
9 0.05813953488372093
8 0.05813953488372093
7 0.05813953488372093
6 0.05813953488372093
3 0.05813953488372093
1 0.05813953488372093
0 0.05813953488372093
doc : 22
2 0.45348837209302323
5 0.08139534883720931
9 0.05813953488372093
8 0.05813953488372093
7 0.05813953488372093
6 0.05813953488372093
4 0.05813953488372093
3 0.05813953488372093
1 0.05813953488372093
0 0.05813953488372093
doc : 23
2 0.4418604651162791
4 0.06976744186046512
3 0.06976744186046512
0 0.06976744186046512
9 0.05813953488372093
8 0.05813953488372093
7 0.05813953488372093
6 0.05813953488372093
5 0.05813953488372093
1 0.05813953488372093
doc : 24
3 0.4390243902439025
1 0.0975609756097561
2 0.0894308943089431
5 0.06504065040650407
9 0.05691056910569106
6 0.05691056910569106
8 0.04878048780487805
7 0.04878048780487805
4 0.04878048780487805
0 0.04878048780487805
doc : 25
8 0.7130681818181819
2 0.0625
1 0.04261363636363637
5 0.036931818181818184
4 0.036931818181818184
3 0.03125
7 0.02556818181818182
9 0.019886363636363636
0 0.017045454545454544
6 0.014204545454545456
doc : 26
8 0.7162534435261708
2 0.06336088154269973
5 0.03856749311294766
9 0.03305785123966942
7 0.03305785123966942
6 0.03305785123966942
1 0.024793388429752067
4 0.02203856749311295
3 0.02203856749311295
0 0.013774104683195593
doc : 27
0 0.8932764140875133
4 0.0416221985058698
5 0.0128068303094984
7 0.011739594450373533
2 0.008537886872998933
6 0.007470651013874067
3 0.007470651013874067
1 0.0064034151547492
9 0.005336179295624333
8 0.005336179295624333
doc : 28
4 0.8350668647845467
0 0.04903417533432392
6 0.028231797919762255
5 0.016344725111441305
2 0.016344725111441305
9 0.014858841010401188
7 0.01188707280832095
1 0.01188707280832095
3 0.008915304606240713
8 0.007429420505200594
doc : 29
9 0.5779816513761469
3 0.09174311926605505
5 0.07110091743119266
2 0.06651376146788991
1 0.05504587155963303
7 0.0481651376146789
4 0.0389908256880734
8 0.020642201834862386
0 0.016055045871559634
6 0.013761467889908258
doc : 30
2 0.46511627906976744
5 0.06976744186046512
9 0.05813953488372093
8 0.05813953488372093
7 0.05813953488372093
6 0.05813953488372093
4 0.05813953488372093
3 0.05813953488372093
1 0.05813953488372093
0 0.05813953488372093
doc : 31
2 0.43023255813953487
5 0.08139534883720931
6 0.06976744186046512
4 0.06976744186046512
9 0.05813953488372093
8 0.05813953488372093
7 0.05813953488372093
3 0.05813953488372093
1 0.05813953488372093
0 0.05813953488372093
doc : 32
5 0.21296296296296297
1 0.17592592592592593
7 0.10185185185185185
0 0.09259259259259259
9 0.08333333333333333
4 0.08333333333333333
8 0.06481481481481481
6 0.06481481481481481
2 0.06481481481481481
3 0.05555555555555555
doc : 33
5 0.4627092846270928
0 0.2313546423135464
4 0.2176560121765601
6 0.0213089802130898
2 0.0167427701674277
3 0.0121765601217656
9 0.0106544901065449
7 0.0106544901065449
8 0.0091324200913242
1 0.0076103500761035
doc : 34
7 0.7317880794701986
2 0.04470198675496689
9 0.039735099337748346
5 0.0380794701986755
3 0.0347682119205298
0 0.028145695364238412
1 0.026490066225165563
6 0.019867549668874173
8 0.018211920529801324
4 0.018211920529801324
doc : 35
5 0.5211038961038962
4 0.17045454545454547
2 0.12662337662337664
3 0.03896103896103896
1 0.03246753246753247
7 0.030844155844155847
6 0.025974025974025976
0 0.01948051948051948
8 0.01785714285714286
9 0.016233766233766236
doc : 36
1 0.7915632754342432
3 0.04714640198511166
5 0.02977667493796526
4 0.02729528535980149
9 0.022332506203473945
7 0.022332506203473945
2 0.017369727047146403
6 0.01488833746898263
0 0.01488833746898263
8 0.012406947890818858
doc : 37
0 0.8760330578512396
4 0.04269972451790634
5 0.012396694214876033
2 0.012396694214876033
7 0.011019283746556474
1 0.011019283746556474
9 0.009641873278236915
6 0.009641873278236915
3 0.008264462809917356
8 0.006887052341597796
doc : 38
9 0.901689708141321
2 0.019969278033794162
7 0.015360983102918587
0 0.01228878648233487
6 0.009216589861751152
5 0.009216589861751152
4 0.009216589861751152
8 0.007680491551459293
3 0.007680491551459293
1 0.007680491551459293
doc : 39
1 0.7953964194373402
4 0.04092071611253197
5 0.030690537084398978
8 0.025575447570332484
7 0.023017902813299233
3 0.023017902813299233
6 0.01790281329923274
2 0.01790281329923274
9 0.012787723785166242
0 0.012787723785166242
doc : 40
6 0.8386980108499096
0 0.11573236889692586
2 0.016998191681735986
4 0.008318264014466547
1 0.007594936708860759
7 0.0028933092224231465
9 0.002531645569620253
8 0.002531645569620253
5 0.002531645569620253
3 0.00216998191681736
doc : 41
2 0.4069767441860465
5 0.09302325581395349
4 0.08139534883720931
7 0.06976744186046512
9 0.05813953488372093
8 0.05813953488372093
6 0.05813953488372093
3 0.05813953488372093
1 0.05813953488372093
0 0.05813953488372093
doc : 42
5 0.326241134751773
0 0.326241134751773
1 0.09219858156028368
2 0.0673758865248227
9 0.035460992907801414
6 0.035460992907801414
7 0.031914893617021274
3 0.031914893617021274
4 0.028368794326241134
8 0.024822695035460994
doc : 43
3 0.19696969696969696
2 0.12121212121212122
9 0.10606060606060606
8 0.10606060606060606
7 0.09090909090909091
6 0.07575757575757576
5 0.07575757575757576
4 0.07575757575757576
1 0.07575757575757576
0 0.07575757575757576
doc : 44
5 0.6588888888888889
4 0.23555555555555555
1 0.025555555555555557
7 0.02
6 0.013333333333333332
2 0.011111111111111112
9 0.01
8 0.01
3 0.0077777777777777776
0 0.0077777777777777776
doc : 45
4 0.6824408468244084
0 0.22789539227895392
6 0.021170610211706103
5 0.012453300124533
9 0.0112079701120797
8 0.0112079701120797
1 0.0112079701120797
2 0.008717310087173101
7 0.007471980074719801
3 0.0062266500622665
doc : 46
3 0.7131782945736433
8 0.05813953488372093
2 0.04263565891472868
1 0.03488372093023256
7 0.031007751937984496
5 0.031007751937984496
9 0.027131782945736434
6 0.023255813953488372
4 0.01937984496124031
0 0.01937984496124031
doc : 47
1 0.4646464646464647
5 0.14646464646464646
2 0.08585858585858587
9 0.05555555555555556
7 0.05555555555555556
4 0.045454545454545456
6 0.04040404040404041
8 0.03535353535353536
3 0.03535353535353536
0 0.03535353535353536
doc : 48
0 0.8486486486486486
5 0.025225225225225224
6 0.021621621621621623
7 0.018018018018018018
4 0.018018018018018018
3 0.016216216216216217
9 0.014414414414414415
2 0.014414414414414415
1 0.014414414414414415
8 0.009009009009009009
doc : 49
6 0.5292887029288702
0 0.3200836820083682
2 0.03556485355648535
5 0.023012552301255228
9 0.016736401673640166
7 0.016736401673640166
4 0.016736401673640166
1 0.016736401673640166
3 0.014644351464435145
8 0.010460251046025104
