doc : 0
9 0.6843100189035917
4 0.15689981096408318
5 0.054820415879017016
7 0.020793950850661626
1 0.020793950850661626
0 0.017013232514177693
6 0.013232514177693762
8 0.011342155009451797
2 0.011342155009451797
3 0.00945179584120983
doc : 1
9 0.7014218009478673
5 0.1113744075829384
7 0.05924170616113744
6 0.03554502369668247
4 0.016587677725118485
1 0.016587677725118485
0 0.016587677725118485
8 0.014218009478672987
3 0.014218009478672987
2 0.014218009478672987
doc : 2
9 0.6023529411764705
4 0.1764705882352941
7 0.05647058823529411
1 0.04941176470588235
5 0.039999999999999994
6 0.016470588235294115
2 0.016470588235294115
8 0.014117647058823528
3 0.014117647058823528
0 0.014117647058823528
doc : 3
9 0.7727272727272728
5 0.045454545454545456
7 0.03246753246753247
6 0.029220779220779224
4 0.025974025974025976
2 0.022727272727272728
1 0.01948051948051948
0 0.01948051948051948
8 0.016233766233766236
3 0.016233766233766236
doc : 4
1 0.29906542056074764
4 0.27102803738317754
7 0.09813084112149532
6 0.08878504672897196
9 0.06542056074766354
5 0.04672897196261682
8 0.037383177570093455
0 0.037383177570093455
3 0.02803738317757009
2 0.02803738317757009
doc : 5
7 0.2765957446808511
1 0.22340425531914893
9 0.1337386018237082
4 0.12917933130699089
5 0.12158054711246201
6 0.06231003039513678
0 0.019756838905775075
2 0.016717325227963525
3 0.00911854103343465
8 0.007598784194528876
doc : 6
1 0.6
3 0.1543859649122807
7 0.03859649122807018
5 0.03859649122807018
6 0.03508771929824561
2 0.03508771929824561
4 0.031578947368421054
9 0.02456140350877193
8 0.021052631578947368
0 0.021052631578947368
doc : 7
6 0.6848484848484848
9 0.04242424242424243
7 0.04242424242424243
8 0.03636363636363636
5 0.03636363636363636
2 0.03636363636363636
4 0.030303030303030304
3 0.030303030303030304
1 0.030303030303030304
0 0.030303030303030304
doc : 8
6 0.688622754491018
2 0.04790419161676647
8 0.035928143712574856
5 0.035928143712574856
4 0.035928143712574856
0 0.035928143712574856
9 0.029940119760479042
7 0.029940119760479042
3 0.029940119760479042
1 0.029940119760479042
doc : 9
6 0.7151162790697674
9 0.03488372093023256
8 0.03488372093023256
5 0.03488372093023256
4 0.03488372093023256
7 0.029069767441860465
3 0.029069767441860465
2 0.029069767441860465
1 0.029069767441860465
0 0.029069767441860465
doc : 10
9 0.7727272727272728
7 0.048701298701298704
4 0.03246753246753247
6 0.029220779220779224
5 0.025974025974025976
2 0.025974025974025976
8 0.016233766233766236
3 0.016233766233766236
1 0.016233766233766236
0 0.016233766233766236
doc : 11
9 0.4625550660792952
1 0.36343612334801767
3 0.02863436123348018
2 0.026431718061674013
7 0.024229074889867842
8 0.019823788546255508
6 0.019823788546255508
5 0.019823788546255508
4 0.01762114537444934
0 0.01762114537444934
doc : 12
9 0.42242703533026116
4 0.3717357910906298
2 0.06758832565284179
7 0.03379416282642089
1 0.02457757296466974
5 0.02304147465437788
8 0.021505376344086023
6 0.013824884792626727
0 0.01228878648233487
3 0.009216589861751152
doc : 13
2 0.5945945945945946
9 0.08558558558558559
8 0.06306306306306306
6 0.06306306306306306
4 0.04954954954954955
1 0.04054054054054054
3 0.03153153153153153
0 0.02702702702702703
7 0.02252252252252252
5 0.02252252252252252
doc : 14
8 0.8662235147486498
9 0.07561279601163273
4 0.027420024927295387
5 0.008309098462816784
1 0.007062733693394266
7 0.004985459077690071
2 0.0033236393851267137
6 0.0024927295388450354
3 0.0024927295388450354
0 0.002077274615704196
doc : 15
8 0.9654178674351584
9 0.007204610951008645
4 0.0048030739673390966
7 0.0038424591738712775
5 0.0038424591738712775
6 0.0033621517771373678
2 0.0033621517771373678
1 0.0033621517771373678
3 0.0024015369836695483
0 0.0024015369836695483
doc : 16
4 0.8265306122448979
6 0.030612244897959183
2 0.023809523809523808
9 0.017006802721088433
8 0.017006802721088433
7 0.017006802721088433
5 0.017006802721088433
3 0.017006802721088433
1 0.017006802721088433
0 0.017006802721088433
doc : 17
6 0.5620437956204379
1 0.1094890510948905
8 0.06934306569343066
2 0.058394160583941604
4 0.051094890510948905
9 0.04744525547445255
5 0.029197080291970802
3 0.029197080291970802
7 0.025547445255474453
0 0.01824817518248175
doc : 18
1 0.3217993079584775
3 0.18685121107266436
4 0.12456747404844291
9 0.07612456747404844
8 0.06920415224913495
7 0.05536332179930796
6 0.051903114186851215
2 0.04844290657439446
5 0.04498269896193772
0 0.020761245674740483
doc : 19
6 0.5234375
2 0.13541666666666666
9 0.09895833333333333
4 0.057291666666666664
7 0.041666666666666664
5 0.03645833333333333
1 0.033854166666666664
3 0.03125
0 0.026041666666666664
8 0.015625
doc : 20
9 0.2605633802816901
2 0.2183098591549296
4 0.1971830985915493
8 0.056338028169014086
3 0.056338028169014086
1 0.056338028169014086
6 0.04225352112676056
0 0.04225352112676056
7 0.035211267605633804
5 0.035211267605633804
doc : 21
8 0.9725609756097562
9 0.0035569105691056913
6 0.0035569105691056913
2 0.0035569105691056913
1 0.0035569105691056913
7 0.003048780487804878
5 0.0025406504065040654
4 0.0025406504065040654
3 0.0025406504065040654
0 0.0025406504065040654
doc : 22
2 0.6338028169014085
6 0.04929577464788733
9 0.04225352112676056
8 0.04225352112676056
7 0.04225352112676056
4 0.04225352112676056
1 0.04225352112676056
5 0.035211267605633804
3 0.035211267605633804
0 0.035211267605633804
doc : 23
9 0.7462932454695222
5 0.06754530477759473
7 0.06589785831960461
1 0.03130148270181219
4 0.026359143327841845
6 0.014827018121911038
2 0.014827018121911038
8 0.011532125205930808
3 0.011532125205930808
0 0.009884678747940693
doc : 24
9 0.6740331491712707
5 0.11049723756906077
6 0.04419889502762431
4 0.03591160220994475
7 0.03314917127071823
2 0.022099447513812154
1 0.022099447513812154
0 0.022099447513812154
8 0.019337016574585635
3 0.016574585635359115
doc : 25
6 0.7928653624856157
1 0.04142692750287687
2 0.0333716915995397
3 0.02531645569620253
5 0.024165707710011506
7 0.01726121979286536
4 0.01726121979286536
0 0.01726121979286536
9 0.01611047180667434
8 0.014959723820483314
doc : 26
2 0.5835616438356165
4 0.12054794520547946
6 0.10684931506849316
1 0.04657534246575343
3 0.038356164383561646
0 0.030136986301369864
7 0.024657534246575342
9 0.019178082191780823
5 0.016438356164383564
8 0.0136986301369863
doc : 27
5 0.3272058823529412
9 0.2867647058823529
7 0.08823529411764705
1 0.08088235294117647
6 0.04779411764705882
0 0.04779411764705882
4 0.044117647058823525
3 0.029411764705882353
2 0.025735294117647058
8 0.022058823529411763
doc : 28
9 0.7763157894736842
5 0.06390977443609022
0 0.05451127819548872
7 0.020676691729323307
3 0.018796992481203006
1 0.016917293233082706
8 0.013157894736842105
2 0.013157894736842105
6 0.011278195488721804
4 0.011278195488721804
doc : 29
9 0.8699511762094985
5 0.056369285397248114
7 0.04971149578339991
4 0.005326231691078561
1 0.0039946737683089215
2 0.003550821127385708
6 0.0031069684864624943
0 0.0031069684864624943
8 0.0026631158455392807
3 0.0022192632046160675
doc : 30
9 0.7630331753554503
4 0.037914691943127965
6 0.03317535545023697
8 0.023696682464454978
7 0.023696682464454978
5 0.023696682464454978
3 0.023696682464454978
2 0.023696682464454978
1 0.023696682464454978
0 0.023696682464454978
doc : 31
4 0.8505747126436781
9 0.031609195402298854
1 0.02586206896551724
8 0.022988505747126436
6 0.018678160919540228
5 0.017241379310344827
7 0.011494252873563218
3 0.007183908045977011
2 0.007183908045977011
0 0.007183908045977011
doc : 32
7 0.7141630901287553
9 0.1296137339055794
5 0.07982832618025751
1 0.022317596566523604
0 0.01630901287553648
4 0.010300429184549355
6 0.00944206008583691
3 0.0068669527896995704
8 0.006008583690987124
2 0.005150214592274677
doc : 33
9 0.37438423645320196
4 0.2955665024630542
1 0.11330049261083744
7 0.054187192118226604
5 0.034482758620689655
8 0.029556650246305417
6 0.024630541871921183
3 0.024630541871921183
2 0.024630541871921183
0 0.024630541871921183
doc : 34
1 0.6010230179028133
3 0.1969309462915601
9 0.04603580562659847
7 0.02813299232736573
4 0.02813299232736573
6 0.025575447570332484
2 0.025575447570332484
8 0.020460358056265986
5 0.015345268542199489
0 0.012787723785166242
doc : 35
6 0.25949367088607594
4 0.13924050632911392
1 0.12025316455696203
3 0.08860759493670886
2 0.08860759493670886
5 0.08227848101265822
7 0.06962025316455696
9 0.06329113924050633
0 0.05063291139240506
8 0.0379746835443038
doc : 36
7 0.7551185890938578
5 0.2242043381309548
9 0.004459760794648287
0 0.004257044394891547
1 0.0028380295965943648
4 0.0022298803973241437
6 0.002027163997567403
3 0.002027163997567403
8 0.0014190147982971824
2 0.0014190147982971824
doc : 37
2 0.327217125382263
1 0.20489296636085627
4 0.10703363914373089
8 0.09785932721712538
9 0.08256880733944955
6 0.045871559633027525
5 0.039755351681957186
7 0.03669724770642202
3 0.03669724770642202
0 0.021406727828746176
doc : 38
6 0.7272727272727273
7 0.03896103896103896
5 0.03896103896103896
9 0.03463203463203463
8 0.030303030303030304
4 0.030303030303030304
1 0.030303030303030304
3 0.025974025974025976
2 0.021645021645021644
0 0.021645021645021644
doc : 39
9 0.56
1 0.19272727272727272
4 0.05090909090909091
2 0.04363636363636364
7 0.03272727272727273
6 0.02909090909090909
3 0.02909090909090909
5 0.025454545454545455
8 0.01818181818181818
0 0.01818181818181818
doc : 40
3 0.6954732510288066
1 0.09465020576131689
2 0.03292181069958848
0 0.03292181069958848
9 0.02469135802469136
8 0.02469135802469136
7 0.02469135802469136
6 0.02469135802469136
5 0.02469135802469136
4 0.020576131687242802
doc : 41
4 0.25925925925925924
5 0.19047619047619047
9 0.15343915343915343
7 0.10582010582010581
1 0.09523809523809523
6 0.06349206349206349
8 0.037037037037037035
0 0.037037037037037035
3 0.031746031746031744
2 0.026455026455026454
doc : 42
4 0.22333333333333336
5 0.21000000000000002
9 0.16333333333333333
7 0.15666666666666668
6 0.12333333333333334
1 0.04
0 0.02666666666666667
8 0.02
2 0.02
3 0.016666666666666666
doc : 43
4 0.8013468013468014
6 0.0303030303030303
9 0.026936026936026935
0 0.026936026936026935
2 0.02356902356902357
8 0.0202020202020202
1 0.0202020202020202
7 0.016835016835016835
5 0.016835016835016835
3 0.016835016835016835
doc : 44
1 0.6406926406926406
4 0.13131313131313133
5 0.07215007215007214
9 0.05916305916305916
7 0.04329004329004329
8 0.01443001443001443
2 0.012987012987012988
0 0.0101010101010101
3 0.008658008658008658
6 0.007215007215007215
doc : 45
1 0.8344155844155845
9 0.03733766233766234
7 0.025974025974025976
5 0.022727272727272728
3 0.01948051948051948
0 0.014610389610389612
4 0.012987012987012988
2 0.012987012987012988
6 0.011363636363636364
8 0.008116883116883118
doc : 46
1 0.8360389610389611
5 0.034090909090909095
9 0.0275974025974026
3 0.01785714285714286
0 0.01785714285714286
7 0.016233766233766236
6 0.016233766233766236
2 0.014610389610389612
4 0.011363636363636364
8 0.008116883116883118
doc : 47
9 0.37053571428571425
4 0.37053571428571425
1 0.049107142857142856
6 0.03571428571428571
8 0.03125
7 0.03125
2 0.03125
5 0.026785714285714284
3 0.026785714285714284
0 0.026785714285714284
doc : 48
9 0.4583333333333333
4 0.18055555555555555
5 0.07870370370370369
7 0.06944444444444445
6 0.05092592592592592
8 0.041666666666666664
1 0.041666666666666664
2 0.032407407407407406
3 0.023148148148148147
0 0.023148148148148147
doc : 49
6 0.7433628318584071
4 0.03982300884955752
9 0.030973451327433628
7 0.030973451327433628
3 0.030973451327433628
1 0.030973451327433628
8 0.02654867256637168
5 0.022123893805309734
2 0.022123893805309734
0 0.022123893805309734
doc : 50
0 0.4991402603782854
9 0.16801768607221812
7 0.14124293785310735
5 0.1245394252026529
1 0.039302382706951605
6 0.009334315892901006
3 0.005649717514124294
2 0.005649717514124294
8 0.004175878162613608
4 0.0029476787030213707
doc : 51
6 0.7841530054644809
9 0.045081967213114756
4 0.03551912568306011
2 0.03415300546448088
5 0.030054644808743168
7 0.01912568306010929
8 0.017759562841530054
0 0.012295081967213115
3 0.01092896174863388
1 0.01092896174863388
doc : 52
7 0.4362934362934363
5 0.19498069498069498
9 0.1776061776061776
4 0.07915057915057916
6 0.03474903474903475
1 0.02895752895752896
0 0.015444015444015444
8 0.011583011583011584
3 0.011583011583011584
2 0.009652509652509652
doc : 53
1 0.5522875816993464
5 0.184640522875817
7 0.06862745098039216
9 0.06290849673202614
2 0.049836601307189546
6 0.03022875816993464
4 0.015522875816993464
0 0.014705882352941176
3 0.011437908496732027
8 0.00980392156862745
doc : 54
1 0.6080760095011877
3 0.12351543942992875
2 0.08076009501187649
9 0.04750593824228029
4 0.03800475059382423
6 0.030878859857482188
5 0.023752969121140145
8 0.02137767220902613
7 0.014251781472684086
0 0.011876484560570073
doc : 55
1 0.5686015831134564
7 0.21240105540897097
5 0.12269129287598944
9 0.01912928759894459
3 0.01912928759894459
4 0.01517150395778364
2 0.013192612137203165
6 0.012532981530343008
0 0.012532981530343008
8 0.004617414248021108
doc : 56
4 0.40525587828492393
1 0.20608575380359614
5 0.10926694329183956
9 0.09820193637621025
7 0.09543568464730291
0 0.03872752420470263
2 0.01521438450899032
8 0.013831258644536654
3 0.009681881051175657
6 0.008298755186721992
doc : 57
1 0.5486725663716814
4 0.11946902654867256
7 0.0663716814159292
6 0.061946902654867256
3 0.05309734513274336
5 0.03982300884955752
9 0.030973451327433628
2 0.030973451327433628
0 0.02654867256637168
8 0.022123893805309734
doc : 58
5 0.40293040293040294
4 0.1684981684981685
6 0.11721611721611722
9 0.07326007326007326
7 0.05128205128205128
1 0.05128205128205128
2 0.047619047619047616
3 0.040293040293040296
0 0.02564102564102564
8 0.021978021978021976
doc : 59
9 0.44313725490196076
4 0.19607843137254902
7 0.10588235294117647
5 0.07058823529411765
8 0.047058823529411764
6 0.047058823529411764
1 0.027450980392156862
3 0.023529411764705882
2 0.0196078431372549
0 0.0196078431372549
doc : 60
2 0.28169014084507044
1 0.19014084507042253
9 0.08450704225352113
6 0.07746478873239437
4 0.07746478873239437
0 0.07746478873239437
8 0.06338028169014084
7 0.056338028169014086
5 0.04929577464788733
3 0.04225352112676056
doc : 61
4 0.4906937394247039
1 0.15228426395939085
5 0.11336717428087986
7 0.09983079526226735
0 0.049069373942470386
2 0.025380710659898477
6 0.023688663282571912
9 0.018612521150592216
8 0.01353637901861252
3 0.01353637901861252
doc : 62
3 0.9122098890010091
1 0.04843592330978809
2 0.009081735620585268
6 0.007736293306424487
4 0.004709048099562732
8 0.004372687521022536
0 0.004036326942482341
7 0.0036999663639421462
9 0.0030272452068617556
5 0.0026908846283215607
doc : 63
3 0.525179856115108
1 0.16546762589928057
7 0.04316546762589928
6 0.04316546762589928
4 0.04316546762589928
9 0.03597122302158273
8 0.03597122302158273
5 0.03597122302158273
2 0.03597122302158273
0 0.03597122302158273
doc : 64
5 0.981679389312977
7 0.0061068702290076335
9 0.0030534351145038168
1 0.0018659881255301102
0 0.0015267175572519084
8 0.0011874469889737065
6 0.0011874469889737065
4 0.0011874469889737065
3 0.0011874469889737065
2 0.0010178117048346056
doc : 65
9 0.37755102040816324
4 0.2755102040816326
5 0.10544217687074829
6 0.057823129251700675
7 0.05442176870748299
0 0.03401360544217687
1 0.030612244897959183
3 0.027210884353741496
8 0.02040816326530612
2 0.017006802721088433
doc : 66
1 0.6524105754276828
3 0.21384136858475894
6 0.028771384136858476
5 0.02177293934681182
7 0.017884914463452566
2 0.016329704510108865
4 0.015552099533437013
0 0.015552099533437013
9 0.01166407465007776
8 0.006220839813374806
doc : 67
1 0.6479166666666667
7 0.1125
5 0.0625
6 0.0375
3 0.03333333333333333
9 0.025
0 0.025
8 0.01875
4 0.01875
2 0.01875
doc : 68
4 0.42987249544626593
9 0.2750455373406193
2 0.07468123861566485
7 0.0692167577413479
1 0.052823315118397086
5 0.03460837887067395
8 0.0273224043715847
6 0.01639344262295082
3 0.01092896174863388
0 0.009107468123861567
doc : 69
6 0.680628272251309
9 0.04712041884816754
5 0.041884816753926704
4 0.041884816753926704
2 0.041884816753926704
7 0.03664921465968587
1 0.03141361256544503
8 0.02617801047120419
3 0.02617801047120419
0 0.02617801047120419
doc : 70
6 0.71875
5 0.041666666666666664
9 0.03645833333333333
7 0.03645833333333333
4 0.03125
0 0.03125
8 0.026041666666666664
3 0.026041666666666664
2 0.026041666666666664
1 0.026041666666666664
doc : 71
0 0.7813333333333333
9 0.056
4 0.026666666666666665
2 0.026666666666666665
6 0.024
1 0.021333333333333333
8 0.018666666666666665
7 0.016
3 0.016
5 0.013333333333333332
doc : 72
7 0.4686398872445384
1 0.2656800563777308
5 0.17336152219873152
9 0.03453136011275546
6 0.021846370683579988
2 0.008456659619450317
4 0.007751937984496124
3 0.007751937984496124
8 0.0063424947145877385
0 0.005637773079633545
doc : 73
3 0.5659574468085107
1 0.1276595744680851
2 0.11063829787234043
6 0.03829787234042553
8 0.03404255319148936
7 0.025531914893617023
5 0.025531914893617023
4 0.025531914893617023
0 0.025531914893617023
9 0.02127659574468085
doc : 74
6 0.8054435483870968
1 0.03629032258064516
2 0.035282258064516125
5 0.03326612903225806
3 0.03225806451612903
7 0.016129032258064516
4 0.013104838709677418
9 0.011088709677419355
0 0.00907258064516129
8 0.008064516129032258
doc : 75
1 0.3584905660377359
4 0.169811320754717
6 0.12578616352201258
3 0.07547169811320756
9 0.06289308176100629
5 0.05660377358490566
7 0.04402515723270441
8 0.03773584905660378
2 0.03773584905660378
0 0.031446540880503145
doc : 76
3 0.9246275197195443
1 0.020157756354075372
2 0.010517090271691499
7 0.009202453987730062
9 0.007887817703768625
5 0.007887817703768625
6 0.007011393514460999
4 0.006573181419807186
8 0.0039439088518843125
0 0.0021910604732690623
doc : 77
2 0.7562396006655574
6 0.09068219633943428
9 0.0324459234608985
7 0.02495840266222962
5 0.024126455906821963
4 0.017470881863560734
1 0.017470881863560734
8 0.013311148086522463
3 0.01247920133111481
0 0.010815307820299502
doc : 78
7 0.771889400921659
5 0.17557603686635945
1 0.016129032258064516
9 0.008755760368663594
4 0.00576036866359447
6 0.005299539170506912
0 0.005299539170506912
3 0.005069124423963133
2 0.004608294930875576
8 0.0016129032258064516
doc : 79
2 0.6267605633802817
4 0.056338028169014086
6 0.04929577464788733
1 0.04929577464788733
9 0.04225352112676056
8 0.035211267605633804
7 0.035211267605633804
5 0.035211267605633804
3 0.035211267605633804
0 0.035211267605633804
doc : 80
9 0.488
5 0.156
7 0.07200000000000001
6 0.07200000000000001
2 0.064
8 0.036000000000000004
0 0.032
4 0.028
1 0.028
3 0.024
doc : 81
9 0.6770428015564202
7 0.1245136186770428
5 0.0622568093385214
4 0.042801556420233464
6 0.022049286640726327
1 0.020752269779507133
2 0.01815823605706874
0 0.01556420233463035
8 0.00907911802853437
3 0.007782101167315175
doc : 82
9 0.6378947368421053
5 0.10526315789473684
7 0.07368421052631578
2 0.05052631578947368
0 0.029473684210526315
6 0.027368421052631577
4 0.02526315789473684
1 0.021052631578947368
8 0.014736842105263158
3 0.014736842105263158
doc : 83
9 0.6751592356687899
5 0.11464968152866242
7 0.06369426751592357
0 0.03662420382165605
6 0.025477707006369428
1 0.025477707006369428
8 0.01751592356687898
2 0.01751592356687898
4 0.014331210191082803
3 0.009554140127388536
doc : 84
1 0.5510204081632653
5 0.1377551020408163
7 0.08163265306122448
9 0.0586734693877551
3 0.05612244897959183
6 0.030612244897959183
2 0.02551020408163265
0 0.02551020408163265
4 0.02040816326530612
8 0.012755102040816325
doc : 85
2 0.5681244743481917
1 0.19343986543313707
3 0.09503784693019343
0 0.0815811606391926
7 0.025651808242220353
6 0.009251471825063078
5 0.007569386038687973
4 0.00672834314550042
9 0.006307821698906644
8 0.006307821698906644
doc : 86
2 0.6549295774647887
9 0.04225352112676056
8 0.04225352112676056
6 0.04225352112676056
4 0.04225352112676056
7 0.035211267605633804
5 0.035211267605633804
3 0.035211267605633804
1 0.035211267605633804
0 0.035211267605633804
doc : 87
1 0.6178861788617886
3 0.25040650406504067
5 0.026016260162601626
4 0.022764227642276424
8 0.01788617886178862
7 0.016260162601626015
6 0.016260162601626015
2 0.014634146341463414
9 0.00975609756097561
0 0.008130081300813007
doc : 88
8 0.659217877094972
7 0.06983240223463687
1 0.06927374301675977
5 0.06368715083798882
4 0.05921787709497206
6 0.01955307262569832
3 0.018435754189944132
9 0.01675977653631285
0 0.014525139664804468
2 0.009497206703910613
doc : 89
5 0.976756023074313
7 0.008143875127248049
9 0.004241601628775025
4 0.0018663047166610114
0 0.0018663047166610114
6 0.0016966406515100103
1 0.0016966406515100103
3 0.0015269765863590093
2 0.0013573125212080082
8 8.483203257550052E-4
doc : 90
1 0.5056179775280899
3 0.1359550561797753
2 0.12359550561797754
7 0.06853932584269663
5 0.04269662921348315
4 0.040449438202247195
6 0.03932584269662922
9 0.021348314606741574
8 0.011235955056179777
0 0.011235955056179777
doc : 91
2 0.8909740840035746
9 0.025915996425379804
1 0.013404825737265416
4 0.012511170688114387
7 0.01161751563896336
3 0.010723860589812333
6 0.009830205540661304
5 0.009830205540661304
0 0.008936550491510277
8 0.0062555853440571935
doc : 92
4 0.523936170212766
9 0.1449468085106383
5 0.13297872340425532
7 0.07446808510638298
1 0.03723404255319149
2 0.030585106382978722
6 0.017287234042553192
3 0.015957446808510637
8 0.013297872340425532
0 0.009308510638297872
doc : 93
9 0.8847682119205298
7 0.0423841059602649
5 0.026490066225165563
4 0.009933774834437087
1 0.007947019867549669
0 0.007947019867549669
6 0.00728476821192053
2 0.005298013245033113
8 0.004635761589403974
3 0.0033112582781456954
doc : 94
6 0.7779229261920314
5 0.07576747224036577
9 0.03069888961463096
7 0.03069888961463096
0 0.026779882429784456
1 0.016982364467668192
2 0.01371652514696277
4 0.011103853690398433
3 0.010450685826257348
8 0.005878510777269759
doc : 95
0 0.9494280007263483
7 0.028509170147085525
9 0.008988560014526966
5 0.00381332849101144
1 0.00345015434901035
2 0.001725077174505175
4 0.0016342836390049029
6 0.001452696568004358
3 5.447612130016343E-4
8 4.5396767750136187E-4
doc : 96
2 0.8815201192250373
9 0.018628912071535022
8 0.018628912071535022
6 0.018628912071535022
5 0.014157973174366617
4 0.012667660208643815
7 0.010432190760059613
3 0.010432190760059613
1 0.010432190760059613
0 0.004470938897168405
doc : 97
1 0.45365853658536587
4 0.15121951219512195
3 0.11707317073170731
6 0.05365853658536585
5 0.04878048780487805
2 0.03902439024390244
0 0.03902439024390244
9 0.03414634146341464
8 0.03414634146341464
7 0.029268292682926828
doc : 98
3 0.8854774332207553
1 0.06570463616825299
2 0.012281240405280934
7 0.009517961314092724
6 0.00552655818237642
8 0.0052195271722443965
0 0.0052195271722443965
5 0.004298434141848327
9 0.003991403131716304
4 0.00276327909118821
doc : 99
9 0.708838821490468
5 0.07279029462738301
0 0.06932409012131716
7 0.04852686308492201
1 0.025996533795493933
6 0.019064124783362217
8 0.01386481802426343
4 0.01386481802426343
3 0.01386481802426343
2 0.01386481802426343
