doc : 0
4 0.7322033898305085
2 0.0576271186440678
9 0.04406779661016949
0 0.03728813559322034
8 0.02711864406779661
6 0.023728813559322035
5 0.023728813559322035
7 0.020338983050847456
3 0.01694915254237288
1 0.01694915254237288
doc : 1
4 0.722397476340694
2 0.056782334384858045
0 0.05362776025236593
9 0.050473186119873815
5 0.028391167192429023
6 0.022082018927444793
8 0.01892744479495268
7 0.015772870662460567
3 0.015772870662460567
1 0.015772870662460567
doc : 2
0 0.7269076305220883
4 0.214859437751004
9 0.011044176706827308
5 0.009036144578313253
2 0.009036144578313253
6 0.008032128514056224
8 0.006024096385542168
7 0.0050200803212851405
3 0.0050200803212851405
1 0.0050200803212851405
doc : 3
4 0.6134615384615385
6 0.21923076923076923
2 0.06538461538461539
0 0.021153846153846155
7 0.019230769230769232
9 0.01730769230769231
8 0.011538461538461539
5 0.011538461538461539
3 0.011538461538461539
1 0.009615384615384616
doc : 4
1 0.9691119691119692
9 0.004826254826254826
4 0.004826254826254826
2 0.003861003861003861
6 0.0033783783783783786
5 0.0033783783783783786
7 0.002895752895752896
3 0.002895752895752896
8 0.002413127413127413
0 0.002413127413127413
doc : 5
1 0.9628040057224606
2 0.00715307582260372
9 0.004768717215069146
7 0.004768717215069146
5 0.004291845493562232
4 0.004291845493562232
8 0.003338102050548402
0 0.003338102050548402
6 0.002861230329041488
3 0.002384358607534573
doc : 6
1 0.3470031545741325
0 0.34384858044164035
8 0.07886435331230283
4 0.044164037854889586
7 0.04100946372239748
5 0.03785488958990536
6 0.028391167192429023
2 0.028391167192429023
9 0.025236593059936908
3 0.025236593059936908
doc : 7
8 0.670807453416149
4 0.08074534161490683
1 0.040372670807453416
9 0.03416149068322981
3 0.03416149068322981
7 0.03105590062111801
5 0.03105590062111801
0 0.03105590062111801
2 0.024844720496894408
6 0.021739130434782608
doc : 8
8 0.826689774696707
4 0.03466204506065858
6 0.025996533795493933
5 0.025996533795493933
9 0.019064124783362217
2 0.015597920277296359
1 0.01386481802426343
0 0.01386481802426343
7 0.012131715771230503
3 0.012131715771230503
doc : 9
1 0.7635327635327636
8 0.039886039886039885
5 0.03703703703703704
7 0.03133903133903134
4 0.03133903133903134
3 0.025641025641025644
2 0.019943019943019943
0 0.019943019943019943
9 0.017094017094017096
6 0.014245014245014245
doc : 10
6 0.7672413793103448
4 0.16529235382308846
2 0.02061469265367316
0 0.015742128935532233
7 0.010119940029985007
8 0.005622188905547226
5 0.004497751124437781
3 0.004497751124437781
9 0.0033733133433283356
1 0.0029985007496251873
doc : 11
7 0.41974378296910325
4 0.2908816880180859
6 0.17407686510926904
2 0.04370761115297664
0 0.02185380557648832
3 0.013564431047475508
8 0.012057272042200452
9 0.009796533534287867
1 0.007535795026375283
5 0.006782215523737754
doc : 12
4 0.7889087656529516
0 0.09749552772808587
6 0.027728085867620753
7 0.025044722719141325
9 0.01699463327370304
2 0.012522361359570662
3 0.009838998211091235
8 0.008944543828264758
5 0.008050089445438283
1 0.004472271914132379
doc : 13
6 0.8167808219178082
4 0.04452054794520548
2 0.030821917808219176
8 0.02226027397260274
0 0.018835616438356163
1 0.017123287671232876
9 0.0136986301369863
7 0.0136986301369863
5 0.011986301369863013
3 0.010273972602739725
doc : 14
3 0.8829981718464351
0 0.02376599634369287
4 0.021937842778793418
9 0.012797074954296161
5 0.012797074954296161
8 0.009140767824497258
7 0.009140767824497258
6 0.009140767824497258
2 0.009140767824497258
1 0.009140767824497258
doc : 15
8 0.8762541806020067
9 0.021739130434782608
4 0.018394648829431436
6 0.015050167224080268
5 0.015050167224080268
3 0.013377926421404682
0 0.013377926421404682
7 0.010033444816053512
2 0.008361204013377926
1 0.008361204013377926
doc : 16
0 0.8533455545371219
4 0.07424381301558204
9 0.015582034830430799
2 0.012832263978001834
5 0.00916590284142988
7 0.008249312557286894
8 0.007332722273143905
1 0.007332722273143905
6 0.006416131989000917
3 0.005499541704857929
doc : 17
1 0.9677576941866145
8 0.005862237420615535
2 0.004885197850512946
6 0.004396678065461651
4 0.003419638495359062
0 0.003419638495359062
9 0.0029311187103077674
7 0.002442598925256473
5 0.002442598925256473
3 0.002442598925256473
doc : 18
0 0.7259332023575638
4 0.21414538310412573
9 0.014734774066797641
7 0.007858546168958742
8 0.006876227897838899
3 0.006876227897838899
2 0.006876227897838899
6 0.005893909626719056
5 0.005893909626719056
1 0.004911591355599214
doc : 19
7 0.653688524590164
5 0.125
6 0.06147540983606558
4 0.0430327868852459
2 0.0389344262295082
9 0.020491803278688527
0 0.01639344262295082
8 0.014344262295081968
1 0.014344262295081968
3 0.012295081967213115
doc : 20
7 0.6039603960396039
8 0.13366336633663367
4 0.05198019801980198
1 0.04950495049504951
0 0.039603960396039604
2 0.03217821782178218
9 0.027227722772277228
3 0.027227722772277228
6 0.019801980198019802
5 0.01485148514851485
doc : 21
2 0.6532258064516129
0 0.1935483870967742
6 0.035483870967741936
4 0.02903225806451613
9 0.02258064516129032
5 0.017741935483870968
1 0.014516129032258065
8 0.012903225806451613
7 0.01129032258064516
3 0.00967741935483871
doc : 22
2 0.9122681883024252
6 0.017118402282453638
7 0.014978601997146934
4 0.011412268188302425
5 0.010699001426533523
0 0.010699001426533523
1 0.009272467902995721
9 0.005706134094151213
3 0.0042796005706134095
8 0.003566333808844508
doc : 23
1 0.963895486935867
9 0.006175771971496437
0 0.006175771971496437
8 0.003800475059382423
6 0.003800475059382423
4 0.003800475059382423
5 0.00332541567695962
2 0.00332541567695962
7 0.002850356294536817
3 0.002850356294536817
doc : 24
1 0.7777777777777778
5 0.03888888888888889
8 0.036111111111111115
4 0.025
3 0.025
0 0.025
9 0.019444444444444445
6 0.019444444444444445
7 0.016666666666666666
2 0.016666666666666666
doc : 25
5 0.4302554027504911
4 0.40864440078585457
3 0.043222003929273084
9 0.023575638506876224
8 0.019646365422396856
2 0.019646365422396856
7 0.015717092337917484
0 0.015717092337917484
6 0.011787819253438112
1 0.011787819253438112
doc : 26
3 0.358458244111349
9 0.2993576017130621
5 0.2051391862955032
4 0.10578158458244111
2 0.008565310492505352
6 0.006852248394004282
8 0.005567451820128479
0 0.004710920770877944
7 0.003426124197002141
1 0.002141327623126338
doc : 27
0 0.38131699846860645
4 0.2833078101071976
6 0.1776416539050536
2 0.056661562021439515
7 0.022970903522205207
8 0.021439509954058193
9 0.01990811638591118
5 0.015313935681470138
1 0.01225114854517611
3 0.009188361408882083
doc : 28
9 0.9713876967095852
5 0.00486409155937053
3 0.004577968526466381
8 0.004291845493562232
6 0.0037195994277539344
2 0.0034334763948497857
7 0.0022889842632331904
4 0.0020028612303290417
0 0.0020028612303290417
1 0.001430615164520744
doc : 29
8 0.6141479099678456
4 0.0707395498392283
9 0.06109324758842444
6 0.05144694533762058
5 0.04180064308681672
7 0.03536977491961415
0 0.03536977491961415
3 0.03215434083601286
2 0.03215434083601286
1 0.02572347266881029
doc : 30
2 0.8778492109877264
7 0.02688486265341905
0 0.021040327293980126
9 0.014611338398597311
4 0.013442431326709525
8 0.012857977790765633
5 0.011689070718877849
6 0.008766803039158387
3 0.007013442431326709
1 0.0058445353594389245
doc : 31
2 0.9240986717267552
6 0.02314990512333966
7 0.017836812144212524
4 0.009108159392789373
9 0.005313092979127135
0 0.005313092979127135
3 0.004933586337760911
1 0.004554079696394687
5 0.0030360531309297912
8 0.0026565464895635673
doc : 32
8 0.8969616908850727
7 0.01453104359313078
6 0.01453104359313078
2 0.01453104359313078
0 0.01453104359313078
5 0.010568031704095112
1 0.010568031704095112
9 0.009247027741083224
4 0.007926023778071334
3 0.0066050198150594455
doc : 33
9 0.1509433962264151
8 0.09433962264150943
7 0.09433962264150943
6 0.09433962264150943
5 0.09433962264150943
4 0.09433962264150943
3 0.09433962264150943
2 0.09433962264150943
1 0.09433962264150943
0 0.09433962264150943
doc : 34
9 0.429951690821256
5 0.23188405797101447
6 0.10144927536231883
8 0.04830917874396135
4 0.03864734299516908
7 0.033816425120772944
2 0.033816425120772944
0 0.033816425120772944
3 0.024154589371980676
1 0.024154589371980676
doc : 35
9 0.1509433962264151
8 0.09433962264150943
7 0.09433962264150943
6 0.09433962264150943
5 0.09433962264150943
4 0.09433962264150943
3 0.09433962264150943
2 0.09433962264150943
1 0.09433962264150943
0 0.09433962264150943
doc : 36
9 0.1320754716981132
5 0.11320754716981132
8 0.09433962264150943
7 0.09433962264150943
6 0.09433962264150943
4 0.09433962264150943
3 0.09433962264150943
2 0.09433962264150943
1 0.09433962264150943
0 0.09433962264150943
doc : 37
9 0.11320754716981132
8 0.11320754716981132
5 0.11320754716981132
7 0.09433962264150943
6 0.09433962264150943
4 0.09433962264150943
3 0.09433962264150943
2 0.09433962264150943
1 0.09433962264150943
0 0.09433962264150943
doc : 38
7 0.7758620689655172
4 0.044061302681992334
3 0.036398467432950186
6 0.034482758620689655
5 0.022988505747126436
0 0.022988505747126436
2 0.021072796934865898
1 0.017241379310344827
8 0.013409961685823753
9 0.011494252873563218
doc : 39
9 0.1320754716981132
8 0.11320754716981132
7 0.09433962264150943
6 0.09433962264150943
5 0.09433962264150943
4 0.09433962264150943
3 0.09433962264150943
2 0.09433962264150943
1 0.09433962264150943
0 0.09433962264150943
doc : 40
5 0.7518248175182481
9 0.10827250608272507
1 0.08576642335766424
4 0.013381995133819952
0 0.009732360097323601
8 0.009124087591240877
7 0.0072992700729927005
2 0.006082725060827251
6 0.005474452554744526
3 0.0030413625304136255
doc : 41
3 0.8576388888888888
7 0.041666666666666664
4 0.026041666666666664
6 0.015625
1 0.012152777777777776
8 0.010416666666666666
0 0.010416666666666666
9 0.008680555555555556
5 0.008680555555555556
2 0.008680555555555556
doc : 42
3 0.5652173913043478
8 0.08695652173913043
7 0.08695652173913043
4 0.049689440993788817
0 0.049689440993788817
9 0.037267080745341616
6 0.03105590062111801
5 0.03105590062111801
2 0.03105590062111801
1 0.03105590062111801
doc : 43
8 0.598901098901099
4 0.07142857142857144
0 0.06043956043956045
5 0.04395604395604396
2 0.04395604395604396
9 0.038461538461538464
7 0.038461538461538464
6 0.038461538461538464
1 0.038461538461538464
3 0.027472527472527476
doc : 44
8 0.4900990099009901
5 0.15346534653465346
9 0.10891089108910891
2 0.0594059405940594
4 0.039603960396039604
0 0.039603960396039604
7 0.0297029702970297
6 0.0297029702970297
3 0.024752475247524754
1 0.024752475247524754
doc : 45
8 0.6137339055793991
5 0.09871244635193133
9 0.0815450643776824
4 0.04291845493562232
6 0.03862660944206009
0 0.030042918454935622
7 0.02575107296137339
1 0.02575107296137339
3 0.02145922746781116
2 0.02145922746781116
doc : 46
7 0.5011990407673861
3 0.2014388489208633
6 0.1211031175059952
2 0.050359712230215826
4 0.049160671462829736
0 0.028776978417266185
8 0.014388489208633093
9 0.013189448441247002
5 0.01199040767386091
1 0.008393285371702638
doc : 47
4 0.5141700404858299
0 0.09716599190283401
9 0.07692307692307693
2 0.0728744939271255
3 0.06882591093117409
8 0.04453441295546559
7 0.032388663967611336
6 0.032388663967611336
5 0.032388663967611336
1 0.02834008097165992
doc : 48
8 0.6060606060606061
9 0.08658008658008658
5 0.08225108225108226
4 0.06060606060606061
2 0.04329004329004329
7 0.025974025974025976
6 0.025974025974025976
1 0.025974025974025976
3 0.021645021645021644
0 0.021645021645021644
doc : 49
6 0.5434985968194574
9 0.2507015902712816
5 0.14873713751169318
7 0.01216089803554724
4 0.01028999064546305
3 0.009354536950420954
8 0.007483629560336763
2 0.006548175865294668
0 0.006548175865294668
1 0.004677268475210477
