doc : 0
8 0.152
7 0.14400000000000002
6 0.14400000000000002
2 0.14400000000000002
3 0.136
4 0.064
0 0.064
1 0.056
9 0.048
5 0.048
doc : 1
7 0.6338028169014085
3 0.14788732394366197
5 0.07042253521126761
2 0.028169014084507043
9 0.02112676056338028
8 0.02112676056338028
6 0.02112676056338028
0 0.02112676056338028
4 0.017605633802816902
1 0.017605633802816902
doc : 2
5 0.4409613375130617
7 0.22570532915360503
8 0.22048066875653086
4 0.03239289446185998
3 0.02925809822361547
0 0.018808777429467086
6 0.009404388714733543
2 0.008359456635318705
1 0.008359456635318705
9 0.006269592476489029
doc : 3
8 0.6595744680851063
3 0.11583924349881797
2 0.044917257683215125
7 0.0425531914893617
9 0.035460992907801414
4 0.026004728132387706
6 0.02127659574468085
1 0.018912529550827423
0 0.018912529550827423
5 0.016548463356973995
doc : 4
6 0.4776785714285714
1 0.1607142857142857
7 0.0625
4 0.05803571428571428
3 0.05803571428571428
0 0.049107142857142856
9 0.040178571428571425
5 0.03571428571428571
2 0.03125
8 0.026785714285714284
doc : 5
3 0.30973451327433627
7 0.17699115044247787
2 0.1327433628318584
6 0.10176991150442477
4 0.05309734513274336
0 0.05309734513274336
1 0.048672566371681415
5 0.04424778761061947
9 0.03982300884955752
8 0.03982300884955752
doc : 6
2 0.8831239759694155
8 0.08519934462042598
3 0.006007646095030038
7 0.005461496450027307
6 0.004915346805024577
0 0.004369197160021846
9 0.0027307482250136534
5 0.0027307482250136534
4 0.0027307482250136534
1 0.0027307482250136534
doc : 7
8 0.9724172517552658
2 0.004513540621865597
0 0.004012036108324975
7 0.0030090270812437314
3 0.0030090270812437314
1 0.0030090270812437314
9 0.0025075225677031092
6 0.0025075225677031092
5 0.0025075225677031092
4 0.0025075225677031092
doc : 8
8 0.9162072767364939
7 0.013230429988974642
3 0.013230429988974642
2 0.012127894156560088
4 0.011025358324145536
5 0.009922822491730982
9 0.006615214994487321
6 0.006615214994487321
1 0.005512679162072768
0 0.005512679162072768
doc : 9
3 0.4520547945205479
7 0.0958904109589041
8 0.0684931506849315
6 0.0684931506849315
2 0.06164383561643835
5 0.0547945205479452
1 0.0547945205479452
9 0.04794520547945205
4 0.04794520547945205
0 0.04794520547945205
doc : 10
5 0.5547550432276657
8 0.34005763688760804
6 0.024495677233429394
7 0.017291066282420747
3 0.01440922190201729
9 0.010086455331412104
4 0.010086455331412104
1 0.010086455331412104
0 0.010086455331412104
2 0.008645533141210374
doc : 11
6 0.29850746268656714
3 0.12686567164179105
5 0.11194029850746269
8 0.08955223880597014
7 0.08955223880597014
1 0.08208955223880597
2 0.05970149253731343
9 0.05223880597014925
4 0.04477611940298507
0 0.04477611940298507
doc : 12
7 0.7994350282485876
3 0.06497175141242938
9 0.022598870056497175
2 0.019774011299435026
8 0.01694915254237288
6 0.01694915254237288
0 0.01694915254237288
5 0.014124293785310734
4 0.014124293785310734
1 0.014124293785310734
doc : 13
3 0.7979539641943735
7 0.05370843989769821
9 0.02813299232736573
6 0.025575447570332484
2 0.020460358056265986
4 0.01790281329923274
5 0.015345268542199489
1 0.015345268542199489
8 0.012787723785166242
0 0.012787723785166242
doc : 14
4 0.9085191538021726
8 0.04859919954259577
3 0.008576329331046312
7 0.00686106346483705
9 0.005717552887364208
2 0.005717552887364208
6 0.004574042309891366
0 0.004574042309891366
1 0.004002287021154946
5 0.002858776443682104
doc : 15
6 0.41860465116279066
5 0.12790697674418605
8 0.11627906976744186
7 0.09302325581395349
3 0.05426356589147287
1 0.050387596899224806
0 0.050387596899224806
4 0.046511627906976744
9 0.023255813953488372
2 0.01937984496124031
doc : 16
8 0.5
6 0.16549295774647887
7 0.08802816901408451
3 0.04929577464788733
1 0.04929577464788733
5 0.04225352112676056
2 0.03873239436619719
9 0.024647887323943664
4 0.02112676056338028
0 0.02112676056338028
doc : 17
9 0.8313521545319464
3 0.05349182763744428
0 0.029717682020802376
6 0.019316493313521546
5 0.015601783060921248
7 0.01337295690936107
4 0.010401188707280832
1 0.009658246656760773
2 0.008915304606240713
8 0.008172362555720653
doc : 18
3 0.6795774647887324
6 0.07394366197183098
2 0.056338028169014086
9 0.035211267605633804
7 0.035211267605633804
5 0.03169014084507042
1 0.024647887323943664
8 0.02112676056338028
4 0.02112676056338028
0 0.02112676056338028
doc : 19
4 0.5080906148867315
5 0.11003236245954694
3 0.10032362459546926
8 0.07766990291262137
6 0.06472491909385114
7 0.05177993527508091
0 0.025889967637540454
9 0.022653721682847898
2 0.022653721682847898
1 0.016181229773462785
doc : 20
3 0.8093457943925234
7 0.03925233644859813
6 0.03738317757009346
0 0.029906542056074768
9 0.022429906542056077
5 0.014953271028037384
4 0.013084112149532711
2 0.013084112149532711
1 0.011214953271028038
8 0.009345794392523366
doc : 21
4 0.9150622876557192
8 0.0390713476783692
7 0.011891279728199321
3 0.0073612684031710085
6 0.005662514156285391
0 0.005662514156285391
5 0.004530011325028313
2 0.004530011325028313
1 0.0033975084937712344
9 0.0028312570781426957
doc : 22
7 0.8431372549019608
6 0.025210084033613446
8 0.022408963585434174
3 0.0196078431372549
5 0.01680672268907563
1 0.01680672268907563
9 0.014005602240896359
4 0.014005602240896359
2 0.014005602240896359
0 0.014005602240896359
doc : 23
7 0.8467966573816156
4 0.022284122562674095
9 0.019498607242339833
3 0.019498607242339833
8 0.016713091922005572
1 0.016713091922005572
0 0.016713091922005572
6 0.013927576601671309
5 0.013927576601671309
2 0.013927576601671309
doc : 24
7 0.8442622950819673
8 0.02185792349726776
9 0.01912568306010929
3 0.01912568306010929
0 0.01912568306010929
6 0.01639344262295082
5 0.01639344262295082
4 0.01639344262295082
2 0.01366120218579235
1 0.01366120218579235
doc : 25
3 0.6938775510204082
5 0.0510204081632653
7 0.04081632653061224
9 0.03571428571428571
8 0.03571428571428571
6 0.03571428571428571
2 0.030612244897959183
4 0.02551020408163265
1 0.02551020408163265
0 0.02551020408163265
doc : 26
3 0.7064676616915423
5 0.04477611940298507
6 0.03980099502487562
1 0.03482587064676617
9 0.029850746268656716
8 0.029850746268656716
7 0.029850746268656716
2 0.029850746268656716
0 0.029850746268656716
4 0.02487562189054726
doc : 27
3 0.6850828729281768
5 0.049723756906077346
8 0.04419889502762431
9 0.03867403314917127
7 0.03314917127071823
6 0.03314917127071823
4 0.03314917127071823
2 0.027624309392265192
1 0.027624309392265192
0 0.027624309392265192
doc : 28
6 0.5277777777777778
3 0.15873015873015872
7 0.06349206349206349
8 0.051587301587301584
0 0.047619047619047616
5 0.03968253968253968
9 0.03571428571428571
4 0.027777777777777776
1 0.027777777777777776
2 0.01984126984126984
doc : 29
6 0.3731343283582089
3 0.11194029850746269
4 0.08955223880597014
0 0.08208955223880597
7 0.07462686567164178
1 0.07462686567164178
9 0.05223880597014925
2 0.05223880597014925
8 0.04477611940298507
5 0.04477611940298507
doc : 30
8 0.9444444444444444
2 0.010256410256410256
7 0.007692307692307693
3 0.007692307692307693
6 0.006837606837606838
4 0.005128205128205128
1 0.005128205128205128
9 0.004273504273504274
5 0.004273504273504274
0 0.004273504273504274
doc : 31
7 0.8438356164383561
3 0.03287671232876713
9 0.016438356164383564
5 0.016438356164383564
4 0.016438356164383564
2 0.016438356164383564
0 0.016438356164383564
8 0.0136986301369863
6 0.0136986301369863
1 0.0136986301369863
doc : 32
7 0.8370165745856353
8 0.027624309392265192
1 0.022099447513812154
9 0.019337016574585635
6 0.019337016574585635
4 0.016574585635359115
3 0.016574585635359115
5 0.013812154696132596
2 0.013812154696132596
0 0.013812154696132596
doc : 33
7 0.5
3 0.1972972972972973
6 0.06486486486486487
5 0.05945945945945946
4 0.03783783783783784
0 0.03783783783783784
9 0.032432432432432434
1 0.02972972972972973
2 0.021621621621621623
8 0.01891891891891892
doc : 34
6 0.5049833887043189
3 0.15946843853820597
7 0.09634551495016612
2 0.053156146179401995
0 0.04318936877076412
1 0.036544850498338874
8 0.029900332225913623
4 0.029900332225913623
9 0.023255813953488372
5 0.023255813953488372
doc : 35
8 0.6974169741697417
3 0.07749077490774907
4 0.05904059040590406
9 0.04059040590405904
7 0.02952029520295203
6 0.02952029520295203
0 0.01845018450184502
5 0.016605166051660517
2 0.016605166051660517
1 0.014760147601476014
doc : 36
1 0.9149574787393696
6 0.026513256628314157
3 0.015507753876938469
0 0.012006003001500749
7 0.0080040020010005
4 0.006003001500750374
8 0.005502751375687844
9 0.0050025012506253125
2 0.00400200100050025
5 0.0025012506253126563
doc : 37
6 0.5123966942148761
7 0.14049586776859505
8 0.0743801652892562
3 0.06611570247933884
2 0.045454545454545456
1 0.045454545454545456
0 0.0371900826446281
5 0.028925619834710745
9 0.024793388429752067
4 0.024793388429752067
doc : 38
2 0.2066115702479339
8 0.15702479338842976
3 0.1487603305785124
6 0.12396694214876033
7 0.09917355371900827
4 0.06611570247933884
0 0.05785123966942149
9 0.049586776859504134
5 0.049586776859504134
1 0.04132231404958678
doc : 39
5 0.7753259779338014
9 0.08525576730190572
3 0.05215646940822467
6 0.025075225677031094
0 0.0160481444332999
1 0.012036108324974926
7 0.010030090270812437
4 0.009027081243731194
2 0.00802407221664995
8 0.007021063189568706
doc : 40
9 0.9233676975945018
0 0.03676975945017182
6 0.012714776632302407
5 0.006185567010309279
7 0.005498281786941581
3 0.004123711340206186
1 0.004123711340206186
8 0.0030927835051546395
4 0.0024054982817869417
2 0.0017182130584192442
doc : 41
6 0.6736842105263158
3 0.11578947368421053
0 0.049999999999999996
7 0.042105263157894736
2 0.02631578947368421
4 0.021052631578947368
1 0.021052631578947368
9 0.018421052631578946
5 0.018421052631578946
8 0.013157894736842105
doc : 42
0 0.8851239669421488
9 0.05537190082644628
3 0.010743801652892562
7 0.009917355371900825
8 0.00909090909090909
6 0.008264462809917356
5 0.006611570247933884
4 0.004958677685950413
2 0.004958677685950413
1 0.004958677685950413
doc : 43
6 0.5286343612334802
3 0.12775330396475773
7 0.0748898678414097
8 0.052863436123348026
5 0.039647577092511016
2 0.039647577092511016
0 0.039647577092511016
9 0.03524229074889868
4 0.03524229074889868
1 0.026431718061674013
doc : 44
5 0.6584821428571428
7 0.08482142857142856
3 0.06026785714285714
6 0.05133928571428571
0 0.04241071428571428
8 0.02901785714285714
4 0.026785714285714284
9 0.020089285714285712
1 0.015625
2 0.011160714285714284
doc : 45
5 0.6517857142857143
7 0.08333333333333333
3 0.06547619047619047
8 0.05654761904761904
6 0.03869047619047619
0 0.026785714285714284
9 0.023809523809523808
2 0.020833333333333332
1 0.017857142857142856
4 0.01488095238095238
doc : 46
6 0.43023255813953487
3 0.20930232558139533
7 0.06395348837209303
5 0.06395348837209303
0 0.05813953488372093
1 0.040697674418604654
9 0.03488372093023256
4 0.03488372093023256
2 0.03488372093023256
8 0.029069767441860465
doc : 47
7 0.8428184281842819
6 0.02168021680216802
9 0.018970189701897018
3 0.018970189701897018
1 0.018970189701897018
0 0.018970189701897018
5 0.016260162601626015
4 0.016260162601626015
8 0.013550135501355014
2 0.013550135501355014
doc : 48
3 0.14035087719298245
9 0.10526315789473684
6 0.10526315789473684
1 0.10526315789473684
0 0.10526315789473684
8 0.08771929824561403
7 0.08771929824561403
5 0.08771929824561403
4 0.08771929824561403
2 0.08771929824561403
doc : 49
6 0.3786127167630058
7 0.2398843930635838
5 0.16184971098265896
3 0.04913294797687861
2 0.03468208092485549
4 0.031791907514450865
1 0.031791907514450865
9 0.028901734104046242
8 0.026011560693641616
0 0.017341040462427744
