doc : 0
8 0.29069767441860467
3 0.10465116279069767
0 0.10465116279069767
9 0.09302325581395349
7 0.08139534883720931
4 0.08139534883720931
1 0.06976744186046512
6 0.05813953488372093
5 0.05813953488372093
2 0.05813953488372093
doc : 1
1 0.5161290322580645
7 0.19941348973607037
0 0.06451612903225806
5 0.05278592375366569
9 0.03812316715542522
3 0.03519061583577712
6 0.02932551319648094
4 0.026392961876832845
8 0.02346041055718475
2 0.01466275659824047
doc : 2
0 0.786774628879892
9 0.053981106612685556
4 0.03643724696356275
7 0.033738191632928474
3 0.024291497975708502
8 0.02294197031039136
6 0.014844804318488529
1 0.010796221322537112
5 0.008097165991902834
2 0.008097165991902834
doc : 3
0 0.8266666666666667
4 0.03111111111111111
7 0.024444444444444446
3 0.024444444444444446
8 0.02
5 0.02
9 0.015555555555555555
6 0.015555555555555555
2 0.011111111111111112
1 0.011111111111111112
doc : 4
7 0.919629057187017
1 0.029881504379185988
0 0.009788768675940238
9 0.009273570324574962
4 0.006697578567748583
5 0.006182380216383308
3 0.005667181865018032
8 0.005151983513652756
6 0.005151983513652756
2 0.002575991756826378
doc : 5
1 0.4273504273504274
9 0.12393162393162395
0 0.0982905982905983
3 0.0811965811965812
7 0.07264957264957266
8 0.05982905982905984
4 0.05982905982905984
2 0.02991452991452992
5 0.025641025641025644
6 0.021367521367521368
doc : 6
5 0.6639004149377593
4 0.06224066390041494
9 0.05394190871369295
8 0.04564315352697095
7 0.04564315352697095
0 0.03319502074688797
3 0.029045643153526972
6 0.024896265560165977
2 0.02074688796680498
1 0.02074688796680498
doc : 7
0 0.4188679245283019
4 0.1320754716981132
9 0.10566037735849057
3 0.08679245283018867
1 0.07169811320754717
8 0.06037735849056604
7 0.04150943396226415
6 0.03018867924528302
2 0.03018867924528302
5 0.022641509433962266
doc : 8
9 0.5138888888888888
8 0.07638888888888888
3 0.07638888888888888
4 0.06944444444444445
0 0.0625
7 0.05555555555555555
5 0.041666666666666664
6 0.034722222222222224
2 0.034722222222222224
1 0.034722222222222224
doc : 9
6 0.8006756756756758
5 0.037162162162162164
1 0.02364864864864865
0 0.02364864864864865
9 0.02027027027027027
8 0.02027027027027027
4 0.02027027027027027
3 0.02027027027027027
7 0.016891891891891893
2 0.016891891891891893
doc : 10
8 0.7990867579908676
3 0.03424657534246575
5 0.0319634703196347
7 0.02968036529680365
0 0.02511415525114155
1 0.02054794520547945
9 0.01598173515981735
6 0.01598173515981735
2 0.01598173515981735
4 0.01141552511415525
doc : 11
2 0.8264642082429501
5 0.049891540130151846
8 0.021691973969631236
0 0.01735357917570499
9 0.015184381778741866
4 0.015184381778741866
3 0.015184381778741866
7 0.013015184381778743
6 0.013015184381778743
1 0.013015184381778743
doc : 12
8 0.14893617021276595
9 0.1276595744680851
7 0.1276595744680851
1 0.1276595744680851
2 0.10638297872340426
3 0.09574468085106383
6 0.07446808510638298
5 0.06382978723404255
4 0.06382978723404255
0 0.06382978723404255
doc : 13
8 0.27906976744186046
9 0.11627906976744186
3 0.09302325581395349
7 0.08139534883720931
6 0.08139534883720931
1 0.08139534883720931
0 0.08139534883720931
2 0.06976744186046512
5 0.05813953488372093
4 0.05813953488372093
doc : 14
8 0.36713286713286714
0 0.36363636363636365
4 0.0979020979020979
2 0.043706293706293704
9 0.03496503496503497
3 0.03146853146853147
7 0.017482517482517484
1 0.017482517482517484
5 0.013986013986013986
6 0.012237762237762238
doc : 15
9 0.781491002570694
7 0.038560411311053984
1 0.038560411311053984
3 0.028277634961439587
0 0.028277634961439587
6 0.02056555269922879
4 0.01799485861182519
2 0.01799485861182519
8 0.015424164524421594
5 0.012853470437017993
doc : 16
3 0.5698324022346369
0 0.15921787709497207
4 0.06424581005586592
9 0.04748603351955307
1 0.0335195530726257
6 0.030726256983240226
8 0.02793296089385475
7 0.025139664804469275
5 0.025139664804469275
2 0.01675977653631285
doc : 17
1 0.6278118609406954
7 0.09202453987730062
3 0.051124744376278126
5 0.04703476482617587
8 0.044989775051124746
9 0.04294478527607362
0 0.04294478527607362
6 0.02044989775051125
4 0.02044989775051125
2 0.010224948875255624
doc : 18
4 0.42105263157894735
0 0.2145748987854251
3 0.07692307692307693
9 0.06477732793522267
7 0.048582995951417005
5 0.048582995951417005
8 0.03643724696356275
6 0.03643724696356275
1 0.02834008097165992
2 0.024291497975708502
doc : 19
9 0.2422062350119904
3 0.16306954436450838
1 0.13189448441247
6 0.11750599520383692
0 0.11270983213429256
4 0.10551558752997602
7 0.050359712230215826
5 0.03597122302158273
8 0.026378896882494004
2 0.014388489208633093
doc : 20
0 0.8205128205128205
7 0.02564102564102564
4 0.02564102564102564
3 0.024038461538461536
9 0.022435897435897436
1 0.020833333333333332
8 0.019230769230769232
6 0.019230769230769232
5 0.011217948717948718
2 0.011217948717948718
doc : 21
5 0.6212121212121212
9 0.09090909090909091
3 0.05303030303030303
4 0.045454545454545456
1 0.04166666666666667
8 0.03787878787878788
7 0.03409090909090909
6 0.030303030303030304
0 0.026515151515151516
2 0.01893939393939394
doc : 22
3 0.6225895316804408
9 0.09641873278236915
4 0.0743801652892562
0 0.049586776859504134
7 0.03856749311294766
5 0.03305785123966942
6 0.027548209366391185
8 0.02203856749311295
2 0.01928374655647383
1 0.01652892561983471
doc : 23
0 0.3650190114068441
9 0.3231939163498099
4 0.06463878326996197
8 0.053231939163498096
6 0.04182509505703422
7 0.034220532319391636
3 0.034220532319391636
2 0.030418250950570342
1 0.030418250950570342
5 0.022813688212927757
doc : 24
9 0.811614730878187
4 0.0509915014164306
3 0.0481586402266289
0 0.021246458923512748
5 0.01558073654390935
1 0.01558073654390935
8 0.0113314447592068
6 0.009915014164305949
2 0.0084985835694051
7 0.007082152974504249
doc : 25
9 0.40262172284644193
4 0.3342696629213483
0 0.08239700374531836
6 0.04868913857677903
3 0.03464419475655431
5 0.03277153558052435
2 0.018726591760299626
8 0.016853932584269662
1 0.0149812734082397
7 0.014044943820224719
doc : 26
3 0.6170886075949367
4 0.12552742616033755
9 0.08333333333333333
0 0.04746835443037974
8 0.02742616033755274
6 0.02742616033755274
5 0.022151898734177212
7 0.017932489451476793
1 0.017932489451476793
2 0.01371308016877637
doc : 27
8 0.6938202247191011
5 0.05898876404494382
6 0.03932584269662921
4 0.03651685393258427
9 0.033707865168539325
0 0.03089887640449438
3 0.028089887640449437
2 0.028089887640449437
7 0.025280898876404494
1 0.025280898876404494
doc : 28
8 0.7208480565371025
1 0.05653710247349823
0 0.038869257950530034
9 0.0353356890459364
7 0.028268551236749116
6 0.028268551236749116
2 0.028268551236749116
5 0.021201413427561835
4 0.021201413427561835
3 0.021201413427561835
doc : 29
8 0.12154696132596685
1 0.12154696132596685
4 0.11602209944751381
0 0.11602209944751381
6 0.11049723756906077
9 0.10497237569060773
3 0.08839779005524862
7 0.08287292817679558
2 0.0718232044198895
5 0.06629834254143646
doc : 30
0 0.6866666666666666
4 0.08444444444444445
9 0.06666666666666667
3 0.05555555555555555
1 0.026666666666666665
5 0.02
8 0.017777777777777778
6 0.015555555555555555
2 0.015555555555555555
7 0.011111111111111112
doc : 31
3 0.6911196911196912
8 0.06563706563706564
9 0.04633204633204634
2 0.03474903474903475
1 0.03474903474903475
7 0.03088803088803089
5 0.03088803088803089
6 0.02702702702702703
4 0.019305019305019305
0 0.019305019305019305
doc : 32
2 0.7359281437125749
0 0.05688622754491018
6 0.05029940119760479
4 0.038922155688622756
3 0.038922155688622756
5 0.03652694610778443
8 0.016167664670658683
7 0.011377245508982036
9 0.007784431137724551
1 0.00718562874251497
doc : 33
0 0.3688212927756654
9 0.3231939163498099
4 0.060836501901140684
7 0.04182509505703422
8 0.03802281368821293
2 0.03802281368821293
3 0.034220532319391636
1 0.034220532319391636
6 0.030418250950570342
5 0.030418250950570342
doc : 34
1 0.7533185840707964
7 0.10176991150442477
9 0.028761061946902654
3 0.02654867256637168
4 0.024336283185840708
0 0.01991150442477876
5 0.015486725663716814
6 0.012168141592920354
8 0.00995575221238938
2 0.007743362831858407
doc : 35
4 0.7014341590612777
3 0.07822685788787484
0 0.06649282920469361
8 0.03650586701434159
1 0.03129074315514993
9 0.027379400260756193
5 0.02607561929595828
6 0.01303780964797914
7 0.010430247718383311
2 0.009126466753585397
doc : 36
0 0.4744186046511628
4 0.10697674418604651
3 0.07906976744186046
6 0.06046511627906977
8 0.05581395348837209
9 0.05116279069767442
7 0.05116279069767442
5 0.046511627906976744
1 0.04186046511627907
2 0.03255813953488372
doc : 37
4 0.768
0 0.07
9 0.038
2 0.022
1 0.02
8 0.018000000000000002
7 0.018000000000000002
3 0.018000000000000002
5 0.016
6 0.012
doc : 38
6 0.7409502262443439
4 0.08597285067873305
9 0.07013574660633484
0 0.029411764705882356
3 0.019230769230769232
5 0.015837104072398193
7 0.011312217194570137
2 0.010180995475113122
1 0.010180995475113122
8 0.006787330316742082
doc : 39
3 0.42673107890499196
4 0.35909822866344604
0 0.05314009661835749
9 0.05152979066022544
5 0.024154589371980676
1 0.024154589371980676
7 0.01932367149758454
8 0.017713365539452495
6 0.01288244766505636
2 0.011272141706924315
doc : 40
3 0.4666666666666667
4 0.32941176470588235
0 0.056862745098039215
9 0.027450980392156862
8 0.025490196078431372
7 0.025490196078431372
1 0.021568627450980392
5 0.01764705882352941
6 0.01568627450980392
2 0.013725490196078431
doc : 41
0 0.7342047930283225
9 0.06318082788671024
4 0.06100217864923748
3 0.04575163398692811
1 0.028322440087145972
8 0.01525054466230937
2 0.01525054466230937
7 0.013071895424836603
5 0.013071895424836603
6 0.010893246187363835
doc : 42
5 0.8731707317073171
9 0.029268292682926828
0 0.01951219512195122
3 0.016260162601626015
6 0.014634146341463414
2 0.011382113821138212
1 0.011382113821138212
8 0.008130081300813007
7 0.008130081300813007
4 0.008130081300813007
doc : 43
8 0.12857142857142856
7 0.12857142857142856
4 0.12857142857142856
3 0.11428571428571428
2 0.11428571428571428
6 0.08571428571428572
1 0.08571428571428572
9 0.07142857142857142
5 0.07142857142857142
0 0.07142857142857142
doc : 44
4 0.7425569176882663
3 0.06129597197898424
0 0.06129597197898424
9 0.04903677758318739
6 0.017513134851138354
5 0.01576182136602452
1 0.01576182136602452
8 0.014010507880910683
7 0.012259194395796848
2 0.010507880910683012
doc : 45
3 0.3515625
4 0.125
9 0.11458333333333333
8 0.10416666666666666
0 0.09114583333333333
1 0.078125
5 0.06510416666666666
7 0.03125
6 0.0234375
2 0.015625
doc : 46
3 0.4865671641791045
0 0.11044776119402985
9 0.09850746268656717
1 0.08656716417910448
7 0.056716417910447764
6 0.04477611940298507
4 0.03880597014925373
8 0.03582089552238806
5 0.023880597014925373
2 0.01791044776119403
doc : 47
4 0.2714285714285714
9 0.20714285714285713
0 0.12142857142857143
1 0.09285714285714286
3 0.07857142857142857
7 0.049999999999999996
6 0.049999999999999996
5 0.049999999999999996
8 0.04285714285714286
2 0.03571428571428571
doc : 48
4 0.7001795332136446
9 0.08976660682226212
6 0.053859964093357277
3 0.053859964093357277
0 0.02872531418312388
5 0.01974865350089767
7 0.01615798922800718
2 0.01615798922800718
1 0.012567324955116697
8 0.008976660682226212
doc : 49
6 0.823529411764706
8 0.02422145328719723
5 0.02422145328719723
4 0.020761245674740483
0 0.020761245674740483
9 0.01730103806228374
7 0.01730103806228374
3 0.01730103806228374
2 0.01730103806228374
1 0.01730103806228374
