doc : 0
3 0.2391304347826087
0 0.13768115942028986
7 0.12318840579710146
6 0.09420289855072464
8 0.08695652173913043
2 0.08695652173913043
4 0.07246376811594203
9 0.057971014492753624
1 0.057971014492753624
5 0.043478260869565216
doc : 1
0 0.7013422818791946
4 0.050335570469798654
3 0.04697986577181208
8 0.040268456375838924
5 0.030201342281879193
2 0.030201342281879193
6 0.026845637583892617
1 0.026845637583892617
9 0.02348993288590604
7 0.02348993288590604
doc : 2
3 0.8735083532219571
7 0.016706443914081145
0 0.016706443914081145
8 0.014319809069212411
6 0.014319809069212411
5 0.014319809069212411
4 0.014319809069212411
9 0.011933174224343677
2 0.011933174224343677
1 0.011933174224343677
doc : 3
3 0.87409200968523
5 0.01694915254237288
4 0.01694915254237288
9 0.014527845036319613
2 0.014527845036319613
0 0.014527845036319613
8 0.012106537530266345
7 0.012106537530266345
6 0.012106537530266345
1 0.012106537530266345
doc : 4
0 0.3684210526315789
2 0.17368421052631577
9 0.07368421052631578
7 0.06842105263157895
4 0.06842105263157895
3 0.06842105263157895
6 0.05789473684210526
1 0.05263157894736842
5 0.042105263157894736
8 0.02631578947368421
doc : 5
4 0.5664335664335665
1 0.11188811188811189
6 0.0675990675990676
7 0.06060606060606061
9 0.053613053613053616
5 0.04895104895104895
2 0.037296037296037296
8 0.02564102564102564
0 0.016317016317016316
3 0.011655011655011656
doc : 6
2 0.646074646074646
3 0.16344916344916344
1 0.04504504504504504
4 0.03088803088803089
0 0.028314028314028312
7 0.02445302445302445
6 0.023166023166023165
8 0.01673101673101673
9 0.011583011583011582
5 0.010296010296010296
doc : 7
1 0.4484605087014725
6 0.19678714859437751
4 0.13119143239625167
3 0.07630522088353413
5 0.04685408299866131
0 0.029451137884872823
8 0.025435073627844713
7 0.018741633199464525
9 0.014725568942436412
2 0.012048192771084336
doc : 8
6 0.6461949265687583
5 0.15220293724966621
4 0.05740987983978638
1 0.04005340453938585
8 0.0267022696929239
7 0.025367156208277702
0 0.018691588785046728
9 0.012016021361815754
3 0.012016021361815754
2 0.009345794392523364
doc : 9
9 0.7456293706293706
4 0.06818181818181818
7 0.056818181818181816
6 0.04108391608391608
8 0.024475524475524476
1 0.016608391608391608
2 0.015734265734265736
0 0.01486013986013986
3 0.008741258741258742
5 0.007867132867132868
doc : 10
4 0.5564625850340136
5 0.19727891156462585
6 0.08843537414965985
8 0.03673469387755102
9 0.029931972789115645
2 0.029931972789115645
0 0.021768707482993196
7 0.019047619047619046
1 0.010884353741496598
3 0.009523809523809523
doc : 11
5 0.867063492063492
8 0.02976190476190476
6 0.015873015873015872
1 0.015873015873015872
7 0.013888888888888888
3 0.013888888888888888
4 0.011904761904761904
0 0.011904761904761904
9 0.00992063492063492
2 0.00992063492063492
doc : 12
8 0.8156926849203106
5 0.11687780956272988
1 0.016755210461789946
7 0.013077237433592154
4 0.010625255414793625
0 0.006947282386595832
3 0.006538618716796077
6 0.006129955046996322
9 0.004903964037597058
2 0.002451982018798529
doc : 13
5 0.8646034816247582
3 0.025145067698259187
1 0.017408123791102514
8 0.015473887814313346
7 0.015473887814313346
4 0.015473887814313346
0 0.015473887814313346
9 0.01160541586073501
6 0.009671179883945842
2 0.009671179883945842
doc : 14
3 0.8765133171912833
2 0.01694915254237288
8 0.014527845036319613
7 0.014527845036319613
6 0.014527845036319613
4 0.014527845036319613
9 0.012106537530266345
5 0.012106537530266345
1 0.012106537530266345
0 0.012106537530266345
doc : 15
0 0.7981927710843374
8 0.030120481927710843
4 0.030120481927710843
3 0.030120481927710843
6 0.02710843373493976
7 0.01807228915662651
5 0.01807228915662651
1 0.01807228915662651
9 0.015060240963855422
2 0.015060240963855422
doc : 16
0 0.8568548387096774
7 0.024193548387096774
1 0.024193548387096774
6 0.016129032258064516
9 0.014112903225806451
5 0.014112903225806451
4 0.014112903225806451
8 0.012096774193548387
3 0.012096774193548387
2 0.012096774193548387
doc : 17
8 0.6288244766505636
6 0.18357487922705315
1 0.06360708534621579
4 0.0535426731078905
3 0.03421900161030596
5 0.011272141706924315
7 0.008454106280193236
0 0.007648953301127214
9 0.00644122383252818
2 0.0024154589371980675
doc : 18
0 0.5582329317269076
4 0.11646586345381525
8 0.08433734939759036
7 0.05220883534136546
9 0.04417670682730923
1 0.040160642570281124
2 0.0321285140562249
6 0.028112449799196783
3 0.024096385542168672
5 0.020080321285140562
doc : 19
0 0.5446428571428571
7 0.10267857142857142
4 0.07142857142857142
2 0.07142857142857142
3 0.05357142857142857
9 0.040178571428571425
6 0.03125
1 0.03125
8 0.026785714285714284
5 0.026785714285714284
doc : 20
3 0.8463949843260188
5 0.0219435736677116
8 0.018808777429467086
0 0.018808777429467086
9 0.01567398119122257
7 0.01567398119122257
6 0.01567398119122257
4 0.01567398119122257
2 0.01567398119122257
1 0.01567398119122257
doc : 21
5 0.8795180722891566
8 0.018072289156626505
6 0.01606425702811245
1 0.01606425702811245
9 0.014056224899598391
4 0.014056224899598391
0 0.012048192771084336
7 0.010040160642570281
3 0.010040160642570281
2 0.010040160642570281
doc : 22
5 0.8867069486404834
8 0.0256797583081571
3 0.01661631419939577
7 0.013595166163141994
6 0.012084592145015106
1 0.012084592145015106
4 0.010574018126888218
9 0.007552870090634441
2 0.007552870090634441
0 0.007552870090634441
doc : 23
4 0.31093750000000003
1 0.29140625000000003
5 0.18671875000000002
8 0.0671875
7 0.04453125
6 0.0328125
3 0.0203125
2 0.0171875
9 0.014843750000000001
0 0.0140625
doc : 24
5 0.8546511627906976
1 0.025193798449612403
8 0.01937984496124031
7 0.01744186046511628
0 0.01744186046511628
9 0.015503875968992248
4 0.013565891472868217
2 0.013565891472868217
6 0.011627906976744186
3 0.011627906976744186
doc : 25
5 0.8673076923076923
8 0.023076923076923078
7 0.019230769230769232
3 0.01730769230769231
1 0.01730769230769231
6 0.013461538461538462
4 0.011538461538461539
0 0.011538461538461539
9 0.009615384615384616
2 0.009615384615384616
doc : 26
4 0.6377142857142858
0 0.23542857142857146
7 0.04685714285714286
8 0.018285714285714287
9 0.016
1 0.014857142857142859
3 0.010285714285714287
6 0.008
2 0.006857142857142858
5 0.005714285714285715
doc : 27
0 0.8629032258064516
7 0.026209677419354836
8 0.016129032258064516
6 0.016129032258064516
5 0.016129032258064516
9 0.014112903225806451
3 0.014112903225806451
2 0.012096774193548387
1 0.012096774193548387
4 0.010080645161290322
doc : 28
2 0.5672413793103448
0 0.10172413793103448
4 0.0896551724137931
7 0.06896551724137931
9 0.04827586206896552
8 0.03620689655172414
6 0.027586206896551724
1 0.02586206896551724
5 0.020689655172413793
3 0.013793103448275862
doc : 29
7 0.8867497168742923
5 0.023782559456398643
9 0.013590033975084938
8 0.013590033975084938
6 0.013590033975084938
4 0.01245753114382786
3 0.01245753114382786
1 0.01245753114382786
2 0.005662514156285391
0 0.005662514156285391
doc : 30
6 0.7937219730941704
8 0.04932735426008968
7 0.03587443946188341
5 0.026905829596412557
9 0.020179372197309416
3 0.01569506726457399
1 0.01569506726457399
0 0.01569506726457399
4 0.013452914798206279
2 0.013452914798206279
doc : 31
6 0.8265682656826568
8 0.04059040590405904
2 0.02214022140221402
7 0.02029520295202952
5 0.01845018450184502
3 0.01845018450184502
4 0.014760147601476014
1 0.014760147601476014
0 0.014760147601476014
9 0.00922509225092251
doc : 32
6 0.7511013215859031
8 0.06828193832599119
5 0.04625550660792952
7 0.03524229074889868
9 0.022026431718061675
0 0.022026431718061675
1 0.01762114537444934
3 0.015418502202643174
4 0.011013215859030838
2 0.011013215859030838
doc : 33
7 0.9071347678369197
1 0.01812004530011325
5 0.016987542468856174
9 0.010192525481313703
8 0.009060022650056626
4 0.009060022650056626
3 0.009060022650056626
6 0.007927519818799548
0 0.006795016987542469
2 0.005662514156285391
doc : 34
7 0.9136094674556213
6 0.01301775147928994
4 0.010650887573964497
1 0.010650887573964497
8 0.009467455621301775
3 0.009467455621301775
0 0.009467455621301775
9 0.008284023668639054
5 0.008284023668639054
2 0.007100591715976332
doc : 35
7 0.9120267260579065
3 0.013363028953229397
6 0.012249443207126948
0 0.012249443207126948
9 0.010022271714922048
8 0.010022271714922048
1 0.010022271714922048
5 0.006681514476614699
4 0.006681514476614699
2 0.006681514476614699
doc : 36
4 0.683982683982684
9 0.047619047619047616
6 0.047619047619047616
3 0.03463203463203463
0 0.03463203463203463
8 0.030303030303030304
7 0.030303030303030304
5 0.030303030303030304
2 0.030303030303030304
1 0.030303030303030304
doc : 37
5 0.8790560471976401
8 0.03687315634218289
7 0.016224188790560472
6 0.011799410029498525
1 0.011799410029498525
3 0.01032448377581121
9 0.008849557522123894
4 0.008849557522123894
0 0.008849557522123894
2 0.007374631268436578
doc : 38
9 0.6585365853658537
7 0.06651884700665188
8 0.057649667405764965
5 0.050997782705099776
6 0.044345898004434586
1 0.044345898004434586
4 0.03547671840354767
3 0.015521064301552107
2 0.015521064301552107
0 0.011086474501108647
doc : 39
1 0.7650338510553564
5 0.07088809239346873
9 0.052568697729988054
3 0.039028275587415374
4 0.035842293906810034
8 0.01354042214257268
6 0.009956192751891677
7 0.005973715651135006
0 0.0047789725209080045
2 0.0023894862604540022
doc : 40
1 0.7616240995415848
8 0.0779305828421742
5 0.06286836935166995
6 0.039947609692206947
4 0.0183366077275704
7 0.01440733464309103
9 0.008513425016371971
2 0.005893909626719057
0 0.005893909626719057
3 0.0045841519318926
doc : 41
5 0.8483606557377049
8 0.03278688524590164
1 0.022540983606557378
3 0.01639344262295082
7 0.014344262295081968
4 0.014344262295081968
0 0.014344262295081968
9 0.012295081967213115
6 0.012295081967213115
2 0.012295081967213115
doc : 42
7 0.9031180400890868
9 0.017817371937639197
0 0.012249443207126948
8 0.011135857461024499
4 0.011135857461024499
3 0.011135857461024499
1 0.011135857461024499
5 0.008908685968819599
6 0.007795100222717149
2 0.005567928730512249
doc : 43
6 0.323943661971831
9 0.1936619718309859
7 0.13732394366197184
8 0.10211267605633803
3 0.0528169014084507
4 0.045774647887323945
0 0.045774647887323945
2 0.04225352112676056
1 0.03873239436619719
5 0.017605633802816902
doc : 44
9 0.8183632734530938
6 0.08782435129740518
1 0.01497005988023952
4 0.01397205588822355
7 0.012974051896207584
5 0.011976047904191616
0 0.011976047904191616
3 0.010978043912175647
8 0.00998003992015968
2 0.006986027944111775
doc : 45
9 0.8373253493013971
6 0.08083832335329341
7 0.015968063872255488
1 0.015968063872255488
0 0.01397205588822355
4 0.007984031936127744
2 0.007984031936127744
8 0.006986027944111775
5 0.006986027944111775
3 0.005988023952095808
doc : 46
3 0.6774193548387096
9 0.16129032258064516
5 0.02977667493796526
4 0.024813895781637715
1 0.022332506203473945
8 0.019851116625310174
6 0.017369727047146403
0 0.017369727047146403
7 0.01488833746898263
2 0.01488833746898263
doc : 47
2 0.8021844660194174
4 0.06310679611650485
9 0.03640776699029126
6 0.023058252427184463
8 0.01820388349514563
1 0.012135922330097085
0 0.012135922330097085
7 0.010922330097087377
5 0.010922330097087377
3 0.010922330097087377
doc : 48
7 0.8686440677966102
8 0.0211864406779661
1 0.0211864406779661
6 0.018361581920903956
4 0.015536723163841807
3 0.012711864406779662
2 0.011299435028248588
0 0.011299435028248588
9 0.009887005649717513
5 0.009887005649717513
doc : 49
7 0.888888888888889
8 0.02681992337164751
9 0.017879948914431676
4 0.011494252873563218
1 0.011494252873563218
5 0.010217113665389528
2 0.008939974457215838
0 0.008939974457215838
6 0.007662835249042146
3 0.007662835249042146
doc : 50
5 0.8127340823970037
1 0.0599250936329588
8 0.02247191011235955
3 0.02247191011235955
6 0.0149812734082397
4 0.0149812734082397
0 0.0149812734082397
7 0.013108614232209739
2 0.013108614232209739
9 0.011235955056179775
doc : 51
5 0.8574297188755019
7 0.03614457831325301
1 0.020080321285140562
8 0.01606425702811245
6 0.014056224899598391
3 0.014056224899598391
0 0.012048192771084336
9 0.010040160642570281
4 0.010040160642570281
2 0.010040160642570281
doc : 52
5 0.8438735177865612
1 0.029644268774703556
8 0.02569169960474308
7 0.01976284584980237
6 0.017786561264822132
3 0.017786561264822132
9 0.01383399209486166
2 0.011857707509881422
4 0.009881422924901184
0 0.009881422924901184
doc : 53
5 0.869215291750503
1 0.026156941649899398
6 0.018108651911468814
0 0.018108651911468814
8 0.014084507042253523
7 0.012072434607645876
4 0.012072434607645876
9 0.01006036217303823
3 0.01006036217303823
2 0.01006036217303823
doc : 54
0 0.44761904761904764
7 0.1142857142857143
9 0.06666666666666668
8 0.05714285714285715
6 0.05714285714285715
5 0.05714285714285715
3 0.05714285714285715
4 0.04761904761904762
2 0.04761904761904762
1 0.04761904761904762
doc : 55
1 0.5768757687576876
6 0.16482164821648218
3 0.06765067650676507
4 0.04797047970479705
5 0.046740467404674045
7 0.025830258302583026
0 0.022140221402214024
8 0.01968019680196802
9 0.01845018450184502
2 0.00984009840098401
doc : 56
9 0.6219239373601789
4 0.08501118568232661
7 0.06487695749440715
8 0.06263982102908278
5 0.05592841163310962
6 0.04250559284116331
1 0.024608501118568233
0 0.017897091722595078
2 0.013422818791946308
3 0.011185682326621923
doc : 57
3 0.26120857699805067
9 0.24366471734892786
1 0.15789473684210525
6 0.10721247563352826
5 0.10136452241715399
4 0.050682261208576995
8 0.021442495126705652
7 0.021442495126705652
0 0.01949317738791423
2 0.015594541910331383
doc : 58
4 0.4387755102040816
6 0.3900226757369615
1 0.05895691609977324
8 0.02834467120181406
7 0.0272108843537415
5 0.021541950113378686
0 0.011337868480725623
9 0.009070294784580499
2 0.007936507936507936
3 0.006802721088435375
doc : 59
0 0.7512776831345827
3 0.16354344122657583
1 0.015332197614991482
2 0.013628620102214651
8 0.010221465076660989
6 0.010221465076660989
4 0.010221465076660989
9 0.008517887563884156
7 0.008517887563884156
5 0.008517887563884156
doc : 60
5 0.8649193548387096
8 0.020161290322580645
6 0.01814516129032258
1 0.01814516129032258
3 0.016129032258064516
9 0.014112903225806451
4 0.014112903225806451
7 0.012096774193548387
2 0.012096774193548387
0 0.010080645161290322
doc : 61
5 0.87109375
3 0.021484375
6 0.01953125
7 0.015625
1 0.015625
4 0.013671875
9 0.01171875
0 0.01171875
8 0.009765625
2 0.009765625
doc : 62
5 0.5415986949429038
4 0.1435562805872757
6 0.10603588907014683
1 0.09461663947797716
9 0.02936378466557912
2 0.019575856443719414
0 0.017944535073409464
8 0.016313213703099513
3 0.016313213703099513
7 0.01468189233278956
doc : 63
5 0.5764925373134329
4 0.24253731343283583
1 0.046641791044776115
6 0.033582089552238806
3 0.020522388059701493
2 0.020522388059701493
9 0.016791044776119403
7 0.016791044776119403
0 0.014925373134328358
8 0.011194029850746268
doc : 64
4 0.7652582159624414
7 0.0539906103286385
5 0.03051643192488263
1 0.03051643192488263
9 0.028169014084507043
6 0.028169014084507043
2 0.018779342723004695
8 0.01643192488262911
3 0.01643192488262911
0 0.011737089201877934
doc : 65
2 0.6495176848874598
3 0.12540192926045016
7 0.05305466237942122
4 0.03697749196141479
0 0.03536977491961415
8 0.03215434083601286
6 0.027331189710610933
5 0.01929260450160772
1 0.011254019292604502
9 0.00964630225080386
doc : 66
6 0.45
5 0.13125
3 0.125
9 0.05
0 0.05
7 0.043750000000000004
4 0.043750000000000004
8 0.037500000000000006
2 0.037500000000000006
1 0.03125
doc : 67
0 0.6409395973154363
9 0.08053691275167785
2 0.060402684563758385
7 0.0436241610738255
1 0.03691275167785235
6 0.03355704697986577
4 0.030201342281879193
3 0.030201342281879193
8 0.026845637583892617
5 0.016778523489932886
doc : 68
0 0.39361702127659576
3 0.0851063829787234
2 0.0851063829787234
9 0.07446808510638298
8 0.07446808510638298
6 0.06382978723404255
5 0.06382978723404255
7 0.05319148936170213
4 0.05319148936170213
1 0.05319148936170213
doc : 69
5 0.8532289628180039
7 0.025440313111545987
3 0.019569471624266144
1 0.01761252446183953
8 0.015655577299412915
6 0.015655577299412915
0 0.015655577299412915
4 0.0136986301369863
2 0.0136986301369863
9 0.009784735812133072
doc : 70
5 0.8704061895551257
7 0.019342359767891684
1 0.019342359767891684
6 0.017408123791102514
8 0.015473887814313346
3 0.015473887814313346
2 0.01160541586073501
0 0.01160541586073501
9 0.009671179883945842
4 0.009671179883945842
doc : 71
5 0.5787878787878787
4 0.14393939393939395
1 0.07424242424242425
6 0.06363636363636363
7 0.05
0 0.02878787878787879
9 0.019696969696969695
8 0.016666666666666666
2 0.013636363636363636
3 0.010606060606060607
doc : 72
9 0.5913461538461539
6 0.08653846153846154
8 0.057692307692307696
1 0.04807692307692308
7 0.04326923076923077
5 0.04326923076923077
0 0.038461538461538464
4 0.03365384615384616
2 0.03365384615384616
3 0.02403846153846154
doc : 73
1 0.5246826516220028
8 0.29619181946403383
5 0.0535966149506347
6 0.039492242595204514
7 0.03314527503526093
0 0.020451339915373765
9 0.009873060648801129
2 0.009167842031029619
4 0.007052186177715091
3 0.006346967559943582
doc : 74
5 0.8651252408477842
8 0.023121387283236993
4 0.019267822736030827
6 0.017341040462427744
7 0.015414258188824663
3 0.015414258188824663
1 0.01348747591522158
0 0.011560693641618497
9 0.009633911368015413
2 0.009633911368015413
doc : 75
2 0.22435897435897434
0 0.1923076923076923
6 0.10897435897435898
3 0.10897435897435898
7 0.09615384615384615
8 0.08333333333333333
4 0.05769230769230769
9 0.05128205128205128
1 0.04487179487179487
5 0.03205128205128205
doc : 76
6 0.48044132397191575
8 0.2728184553660983
1 0.14042126379137412
3 0.029087261785356068
7 0.028084252758274825
5 0.017051153460381142
9 0.012036108324974926
4 0.009027081243731194
2 0.006018054162487463
0 0.0050150451354062184
doc : 77
4 0.26595744680851063
9 0.14361702127659573
0 0.1276595744680851
8 0.09574468085106383
6 0.0851063829787234
3 0.0797872340425532
2 0.06382978723404255
5 0.05851063829787234
7 0.0425531914893617
1 0.03723404255319149
doc : 78
1 0.4093567251461988
5 0.24171539961013644
6 0.12085769980506822
4 0.06237816764132553
2 0.042884990253411304
7 0.03313840155945419
3 0.029239766081871343
0 0.02729044834307992
8 0.023391812865497075
9 0.009746588693957114
doc : 79
0 0.7110266159695817
9 0.07224334600760456
6 0.04182509505703422
1 0.034220532319391636
7 0.026615969581749048
4 0.026615969581749048
8 0.022813688212927757
5 0.022813688212927757
3 0.022813688212927757
2 0.019011406844106463
doc : 80
3 0.5492957746478874
4 0.107981220657277
2 0.07511737089201878
7 0.06103286384976526
0 0.04225352112676056
9 0.03755868544600939
8 0.03755868544600939
6 0.03755868544600939
1 0.028169014084507043
5 0.023474178403755867
doc : 81
4 0.6696832579185521
6 0.05882352941176471
7 0.0497737556561086
5 0.0497737556561086
9 0.04524886877828055
8 0.04072398190045249
1 0.03393665158371041
3 0.020361990950226245
2 0.015837104072398193
0 0.015837104072398193
doc : 82
2 0.268630849220104
4 0.22357019064124783
9 0.11091854419410745
6 0.10745233968804159
7 0.07279029462738301
8 0.06759098786828423
5 0.06412478336221837
0 0.05199306759098787
1 0.01733102253032929
3 0.015597920277296359
doc : 83
1 0.4797645327446652
4 0.24356144223693893
5 0.1434878587196468
0 0.03826342899190581
7 0.027225901398086828
6 0.024282560706401765
2 0.022810890360559236
8 0.008094186902133923
9 0.006622516556291391
3 0.005886681383370125
doc : 84
8 0.6194895591647331
0 0.08816705336426914
1 0.06728538283062645
2 0.04640371229698376
5 0.037122969837587005
7 0.03248259860788863
4 0.030162412993039442
3 0.030162412993039442
6 0.025522041763341066
9 0.02320185614849188
doc : 85
5 0.8757396449704142
8 0.01775147928994083
6 0.01775147928994083
0 0.01775147928994083
7 0.015779092702169626
3 0.013806706114398423
1 0.01183431952662722
9 0.009861932938856016
4 0.009861932938856016
2 0.009861932938856016
doc : 86
7 0.9134045077105576
1 0.017793594306049824
5 0.013048635824436538
6 0.010676156583629894
9 0.009489916963226572
4 0.008303677342823251
3 0.008303677342823251
8 0.007117437722419929
2 0.005931198102016607
0 0.005931198102016607
doc : 87
0 0.211864406779661
4 0.19491525423728814
6 0.11016949152542373
2 0.09322033898305085
3 0.0847457627118644
8 0.07627118644067797
9 0.06779661016949153
1 0.059322033898305086
7 0.05084745762711865
5 0.05084745762711865
doc : 88
4 0.5611940298507463
6 0.08955223880597014
7 0.07761194029850746
1 0.07761194029850746
9 0.04776119402985075
0 0.041791044776119404
2 0.03880597014925373
5 0.029850746268656716
8 0.020895522388059702
3 0.014925373134328358
doc : 89
6 0.6177685950413223
3 0.12809917355371903
8 0.0743801652892562
5 0.03925619834710744
1 0.0371900826446281
7 0.03512396694214876
9 0.02066115702479339
2 0.01652892561983471
0 0.01652892561983471
4 0.014462809917355372
doc : 90
3 0.9074074074074074
0 0.012962962962962964
7 0.011111111111111112
6 0.011111111111111112
5 0.011111111111111112
9 0.009259259259259259
8 0.009259259259259259
4 0.009259259259259259
2 0.009259259259259259
1 0.009259259259259259
doc : 91
4 0.6261792452830188
1 0.12971698113207547
8 0.10377358490566037
5 0.04009433962264151
6 0.031839622641509434
9 0.020047169811320754
3 0.01768867924528302
7 0.011792452830188678
2 0.011792452830188678
0 0.007075471698113208
doc : 92
4 0.7699530516431925
7 0.04225352112676056
1 0.03990610328638498
9 0.03286384976525822
8 0.025821596244131457
0 0.02112676056338028
5 0.018779342723004695
3 0.018779342723004695
6 0.01643192488262911
2 0.014084507042253521
doc : 93
2 0.8724340175953079
3 0.02346041055718475
0 0.021994134897360705
5 0.020527859237536656
7 0.013196480938416423
6 0.013196480938416423
9 0.00879765395894428
8 0.00879765395894428
4 0.00879765395894428
1 0.00879765395894428
doc : 94
4 0.33183856502242154
6 0.27503736920777283
5 0.13602391629297458
1 0.08221225710014948
7 0.05082212257100149
9 0.043348281016442454
8 0.02391629297458894
0 0.022421524663677132
3 0.019431988041853514
2 0.014947683109118088
doc : 95
2 0.8782991202346041
0 0.021994134897360705
3 0.020527859237536656
5 0.01906158357771261
7 0.01466275659824047
9 0.010263929618768328
6 0.010263929618768328
4 0.010263929618768328
8 0.007331378299120235
1 0.007331378299120235
doc : 96
4 0.3727544910179641
6 0.29191616766467066
5 0.10778443113772455
1 0.08832335329341318
9 0.037425149700598806
7 0.029940119760479042
0 0.02245508982035928
8 0.019461077844311378
3 0.014970059880239521
2 0.014970059880239521
doc : 97
7 0.9018691588785046
6 0.015186915887850466
8 0.014018691588785045
4 0.012850467289719626
9 0.010514018691588784
5 0.010514018691588784
3 0.010514018691588784
1 0.010514018691588784
0 0.008177570093457943
2 0.005841121495327103
doc : 98
4 0.5879120879120879
7 0.06593406593406594
6 0.06593406593406594
5 0.06593406593406594
9 0.049450549450549455
8 0.04395604395604396
1 0.038461538461538464
3 0.027472527472527476
2 0.027472527472527476
0 0.027472527472527476
doc : 99
1 0.7793317793317793
4 0.04428904428904429
5 0.041181041181041184
3 0.039627039627039624
6 0.03807303807303807
7 0.016317016317016316
9 0.013986013986013986
0 0.013209013209013208
8 0.0101010101010101
2 0.003885003885003885
