doc : 0
6 0.616
0 0.252
7 0.028
9 0.022
3 0.018000000000000002
1 0.018000000000000002
5 0.014
8 0.012
4 0.01
2 0.01
doc : 1
6 0.5298651252408477
0 0.2813102119460501
1 0.038535645472061654
3 0.03275529865125241
7 0.030828516377649325
8 0.028901734104046242
4 0.017341040462427744
9 0.015414258188824663
2 0.01348747591522158
5 0.011560693641618497
doc : 2
0 0.7133333333333334
6 0.08
7 0.07333333333333333
9 0.026666666666666665
8 0.02
3 0.02
1 0.02
5 0.017777777777777778
2 0.015555555555555555
4 0.013333333333333332
doc : 3
0 0.7522935779816514
7 0.0779816513761468
6 0.04128440366972477
9 0.03211009174311927
8 0.020642201834862386
3 0.020642201834862386
1 0.016055045871559634
5 0.013761467889908258
2 0.013761467889908258
4 0.011467889908256881
doc : 4
6 0.7232289950576606
9 0.060955518945634266
2 0.03789126853377265
8 0.036243822075782535
1 0.036243822075782535
0 0.03130148270181219
5 0.019769357495881386
4 0.019769357495881386
7 0.018121911037891267
3 0.016474464579901153
doc : 5
6 0.74321503131524
0 0.07098121085594988
9 0.04175365344467641
4 0.029227557411273482
7 0.025052192066805843
8 0.022964509394572022
3 0.022964509394572022
1 0.020876826722338204
2 0.012526096033402922
5 0.010438413361169102
doc : 6
5 0.9137849360492658
2 0.048792041686404546
8 0.006631927996210327
9 0.005684509711037423
6 0.005684509711037423
7 0.004263382283278067
3 0.004263382283278067
1 0.004263382283278067
0 0.004263382283278067
4 0.0023685457129322598
doc : 7
2 0.8689956331877728
6 0.01965065502183406
1 0.01965065502183406
5 0.017467248908296942
9 0.015283842794759825
4 0.013100436681222707
0 0.013100436681222707
8 0.010917030567685589
7 0.010917030567685589
3 0.010917030567685589
doc : 8
2 0.6950819672131148
5 0.15081967213114755
8 0.022950819672131147
6 0.022950819672131147
9 0.019672131147540982
7 0.019672131147540982
3 0.019672131147540982
4 0.01639344262295082
1 0.01639344262295082
0 0.01639344262295082
doc : 9
2 0.7344262295081967
5 0.10163934426229508
9 0.02622950819672131
0 0.02622950819672131
6 0.022950819672131147
4 0.019672131147540982
1 0.019672131147540982
8 0.01639344262295082
7 0.01639344262295082
3 0.01639344262295082
doc : 10
8 0.3076923076923077
9 0.18131868131868134
2 0.1263736263736264
1 0.09340659340659341
0 0.06593406593406594
6 0.06043956043956045
5 0.049450549450549455
4 0.049450549450549455
7 0.03296703296703297
3 0.03296703296703297
doc : 11
9 0.8498727735368957
6 0.027989821882951654
5 0.020356234096692113
8 0.015267175572519085
7 0.015267175572519085
3 0.015267175572519085
2 0.015267175572519085
0 0.015267175572519085
4 0.012722646310432571
1 0.012722646310432571
doc : 12
9 0.8524173027989822
7 0.02290076335877863
6 0.017811704834605598
2 0.017811704834605598
0 0.017811704834605598
8 0.015267175572519085
3 0.015267175572519085
1 0.015267175572519085
5 0.012722646310432571
4 0.012722646310432571
doc : 13
9 0.8702290076335879
0 0.017811704834605598
7 0.015267175572519085
4 0.015267175572519085
2 0.015267175572519085
1 0.015267175572519085
8 0.012722646310432571
6 0.012722646310432571
5 0.012722646310432571
3 0.012722646310432571
doc : 14
5 0.9175746091899574
2 0.05163429654192326
6 0.005210800568450971
1 0.005210800568450971
7 0.004263382283278067
0 0.004263382283278067
3 0.0037896731406916154
8 0.0028422548555187117
4 0.0028422548555187117
9 0.0023685457129322598
doc : 15
6 0.41605839416058393
4 0.11678832116788321
9 0.072992700729927
7 0.072992700729927
8 0.06569343065693431
1 0.058394160583941604
0 0.058394160583941604
5 0.051094890510948905
3 0.051094890510948905
2 0.0364963503649635
doc : 16
4 0.5213675213675214
0 0.2905982905982906
6 0.06837606837606838
7 0.05698005698005698
9 0.012820512820512822
1 0.012820512820512822
5 0.009971509971509971
2 0.009971509971509971
8 0.008547008547008548
3 0.008547008547008548
doc : 17
7 0.8681672025723473
4 0.03429796355841372
6 0.021436227224008574
0 0.015005359056806002
5 0.013933547695605574
8 0.011789924973204715
1 0.011789924973204715
3 0.00857449088960343
9 0.007502679528403001
2 0.007502679528403001
doc : 18
6 0.20422535211267606
0 0.20422535211267606
9 0.17605633802816903
8 0.09154929577464789
1 0.07746478873239437
3 0.07042253521126761
2 0.04929577464788733
7 0.04225352112676056
5 0.04225352112676056
4 0.04225352112676056
doc : 19
7 0.830860534124629
6 0.076162215628091
4 0.016815034619188922
0 0.01582591493570722
3 0.012858555885262116
8 0.011869436201780416
5 0.011869436201780416
2 0.008902077151335312
1 0.008902077151335312
9 0.005934718100890208
doc : 20
1 0.8227146814404432
6 0.0332409972299169
7 0.027700831024930747
9 0.019390581717451522
4 0.019390581717451522
2 0.019390581717451522
8 0.01662049861495845
5 0.013850415512465374
3 0.013850415512465374
0 0.013850415512465374
doc : 21
3 0.8307692307692308
4 0.03296703296703297
6 0.021978021978021976
9 0.01978021978021978
8 0.01978021978021978
1 0.01978021978021978
7 0.017582417582417582
5 0.013186813186813187
2 0.013186813186813187
0 0.010989010989010988
doc : 22
0 0.6355140186915887
6 0.09345794392523364
8 0.05607476635514018
4 0.04672897196261682
9 0.037383177570093455
2 0.037383177570093455
7 0.02336448598130841
5 0.02336448598130841
3 0.02336448598130841
1 0.02336448598130841
doc : 23
0 0.5544217687074829
4 0.11224489795918367
6 0.08503401360544217
3 0.057823129251700675
9 0.047619047619047616
8 0.04081632653061224
2 0.03401360544217687
7 0.023809523809523808
1 0.023809523809523808
5 0.02040816326530612
doc : 24
0 0.7181372549019608
4 0.06372549019607843
6 0.04656862745098039
7 0.0392156862745098
1 0.03676470588235294
8 0.024509803921568627
9 0.022058823529411763
3 0.022058823529411763
2 0.014705882352941176
5 0.012254901960784314
doc : 25
0 0.42036553524804177
6 0.4073107049608355
3 0.033942558746736295
7 0.03133159268929504
9 0.02349869451697128
4 0.02349869451697128
5 0.01566579634464752
2 0.01566579634464752
1 0.01566579634464752
8 0.013054830287206266
doc : 26
0 0.6860986547085202
6 0.07623318385650224
2 0.04035874439461883
7 0.03587443946188341
3 0.03139013452914798
1 0.03139013452914798
9 0.026905829596412557
8 0.026905829596412557
5 0.02242152466367713
4 0.02242152466367713
doc : 27
4 0.6967930029154519
9 0.05830903790087463
8 0.0553935860058309
1 0.04664723032069971
3 0.04081632653061224
6 0.026239067055393587
7 0.023323615160349854
2 0.02040816326530612
5 0.01749271137026239
0 0.014577259475218658
doc : 28
0 0.7146118721461187
7 0.08447488584474885
6 0.06621004566210045
8 0.02511415525114155
4 0.02511415525114155
3 0.02054794520547945
2 0.02054794520547945
1 0.01598173515981735
9 0.0136986301369863
5 0.0136986301369863
doc : 29
0 0.690566037735849
7 0.08113207547169811
3 0.04339622641509434
1 0.04339622641509434
6 0.04150943396226415
4 0.03962264150943396
9 0.016981132075471698
8 0.016981132075471698
2 0.016981132075471698
5 0.009433962264150943
doc : 30
0 0.7607361963190185
7 0.06134969325153375
4 0.055214723926380375
8 0.02044989775051125
6 0.02044989775051125
3 0.02044989775051125
9 0.018404907975460124
2 0.016359918200409
5 0.014314928425357875
1 0.01226993865030675
doc : 31
0 0.6394984326018809
3 0.19905956112852663
7 0.03918495297805642
1 0.02664576802507837
4 0.023510971786833854
6 0.0219435736677116
9 0.018808777429467086
8 0.014106583072100312
5 0.009404388714733543
2 0.007836990595611285
doc : 32
0 0.5843373493975903
7 0.15863453815261042
8 0.0642570281124498
6 0.04417670682730923
4 0.04216867469879518
3 0.040160642570281124
9 0.022088353413654616
1 0.018072289156626505
5 0.014056224899598391
2 0.012048192771084336
doc : 33
0 0.8102345415778252
4 0.038379530916844345
7 0.027718550106609806
3 0.027718550106609806
6 0.019189765458422173
1 0.019189765458422173
9 0.017057569296375266
8 0.017057569296375266
2 0.01279317697228145
5 0.010660980810234541
doc : 34
0 0.7361702127659575
4 0.05319148936170213
6 0.04893617021276596
7 0.04680851063829787
1 0.03829787234042553
3 0.025531914893617023
2 0.014893617021276596
9 0.012765957446808512
5 0.012765957446808512
8 0.010638297872340425
doc : 35
7 0.2585034013605442
1 0.1564625850340136
6 0.13605442176870747
4 0.09523809523809523
8 0.08843537414965986
9 0.07482993197278912
2 0.061224489795918366
5 0.047619047619047616
0 0.047619047619047616
3 0.03401360544217687
doc : 36
1 0.8243626062322946
0 0.0254957507082153
9 0.0226628895184136
6 0.0226628895184136
4 0.0226628895184136
7 0.019830028328611898
5 0.0169971671388102
2 0.0169971671388102
8 0.014164305949008499
3 0.014164305949008499
doc : 37
2 0.8841201716738197
9 0.019313304721030045
5 0.017167381974248927
3 0.012875536480686695
0 0.012875536480686695
8 0.01072961373390558
7 0.01072961373390558
6 0.01072961373390558
4 0.01072961373390558
1 0.01072961373390558
doc : 38
2 0.8847736625514404
5 0.01851851851851852
7 0.01646090534979424
1 0.01440329218106996
9 0.01234567901234568
4 0.01234567901234568
8 0.010288065843621401
6 0.010288065843621401
3 0.010288065843621401
0 0.010288065843621401
doc : 39
2 0.8824786324786326
9 0.017094017094017096
6 0.01495726495726496
5 0.01495726495726496
1 0.01495726495726496
4 0.012820512820512822
8 0.010683760683760684
7 0.010683760683760684
3 0.010683760683760684
0 0.010683760683760684
doc : 40
2 0.882466281310212
0 0.019267822736030827
5 0.015414258188824663
9 0.01348747591522158
1 0.01348747591522158
8 0.011560693641618497
7 0.011560693641618497
6 0.011560693641618497
3 0.011560693641618497
4 0.009633911368015413
doc : 41
2 0.874468085106383
5 0.019148936170212766
6 0.01702127659574468
7 0.014893617021276596
4 0.014893617021276596
8 0.012765957446808512
1 0.012765957446808512
0 0.012765957446808512
9 0.010638297872340425
3 0.010638297872340425
doc : 42
2 0.8784648187633262
4 0.017057569296375266
9 0.014925373134328358
8 0.014925373134328358
7 0.014925373134328358
5 0.01279317697228145
1 0.01279317697228145
0 0.01279317697228145
6 0.010660980810234541
3 0.010660980810234541
doc : 43
2 0.8675213675213677
5 0.019230769230769232
9 0.017094017094017096
4 0.01495726495726496
1 0.01495726495726496
0 0.01495726495726496
8 0.012820512820512822
7 0.012820512820512822
6 0.012820512820512822
3 0.012820512820512822
doc : 44
8 0.8553672316384181
2 0.02937853107344633
4 0.021468926553672316
1 0.021468926553672316
7 0.01807909604519774
9 0.013559322033898306
5 0.012429378531073447
3 0.012429378531073447
6 0.00903954802259887
0 0.006779661016949153
doc : 45
0 0.35224586288416077
6 0.2836879432624113
7 0.16548463356973994
4 0.06382978723404255
1 0.04728132387706856
3 0.026004728132387706
9 0.02127659574468085
8 0.016548463356973995
5 0.01182033096926714
2 0.01182033096926714
doc : 46
0 0.42080378250591016
6 0.3380614657210402
7 0.09692671394799054
4 0.028368794326241134
9 0.026004728132387706
2 0.02127659574468085
1 0.02127659574468085
3 0.018912529550827423
8 0.016548463356973995
5 0.01182033096926714
doc : 47
0 0.5751445086705202
3 0.26011560693641617
7 0.033236994219653176
8 0.030346820809248554
6 0.030346820809248554
4 0.02167630057803468
9 0.015895953757225433
5 0.011560693641618497
1 0.011560693641618497
2 0.010115606936416185
doc : 48
1 0.8181818181818181
7 0.03110047846889952
8 0.023923444976076555
4 0.023923444976076555
2 0.021531100478468897
9 0.019138755980861243
3 0.019138755980861243
6 0.01674641148325359
0 0.014354066985645932
5 0.011961722488038277
doc : 49
0 0.7209737827715356
4 0.06741573033707865
1 0.052434456928838954
7 0.05056179775280899
8 0.02247191011235955
9 0.02059925093632959
6 0.02059925093632959
3 0.02059925093632959
2 0.0149812734082397
5 0.009363295880149813
