doc : 0
2 0.2637795275590551
6 0.24803149606299213
9 0.15354330708661418
4 0.12598425196850394
8 0.05511811023622047
0 0.047244094488188976
3 0.031496062992125984
1 0.027559055118110236
7 0.023622047244094488
5 0.023622047244094488
doc : 1
2 0.4301675977653631
6 0.19553072625698326
9 0.10614525139664804
3 0.0558659217877095
1 0.05027932960893855
8 0.0446927374301676
5 0.0335195530726257
7 0.02793296089385475
4 0.02793296089385475
0 0.02793296089385475
doc : 2
9 0.34099616858237547
8 0.1954022988505747
6 0.19157088122605362
1 0.06130268199233716
4 0.053639846743295014
2 0.042145593869731796
5 0.034482758620689655
7 0.026819923371647507
3 0.026819923371647507
0 0.026819923371647507
doc : 3
6 0.8
1 0.026923076923076925
9 0.023076923076923078
8 0.023076923076923078
7 0.023076923076923078
3 0.023076923076923078
0 0.023076923076923078
5 0.019230769230769232
4 0.019230769230769232
2 0.019230769230769232
doc : 4
6 0.7943262411347518
2 0.031914893617021274
8 0.024822695035460994
0 0.024822695035460994
7 0.02127659574468085
5 0.02127659574468085
4 0.02127659574468085
3 0.02127659574468085
1 0.02127659574468085
9 0.017730496453900707
doc : 5
6 0.8135593220338982
8 0.030508474576271184
5 0.023728813559322035
7 0.020338983050847456
4 0.020338983050847456
3 0.020338983050847456
1 0.020338983050847456
9 0.01694915254237288
2 0.01694915254237288
0 0.01694915254237288
doc : 6
6 0.8226950354609929
8 0.031914893617021274
5 0.02127659574468085
9 0.017730496453900707
7 0.017730496453900707
4 0.017730496453900707
3 0.017730496453900707
2 0.017730496453900707
1 0.017730496453900707
0 0.017730496453900707
doc : 7
6 0.7896551724137931
9 0.04827586206896552
8 0.027586206896551724
5 0.020689655172413793
4 0.020689655172413793
2 0.020689655172413793
0 0.020689655172413793
7 0.017241379310344827
3 0.017241379310344827
1 0.017241379310344827
doc : 8
6 0.7978723404255319
9 0.031914893617021274
1 0.031914893617021274
2 0.024822695035460994
8 0.02127659574468085
5 0.02127659574468085
7 0.017730496453900707
4 0.017730496453900707
3 0.017730496453900707
0 0.017730496453900707
doc : 9
6 0.8241379310344827
9 0.02413793103448276
8 0.02413793103448276
7 0.020689655172413793
1 0.020689655172413793
5 0.017241379310344827
4 0.017241379310344827
3 0.017241379310344827
2 0.017241379310344827
0 0.017241379310344827
doc : 10
2 0.4147727272727273
6 0.17613636363636365
9 0.125
1 0.0625
8 0.045454545454545456
5 0.03977272727272727
0 0.03977272727272727
7 0.03409090909090909
3 0.03409090909090909
4 0.02840909090909091
doc : 11
2 0.36170212765957444
6 0.30851063829787234
9 0.06382978723404255
8 0.05851063829787234
5 0.0425531914893617
0 0.0425531914893617
1 0.03723404255319149
7 0.031914893617021274
4 0.026595744680851064
3 0.026595744680851064
doc : 12
6 0.8172413793103448
5 0.027586206896551724
2 0.02413793103448276
9 0.020689655172413793
8 0.020689655172413793
1 0.020689655172413793
7 0.017241379310344827
4 0.017241379310344827
3 0.017241379310344827
0 0.017241379310344827
doc : 13
6 0.8206896551724138
8 0.03103448275862069
5 0.020689655172413793
1 0.020689655172413793
0 0.020689655172413793
9 0.017241379310344827
7 0.017241379310344827
4 0.017241379310344827
3 0.017241379310344827
2 0.017241379310344827
doc : 14
6 0.7732558139534884
5 0.06976744186046512
8 0.03488372093023256
0 0.026162790697674417
9 0.020348837209302327
1 0.01744186046511628
7 0.014534883720930232
4 0.014534883720930232
3 0.014534883720930232
2 0.014534883720930232
doc : 15
6 0.801418439716312
8 0.035460992907801414
2 0.024822695035460994
1 0.024822695035460994
5 0.02127659574468085
0 0.02127659574468085
9 0.017730496453900707
7 0.017730496453900707
4 0.017730496453900707
3 0.017730496453900707
doc : 16
6 0.8217821782178218
9 0.0297029702970297
1 0.026402640264026403
8 0.019801980198019802
5 0.019801980198019802
7 0.0165016501650165
4 0.0165016501650165
3 0.0165016501650165
2 0.0165016501650165
0 0.0165016501650165
doc : 17
6 0.8305084745762712
1 0.023728813559322035
7 0.020338983050847456
5 0.020338983050847456
0 0.020338983050847456
9 0.01694915254237288
8 0.01694915254237288
4 0.01694915254237288
3 0.01694915254237288
2 0.01694915254237288
doc : 18
5 0.9296218487394957
6 0.011554621848739495
0 0.009453781512605041
8 0.008403361344537815
9 0.007352941176470588
3 0.007352941176470588
2 0.007352941176470588
1 0.007352941176470588
4 0.0063025210084033615
7 0.005252100840336134
doc : 19
9 0.43283582089552236
6 0.2260127931769723
8 0.06823027718550106
2 0.06609808102345416
3 0.053304904051172705
1 0.0511727078891258
0 0.031982942430703626
5 0.029850746268656716
7 0.027718550106609806
4 0.01279317697228145
doc : 20
7 0.7516778523489933
0 0.11714460036607688
5 0.07199511897498474
8 0.012812690665039659
2 0.012812690665039659
6 0.009762050030506406
9 0.007321537522879805
3 0.006711409395973154
1 0.005491153142159854
4 0.004270896888346552
doc : 21
9 0.8
6 0.05858585858585859
3 0.04242424242424243
7 0.01616161616161616
2 0.01616161616161616
1 0.01616161616161616
8 0.014141414141414142
0 0.014141414141414142
4 0.012121212121212121
5 0.0101010101010101
doc : 22
9 0.5706521739130435
6 0.10326086956521739
1 0.07608695652173914
8 0.05434782608695652
7 0.03804347826086957
5 0.03260869565217391
4 0.03260869565217391
2 0.03260869565217391
0 0.03260869565217391
3 0.02717391304347826
doc : 23
9 0.7704402515723271
6 0.04088050314465409
7 0.03773584905660378
8 0.02830188679245283
5 0.025157232704402517
2 0.022012578616352203
4 0.01886792452830189
3 0.01886792452830189
1 0.01886792452830189
0 0.01886792452830189
doc : 24
9 0.4025423728813559
1 0.1652542372881356
0 0.09322033898305085
2 0.07203389830508475
7 0.06779661016949153
8 0.059322033898305086
6 0.05508474576271186
5 0.03389830508474576
4 0.025423728813559324
3 0.025423728813559324
doc : 25
7 0.9123414071510958
0 0.052479815455594006
8 0.006343713956170704
2 0.006343713956170704
6 0.005190311418685121
5 0.005190311418685121
3 0.0034602076124567475
9 0.0028835063437139563
4 0.0028835063437139563
1 0.0028835063437139563
doc : 26
0 0.7855297157622739
7 0.041343669250646
6 0.031007751937984496
8 0.028423772609819122
2 0.028423772609819122
5 0.020671834625323
3 0.018087855297157625
1 0.018087855297157625
9 0.015503875968992248
4 0.012919896640826874
doc : 27
0 0.9147368421052632
7 0.023157894736842106
6 0.009473684210526315
9 0.008421052631578947
3 0.008421052631578947
2 0.008421052631578947
5 0.007368421052631579
4 0.007368421052631579
8 0.00631578947368421
1 0.00631578947368421
doc : 28
3 0.7122641509433962
0 0.07075471698113207
2 0.051886792452830184
6 0.04245283018867924
8 0.030660377358490566
7 0.025943396226415092
1 0.025943396226415092
9 0.014150943396226415
4 0.014150943396226415
5 0.011792452830188678
doc : 29
9 0.7421383647798743
6 0.04402515723270441
8 0.03459119496855346
7 0.031446540880503145
1 0.031446540880503145
3 0.02830188679245283
5 0.025157232704402517
2 0.025157232704402517
0 0.022012578616352203
4 0.015723270440251572
doc : 30
9 0.7697368421052632
3 0.05657894736842105
6 0.05526315789473684
7 0.02763157894736842
8 0.02368421052631579
2 0.017105263157894738
1 0.015789473684210527
5 0.011842105263157895
0 0.011842105263157895
4 0.010526315789473684
doc : 31
7 0.7555555555555555
0 0.05
9 0.043055555555555555
2 0.03194444444444445
1 0.029166666666666667
8 0.02777777777777778
6 0.02638888888888889
3 0.01388888888888889
5 0.0125
4 0.009722222222222222
doc : 32
8 0.8773234200743495
1 0.030978934324659233
2 0.022304832713754646
6 0.0161090458488228
9 0.01486988847583643
0 0.011152416356877323
7 0.008674101610904586
5 0.006195786864931847
4 0.006195786864931847
3 0.006195786864931847
doc : 33
8 0.9151436031331592
9 0.016971279373368148
6 0.014360313315926894
1 0.009138381201044387
0 0.009138381201044387
3 0.00783289817232376
2 0.00783289817232376
7 0.006527415143603133
5 0.006527415143603133
4 0.006527415143603133
doc : 34
9 0.2229299363057325
1 0.18471337579617836
0 0.1337579617834395
7 0.10191082802547771
2 0.08280254777070065
8 0.07006369426751592
6 0.06369426751592357
4 0.050955414012738856
5 0.0445859872611465
3 0.0445859872611465
doc : 35
6 0.29133858267716534
0 0.12598425196850394
9 0.08661417322834646
8 0.08661417322834646
5 0.08661417322834646
3 0.08661417322834646
2 0.08661417322834646
1 0.07086614173228346
7 0.03937007874015748
4 0.03937007874015748
doc : 36
1 0.6533018867924528
5 0.11084905660377357
6 0.04952830188679245
0 0.04481132075471698
2 0.04245283018867924
8 0.023584905660377357
7 0.023584905660377357
4 0.018867924528301886
9 0.01650943396226415
3 0.01650943396226415
doc : 37
9 0.7033333333333334
6 0.07333333333333333
5 0.043333333333333335
4 0.04
0 0.03333333333333333
3 0.023333333333333334
1 0.023333333333333334
8 0.02
7 0.02
2 0.02
doc : 38
9 0.6206896551724138
1 0.10632183908045977
0 0.07183908045977011
6 0.048850574712643674
5 0.034482758620689655
8 0.028735632183908046
2 0.028735632183908046
7 0.022988505747126436
4 0.020114942528735632
3 0.017241379310344827
doc : 39
9 0.6859205776173285
4 0.07220216606498195
6 0.05054151624548737
5 0.04693140794223827
1 0.02888086642599278
8 0.025270758122743684
2 0.025270758122743684
7 0.021660649819494587
3 0.021660649819494587
0 0.021660649819494587
doc : 40
1 0.8757637474541751
6 0.02036659877800407
9 0.018329938900203666
8 0.01425661914460285
2 0.01425661914460285
5 0.012219959266802444
4 0.012219959266802444
3 0.012219959266802444
7 0.010183299389002035
0 0.010183299389002035
doc : 41
1 0.8767123287671232
6 0.023972602739726026
9 0.017123287671232876
5 0.017123287671232876
7 0.011986301369863013
2 0.011986301369863013
0 0.011986301369863013
8 0.010273972602739725
4 0.010273972602739725
3 0.008561643835616438
doc : 42
8 0.917789757412399
6 0.016172506738544475
2 0.01078167115902965
5 0.009433962264150945
3 0.009433962264150945
9 0.008086253369272238
0 0.008086253369272238
7 0.006738544474393531
4 0.006738544474393531
1 0.006738544474393531
doc : 43
8 0.9090909090909091
6 0.01818181818181818
5 0.014285714285714285
1 0.011688311688311689
3 0.01038961038961039
7 0.00909090909090909
0 0.007792207792207792
9 0.006493506493506494
4 0.006493506493506494
2 0.006493506493506494
doc : 44
8 0.6720516962843296
6 0.20516962843295639
2 0.029079159935379646
9 0.02261712439418417
1 0.01615508885298869
0 0.014539579967689823
7 0.011308562197092085
3 0.011308562197092085
5 0.009693053311793216
4 0.008077544426494346
doc : 45
9 0.6375321336760925
1 0.10796915167095116
2 0.07712082262210797
6 0.05912596401028277
0 0.030848329048843187
8 0.025706940874035987
7 0.015424164524421594
5 0.015424164524421594
4 0.015424164524421594
3 0.015424164524421594
doc : 46
7 0.69185360094451
5 0.16765053128689492
3 0.06552538370720189
0 0.025383707201889018
8 0.017709563164108617
6 0.010035419126328217
2 0.007674144037780401
9 0.005312868949232585
4 0.004722550177095631
1 0.004132231404958678
doc : 47
3 0.7800429184549357
5 0.13841201716738197
8 0.04774678111587983
6 0.006437768240343348
2 0.00536480686695279
0 0.00536480686695279
1 0.004828326180257511
7 0.004291845493562232
9 0.0037553648068669528
4 0.0037553648068669528
doc : 48
0 0.9110546378653114
6 0.020330368487928845
9 0.015247776365946633
7 0.010165184243964422
8 0.007623888182973317
5 0.007623888182973317
3 0.007623888182973317
1 0.007623888182973317
4 0.006353240152477764
2 0.006353240152477764
doc : 49
0 0.9190628328008521
7 0.01703940362087327
6 0.013844515441959533
9 0.010649627263045795
1 0.008519701810436636
4 0.007454739084132056
2 0.007454739084132056
8 0.005324813631522898
5 0.005324813631522898
3 0.005324813631522898
doc : 50
1 0.8893280632411067
6 0.01976284584980237
5 0.015810276679841896
2 0.01383399209486166
9 0.011857707509881422
8 0.009881422924901184
7 0.009881422924901184
4 0.009881422924901184
3 0.009881422924901184
0 0.009881422924901184
doc : 51
1 0.8421052631578947
6 0.0332409972299169
3 0.019390581717451522
2 0.019390581717451522
8 0.01662049861495845
9 0.013850415512465374
7 0.013850415512465374
5 0.013850415512465374
4 0.013850415512465374
0 0.013850415512465374
doc : 52
1 0.6237864077669902
5 0.1116504854368932
6 0.06796116504854369
2 0.038834951456310676
0 0.038834951456310676
7 0.03398058252427184
8 0.02669902912621359
3 0.021844660194174755
4 0.019417475728155338
9 0.01699029126213592
doc : 53
8 0.9215189873417722
6 0.010126582278481013
3 0.010126582278481013
2 0.010126582278481013
5 0.008860759493670886
1 0.008860759493670886
0 0.008860759493670886
9 0.00759493670886076
7 0.00759493670886076
4 0.006329113924050633
doc : 54
6 0.4228571428571429
9 0.21142857142857144
5 0.06285714285714286
2 0.06285714285714286
1 0.06285714285714286
7 0.05142857142857143
8 0.03428571428571429
0 0.03428571428571429
4 0.02857142857142857
3 0.02857142857142857
doc : 55
9 0.740484429065744
6 0.058823529411764705
1 0.03806228373702422
0 0.03114186851211073
4 0.02768166089965398
7 0.02422145328719723
2 0.02422145328719723
8 0.020761245674740483
5 0.01730103806228374
3 0.01730103806228374
doc : 56
6 0.39849624060150374
2 0.2969924812030075
8 0.06766917293233082
4 0.05639097744360902
9 0.041353383458646614
3 0.041353383458646614
5 0.03007518796992481
1 0.02631578947368421
0 0.022556390977443608
7 0.018796992481203006
doc : 57
2 0.6595092024539877
5 0.23312883435582823
6 0.018404907975460124
4 0.018404907975460124
9 0.01687116564417178
1 0.01687116564417178
8 0.010736196319018405
7 0.010736196319018405
3 0.007668711656441718
0 0.007668711656441718
doc : 58
0 0.9152970922882429
9 0.01390644753476612
7 0.011378002528445008
8 0.010113780025284451
6 0.010113780025284451
5 0.010113780025284451
2 0.008849557522123894
3 0.007585335018963338
4 0.006321112515802782
1 0.006321112515802782
doc : 59
0 0.9195544554455446
6 0.01608910891089109
4 0.009900990099009901
2 0.009900990099009901
7 0.008663366336633664
1 0.008663366336633664
9 0.007425742574257425
8 0.007425742574257425
5 0.006188118811881188
3 0.006188118811881188
doc : 60
0 0.9069767441860466
9 0.018087855297157625
6 0.014211886304909561
1 0.014211886304909561
7 0.009043927648578812
5 0.009043927648578812
3 0.007751937984496124
2 0.007751937984496124
8 0.006459948320413437
4 0.006459948320413437
doc : 61
0 0.9187500000000001
9 0.015
7 0.0125
8 0.01
6 0.01
5 0.0075
4 0.0075
3 0.00625
2 0.00625
1 0.00625
doc : 62
5 0.32752613240418116
9 0.2926829268292683
6 0.14982578397212543
1 0.0627177700348432
4 0.03832752613240418
2 0.03832752613240418
8 0.024390243902439025
3 0.024390243902439025
7 0.020905923344947737
0 0.020905923344947737
doc : 63
9 0.3983516483516484
2 0.12912087912087913
1 0.1098901098901099
0 0.08516483516483517
8 0.06868131868131869
6 0.06868131868131869
5 0.049450549450549455
7 0.03296703296703297
3 0.030219780219780223
4 0.027472527472527476
doc : 64
3 0.7942558746736292
5 0.1342036553524804
8 0.042819843342036555
6 0.00835509138381201
7 0.0036553524804177544
4 0.0036553524804177544
2 0.0036553524804177544
1 0.0036553524804177544
9 0.0031331592689295036
0 0.0026109660574412533
doc : 65
3 0.7927155865024103
5 0.12694161756829137
8 0.048205677557579
4 0.0058918050348152114
0 0.0058918050348152114
6 0.004284949116229245
2 0.004284949116229245
1 0.004284949116229245
9 0.003749330476700589
7 0.003749330476700589
doc : 66
5 0.798977853492334
2 0.04770017035775128
1 0.027257240204429302
9 0.02385008517887564
7 0.02385008517887564
3 0.022146507666098807
0 0.017035775127768313
6 0.015332197614991482
8 0.01192504258943782
4 0.01192504258943782
doc : 67
9 0.5463917525773195
6 0.14948453608247422
8 0.05670103092783505
2 0.05154639175257732
5 0.041237113402061855
1 0.03608247422680412
7 0.030927835051546393
4 0.030927835051546393
0 0.030927835051546393
3 0.02577319587628866
doc : 68
9 0.2761904761904762
2 0.16666666666666669
8 0.14047619047619048
1 0.13333333333333336
6 0.1142857142857143
7 0.06666666666666668
5 0.03571428571428572
3 0.028571428571428574
0 0.026190476190476195
4 0.011904761904761906
doc : 69
0 0.4740190880169672
7 0.2841993637327678
5 0.17285259809119832
4 0.01484623541887593
6 0.013785790031813364
8 0.010604453870625663
9 0.008483563096500531
1 0.008483563096500531
2 0.007423117709437965
3 0.005302226935312832
doc : 70
2 0.646288209606987
5 0.2532751091703057
6 0.01601164483260553
9 0.013100436681222708
8 0.013100436681222708
4 0.013100436681222708
1 0.013100436681222708
0 0.013100436681222708
7 0.010189228529839884
3 0.008733624454148471
doc : 71
2 0.650571791613723
5 0.2668360864040661
6 0.016518424396442185
1 0.01397712833545108
4 0.010165184243964422
9 0.008894536213468869
8 0.008894536213468869
0 0.008894536213468869
7 0.007623888182973317
3 0.007623888182973317
doc : 72
2 0.7430555555555555
5 0.125
1 0.027777777777777776
7 0.01909722222222222
6 0.01909722222222222
4 0.017361111111111112
9 0.015625
8 0.012152777777777776
0 0.012152777777777776
3 0.008680555555555556
doc : 73
3 0.6148036253776435
2 0.19486404833836857
6 0.061933534743202415
0 0.030211480362537763
9 0.027190332326283987
1 0.02416918429003021
8 0.013595166163141994
5 0.013595166163141994
7 0.012084592145015106
4 0.007552870090634441
doc : 74
7 0.4909090909090909
0 0.2581818181818182
8 0.04363636363636364
3 0.04363636363636364
5 0.03636363636363636
2 0.03636363636363636
6 0.03272727272727273
1 0.02181818181818182
9 0.01818181818181818
4 0.01818181818181818
doc : 75
9 0.5260663507109005
0 0.14218009478672988
3 0.07109004739336494
6 0.05213270142180095
1 0.05213270142180095
2 0.04265402843601896
7 0.03317535545023697
8 0.028436018957345974
5 0.028436018957345974
4 0.023696682464454978
doc : 76
1 0.8544152744630072
6 0.03341288782816229
2 0.01909307875894988
9 0.016706443914081145
5 0.014319809069212411
3 0.014319809069212411
8 0.011933174224343677
7 0.011933174224343677
4 0.011933174224343677
0 0.011933174224343677
doc : 77
4 0.979353562005277
5 0.015765171503957783
2 8.575197889182058E-4
6 7.255936675461741E-4
1 7.255936675461741E-4
9 5.936675461741425E-4
7 5.277044854881266E-4
3 5.277044854881266E-4
8 4.617414248021108E-4
0 4.617414248021108E-4
doc : 78
5 0.3956989247311828
2 0.267741935483871
1 0.20967741935483872
0 0.04086021505376344
9 0.03010752688172043
7 0.017204301075268817
6 0.013978494623655914
3 0.00967741935483871
8 0.007526881720430107
4 0.007526881720430107
doc : 79
0 0.9138297872340426
7 0.023404255319148935
2 0.010638297872340425
9 0.009574468085106383
6 0.00851063829787234
5 0.007446808510638298
1 0.007446808510638298
8 0.006382978723404256
4 0.006382978723404256
3 0.006382978723404256
doc : 80
2 0.8506616257088847
1 0.03213610586011342
6 0.026465028355387523
9 0.020793950850661626
7 0.013232514177693762
5 0.013232514177693762
0 0.013232514177693762
8 0.011342155009451797
4 0.00945179584120983
3 0.00945179584120983
doc : 81
9 0.5915178571428571
0 0.10267857142857142
2 0.07366071428571429
1 0.06919642857142856
3 0.04241071428571428
7 0.03794642857142857
6 0.026785714285714284
5 0.024553571428571428
8 0.015625
4 0.015625
doc : 82
8 0.9181446111869032
6 0.015006821282401092
9 0.009549795361527967
3 0.009549795361527967
0 0.009549795361527967
5 0.008185538881309686
2 0.008185538881309686
1 0.008185538881309686
7 0.0068212824010914054
4 0.0068212824010914054
doc : 83
5 0.9420289855072463
4 0.008695652173913044
6 0.007729468599033816
7 0.006763285024154589
0 0.006763285024154589
9 0.005797101449275362
8 0.005797101449275362
2 0.005797101449275362
1 0.005797101449275362
3 0.004830917874396135
doc : 84
3 0.6833333333333333
6 0.0642857142857143
0 0.04047619047619048
2 0.0380952380952381
1 0.03571428571428572
8 0.03333333333333334
9 0.030952380952380953
7 0.026190476190476195
5 0.026190476190476195
4 0.02142857142857143
doc : 85
9 0.3869346733668342
0 0.1306532663316583
2 0.11055276381909548
7 0.10552763819095477
1 0.05527638190954774
6 0.05025125628140704
3 0.04522613065326633
8 0.04020100502512563
4 0.04020100502512563
5 0.035175879396984924
doc : 86
7 0.6956198960653304
0 0.16109873793615442
5 0.08314773570898293
6 0.011878247958426132
8 0.011135857461024499
2 0.009651076466221232
9 0.007423904974016332
1 0.007423904974016332
3 0.006681514476614699
4 0.005939123979213066
doc : 87
7 0.5616438356164384
0 0.24315068493150682
6 0.039383561643835614
9 0.03595890410958904
2 0.032534246575342464
1 0.030821917808219176
8 0.017123287671232876
5 0.0136986301369863
3 0.0136986301369863
4 0.011986301369863013
doc : 88
7 0.5095238095238095
0 0.3682539682539683
2 0.026984126984126985
8 0.020634920634920634
6 0.01904761904761905
3 0.01746031746031746
1 0.011111111111111112
9 0.009523809523809525
4 0.009523809523809525
5 0.007936507936507936
doc : 89
2 0.8676716917922949
6 0.031825795644891124
3 0.020100502512562814
1 0.020100502512562814
5 0.01340033500837521
9 0.010050251256281407
8 0.010050251256281407
4 0.010050251256281407
7 0.008375209380234505
0 0.008375209380234505
doc : 90
2 0.7317880794701986
1 0.06788079470198675
0 0.04470198675496689
6 0.041390728476821195
9 0.03642384105960265
3 0.024834437086092714
8 0.02152317880794702
7 0.013245033112582781
5 0.009933774834437087
4 0.008278145695364239
doc : 91
6 0.8431952662721893
0 0.023668639053254437
8 0.02071005917159763
3 0.02071005917159763
9 0.01775147928994083
7 0.014792899408284023
5 0.014792899408284023
4 0.014792899408284023
2 0.014792899408284023
1 0.014792899408284023
doc : 92
2 0.37575757575757573
6 0.30303030303030304
8 0.06666666666666667
9 0.06060606060606061
3 0.03636363636363636
1 0.03636363636363636
7 0.030303030303030304
5 0.030303030303030304
4 0.030303030303030304
0 0.030303030303030304
doc : 93
7 0.5048076923076923
0 0.25
9 0.07211538461538462
1 0.05048076923076923
8 0.02403846153846154
6 0.02403846153846154
2 0.02403846153846154
4 0.019230769230769232
3 0.01682692307692308
5 0.014423076923076924
doc : 94
9 0.22772277227722773
6 0.1782178217821782
1 0.09900990099009901
2 0.0891089108910891
0 0.0891089108910891
8 0.07920792079207921
7 0.06930693069306931
5 0.06930693069306931
4 0.04950495049504951
3 0.04950495049504951
doc : 95
3 0.6184798807749627
2 0.18926974664679583
6 0.07749627421758569
9 0.02384500745156483
1 0.02384500745156483
0 0.020864381520119227
8 0.01639344262295082
7 0.010432190760059613
4 0.010432190760059613
5 0.00894187779433681
doc : 96
9 0.3643122676579926
8 0.362453531598513
1 0.1003717472118959
6 0.0483271375464684
0 0.03345724907063197
3 0.031598513011152414
2 0.0241635687732342
7 0.013011152416356878
5 0.013011152416356878
4 0.009293680297397768
doc : 97
6 0.4052044609665427
9 0.1486988847583643
3 0.1003717472118959
4 0.08178438661710037
8 0.06319702602230483
7 0.055762081784386616
2 0.04460966542750929
0 0.04460966542750929
1 0.03345724907063197
5 0.022304832713754646
doc : 98
7 0.3333333333333333
0 0.3063973063973064
6 0.09764309764309764
9 0.06397306397306397
1 0.050505050505050504
3 0.04713804713804714
5 0.0303030303030303
2 0.026936026936026935
8 0.02356902356902357
4 0.0202020202020202
doc : 99
8 0.3813333333333333
3 0.13599999999999998
0 0.12533333333333332
2 0.10133333333333333
6 0.09066666666666666
7 0.05333333333333333
5 0.032
9 0.029333333333333333
4 0.026666666666666665
1 0.024
