doc : 0
8 0.44244604316546765
9 0.19424460431654678
2 0.11151079136690648
3 0.06474820143884892
4 0.05035971223021583
6 0.03597122302158273
7 0.02877697841726619
5 0.025179856115107917
0 0.025179856115107917
1 0.02158273381294964
doc : 1
9 0.3860182370820669
8 0.3708206686930091
2 0.0972644376899696
3 0.03343465045592705
6 0.02127659574468085
4 0.02127659574468085
1 0.02127659574468085
7 0.0182370820668693
5 0.015197568389057751
0 0.015197568389057751
doc : 2
8 0.4072948328267477
9 0.3768996960486322
2 0.0851063829787234
4 0.030395136778115502
5 0.02127659574468085
6 0.0182370820668693
7 0.015197568389057751
3 0.015197568389057751
1 0.015197568389057751
0 0.015197568389057751
doc : 3
9 0.42857142857142855
8 0.3495440729483283
2 0.09422492401215805
4 0.0243161094224924
7 0.0182370820668693
6 0.0182370820668693
5 0.0182370820668693
3 0.0182370820668693
1 0.015197568389057751
0 0.015197568389057751
doc : 4
9 0.41641337386018235
8 0.3617021276595745
2 0.08814589665653495
4 0.0243161094224924
3 0.0243161094224924
6 0.0182370820668693
5 0.0182370820668693
1 0.0182370820668693
7 0.015197568389057751
0 0.015197568389057751
doc : 5
9 0.4259818731117825
8 0.34441087613293053
2 0.09063444108761329
3 0.027190332326283987
4 0.02416918429003021
7 0.01812688821752266
6 0.01812688821752266
1 0.01812688821752266
0 0.01812688821752266
5 0.015105740181268881
doc : 6
2 0.2109375
4 0.1171875
6 0.1015625
0 0.1015625
8 0.09375
7 0.09375
3 0.0859375
9 0.0703125
1 0.0703125
5 0.0546875
doc : 7
0 0.34558823529411764
2 0.10294117647058823
7 0.09558823529411764
4 0.09558823529411764
3 0.07352941176470588
9 0.0661764705882353
8 0.0661764705882353
5 0.058823529411764705
1 0.058823529411764705
6 0.03676470588235294
doc : 8
4 0.36470588235294116
0 0.15294117647058825
3 0.09411764705882353
8 0.07647058823529412
2 0.06470588235294117
1 0.058823529411764705
9 0.052941176470588235
7 0.052941176470588235
5 0.047058823529411764
6 0.03529411764705882
doc : 9
4 0.4790697674418605
3 0.13023255813953488
2 0.07906976744186046
9 0.05581395348837209
8 0.046511627906976744
7 0.046511627906976744
1 0.046511627906976744
5 0.04186046511627907
0 0.04186046511627907
6 0.03255813953488372
doc : 10
9 0.4031746031746032
8 0.34285714285714286
2 0.09841269841269841
4 0.0380952380952381
3 0.02857142857142857
5 0.022222222222222223
0 0.01904761904761905
7 0.015873015873015872
6 0.015873015873015872
1 0.015873015873015872
doc : 11
9 0.3957703927492447
8 0.36253776435045315
2 0.1027190332326284
4 0.027190332326283987
3 0.021148036253776436
1 0.021148036253776436
6 0.01812688821752266
5 0.01812688821752266
0 0.01812688821752266
7 0.015105740181268881
doc : 12
9 0.3957703927492447
8 0.3474320241691843
2 0.1148036253776435
3 0.030211480362537763
6 0.02416918429003021
4 0.021148036253776436
7 0.01812688821752266
1 0.01812688821752266
5 0.015105740181268881
0 0.015105740181268881
doc : 13
9 0.3987915407854985
8 0.36555891238670696
2 0.11178247734138973
6 0.021148036253776436
4 0.021148036253776436
3 0.021148036253776436
7 0.015105740181268881
5 0.015105740181268881
1 0.015105740181268881
0 0.015105740181268881
doc : 14
9 0.3957703927492447
8 0.3564954682779456
2 0.10876132930513595
4 0.027190332326283987
5 0.02416918429003021
1 0.021148036253776436
6 0.01812688821752266
3 0.01812688821752266
7 0.015105740181268881
0 0.015105740181268881
doc : 15
9 0.3987915407854985
8 0.36253776435045315
2 0.09063444108761329
4 0.027190332326283987
6 0.02416918429003021
3 0.02416918429003021
7 0.021148036253776436
0 0.021148036253776436
5 0.015105740181268881
1 0.015105740181268881
doc : 16
9 0.4031746031746032
8 0.37777777777777777
2 0.09523809523809523
6 0.01904761904761905
5 0.01904761904761905
4 0.01904761904761905
3 0.01904761904761905
7 0.015873015873015872
1 0.015873015873015872
0 0.015873015873015872
doc : 17
8 0.3957703927492447
9 0.3867069486404834
2 0.09063444108761329
6 0.021148036253776436
5 0.01812688821752266
4 0.01812688821752266
3 0.01812688821752266
1 0.01812688821752266
0 0.01812688821752266
7 0.015105740181268881
doc : 18
9 0.41389728096676737
8 0.3474320241691843
2 0.09969788519637462
4 0.030211480362537763
3 0.027190332326283987
1 0.021148036253776436
7 0.015105740181268881
6 0.015105740181268881
5 0.015105740181268881
0 0.015105740181268881
doc : 19
9 0.3746031746031746
8 0.36507936507936506
2 0.10158730158730159
4 0.0380952380952381
3 0.031746031746031744
6 0.01904761904761905
5 0.01904761904761905
1 0.01904761904761905
7 0.015873015873015872
0 0.015873015873015872
doc : 20
9 0.42857142857142855
8 0.33650793650793653
2 0.08888888888888889
3 0.02857142857142857
4 0.025396825396825397
0 0.022222222222222223
6 0.01904761904761905
1 0.01904761904761905
7 0.015873015873015872
5 0.015873015873015872
doc : 21
9 0.4380664652567976
8 0.33534743202416917
2 0.08157099697885196
4 0.03323262839879154
3 0.027190332326283987
1 0.021148036253776436
7 0.01812688821752266
6 0.015105740181268881
5 0.015105740181268881
0 0.015105740181268881
doc : 22
9 0.38972809667673713
8 0.3504531722054381
2 0.10876132930513595
4 0.03927492447129909
5 0.021148036253776436
3 0.021148036253776436
7 0.01812688821752266
6 0.01812688821752266
0 0.01812688821752266
1 0.015105740181268881
doc : 23
9 0.3873015873015873
8 0.3682539682539683
2 0.10476190476190476
6 0.025396825396825397
4 0.022222222222222223
3 0.022222222222222223
7 0.01904761904761905
1 0.01904761904761905
5 0.015873015873015872
0 0.015873015873015872
doc : 24
9 0.4199395770392749
8 0.3595166163141994
2 0.09969788519637462
4 0.02416918429003021
5 0.01812688821752266
0 0.01812688821752266
7 0.015105740181268881
6 0.015105740181268881
3 0.015105740181268881
1 0.015105740181268881
doc : 25
8 0.4
9 0.38095238095238093
2 0.09206349206349207
3 0.025396825396825397
6 0.01904761904761905
1 0.01904761904761905
7 0.015873015873015872
5 0.015873015873015872
4 0.015873015873015872
0 0.015873015873015872
doc : 26
8 0.39209726443768994
9 0.3768996960486322
2 0.08814589665653495
6 0.02735562310030395
3 0.02735562310030395
4 0.02127659574468085
1 0.02127659574468085
7 0.015197568389057751
5 0.015197568389057751
0 0.015197568389057751
doc : 27
9 0.4199395770392749
8 0.3595166163141994
2 0.08761329305135952
3 0.03323262839879154
7 0.01812688821752266
6 0.01812688821752266
4 0.01812688821752266
5 0.015105740181268881
1 0.015105740181268881
0 0.015105740181268881
doc : 28
9 0.3867069486404834
8 0.37462235649546827
2 0.09365558912386707
4 0.03927492447129909
3 0.02416918429003021
6 0.01812688821752266
1 0.01812688821752266
7 0.015105740181268881
5 0.015105740181268881
0 0.015105740181268881
doc : 29
9 0.3806646525679758
8 0.36253776435045315
2 0.09667673716012085
4 0.03625377643504532
3 0.030211480362537763
6 0.02416918429003021
7 0.01812688821752266
5 0.01812688821752266
0 0.01812688821752266
1 0.015105740181268881
doc : 30
9 0.3867069486404834
8 0.3806646525679758
2 0.08761329305135952
4 0.030211480362537763
6 0.02416918429003021
3 0.02416918429003021
7 0.01812688821752266
0 0.01812688821752266
5 0.015105740181268881
1 0.015105740181268881
doc : 31
9 0.4108761329305136
8 0.35347432024169184
2 0.10876132930513595
4 0.021148036253776436
3 0.021148036253776436
6 0.01812688821752266
1 0.01812688821752266
0 0.01812688821752266
7 0.015105740181268881
5 0.015105740181268881
doc : 32
9 0.41389728096676737
8 0.33534743202416917
2 0.09667673716012085
4 0.03625377643504532
3 0.02416918429003021
6 0.021148036253776436
5 0.021148036253776436
1 0.021148036253776436
7 0.015105740181268881
0 0.015105740181268881
doc : 33
9 0.39274924471299094
8 0.36253776435045315
2 0.10574018126888217
3 0.030211480362537763
4 0.02416918429003021
6 0.01812688821752266
5 0.01812688821752266
0 0.01812688821752266
7 0.015105740181268881
1 0.015105740181268881
doc : 34
9 0.41904761904761906
8 0.3619047619047619
2 0.08571428571428572
3 0.02857142857142857
6 0.01904761904761905
4 0.01904761904761905
0 0.01904761904761905
7 0.015873015873015872
5 0.015873015873015872
1 0.015873015873015872
doc : 35
9 0.3957703927492447
8 0.36555891238670696
2 0.09667673716012085
3 0.03323262839879154
4 0.027190332326283987
0 0.021148036253776436
7 0.015105740181268881
6 0.015105740181268881
5 0.015105740181268881
1 0.015105740181268881
doc : 36
9 0.3867069486404834
8 0.3685800604229607
2 0.11178247734138973
4 0.02416918429003021
6 0.021148036253776436
1 0.021148036253776436
7 0.01812688821752266
5 0.01812688821752266
3 0.015105740181268881
0 0.015105740181268881
doc : 37
4 0.37327188940092165
2 0.1382488479262673
1 0.09216589861751152
7 0.08755760368663594
5 0.08294930875576037
0 0.06912442396313365
6 0.05529953917050691
3 0.04608294930875576
9 0.03225806451612903
8 0.02304147465437788
doc : 38
0 0.6739130434782609
7 0.06884057971014493
2 0.043478260869565216
9 0.03985507246376812
1 0.03985507246376812
5 0.03260869565217391
3 0.03260869565217391
4 0.025362318840579712
8 0.021739130434782608
6 0.021739130434782608
doc : 39
0 0.2594594594594595
4 0.2
3 0.11351351351351352
5 0.08648648648648649
2 0.08648648648648649
8 0.08108108108108109
9 0.05405405405405406
1 0.043243243243243246
7 0.03783783783783784
6 0.03783783783783784
doc : 40
6 0.7878787878787878
4 0.044657097288676235
5 0.030303030303030304
3 0.030303030303030304
0 0.02711323763955343
2 0.025518341307814992
1 0.01594896331738437
7 0.014354066985645933
9 0.012759170653907496
8 0.011164274322169059
doc : 41
9 0.40483383685800606
8 0.34441087613293053
2 0.1027190332326284
3 0.04229607250755287
7 0.021148036253776436
4 0.021148036253776436
5 0.01812688821752266
6 0.015105740181268881
1 0.015105740181268881
0 0.015105740181268881
doc : 42
9 0.4229607250755287
8 0.3685800604229607
2 0.0755287009063444
4 0.03625377643504532
1 0.01812688821752266
0 0.01812688821752266
7 0.015105740181268881
6 0.015105740181268881
5 0.015105740181268881
3 0.015105740181268881
doc : 43
9 0.4108761329305136
8 0.36555891238670696
2 0.08459214501510574
4 0.03323262839879154
3 0.021148036253776436
1 0.021148036253776436
0 0.01812688821752266
7 0.015105740181268881
6 0.015105740181268881
5 0.015105740181268881
doc : 44
8 0.3867069486404834
9 0.3564954682779456
2 0.09063444108761329
4 0.03927492447129909
3 0.03323262839879154
6 0.021148036253776436
1 0.021148036253776436
0 0.021148036253776436
7 0.015105740181268881
5 0.015105740181268881
doc : 45
5 0.6827586206896551
7 0.1296551724137931
0 0.05793103448275862
9 0.03310344827586206
6 0.019310344827586205
1 0.019310344827586205
4 0.01655172413793103
8 0.013793103448275862
3 0.013793103448275862
2 0.013793103448275862
doc : 46
1 0.8493273542600897
4 0.03497757847533632
5 0.02780269058295964
6 0.0242152466367713
3 0.014349775784753363
8 0.012556053811659192
2 0.011659192825112108
0 0.011659192825112108
7 0.007174887892376682
9 0.006278026905829596
doc : 47
3 0.7170731707317073
4 0.07479674796747968
8 0.055284552845528454
6 0.03577235772357724
2 0.029268292682926828
5 0.02113821138211382
0 0.02113821138211382
1 0.01788617886178862
9 0.014634146341463414
7 0.013008130081300813
doc : 48
7 0.7313084112149533
5 0.0911214953271028
0 0.04439252336448598
9 0.02336448598130841
8 0.02336448598130841
4 0.02102803738317757
6 0.018691588785046728
2 0.016355140186915886
1 0.016355140186915886
3 0.014018691588785045
doc : 49
2 0.4451219512195122
4 0.1524390243902439
3 0.08536585365853659
7 0.06097560975609756
0 0.06097560975609756
5 0.042682926829268296
1 0.042682926829268296
9 0.03658536585365854
8 0.03658536585365854
6 0.03658536585365854
