doc : 0
4 0.4463276836158192
2 0.1271186440677966
8 0.09322033898305085
5 0.0790960451977401
9 0.059322033898305086
3 0.059322033898305086
7 0.0480225988700565
6 0.031073446327683614
0 0.031073446327683614
1 0.025423728813559324
doc : 1
4 0.7248459958932238
0 0.07392197125256673
2 0.04106776180698152
5 0.034907597535934295
7 0.024640657084188913
9 0.022587268993839837
6 0.02053388090349076
3 0.02053388090349076
8 0.018480492813141684
1 0.018480492813141684
doc : 2
5 0.7664233576642336
9 0.04866180048661801
4 0.029197080291970802
3 0.029197080291970802
2 0.029197080291970802
7 0.026763990267639905
0 0.021897810218978103
6 0.0170316301703163
1 0.0170316301703163
8 0.014598540145985401
doc : 3
5 0.7802547770700637
1 0.03503184713375796
2 0.03343949044585987
4 0.03184713375796178
9 0.027070063694267517
3 0.02388535031847134
8 0.019108280254777073
7 0.019108280254777073
0 0.019108280254777073
6 0.011146496815286625
doc : 4
2 0.8814935064935066
9 0.021103896103896104
5 0.016233766233766236
7 0.014610389610389612
4 0.014610389610389612
8 0.011363636363636364
1 0.011363636363636364
6 0.00974025974025974
3 0.00974025974025974
0 0.00974025974025974
doc : 5
8 0.8491620111731844
3 0.0335195530726257
1 0.021415270018621972
4 0.020484171322160148
2 0.019553072625698324
5 0.0186219739292365
9 0.012104283054003724
0 0.0111731843575419
6 0.009776536312849162
7 0.004189944134078212
doc : 6
7 0.68
0 0.05333333333333334
9 0.03333333333333333
8 0.03333333333333333
6 0.03333333333333333
5 0.03333333333333333
4 0.03333333333333333
3 0.03333333333333333
2 0.03333333333333333
1 0.03333333333333333
doc : 7
7 0.6711409395973155
9 0.040268456375838924
5 0.040268456375838924
2 0.040268456375838924
1 0.040268456375838924
8 0.03355704697986577
6 0.03355704697986577
4 0.03355704697986577
3 0.03355704697986577
0 0.03355704697986577
doc : 8
7 0.6050420168067226
2 0.05042016806722689
0 0.05042016806722689
9 0.04201680672268907
8 0.04201680672268907
6 0.04201680672268907
5 0.04201680672268907
4 0.04201680672268907
3 0.04201680672268907
1 0.04201680672268907
doc : 9
7 0.5899280575539568
2 0.06474820143884892
1 0.06474820143884892
9 0.05035971223021583
4 0.04316546762589928
0 0.04316546762589928
8 0.03597122302158273
6 0.03597122302158273
5 0.03597122302158273
3 0.03597122302158273
doc : 10
7 0.5882352941176471
0 0.058823529411764705
2 0.05042016806722689
1 0.05042016806722689
9 0.04201680672268907
8 0.04201680672268907
6 0.04201680672268907
5 0.04201680672268907
4 0.04201680672268907
3 0.04201680672268907
doc : 11
7 0.5882352941176471
9 0.058823529411764705
6 0.05042016806722689
0 0.05042016806722689
8 0.04201680672268907
5 0.04201680672268907
4 0.04201680672268907
3 0.04201680672268907
2 0.04201680672268907
1 0.04201680672268907
doc : 12
7 0.6050420168067226
8 0.05042016806722689
4 0.05042016806722689
9 0.04201680672268907
6 0.04201680672268907
5 0.04201680672268907
3 0.04201680672268907
2 0.04201680672268907
1 0.04201680672268907
0 0.04201680672268907
doc : 13
7 0.6166666666666667
9 0.05
8 0.041666666666666664
6 0.041666666666666664
5 0.041666666666666664
4 0.041666666666666664
3 0.041666666666666664
2 0.041666666666666664
1 0.041666666666666664
0 0.041666666666666664
doc : 14
7 0.6218487394957983
9 0.04201680672268907
8 0.04201680672268907
6 0.04201680672268907
5 0.04201680672268907
4 0.04201680672268907
3 0.04201680672268907
2 0.04201680672268907
1 0.04201680672268907
0 0.04201680672268907
doc : 15
7 0.5882352941176471
2 0.058823529411764705
4 0.05042016806722689
1 0.05042016806722689
9 0.04201680672268907
8 0.04201680672268907
6 0.04201680672268907
5 0.04201680672268907
3 0.04201680672268907
0 0.04201680672268907
doc : 16
7 0.7000000000000001
9 0.03333333333333333
8 0.03333333333333333
6 0.03333333333333333
5 0.03333333333333333
4 0.03333333333333333
3 0.03333333333333333
2 0.03333333333333333
1 0.03333333333333333
0 0.03333333333333333
doc : 17
7 0.6050420168067226
8 0.05042016806722689
2 0.05042016806722689
9 0.04201680672268907
6 0.04201680672268907
5 0.04201680672268907
4 0.04201680672268907
3 0.04201680672268907
1 0.04201680672268907
0 0.04201680672268907
doc : 18
7 0.68
1 0.04666666666666667
5 0.04
9 0.03333333333333333
8 0.03333333333333333
6 0.03333333333333333
4 0.03333333333333333
3 0.03333333333333333
2 0.03333333333333333
0 0.03333333333333333
doc : 19
7 0.5798319327731092
2 0.07563025210084033
4 0.05042016806722689
9 0.04201680672268907
8 0.04201680672268907
6 0.04201680672268907
5 0.04201680672268907
3 0.04201680672268907
1 0.04201680672268907
0 0.04201680672268907
doc : 20
7 0.5966386554621849
8 0.05042016806722689
2 0.05042016806722689
0 0.05042016806722689
9 0.04201680672268907
6 0.04201680672268907
5 0.04201680672268907
4 0.04201680672268907
3 0.04201680672268907
1 0.04201680672268907
doc : 21
7 0.5966386554621849
9 0.05042016806722689
6 0.05042016806722689
0 0.05042016806722689
8 0.04201680672268907
5 0.04201680672268907
4 0.04201680672268907
3 0.04201680672268907
2 0.04201680672268907
1 0.04201680672268907
doc : 22
8 0.7125748502994013
1 0.0658682634730539
7 0.04491017964071856
9 0.038922155688622756
4 0.03293413173652695
0 0.02694610778443114
2 0.023952095808383235
3 0.02095808383233533
6 0.017964071856287428
5 0.014970059880239521
doc : 23
0 0.32558139534883723
2 0.11627906976744186
7 0.10465116279069767
3 0.08139534883720931
4 0.06976744186046512
1 0.06976744186046512
9 0.05813953488372093
8 0.05813953488372093
6 0.05813953488372093
5 0.05813953488372093
doc : 24
2 0.8453237410071943
9 0.03776978417266187
3 0.02158273381294964
7 0.017985611510791366
1 0.01618705035971223
0 0.01618705035971223
4 0.012589928057553958
8 0.01079136690647482
6 0.01079136690647482
5 0.01079136690647482
doc : 25
7 0.6050420168067226
5 0.05042016806722689
4 0.05042016806722689
9 0.04201680672268907
8 0.04201680672268907
6 0.04201680672268907
3 0.04201680672268907
2 0.04201680672268907
1 0.04201680672268907
0 0.04201680672268907
doc : 26
7 0.673202614379085
2 0.04575163398692811
9 0.0392156862745098
4 0.0392156862745098
3 0.0392156862745098
8 0.032679738562091505
6 0.032679738562091505
5 0.032679738562091505
1 0.032679738562091505
0 0.032679738562091505
doc : 27
2 0.7787610619469026
1 0.038348082595870206
8 0.032448377581120944
0 0.029498525073746312
5 0.02359882005899705
4 0.02359882005899705
9 0.02064896755162242
7 0.02064896755162242
6 0.017699115044247787
3 0.014749262536873156
doc : 28
6 0.909853249475891
7 0.02236198462613557
0 0.013277428371767994
1 0.012578616352201257
9 0.009783368273934312
8 0.007686932215234102
4 0.006988120195667365
3 0.006988120195667365
5 0.005590496156533892
2 0.004891684136967156
doc : 29
7 0.6582278481012658
5 0.05063291139240506
9 0.04430379746835443
3 0.0379746835443038
2 0.0379746835443038
1 0.0379746835443038
0 0.0379746835443038
8 0.03164556962025317
6 0.03164556962025317
4 0.03164556962025317
doc : 30
7 0.6050420168067226
2 0.058823529411764705
9 0.04201680672268907
8 0.04201680672268907
6 0.04201680672268907
5 0.04201680672268907
4 0.04201680672268907
3 0.04201680672268907
1 0.04201680672268907
0 0.04201680672268907
doc : 31
4 0.46938775510204084
7 0.0979591836734694
9 0.08571428571428572
1 0.07346938775510205
3 0.0653061224489796
5 0.06122448979591837
8 0.04489795918367347
6 0.036734693877551024
2 0.0326530612244898
0 0.0326530612244898
doc : 32
1 0.5942028985507246
0 0.07729468599033816
6 0.06280193236714976
8 0.04830917874396135
7 0.043478260869565216
5 0.043478260869565216
9 0.03864734299516908
4 0.033816425120772944
3 0.02898550724637681
2 0.02898550724637681
doc : 33
4 0.591304347826087
5 0.08260869565217391
1 0.06086956521739131
7 0.04782608695652174
3 0.043478260869565216
8 0.0391304347826087
2 0.0391304347826087
9 0.034782608695652174
6 0.030434782608695653
0 0.030434782608695653
doc : 34
0 0.3023255813953488
2 0.13953488372093023
7 0.09302325581395349
4 0.08139534883720931
9 0.06976744186046512
5 0.06976744186046512
1 0.06976744186046512
8 0.05813953488372093
6 0.05813953488372093
3 0.05813953488372093
doc : 35
0 0.32558139534883723
2 0.1511627906976744
7 0.09302325581395349
9 0.06976744186046512
4 0.06976744186046512
8 0.05813953488372093
6 0.05813953488372093
5 0.05813953488372093
3 0.05813953488372093
1 0.05813953488372093
doc : 36
2 0.8483685220729367
9 0.03262955854126679
7 0.026871401151631478
4 0.02111324376199616
1 0.015355086372360844
0 0.013435700575815739
6 0.011516314779270634
5 0.011516314779270634
8 0.009596928982725527
3 0.009596928982725527
doc : 37
0 0.2558139534883721
2 0.16279069767441862
7 0.13953488372093023
9 0.06976744186046512
6 0.06976744186046512
4 0.06976744186046512
8 0.05813953488372093
5 0.05813953488372093
3 0.05813953488372093
1 0.05813953488372093
doc : 38
9 0.899009900990099
2 0.015841584158415842
7 0.013861386138613862
1 0.011881188118811881
8 0.009900990099009901
6 0.009900990099009901
5 0.009900990099009901
4 0.009900990099009901
3 0.009900990099009901
0 0.009900990099009901
doc : 39
9 0.897029702970297
7 0.015841584158415842
6 0.011881188118811881
4 0.011881188118811881
3 0.011881188118811881
0 0.011881188118811881
8 0.009900990099009901
5 0.009900990099009901
2 0.009900990099009901
1 0.009900990099009901
doc : 40
9 0.8950495049504951
8 0.013861386138613862
0 0.013861386138613862
7 0.011881188118811881
6 0.011881188118811881
4 0.011881188118811881
1 0.011881188118811881
5 0.009900990099009901
3 0.009900990099009901
2 0.009900990099009901
doc : 41
1 0.8335809806835066
9 0.03714710252600297
2 0.03268945022288261
8 0.02228826151560178
3 0.019316493313521546
7 0.014858841010401188
4 0.01188707280832095
0 0.01188707280832095
5 0.008915304606240713
6 0.007429420505200594
doc : 42
0 0.8501440922190201
7 0.08069164265129683
2 0.01440922190201729
1 0.011527377521613832
5 0.009606147934678193
8 0.007684918347742555
4 0.007684918347742555
9 0.0067243035542747355
6 0.005763688760806916
3 0.005763688760806916
doc : 43
0 0.3023255813953488
2 0.13953488372093023
7 0.10465116279069767
5 0.06976744186046512
4 0.06976744186046512
3 0.06976744186046512
1 0.06976744186046512
9 0.05813953488372093
8 0.05813953488372093
6 0.05813953488372093
doc : 44
0 0.27906976744186046
2 0.1744186046511628
7 0.10465116279069767
3 0.08139534883720931
9 0.06976744186046512
8 0.05813953488372093
6 0.05813953488372093
5 0.05813953488372093
4 0.05813953488372093
1 0.05813953488372093
doc : 45
1 0.6593406593406593
9 0.06373626373626373
0 0.06373626373626373
4 0.054945054945054944
3 0.03736263736263736
5 0.035164835164835165
2 0.02857142857142857
8 0.021978021978021976
7 0.01978021978021978
6 0.015384615384615385
doc : 46
4 0.26732673267326734
6 0.24257425742574257
5 0.0891089108910891
2 0.0891089108910891
0 0.08415841584158416
7 0.06435643564356436
9 0.054455445544554455
3 0.039603960396039604
8 0.034653465346534656
1 0.034653465346534656
doc : 47
3 0.8612786489746682
5 0.03498190591073582
0 0.02171290711700844
9 0.01447527141133896
4 0.013268998793727381
8 0.012062726176115802
2 0.012062726176115802
1 0.01085645355850422
7 0.009650180940892641
6 0.009650180940892641
doc : 48
3 0.16964285714285712
1 0.1607142857142857
0 0.14285714285714285
6 0.10714285714285714
7 0.08928571428571427
5 0.08035714285714285
9 0.07142857142857142
4 0.0625
2 0.0625
8 0.05357142857142857
doc : 49
4 0.4646017699115044
2 0.10619469026548672
7 0.0752212389380531
6 0.0752212389380531
9 0.061946902654867256
0 0.05752212389380531
3 0.048672566371681415
8 0.03982300884955752
5 0.035398230088495575
1 0.035398230088495575
