doc : 0
9 0.5625
3 0.22916666666666666
2 0.048611111111111105
5 0.027777777777777776
0 0.027777777777777776
7 0.024305555555555552
6 0.024305555555555552
8 0.020833333333333332
4 0.017361111111111112
1 0.017361111111111112
doc : 1
5 0.7228915662650602
6 0.03614457831325302
9 0.030120481927710843
8 0.030120481927710843
7 0.030120481927710843
4 0.030120481927710843
3 0.030120481927710843
2 0.030120481927710843
1 0.030120481927710843
0 0.030120481927710843
doc : 2
5 0.7168674698795181
6 0.042168674698795185
9 0.030120481927710843
8 0.030120481927710843
7 0.030120481927710843
4 0.030120481927710843
3 0.030120481927710843
2 0.030120481927710843
1 0.030120481927710843
0 0.030120481927710843
doc : 3
5 0.7168674698795181
3 0.042168674698795185
9 0.030120481927710843
8 0.030120481927710843
7 0.030120481927710843
6 0.030120481927710843
4 0.030120481927710843
2 0.030120481927710843
1 0.030120481927710843
0 0.030120481927710843
doc : 4
3 0.6869565217391305
9 0.09130434782608696
1 0.04782608695652174
2 0.030434782608695653
8 0.026086956521739132
7 0.026086956521739132
5 0.026086956521739132
6 0.021739130434782608
4 0.021739130434782608
0 0.021739130434782608
doc : 5
1 0.4239742558326629
9 0.4030571198712791
2 0.05470635559131134
3 0.039420756234915526
5 0.02172164119066774
0 0.020917135961383747
8 0.014481094127111824
7 0.009654062751407884
6 0.006436041834271922
4 0.0056315366049879325
doc : 6
5 0.43266475644699137
6 0.1318051575931232
9 0.10888252148997134
2 0.10888252148997134
0 0.05157593123209169
1 0.04871060171919771
8 0.034383954154727794
3 0.034383954154727794
7 0.03151862464183381
4 0.017191977077363897
doc : 7
8 0.8093023255813954
3 0.05426356589147287
7 0.040310077519379844
6 0.018604651162790697
9 0.015503875968992248
1 0.015503875968992248
5 0.012403100775193798
2 0.012403100775193798
0 0.012403100775193798
4 0.009302325581395349
doc : 8
4 0.9044834307992202
8 0.011695906432748537
6 0.011695906432748537
5 0.011695906432748537
2 0.011695906432748537
9 0.009746588693957114
7 0.009746588693957114
3 0.009746588693957114
1 0.009746588693957114
0 0.009746588693957114
doc : 9
7 0.8945963975983988
3 0.03869246164109406
6 0.02068045363575717
1 0.00933955970647098
0 0.00867244829886591
2 0.00733822548365577
5 0.0066711140760507
8 0.00600400266844563
9 0.00466977985323549
4 0.00333555703802535
doc : 10
1 0.9460382513661202
3 0.01092896174863388
9 0.00819672131147541
5 0.006830601092896175
2 0.006147540983606557
6 0.0047814207650273225
0 0.0047814207650273225
8 0.004098360655737705
7 0.004098360655737705
4 0.004098360655737705
doc : 11
1 0.9316185696361354
3 0.01756587202007528
9 0.010664993726474278
7 0.010037641154328732
2 0.006900878293601003
6 0.006273525721455457
8 0.005646173149309912
0 0.00439146800501882
5 0.0037641154328732747
4 0.0031367628607277286
doc : 12
9 0.8576429404900816
3 0.028004667444574093
1 0.026837806301050173
6 0.01866977829638273
5 0.014002333722287047
7 0.012835472578763127
8 0.011668611435239205
0 0.011668611435239205
2 0.010501750291715285
4 0.008168028004667444
doc : 13
5 0.23255813953488372
7 0.13953488372093023
0 0.12790697674418605
9 0.08139534883720931
6 0.08139534883720931
2 0.08139534883720931
4 0.06976744186046512
1 0.06976744186046512
8 0.05813953488372093
3 0.05813953488372093
doc : 14
2 0.6844444444444444
6 0.06666666666666667
5 0.04888888888888889
7 0.035555555555555556
9 0.03111111111111111
3 0.03111111111111111
8 0.026666666666666665
1 0.026666666666666665
0 0.026666666666666665
4 0.022222222222222223
doc : 15
4 0.8917647058823529
8 0.014117647058823528
9 0.011764705882352941
7 0.011764705882352941
6 0.011764705882352941
5 0.011764705882352941
3 0.011764705882352941
2 0.011764705882352941
1 0.011764705882352941
0 0.011764705882352941
doc : 16
3 0.42441860465116277
2 0.3236434108527132
5 0.06976744186046512
6 0.06007751937984496
7 0.031007751937984496
8 0.027131782945736434
0 0.01937984496124031
9 0.01744186046511628
4 0.013565891472868217
1 0.013565891472868217
doc : 17
2 0.3818181818181818
7 0.09090909090909091
0 0.09090909090909091
6 0.08181818181818182
3 0.07272727272727272
9 0.06363636363636363
1 0.06363636363636363
8 0.05454545454545454
5 0.05454545454545454
4 0.045454545454545456
doc : 18
9 0.42386831275720166
3 0.2695473251028807
1 0.11522633744855967
2 0.03497942386831276
6 0.0308641975308642
4 0.0308641975308642
7 0.02469135802469136
0 0.02469135802469136
8 0.02263374485596708
5 0.02263374485596708
doc : 19
9 0.5996168582375478
1 0.11685823754789272
2 0.07662835249042145
3 0.06896551724137931
5 0.040229885057471264
0 0.02490421455938697
8 0.021072796934865898
7 0.021072796934865898
6 0.01532567049808429
4 0.01532567049808429
doc : 20
8 0.4070796460176991
0 0.30973451327433627
6 0.05752212389380531
5 0.05752212389380531
4 0.048672566371681415
7 0.02654867256637168
3 0.02654867256637168
9 0.022123893805309734
2 0.022123893805309734
1 0.022123893805309734
doc : 21
5 0.2441860465116279
0 0.13953488372093023
2 0.10465116279069767
6 0.09302325581395349
7 0.08139534883720931
9 0.06976744186046512
4 0.06976744186046512
3 0.06976744186046512
1 0.06976744186046512
8 0.05813953488372093
doc : 22
5 0.7168674698795181
3 0.03614457831325302
2 0.03614457831325302
9 0.030120481927710843
8 0.030120481927710843
7 0.030120481927710843
6 0.030120481927710843
4 0.030120481927710843
1 0.030120481927710843
0 0.030120481927710843
doc : 23
2 0.2567567567567568
1 0.12162162162162163
8 0.0945945945945946
0 0.0945945945945946
9 0.08108108108108109
6 0.08108108108108109
7 0.06756756756756757
5 0.06756756756756757
4 0.06756756756756757
3 0.06756756756756757
doc : 24
0 0.5977142857142858
2 0.18742857142857144
5 0.06514285714285714
1 0.06171428571428572
8 0.02285714285714286
9 0.018285714285714287
7 0.014857142857142859
4 0.013714285714285715
6 0.010285714285714287
3 0.008
doc : 25
0 0.5163398692810458
1 0.11111111111111112
2 0.07189542483660132
5 0.05228758169934641
3 0.05228758169934641
6 0.04575163398692811
8 0.0392156862745098
7 0.0392156862745098
4 0.0392156862745098
9 0.032679738562091505
doc : 26
0 0.4943820224719101
5 0.1404494382022472
7 0.06179775280898876
6 0.06179775280898876
3 0.056179775280898875
9 0.03932584269662921
4 0.03932584269662921
2 0.03932584269662921
8 0.033707865168539325
1 0.033707865168539325
doc : 27
5 0.7168674698795181
2 0.03614457831325302
0 0.03614457831325302
9 0.030120481927710843
8 0.030120481927710843
7 0.030120481927710843
6 0.030120481927710843
4 0.030120481927710843
3 0.030120481927710843
1 0.030120481927710843
doc : 28
5 0.7168674698795181
2 0.03614457831325302
0 0.03614457831325302
9 0.030120481927710843
8 0.030120481927710843
7 0.030120481927710843
6 0.030120481927710843
4 0.030120481927710843
3 0.030120481927710843
1 0.030120481927710843
doc : 29
9 0.5308823529411765
1 0.28088235294117647
3 0.0838235294117647
2 0.029411764705882353
4 0.016176470588235292
5 0.013235294117647059
7 0.011764705882352941
6 0.011764705882352941
0 0.011764705882352941
8 0.010294117647058823
doc : 30
2 0.6495238095238095
9 0.14095238095238094
3 0.06666666666666667
5 0.026666666666666665
6 0.024761904761904763
7 0.022857142857142857
1 0.02095238095238095
0 0.02095238095238095
8 0.015238095238095238
4 0.011428571428571429
doc : 31
2 0.6574074074074073
6 0.07407407407407407
8 0.041666666666666664
7 0.037037037037037035
1 0.037037037037037035
9 0.032407407407407406
5 0.032407407407407406
3 0.032407407407407406
0 0.032407407407407406
4 0.023148148148148147
doc : 32
4 0.8357664233576642
9 0.01824817518248175
8 0.01824817518248175
7 0.01824817518248175
6 0.01824817518248175
5 0.01824817518248175
3 0.01824817518248175
2 0.01824817518248175
1 0.01824817518248175
0 0.01824817518248175
doc : 33
5 0.8267045454545455
8 0.02556818181818182
1 0.022727272727272728
9 0.019886363636363636
7 0.019886363636363636
6 0.019886363636363636
0 0.019886363636363636
2 0.017045454545454544
4 0.014204545454545456
3 0.014204545454545456
doc : 34
2 0.8169014084507042
7 0.0323943661971831
8 0.026760563380281693
5 0.022535211267605635
6 0.02112676056338028
0 0.02112676056338028
3 0.01971830985915493
1 0.016901408450704227
4 0.01267605633802817
9 0.009859154929577466
doc : 35
3 0.4444444444444445
7 0.12121212121212122
6 0.08585858585858587
2 0.07070707070707072
5 0.06060606060606061
9 0.05555555555555556
1 0.05050505050505051
8 0.045454545454545456
0 0.03535353535353536
4 0.030303030303030304
doc : 36
3 0.8983382209188661
7 0.02932551319648094
1 0.013685239491691105
2 0.012707722385141739
9 0.011730205278592375
8 0.00879765395894428
5 0.00879765395894428
6 0.005865102639296188
0 0.005865102639296188
4 0.004887585532746823
doc : 37
9 0.4387846291331546
1 0.3395889186773905
3 0.06166219839142091
8 0.04289544235924933
2 0.025915996425379804
0 0.025915996425379804
6 0.021447721179624665
7 0.0160857908847185
5 0.01519213583556747
4 0.012511170688114387
doc : 38
4 0.9532994923857868
2 0.006091370558375634
9 0.005076142131979696
8 0.005076142131979696
7 0.005076142131979696
6 0.005076142131979696
5 0.005076142131979696
3 0.005076142131979696
1 0.005076142131979696
0 0.005076142131979696
doc : 39
2 0.2827586206896552
5 0.14482758620689656
1 0.1103448275862069
7 0.0896551724137931
9 0.08275862068965517
3 0.08275862068965517
6 0.06896551724137931
0 0.05517241379310345
8 0.041379310344827586
4 0.041379310344827586
doc : 40
0 0.36231884057971014
2 0.16666666666666666
5 0.10869565217391304
7 0.07246376811594203
1 0.06521739130434782
6 0.057971014492753624
9 0.043478260869565216
8 0.043478260869565216
3 0.043478260869565216
4 0.036231884057971016
doc : 41
0 0.5129032258064516
2 0.14516129032258066
9 0.07096774193548387
5 0.07096774193548387
1 0.05806451612903226
6 0.03870967741935484
8 0.035483870967741936
7 0.03225806451612903
4 0.01935483870967742
3 0.016129032258064516
doc : 42
5 0.7168674698795181
3 0.03614457831325302
2 0.03614457831325302
9 0.030120481927710843
8 0.030120481927710843
7 0.030120481927710843
6 0.030120481927710843
4 0.030120481927710843
1 0.030120481927710843
0 0.030120481927710843
doc : 43
5 0.8457446808510638
0 0.023936170212765957
8 0.02127659574468085
7 0.018617021276595744
3 0.018617021276595744
6 0.015957446808510637
2 0.015957446808510637
9 0.013297872340425532
4 0.013297872340425532
1 0.013297872340425532
doc : 44
5 0.8461538461538461
9 0.019943019943019943
8 0.019943019943019943
2 0.019943019943019943
1 0.019943019943019943
3 0.017094017094017096
7 0.014245014245014245
6 0.014245014245014245
4 0.014245014245014245
0 0.014245014245014245
doc : 45
2 0.8153618906942394
5 0.02806499261447563
3 0.02806499261447563
9 0.023633677991137372
8 0.023633677991137372
7 0.020679468242245203
1 0.020679468242245203
6 0.016248153618906944
0 0.016248153618906944
4 0.007385524372230429
doc : 46
8 0.7365591397849462
9 0.03225806451612903
6 0.03225806451612903
2 0.03225806451612903
1 0.03225806451612903
7 0.02688172043010753
5 0.02688172043010753
4 0.02688172043010753
3 0.02688172043010753
0 0.02688172043010753
doc : 47
6 0.8792569659442724
5 0.034055727554179564
1 0.016511867905056758
2 0.014447884416924663
8 0.01135190918472652
7 0.01135190918472652
3 0.010319917440660475
9 0.009287925696594427
0 0.008255933952528379
4 0.005159958720330237
doc : 48
9 0.2312925170068027
3 0.13605442176870747
1 0.1292517006802721
0 0.12244897959183673
8 0.08163265306122448
7 0.08163265306122448
5 0.07482993197278912
2 0.06802721088435373
6 0.04081632653061224
4 0.03401360544217687
doc : 49
4 0.8920704845814978
9 0.013215859030837006
8 0.013215859030837006
7 0.013215859030837006
6 0.013215859030837006
5 0.011013215859030838
3 0.011013215859030838
2 0.011013215859030838
1 0.011013215859030838
0 0.011013215859030838
doc : 50
0 0.5105263157894737
5 0.1368421052631579
4 0.06315789473684211
2 0.05789473684210526
7 0.05263157894736842
6 0.05263157894736842
9 0.031578947368421054
8 0.031578947368421054
3 0.031578947368421054
1 0.031578947368421054
doc : 51
6 0.4521276595744681
5 0.22872340425531915
0 0.10106382978723404
8 0.05053191489361702
2 0.047872340425531915
7 0.034574468085106384
3 0.02925531914893617
1 0.02127659574468085
9 0.018617021276595744
4 0.015957446808510637
doc : 52
7 0.6810631229235881
5 0.07641196013289037
0 0.04983388704318937
9 0.04318936877076412
8 0.036544850498338874
2 0.026578073089700997
3 0.023255813953488372
1 0.023255813953488372
6 0.019933554817275746
4 0.019933554817275746
doc : 53
3 0.8562019758507136
7 0.03951701427003293
6 0.021953896816684963
8 0.01866081229418222
2 0.01866081229418222
1 0.013172338090010977
9 0.008781558726673985
0 0.008781558726673985
5 0.007683863885839737
4 0.006586169045005488
doc : 54
0 0.5689102564102564
2 0.23076923076923075
5 0.09935897435897435
7 0.03365384615384615
8 0.016025641025641024
6 0.016025641025641024
4 0.009615384615384616
1 0.009615384615384616
9 0.008012820512820512
3 0.008012820512820512
doc : 55
8 0.558252427184466
0 0.09951456310679611
6 0.07524271844660194
7 0.07281553398058252
2 0.06553398058252427
5 0.04126213592233009
9 0.03640776699029126
1 0.019417475728155338
4 0.01699029126213592
3 0.014563106796116504
doc : 56
3 0.825136612021858
9 0.04918032786885246
7 0.01912568306010929
2 0.01912568306010929
1 0.01912568306010929
8 0.01366120218579235
6 0.01366120218579235
5 0.01366120218579235
4 0.01366120218579235
0 0.01366120218579235
doc : 57
9 0.18248175182481752
2 0.15328467153284672
5 0.13138686131386862
3 0.12408759124087591
1 0.12408759124087591
6 0.08759124087591241
0 0.072992700729927
7 0.051094890510948905
8 0.0364963503649635
4 0.0364963503649635
doc : 58
0 0.25333333333333335
2 0.12000000000000001
1 0.12000000000000001
9 0.08
6 0.08
5 0.08
8 0.06666666666666667
7 0.06666666666666667
4 0.06666666666666667
3 0.06666666666666667
doc : 59
4 0.9261637239165329
7 0.009630818619582664
9 0.008025682182985553
8 0.008025682182985553
6 0.008025682182985553
5 0.008025682182985553
3 0.008025682182985553
2 0.008025682182985553
1 0.008025682182985553
0 0.008025682182985553
doc : 60
4 0.8490566037735849
8 0.01886792452830189
6 0.01886792452830189
5 0.01886792452830189
9 0.015723270440251572
7 0.015723270440251572
3 0.015723270440251572
2 0.015723270440251572
1 0.015723270440251572
0 0.015723270440251572
doc : 61
6 0.8707528314457029
5 0.04796802131912059
8 0.016655562958027982
7 0.013990672884743505
2 0.012658227848101266
4 0.011992005329780148
0 0.009327115256495669
1 0.006662225183211193
3 0.005996002664890074
9 0.003997335109926716
doc : 62
0 0.644
1 0.07200000000000001
2 0.044
6 0.04
5 0.04
8 0.036000000000000004
4 0.036000000000000004
9 0.032
7 0.032
3 0.024
doc : 63
5 0.761744966442953
0 0.053691275167785234
2 0.040268456375838924
4 0.03523489932885906
9 0.030201342281879193
7 0.02181208053691275
6 0.018456375838926176
3 0.016778523489932886
8 0.01174496644295302
1 0.010067114093959731
doc : 64
2 0.27848101265822783
7 0.18987341772151897
3 0.12658227848101264
9 0.08016877637130801
6 0.07594936708860758
1 0.07172995780590717
5 0.05485232067510548
8 0.050632911392405056
4 0.03797468354430379
0 0.03375527426160337
doc : 65
1 0.4898843930635838
9 0.24277456647398843
7 0.059248554913294796
3 0.04913294797687861
2 0.044797687861271675
6 0.04046242774566474
8 0.02745664739884393
0 0.02023121387283237
5 0.015895953757225433
4 0.010115606936416185
doc : 66
6 0.29608938547486036
8 0.13966480446927373
9 0.08379888268156425
5 0.0782122905027933
2 0.0782122905027933
1 0.0782122905027933
3 0.07262569832402235
0 0.07262569832402235
7 0.06145251396648045
4 0.03910614525139665
doc : 67
7 0.7835703001579779
2 0.045813586097946286
5 0.03949447077409163
8 0.02843601895734597
6 0.02843601895734597
1 0.022116903633491312
9 0.017377567140600316
3 0.014218009478672985
0 0.01263823064770932
4 0.007898894154818325
doc : 68
4 0.8989010989010989
9 0.013186813186813187
8 0.010989010989010988
7 0.010989010989010988
6 0.010989010989010988
5 0.010989010989010988
3 0.010989010989010988
2 0.010989010989010988
1 0.010989010989010988
0 0.010989010989010988
doc : 69
0 0.38709677419354843
8 0.11290322580645162
6 0.10215053763440861
3 0.07526881720430108
2 0.07526881720430108
5 0.06989247311827958
9 0.048387096774193554
7 0.048387096774193554
1 0.043010752688172046
4 0.03763440860215054
doc : 70
7 0.8807947019867549
2 0.019867549668874173
0 0.018543046357615896
9 0.017218543046357615
5 0.01456953642384106
8 0.013245033112582781
1 0.010596026490066225
6 0.009271523178807948
4 0.009271523178807948
3 0.006622516556291391
doc : 71
0 0.26519337016574585
2 0.16574585635359115
9 0.1270718232044199
5 0.1270718232044199
8 0.09392265193370165
3 0.07734806629834254
4 0.04419889502762431
7 0.03867403314917127
6 0.03314917127071823
1 0.027624309392265192
doc : 72
3 0.8303571428571428
9 0.026785714285714284
7 0.020833333333333332
2 0.020833333333333332
1 0.020833333333333332
6 0.017857142857142856
0 0.017857142857142856
8 0.01488095238095238
5 0.01488095238095238
4 0.01488095238095238
doc : 73
6 0.39702233250620345
7 0.36228287841191065
5 0.052109181141439205
8 0.04466501240694789
3 0.04466501240694789
9 0.024813895781637715
2 0.019851116625310174
1 0.019851116625310174
4 0.017369727047146403
0 0.017369727047146403
doc : 74
8 0.456
2 0.132
1 0.084
7 0.08
6 0.068
5 0.048
0 0.044
3 0.036000000000000004
9 0.028
4 0.024
doc : 75
8 0.2607184241019699
0 0.22595596755504055
9 0.16106604866743918
2 0.11819235225955968
1 0.11471610660486674
5 0.03707995365005794
3 0.026651216685979143
4 0.023174971031286212
7 0.01738122827346466
6 0.015063731170336037
doc : 76
2 0.211864406779661
9 0.19491525423728814
0 0.11016949152542373
5 0.0847457627118644
3 0.0847457627118644
6 0.07627118644067797
7 0.06779661016949153
1 0.06779661016949153
8 0.059322033898305086
4 0.0423728813559322
doc : 77
3 0.8038147138964578
9 0.06267029972752043
2 0.021798365122615803
8 0.01907356948228883
5 0.01907356948228883
7 0.01634877384196185
1 0.01634877384196185
6 0.013623978201634877
4 0.013623978201634877
0 0.013623978201634877
doc : 78
3 0.8228882833787465
9 0.04632152588555858
5 0.01907356948228883
1 0.01907356948228883
7 0.01634877384196185
6 0.01634877384196185
4 0.01634877384196185
2 0.01634877384196185
8 0.013623978201634877
0 0.013623978201634877
doc : 79
7 0.8860759493670887
0 0.023909985935302393
2 0.01969057665260197
4 0.015471167369901548
9 0.011251758087201125
5 0.011251758087201125
3 0.009845288326300985
8 0.008438818565400845
6 0.007032348804500703
1 0.007032348804500703
doc : 80
8 0.8490566037735848
5 0.025943396226415092
0 0.025943396226415092
3 0.01650943396226415
2 0.01650943396226415
9 0.014150943396226415
6 0.014150943396226415
1 0.014150943396226415
7 0.011792452830188678
4 0.011792452830188678
doc : 81
7 0.7922535211267606
1 0.028169014084507043
8 0.024647887323943664
5 0.024647887323943664
3 0.024647887323943664
2 0.024647887323943664
9 0.02112676056338028
6 0.02112676056338028
0 0.02112676056338028
4 0.017605633802816902
doc : 82
1 0.6497622820919177
9 0.13946117274167988
8 0.06973058637083994
7 0.03328050713153724
2 0.02694136291600634
3 0.025356576862123614
0 0.01901743264659271
6 0.012678288431061807
4 0.012678288431061807
5 0.011093502377179081
doc : 83
8 0.5123152709359606
6 0.08866995073891626
1 0.08374384236453201
2 0.07881773399014778
3 0.059113300492610835
7 0.04926108374384237
0 0.04926108374384237
9 0.029556650246305417
5 0.024630541871921183
4 0.024630541871921183
doc : 84
8 0.45098039215686275
2 0.09150326797385622
0 0.09150326797385622
6 0.0784313725490196
5 0.07189542483660132
1 0.058823529411764705
9 0.04575163398692811
7 0.04575163398692811
4 0.032679738562091505
3 0.032679738562091505
doc : 85
0 0.5526315789473684
5 0.08947368421052632
7 0.07368421052631578
6 0.05263157894736842
2 0.04736842105263158
9 0.042105263157894736
1 0.042105263157894736
8 0.03684210526315789
4 0.03684210526315789
3 0.02631578947368421
doc : 86
6 0.888659793814433
5 0.018556701030927835
0 0.016494845360824743
8 0.013402061855670104
2 0.013402061855670104
9 0.012371134020618558
7 0.010309278350515464
4 0.009278350515463918
1 0.009278350515463918
3 0.008247422680412371
doc : 87
7 0.7992957746478874
1 0.03169014084507042
9 0.024647887323943664
8 0.02112676056338028
6 0.02112676056338028
5 0.02112676056338028
3 0.02112676056338028
2 0.02112676056338028
0 0.02112676056338028
4 0.017605633802816902
doc : 88
7 0.710467706013363
9 0.05567928730512249
5 0.04899777282850779
8 0.04677060133630289
2 0.04677060133630289
1 0.024498886414253896
3 0.022271714922048998
0 0.017817371937639197
6 0.013363028953229397
4 0.013363028953229397
doc : 89
5 0.5862068965517241
2 0.18275862068965518
6 0.041379310344827586
3 0.034482758620689655
9 0.03103448275862069
7 0.03103448275862069
1 0.027586206896551724
8 0.02413793103448276
4 0.02413793103448276
0 0.017241379310344827
doc : 90
9 0.4219653179190751
7 0.08670520231213873
3 0.08092485549132948
1 0.08092485549132948
5 0.06936416184971098
0 0.06936416184971098
2 0.057803468208092484
6 0.05202312138728323
8 0.046242774566473986
4 0.03468208092485549
doc : 91
1 0.783960720130933
9 0.05073649754500818
0 0.029459901800327332
8 0.027823240589198037
3 0.024549918166939445
5 0.019639934533551555
7 0.01800327332242226
6 0.016366612111292964
2 0.016366612111292964
4 0.01309328968903437
doc : 92
1 0.71869918699187
7 0.04552845528455285
8 0.04390243902439024
3 0.03739837398373984
6 0.03252032520325203
5 0.029268292682926828
4 0.029268292682926828
2 0.027642276422764227
9 0.022764227642276424
0 0.013008130081300813
doc : 93
0 0.7901639344262295
5 0.03278688524590164
6 0.029508196721311476
3 0.02622950819672131
8 0.022950819672131147
9 0.019672131147540982
7 0.019672131147540982
4 0.019672131147540982
2 0.019672131147540982
1 0.019672131147540982
doc : 94
0 0.7735294117647059
5 0.044117647058823525
3 0.032352941176470584
7 0.023529411764705882
6 0.023529411764705882
2 0.023529411764705882
8 0.020588235294117647
4 0.020588235294117647
1 0.020588235294117647
9 0.01764705882352941
doc : 95
9 0.17567567567567569
2 0.13513513513513514
7 0.10810810810810811
3 0.10810810810810811
5 0.0945945945945946
6 0.08108108108108109
1 0.08108108108108109
0 0.08108108108108109
8 0.06756756756756757
4 0.06756756756756757
doc : 96
6 0.9011099899091827
5 0.025227043390514632
3 0.013118062563067608
2 0.013118062563067608
1 0.010090817356205853
7 0.009081735620585268
0 0.009081735620585268
8 0.008072653884964682
4 0.006054490413723511
9 0.005045408678102927
doc : 97
0 0.7910906298003072
8 0.09062980030721966
2 0.039938556067588324
5 0.018433179723502304
7 0.013824884792626727
1 0.010752688172043012
9 0.009216589861751152
6 0.009216589861751152
3 0.009216589861751152
4 0.007680491551459293
doc : 98
8 0.7288888888888889
7 0.04888888888888889
5 0.035555555555555556
1 0.035555555555555556
6 0.03111111111111111
3 0.026666666666666665
2 0.026666666666666665
9 0.022222222222222223
4 0.022222222222222223
0 0.022222222222222223
doc : 99
7 0.8056537102473498
2 0.028268551236749116
8 0.024734982332155476
6 0.024734982332155476
1 0.024734982332155476
5 0.021201413427561835
9 0.0176678445229682
4 0.0176678445229682
3 0.0176678445229682
0 0.0176678445229682
