doc : 0
2 0.9085545722713864
8 0.014749262536873156
4 0.014749262536873156
6 0.011799410029498525
9 0.01032448377581121
7 0.008849557522123894
5 0.008849557522123894
3 0.007374631268436578
1 0.007374631268436578
0 0.007374631268436578
doc : 1
2 0.8983308042488619
8 0.021244309559939303
6 0.013657056145675266
3 0.010622154779969651
0 0.010622154779969651
9 0.009104704097116844
7 0.009104704097116844
5 0.009104704097116844
4 0.009104704097116844
1 0.009104704097116844
doc : 2
2 0.9102564102564102
4 0.01282051282051282
9 0.011217948717948718
8 0.011217948717948718
7 0.009615384615384616
6 0.009615384615384616
3 0.009615384615384616
0 0.009615384615384616
5 0.008012820512820512
1 0.008012820512820512
doc : 3
2 0.9040247678018576
8 0.017027863777089786
6 0.013931888544891642
4 0.013931888544891642
5 0.01238390092879257
9 0.007739938080495357
7 0.007739938080495357
3 0.007739938080495357
1 0.007739938080495357
0 0.007739938080495357
doc : 4
4 0.7620817843866171
2 0.04460966542750929
8 0.03345724907063197
9 0.02973977695167286
5 0.026022304832713755
7 0.022304832713754646
6 0.022304832713754646
1 0.022304832713754646
3 0.018587360594795536
0 0.018587360594795536
doc : 5
4 0.4627659574468085
9 0.2553191489361702
8 0.12234042553191489
2 0.03368794326241135
6 0.031914893617021274
7 0.024822695035460994
3 0.024822695035460994
5 0.01950354609929078
0 0.015957446808510637
1 0.008865248226950354
doc : 6
3 0.4155844155844156
2 0.09740259740259741
6 0.09090909090909091
9 0.07792207792207792
4 0.07142857142857144
8 0.06493506493506494
1 0.05844155844155845
7 0.05194805194805195
0 0.03896103896103896
5 0.03246753246753247
doc : 7
6 0.8145363408521302
7 0.06516290726817042
8 0.023809523809523808
9 0.020050125313283207
3 0.020050125313283207
5 0.018796992481203006
4 0.011278195488721804
0 0.011278195488721804
1 0.008771929824561403
2 0.006265664160401002
doc : 8
3 0.15833333333333333
6 0.1375
5 0.1375
8 0.13333333333333333
4 0.13333333333333333
1 0.08333333333333333
7 0.07083333333333333
0 0.07083333333333333
9 0.041666666666666664
2 0.03333333333333333
doc : 9
9 0.1
8 0.1
7 0.1
6 0.1
5 0.1
4 0.1
3 0.1
2 0.1
1 0.1
0 0.1
doc : 10
4 0.4627659574468085
9 0.2695035460992908
8 0.13297872340425532
3 0.03900709219858156
2 0.024822695035460994
6 0.02304964539007092
7 0.012411347517730497
5 0.012411347517730497
0 0.012411347517730497
1 0.010638297872340425
doc : 11
4 0.7138643067846607
8 0.07079646017699115
5 0.04129793510324484
2 0.04129793510324484
7 0.02654867256637168
3 0.02654867256637168
1 0.02359882005899705
9 0.02064896755162242
6 0.02064896755162242
0 0.014749262536873156
doc : 12
9 0.1
8 0.1
7 0.1
6 0.1
5 0.1
4 0.1
3 0.1
2 0.1
1 0.1
0 0.1
doc : 13
3 0.5112781954887218
6 0.08270676691729323
8 0.07518796992481203
4 0.06015037593984962
2 0.05263157894736842
1 0.05263157894736842
7 0.045112781954887216
0 0.045112781954887216
9 0.03759398496240601
5 0.03759398496240601
doc : 14
7 0.13953488372093023
4 0.13953488372093023
8 0.11627906976744186
9 0.10465116279069767
5 0.09302325581395349
0 0.09302325581395349
6 0.08139534883720931
2 0.08139534883720931
1 0.08139534883720931
3 0.06976744186046512
doc : 15
8 0.5032258064516129
3 0.24838709677419354
4 0.05806451612903226
9 0.035483870967741936
5 0.035483870967741936
6 0.02903225806451613
2 0.02903225806451613
7 0.02258064516129032
0 0.02258064516129032
1 0.016129032258064516
doc : 16
3 0.788235294117647
8 0.027450980392156862
6 0.027450980392156862
9 0.023529411764705882
4 0.023529411764705882
2 0.023529411764705882
1 0.023529411764705882
0 0.023529411764705882
7 0.0196078431372549
5 0.0196078431372549
doc : 17
3 0.8042813455657493
8 0.027522935779816515
9 0.024464831804281346
2 0.024464831804281346
7 0.021406727828746176
6 0.021406727828746176
4 0.021406727828746176
5 0.01834862385321101
1 0.01834862385321101
0 0.01834862385321101
doc : 18
8 0.5898123324396783
2 0.1126005361930295
5 0.058981233243967826
4 0.05361930294906166
6 0.0482573726541555
3 0.032171581769437
7 0.029490616621983913
0 0.029490616621983913
9 0.02412868632707775
1 0.021447721179624665
doc : 19
3 0.37948717948717947
6 0.14871794871794872
8 0.11794871794871795
4 0.07179487179487179
2 0.06666666666666667
7 0.05641025641025641
1 0.046153846153846156
5 0.041025641025641026
9 0.035897435897435895
0 0.035897435897435895
doc : 20
5 0.35445544554455444
3 0.2079207920792079
8 0.1801980198019802
0 0.09108910891089109
2 0.061386138613861385
4 0.033663366336633666
6 0.02178217821782178
9 0.017821782178217824
7 0.015841584158415842
1 0.015841584158415842
doc : 21
9 0.3289473684210526
1 0.10526315789473684
8 0.07894736842105263
7 0.07894736842105263
0 0.07894736842105263
6 0.06578947368421052
5 0.06578947368421052
4 0.06578947368421052
3 0.06578947368421052
2 0.06578947368421052
doc : 22
0 0.777585210860774
5 0.08723281340265741
8 0.031195840554592718
4 0.024263431542461005
3 0.02137492778740612
9 0.019064124783362217
7 0.012131715771230503
2 0.012131715771230503
6 0.008665511265164644
1 0.006354708261120739
doc : 23
9 0.65625
6 0.06875
5 0.037500000000000006
4 0.037500000000000006
3 0.037500000000000006
0 0.037500000000000006
8 0.03125
7 0.03125
2 0.03125
1 0.03125
doc : 24
8 0.7570754716981132
3 0.05542452830188679
9 0.03891509433962264
5 0.036556603773584904
6 0.02830188679245283
4 0.02240566037735849
2 0.02240566037735849
7 0.01768867924528302
0 0.014150943396226415
1 0.007075471698113208
doc : 25
6 0.7284768211920529
8 0.076158940397351
4 0.029801324503311258
3 0.029801324503311258
9 0.026490066225165563
5 0.026490066225165563
2 0.023178807947019868
1 0.023178807947019868
7 0.019867549668874173
0 0.016556291390728478
doc : 26
9 0.7900355871886121
3 0.03202846975088968
6 0.028469750889679714
0 0.028469750889679714
8 0.021352313167259787
4 0.021352313167259787
2 0.021352313167259787
1 0.021352313167259787
7 0.01779359430604982
5 0.01779359430604982
doc : 27
9 0.5361702127659574
7 0.13617021276595745
6 0.1021276595744681
0 0.04680851063829787
3 0.03829787234042553
5 0.03404255319148936
8 0.029787234042553193
4 0.025531914893617023
2 0.025531914893617023
1 0.025531914893617023
doc : 28
9 0.6098654708520179
8 0.10313901345291479
5 0.053811659192825115
6 0.04035874439461883
4 0.04035874439461883
3 0.04035874439461883
2 0.03587443946188341
7 0.03139013452914798
1 0.02242152466367713
0 0.02242152466367713
doc : 29
8 0.6740947075208914
3 0.08635097493036212
5 0.052924791086350974
9 0.04178272980501393
2 0.033426183844011144
4 0.03064066852367688
6 0.025069637883008356
1 0.019498607242339833
0 0.019498607242339833
7 0.016713091922005572
doc : 30
8 0.6592797783933518
9 0.06371191135734072
3 0.06371191135734072
5 0.04709141274238227
4 0.0443213296398892
2 0.036011080332409975
6 0.027700831024930747
7 0.0221606648199446
0 0.0221606648199446
1 0.013850415512465374
doc : 31
4 0.8822222222222222
3 0.017777777777777778
1 0.015555555555555555
9 0.013333333333333332
7 0.013333333333333332
5 0.013333333333333332
8 0.011111111111111112
6 0.011111111111111112
2 0.011111111111111112
0 0.011111111111111112
doc : 32
1 0.658311345646438
4 0.27440633245382584
2 0.013192612137203165
3 0.010554089709762533
9 0.0079155672823219
7 0.0079155672823219
5 0.0079155672823219
8 0.0065963060686015824
6 0.0065963060686015824
0 0.0065963060686015824
doc : 33
8 0.7305555555555556
0 0.10740740740740741
2 0.02962962962962963
9 0.028703703703703703
4 0.028703703703703703
6 0.025
5 0.016666666666666666
1 0.012962962962962964
7 0.011111111111111112
3 0.009259259259259259
doc : 34
7 0.450402144772118
9 0.1742627345844504
3 0.09115281501340483
6 0.08579088471849866
8 0.06970509383378017
1 0.03485254691689008
2 0.029490616621983913
4 0.02680965147453083
0 0.021447721179624665
5 0.0160857908847185
doc : 35
0 0.536067892503536
8 0.15275813295615276
9 0.1456859971711457
7 0.03111739745403112
5 0.03111739745403112
2 0.03111739745403112
4 0.02828854314002829
1 0.018387553041018388
3 0.014144271570014145
6 0.011315417256011316
doc : 36
6 0.7578253706754531
9 0.060955518945634266
7 0.04612850082372323
8 0.03130148270181219
5 0.0214168039538715
0 0.019769357495881386
2 0.018121911037891267
4 0.016474464579901153
3 0.014827018121911038
1 0.013179571663920923
doc : 37
9 0.1
8 0.1
7 0.1
6 0.1
5 0.1
4 0.1
3 0.1
2 0.1
1 0.1
0 0.1
doc : 38
3 0.7972027972027972
9 0.037296037296037296
8 0.02564102564102564
6 0.02564102564102564
4 0.023310023310023312
2 0.023310023310023312
7 0.018648018648018648
5 0.018648018648018648
0 0.016317016317016316
1 0.013986013986013986
doc : 39
1 0.556782334384858
4 0.361198738170347
2 0.014195583596214511
9 0.011041009463722396
0 0.011041009463722396
8 0.00946372239747634
7 0.00946372239747634
6 0.00946372239747634
5 0.00946372239747634
3 0.007886435331230283
doc : 40
4 0.863080684596577
8 0.022004889975550123
0 0.022004889975550123
9 0.017114914425427872
6 0.014669926650366748
7 0.012224938875305624
5 0.012224938875305624
3 0.012224938875305624
2 0.012224938875305624
1 0.012224938875305624
doc : 41
3 0.38105263157894737
8 0.2294736842105263
6 0.09263157894736843
9 0.08210526315789474
2 0.06315789473684211
4 0.05052631578947368
7 0.04842105263157895
5 0.027368421052631577
1 0.01263157894736842
0 0.01263157894736842
doc : 42
8 0.4802371541501976
3 0.25889328063241107
9 0.08300395256916995
6 0.06324110671936758
7 0.02569169960474308
5 0.021739130434782608
4 0.017786561264822132
2 0.017786561264822132
1 0.015810276679841896
0 0.015810276679841896
doc : 43
5 0.7465145754119138
8 0.051964512040557666
4 0.04562737642585551
6 0.04435994930291508
3 0.03168567807351077
2 0.02915082382762991
7 0.0164765525982256
9 0.013941698352344739
1 0.012674271229404309
0 0.007604562737642585
doc : 44
8 0.5220338983050847
5 0.10847457627118644
9 0.09152542372881356
3 0.07457627118644068
6 0.06101694915254237
2 0.04067796610169491
4 0.030508474576271184
0 0.02711864406779661
1 0.023728813559322035
7 0.020338983050847456
doc : 45
8 0.503968253968254
5 0.11904761904761904
2 0.0992063492063492
3 0.07142857142857142
0 0.051587301587301584
4 0.04365079365079365
9 0.031746031746031744
7 0.031746031746031744
6 0.023809523809523808
1 0.023809523809523808
doc : 46
9 0.6044444444444445
8 0.10222222222222223
3 0.08444444444444445
2 0.044444444444444446
4 0.035555555555555556
5 0.03111111111111111
7 0.026666666666666665
1 0.026666666666666665
6 0.022222222222222223
0 0.022222222222222223
doc : 47
3 0.3720508166969147
9 0.35208711433756806
8 0.10526315789473684
6 0.034482758620689655
0 0.032667876588021776
5 0.02722323049001815
7 0.023593466424682394
1 0.019963702359346643
2 0.018148820326678763
4 0.014519056261343012
doc : 48
7 0.671118530884808
6 0.20534223706176963
9 0.05342237061769616
3 0.018363939899833055
8 0.012520868113522538
5 0.009181969949916527
1 0.009181969949916527
0 0.008347245409015025
2 0.00667779632721202
4 0.005843071786310518
doc : 49
9 0.1
8 0.1
7 0.1
6 0.1
5 0.1
4 0.1
3 0.1
2 0.1
1 0.1
0 0.1
