doc : 0
1 0.8071895424836601
8 0.026143790849673203
4 0.026143790849673203
7 0.022875816993464054
3 0.022875816993464054
9 0.0196078431372549
5 0.0196078431372549
2 0.0196078431372549
0 0.0196078431372549
6 0.016339869281045753
doc : 1
1 0.8122977346278317
5 0.02912621359223301
3 0.025889967637540454
7 0.022653721682847898
9 0.01941747572815534
8 0.01941747572815534
4 0.01941747572815534
2 0.01941747572815534
6 0.016181229773462785
0 0.016181229773462785
doc : 2
1 0.8090614886731392
8 0.02912621359223301
6 0.02912621359223301
9 0.025889967637540454
5 0.01941747572815534
4 0.01941747572815534
3 0.01941747572815534
7 0.016181229773462785
2 0.016181229773462785
0 0.016181229773462785
doc : 3
1 0.8258064516129032
0 0.02903225806451613
8 0.02258064516129032
9 0.01935483870967742
6 0.01935483870967742
4 0.01935483870967742
7 0.016129032258064516
5 0.016129032258064516
3 0.016129032258064516
2 0.016129032258064516
doc : 4
1 0.5872093023255814
4 0.0755813953488372
6 0.06976744186046512
0 0.05813953488372093
5 0.040697674418604654
3 0.040697674418604654
9 0.03488372093023256
7 0.03488372093023256
8 0.029069767441860465
2 0.029069767441860465
doc : 5
1 0.6190476190476191
4 0.06878306878306878
3 0.047619047619047616
0 0.047619047619047616
5 0.042328042328042326
9 0.037037037037037035
8 0.037037037037037035
7 0.037037037037037035
6 0.031746031746031744
2 0.031746031746031744
doc : 6
8 0.7640987836343531
9 0.11205307777368227
4 0.060081091043125694
5 0.03206782159970512
2 0.013269443420567637
7 0.0055289347585698485
1 0.004791743457427202
6 0.003317360855141909
3 0.002580169553999263
0 0.0022115739034279398
doc : 7
5 0.21649484536082475
0 0.18556701030927836
6 0.1134020618556701
9 0.10309278350515463
8 0.08247422680412371
3 0.08247422680412371
7 0.061855670103092786
4 0.05154639175257732
2 0.05154639175257732
1 0.05154639175257732
doc : 8
4 0.38961038961038963
1 0.18181818181818182
7 0.09740259740259741
9 0.07792207792207792
8 0.045454545454545456
6 0.045454545454545456
3 0.045454545454545456
0 0.045454545454545456
5 0.03896103896103896
2 0.03246753246753247
doc : 9
9 0.5180921052631579
2 0.20230263157894735
7 0.11184210526315788
5 0.05921052631578947
8 0.04029605263157895
0 0.021381578947368418
4 0.014802631578947368
3 0.013980263157894735
1 0.013157894736842105
6 0.004934210526315789
doc : 10
3 0.4579124579124579
9 0.10101010101010101
1 0.08417508417508417
7 0.06734006734006734
6 0.06734006734006734
5 0.06734006734006734
0 0.050505050505050504
8 0.043771043771043766
4 0.0303030303030303
2 0.0303030303030303
doc : 11
4 0.6782945736434108
7 0.11757105943152456
1 0.05943152454780362
9 0.047803617571059435
8 0.03229974160206719
5 0.015503875968992248
3 0.015503875968992248
2 0.015503875968992248
6 0.0103359173126615
0 0.007751937984496124
doc : 12
4 0.6428571428571429
9 0.08188153310104529
7 0.08188153310104529
1 0.050522648083623695
5 0.033101045296167246
8 0.027874564459930314
3 0.024390243902439025
2 0.020905923344947737
0 0.020905923344947737
6 0.0156794425087108
doc : 13
8 0.7772039837698267
9 0.11434894872740686
4 0.046846182220582816
5 0.023607524898561418
2 0.01364810033198082
1 0.007008483954260421
7 0.0066396163777203985
0 0.004795278495020288
3 0.0036886757654002213
6 0.002213205459240133
doc : 14
4 0.7190860215053764
7 0.09811827956989248
9 0.0456989247311828
5 0.03091397849462366
8 0.02688172043010753
2 0.024193548387096777
3 0.01881720430107527
0 0.01478494623655914
1 0.013440860215053765
6 0.008064516129032258
doc : 15
1 0.8209366391184574
6 0.027548209366391185
0 0.024793388429752067
9 0.02203856749311295
3 0.02203856749311295
7 0.01928374655647383
5 0.01928374655647383
2 0.01652892561983471
8 0.013774104683195593
4 0.013774104683195593
doc : 16
1 0.45118733509234826
0 0.17414248021108178
9 0.07651715039577836
3 0.06860158311345646
5 0.05013192612137203
7 0.04221635883905013
6 0.04221635883905013
4 0.04221635883905013
8 0.02638522427440633
2 0.02638522427440633
doc : 17
1 0.5203619909502263
3 0.09502262443438915
0 0.07239819004524888
2 0.06334841628959277
9 0.05882352941176471
5 0.0497737556561086
4 0.04072398190045249
7 0.03619909502262444
6 0.03619909502262444
8 0.027149321266968326
doc : 18
1 0.14634146341463417
6 0.13414634146341464
3 0.13414634146341464
0 0.10975609756097561
7 0.08536585365853659
5 0.08536585365853659
4 0.08536585365853659
2 0.08536585365853659
8 0.07317073170731708
9 0.06097560975609756
doc : 19
1 0.6271186440677966
4 0.06779661016949153
3 0.05649717514124294
6 0.04519774011299435
0 0.04519774011299435
5 0.03954802259887005
7 0.03389830508474576
9 0.02824858757062147
8 0.02824858757062147
2 0.02824858757062147
doc : 20
0 0.549645390070922
9 0.2565011820330969
6 0.05673758865248227
1 0.04373522458628842
8 0.02364066193853428
3 0.017730496453900707
5 0.015366430260047281
7 0.014184397163120567
2 0.013002364066193853
4 0.009456264775413711
doc : 21
1 0.841642228739003
4 0.026392961876832845
9 0.02346041055718475
5 0.01759530791788856
2 0.01759530791788856
8 0.01466275659824047
7 0.01466275659824047
6 0.01466275659824047
3 0.01466275659824047
0 0.01466275659824047
doc : 22
1 0.6724890829694323
5 0.074235807860262
0 0.05895196506550218
9 0.043668122270742356
6 0.03930131004366812
3 0.026200873362445413
8 0.021834061135371178
7 0.021834061135371178
2 0.021834061135371178
4 0.01965065502183406
doc : 23
1 0.8343195266272189
7 0.02071005917159763
4 0.02071005917159763
2 0.02071005917159763
0 0.02071005917159763
8 0.01775147928994083
5 0.01775147928994083
3 0.01775147928994083
9 0.014792899408284023
6 0.014792899408284023
doc : 24
1 0.8382352941176471
7 0.023529411764705882
5 0.020588235294117647
0 0.020588235294117647
9 0.01764705882352941
8 0.01764705882352941
3 0.01764705882352941
6 0.014705882352941176
4 0.014705882352941176
2 0.014705882352941176
doc : 25
1 0.6818181818181819
6 0.1038961038961039
0 0.03896103896103896
4 0.03571428571428572
3 0.03571428571428572
9 0.03246753246753247
7 0.01948051948051948
5 0.01948051948051948
8 0.016233766233766236
2 0.016233766233766236
doc : 26
6 0.3969849246231156
1 0.1457286432160804
9 0.07035175879396985
7 0.07035175879396985
3 0.07035175879396985
0 0.07035175879396985
5 0.06030150753768844
8 0.05025125628140704
4 0.035175879396984924
2 0.03015075376884422
doc : 27
0 0.935203476886606
1 0.017779533781114184
3 0.009087317265902804
8 0.008297115764519952
4 0.0075069142631371
7 0.005926511260371394
5 0.005531410509679968
2 0.004346108257605689
9 0.0031608060055314103
6 0.0031608060055314103
doc : 28
1 0.48066298342541436
0 0.15469613259668508
3 0.06077348066298342
5 0.055248618784530384
8 0.04419889502762431
7 0.04419889502762431
6 0.04419889502762431
2 0.04419889502762431
9 0.03867403314917127
4 0.03314917127071823
doc : 29
1 0.5853211009174313
9 0.27889908256880735
6 0.031192660550458717
0 0.02018348623853211
4 0.01651376146788991
3 0.01651376146788991
5 0.014678899082568808
2 0.014678899082568808
8 0.012844036697247707
7 0.009174311926605505
doc : 30
3 0.8270925110132159
1 0.08370044052863437
0 0.018722466960352426
2 0.01431718061674009
6 0.012114537444933921
5 0.011013215859030838
8 0.009911894273127754
4 0.00881057268722467
7 0.007709251101321587
9 0.006607929515418503
doc : 31
3 0.8272827282728272
1 0.08250825082508251
0 0.0165016501650165
8 0.0143014301430143
5 0.0143014301430143
4 0.0121012101210121
2 0.009900990099009901
6 0.0088008800880088
9 0.007700770077007701
7 0.006600660066006601
doc : 32
7 0.7815275310834814
2 0.04440497335701599
8 0.03907637655417407
5 0.03019538188277087
1 0.028419182948490232
9 0.024866785079928955
4 0.017761989342806393
0 0.014209591474245116
3 0.010657193605683837
6 0.008880994671403197
doc : 33
7 0.7696335078534031
2 0.09773123909249563
8 0.029668411867364748
5 0.02443280977312391
9 0.019197207678883072
6 0.013961605584642234
4 0.012216404886561954
1 0.012216404886561954
3 0.010471204188481676
0 0.010471204188481676
doc : 34
7 0.7874306839186691
8 0.04621072088724584
3 0.03512014787430684
5 0.022181146025878003
2 0.02033271719038817
9 0.018484288354898334
1 0.018484288354898334
0 0.018484288354898334
6 0.0166358595194085
4 0.0166358595194085
doc : 35
4 0.8666666666666667
8 0.01839080459770115
1 0.01839080459770115
9 0.016091954022988506
7 0.013793103448275862
6 0.013793103448275862
5 0.013793103448275862
3 0.013793103448275862
2 0.013793103448275862
0 0.011494252873563218
doc : 36
9 0.6215213358070502
7 0.09647495361781076
5 0.07977736549165121
1 0.05380333951762523
4 0.05194805194805195
8 0.029684601113172542
6 0.01855287569573284
2 0.01855287569573284
0 0.016697588126159554
3 0.012987012987012988
doc : 37
3 0.5336134453781513
1 0.14285714285714285
7 0.07563025210084033
2 0.0546218487394958
5 0.04201680672268907
4 0.037815126050420166
0 0.037815126050420166
9 0.025210084033613446
8 0.025210084033613446
6 0.025210084033613446
doc : 38
9 0.8793686583990981
4 0.02705749718151071
8 0.019165727170236752
2 0.018038331454340473
3 0.013528748590755355
1 0.011273957158962795
7 0.010146561443066516
5 0.009019165727170236
0 0.006764374295377677
6 0.005636978579481398
doc : 39
6 0.6308724832214765
3 0.06711409395973154
1 0.060402684563758385
5 0.050335570469798654
0 0.04697986577181208
4 0.040268456375838924
9 0.026845637583892617
7 0.026845637583892617
2 0.026845637583892617
8 0.02348993288590604
doc : 40
9 0.8701754385964913
8 0.025730994152046785
7 0.025730994152046785
4 0.025730994152046785
2 0.0152046783625731
5 0.00935672514619883
1 0.008187134502923977
0 0.008187134502923977
6 0.005847953216374269
3 0.005847953216374269
doc : 41
9 0.8649592549476135
2 0.025611175785797437
8 0.023282887077997673
7 0.018626309662398137
4 0.01629802095459837
5 0.013969732246798603
3 0.012805587892898719
1 0.009313154831199068
6 0.008149010477299184
0 0.006984866123399301
doc : 42
6 0.40298507462686567
1 0.12935323383084577
0 0.09950248756218905
9 0.07960199004975124
3 0.07960199004975124
2 0.04975124378109452
8 0.04477611940298507
4 0.04477611940298507
7 0.03482587064676617
5 0.03482587064676617
doc : 43
4 0.8426966292134832
7 0.02696629213483146
0 0.022471910112359553
8 0.020224719101123598
9 0.015730337078651686
6 0.015730337078651686
2 0.015730337078651686
1 0.015730337078651686
3 0.01348314606741573
5 0.011235955056179777
doc : 44
9 0.7189542483660132
6 0.06753812636165578
1 0.06318082788671024
4 0.034858387799564274
7 0.02396514161220044
0 0.02396514161220044
5 0.019607843137254905
3 0.019607843137254905
8 0.017429193899782137
2 0.010893246187363835
doc : 45
1 0.39299610894941633
6 0.30739299610894943
9 0.07003891050583658
3 0.058365758754863814
5 0.038910505836575876
7 0.0311284046692607
4 0.027237354085603113
2 0.027237354085603113
8 0.023346303501945526
0 0.023346303501945526
doc : 46
5 0.6685082872928176
2 0.1270718232044199
9 0.03867403314917127
7 0.03867403314917127
8 0.027624309392265192
4 0.022099447513812154
0 0.022099447513812154
3 0.019337016574585635
1 0.019337016574585635
6 0.016574585635359115
doc : 47
5 0.8791593695271454
2 0.03152364273204904
7 0.028896672504378284
8 0.01138353765323993
0 0.01138353765323993
1 0.010507880910683012
9 0.009632224168126095
3 0.0070052539404553416
6 0.005253940455341506
4 0.005253940455341506
doc : 48
6 0.8394854586129754
9 0.07885906040268456
1 0.025727069351230425
5 0.015659955257270694
7 0.008948545861297539
0 0.008948545861297539
8 0.007829977628635347
2 0.006152125279642058
3 0.005592841163310961
4 0.0027964205816554807
doc : 49
8 0.53983286908078
7 0.3905292479108635
5 0.013370473537604458
9 0.011142061281337047
1 0.010027855153203343
2 0.008356545961002786
4 0.007799442896935934
3 0.007799442896935934
0 0.007799442896935934
6 0.0033426183844011146
doc : 50
7 0.8301526717557252
9 0.03244274809160305
8 0.02862595419847328
5 0.022900763358778626
1 0.02099236641221374
2 0.01717557251908397
6 0.013358778625954198
0 0.013358778625954198
4 0.011450381679389313
3 0.009541984732824428
doc : 51
9 0.4926568758344459
8 0.16488651535380508
7 0.14419225634178906
3 0.07610146862483311
2 0.05540720961281709
4 0.021361815754339118
0 0.018691588785046728
5 0.014018691588785047
1 0.008678237650200267
6 0.004005340453938584
doc : 52
9 0.8944020356234097
4 0.020356234096692113
8 0.013994910941475827
1 0.012722646310432571
7 0.011450381679389315
5 0.010178117048346057
3 0.010178117048346057
2 0.010178117048346057
0 0.010178117048346057
6 0.0063613231552162855
doc : 53
9 0.8700147710487445
4 0.022156573116691287
7 0.01772525849335303
8 0.016248153618906944
0 0.016248153618906944
3 0.014771048744460858
2 0.014771048744460858
5 0.010339734121122601
6 0.008862629246676515
1 0.008862629246676515
doc : 54
8 0.8267543859649122
4 0.07748538011695906
2 0.025584795321637425
9 0.017543859649122806
7 0.013157894736842105
5 0.009502923976608187
3 0.008771929824561403
6 0.00804093567251462
1 0.007309941520467836
0 0.005847953216374269
doc : 55
8 0.8406432748538011
4 0.08114035087719298
7 0.013888888888888888
9 0.013157894736842105
3 0.012426900584795321
2 0.01023391812865497
6 0.00804093567251462
5 0.00804093567251462
1 0.007309941520467836
0 0.005116959064327485
doc : 56
4 0.8465011286681715
8 0.03160270880361173
1 0.02708803611738149
7 0.01805869074492099
5 0.015801354401805866
9 0.013544018058690745
3 0.013544018058690745
6 0.01128668171557562
2 0.01128668171557562
0 0.01128668171557562
doc : 57
8 0.5503225806451613
3 0.26129032258064516
9 0.05096774193548387
2 0.03935483870967742
5 0.03032258064516129
4 0.02838709677419355
7 0.012903225806451613
0 0.012903225806451613
1 0.008387096774193548
6 0.005161290322580645
doc : 58
2 0.9439751000444642
7 0.022232103156958647
5 0.005780346820809248
9 0.005335704757670075
4 0.005335704757670075
8 0.004446420631391729
1 0.0035571365051133837
0 0.0035571365051133837
6 0.0031124944419742106
3 0.0026678523788350376
doc : 59
1 0.1452991452991453
5 0.13675213675213677
3 0.12820512820512822
2 0.12820512820512822
0 0.09401709401709403
8 0.08547008547008547
6 0.08547008547008547
9 0.07692307692307693
7 0.05982905982905984
4 0.05982905982905984
doc : 60
3 0.6725838264299803
8 0.11439842209072978
5 0.06706114398422092
7 0.037475345167652864
4 0.02366863905325444
9 0.01775147928994083
2 0.01775147928994083
0 0.01775147928994083
6 0.015779092702169626
1 0.015779092702169626
doc : 61
3 0.6481876332622601
8 0.10021321961620469
5 0.04051172707889126
9 0.038379530916844345
4 0.038379530916844345
7 0.031982942430703626
2 0.029850746268656716
1 0.027718550106609806
6 0.023454157782515993
0 0.021321961620469083
doc : 62
6 0.754950495049505
7 0.039603960396039604
4 0.03712871287128713
3 0.03712871287128713
8 0.0297029702970297
1 0.027227722772277228
5 0.024752475247524754
2 0.022277227722772276
9 0.01485148514851485
0 0.012376237623762377
doc : 63
6 0.7701421800947867
4 0.04265402843601896
1 0.03080568720379147
8 0.028436018957345974
2 0.028436018957345974
5 0.026066350710900476
9 0.023696682464454978
7 0.018957345971563982
3 0.016587677725118485
0 0.014218009478672987
doc : 64
4 0.8581235697940504
9 0.02288329519450801
1 0.020594965675057208
2 0.016018306636155607
0 0.016018306636155607
8 0.013729977116704806
7 0.013729977116704806
5 0.013729977116704806
3 0.013729977116704806
6 0.011441647597254004
doc : 65
5 0.8741116751269036
2 0.03654822335025381
7 0.0233502538071066
4 0.015228426395939087
8 0.013197969543147208
3 0.009137055837563452
1 0.009137055837563452
9 0.007106598984771574
6 0.006091370558375634
0 0.006091370558375634
doc : 66
5 0.6325966850828729
2 0.1408839779005525
7 0.052486187845303865
9 0.03314917127071823
8 0.03314917127071823
3 0.024861878453038673
4 0.022099447513812154
0 0.022099447513812154
6 0.019337016574585635
1 0.019337016574585635
doc : 67
5 0.6519337016574586
2 0.143646408839779
7 0.03867403314917127
9 0.03314917127071823
1 0.03314917127071823
8 0.024861878453038673
4 0.024861878453038673
0 0.019337016574585635
6 0.016574585635359115
3 0.013812154696132596
doc : 68
5 0.6475409836065574
7 0.15825977301387137
3 0.043505674653215635
6 0.03656998738965952
2 0.02837326607818411
9 0.025851197982345524
1 0.02080706179066835
8 0.01639344262295082
4 0.014501891551071878
0 0.00819672131147541
doc : 69
3 0.6442105263157895
8 0.12210526315789473
5 0.04842105263157895
1 0.03789473684210526
4 0.03368421052631579
6 0.027368421052631577
2 0.027368421052631577
9 0.023157894736842106
7 0.01894736842105263
0 0.016842105263157894
doc : 70
3 0.6603415559772297
8 0.10436432637571158
5 0.07969639468690702
7 0.03795066413662239
2 0.028462998102466795
4 0.022770398481973434
6 0.017077798861480076
1 0.017077798861480076
0 0.017077798861480076
9 0.015180265654648957
doc : 71
2 0.8643897538925164
9 0.09191361125062783
7 0.011551983927674536
5 0.007031642390758414
8 0.006027122049221498
4 0.006027122049221498
3 0.003515821195379207
1 0.003515821195379207
6 0.003013561024610749
0 0.003013561024610749
doc : 72
5 0.8880139982502188
7 0.026246719160104987
2 0.01837270341207349
3 0.01399825021872266
9 0.011373578302712161
8 0.011373578302712161
1 0.00962379702537183
4 0.007874015748031496
0 0.007874015748031496
6 0.005249343832020997
doc : 73
2 0.8506719761075161
9 0.08860129417620706
5 0.016923842707814832
7 0.010452961672473867
3 0.007964161274265804
4 0.007466401194624191
6 0.00547536087605774
8 0.004977600796416127
0 0.003982080637132902
1 0.003484320557491289
doc : 74
5 0.735827664399093
2 0.11337868480725624
7 0.054421768707483
3 0.024943310657596373
4 0.021541950113378686
8 0.017006802721088437
1 0.010204081632653062
9 0.009070294784580499
6 0.006802721088435375
0 0.006802721088435375
doc : 75
4 0.8685968819599109
1 0.022271714922048998
5 0.020044543429844096
8 0.015590200445434297
9 0.013363028953229397
7 0.013363028953229397
3 0.013363028953229397
6 0.011135857461024499
2 0.011135857461024499
0 0.011135857461024499
doc : 76
4 0.8517699115044247
7 0.01991150442477876
3 0.01991150442477876
2 0.01991150442477876
9 0.017699115044247787
0 0.017699115044247787
5 0.015486725663716814
8 0.01327433628318584
1 0.01327433628318584
6 0.011061946902654867
doc : 77
3 0.5161030595813204
4 0.3023349436392915
2 0.10386473429951691
8 0.049516908212560384
9 0.007648953301127214
5 0.006843800322061192
7 0.006038647342995169
0 0.00322061191626409
1 0.0024154589371980675
6 0.002012882447665056
doc : 78
4 0.8671328671328671
1 0.02097902097902098
8 0.018648018648018648
2 0.016317016317016316
9 0.013986013986013986
6 0.013986013986013986
5 0.013986013986013986
7 0.011655011655011656
3 0.011655011655011656
0 0.011655011655011656
doc : 79
4 0.4613583138173302
3 0.2611241217798595
5 0.0702576112412178
8 0.05269320843091335
0 0.04800936768149883
2 0.04215456674473068
1 0.02107728337236534
6 0.01990632318501171
9 0.01288056206088993
7 0.01053864168618267
doc : 80
4 0.8366834170854272
9 0.02763819095477387
8 0.022613065326633167
1 0.020100502512562814
7 0.017587939698492462
2 0.017587939698492462
5 0.01507537688442211
3 0.01507537688442211
0 0.01507537688442211
6 0.01256281407035176
doc : 81
4 0.8341346153846154
8 0.02403846153846154
7 0.02403846153846154
1 0.02403846153846154
9 0.021634615384615384
5 0.019230769230769232
3 0.014423076923076924
0 0.014423076923076924
6 0.01201923076923077
2 0.01201923076923077
doc : 82
4 0.8034934497816594
8 0.04585152838427947
3 0.03930131004366812
7 0.021834061135371178
9 0.01965065502183406
5 0.015283842794759825
1 0.015283842794759825
0 0.015283842794759825
2 0.013100436681222707
6 0.010917030567685589
doc : 83
5 0.8936905790838375
2 0.033707865168539325
7 0.018150388936905792
8 0.015557476231633536
1 0.009507346585998272
9 0.00864304235090752
3 0.006914433880726016
4 0.005185825410544511
6 0.00432152117545376
0 0.00432152117545376
doc : 84
2 0.28323699421965315
4 0.1907514450867052
9 0.17148362235067438
7 0.10789980732177264
8 0.09248554913294797
6 0.05009633911368015
3 0.038535645472061654
5 0.023121387283236993
0 0.023121387283236993
1 0.019267822736030827
doc : 85
1 0.16216216216216217
9 0.12612612612612611
6 0.12612612612612611
5 0.12612612612612611
7 0.11711711711711711
3 0.10810810810810811
2 0.07207207207207207
8 0.05405405405405406
4 0.05405405405405406
0 0.05405405405405406
doc : 86
6 0.6223479490806224
0 0.11315417256011316
1 0.09476661951909476
5 0.03818953323903819
3 0.029702970297029705
7 0.024045261669024046
9 0.02263083451202263
4 0.021216407355021217
2 0.021216407355021217
8 0.01272984441301273
doc : 87
3 0.7008403361344538
1 0.08571428571428572
6 0.07058823529411765
4 0.03697478991596639
5 0.02689075630252101
0 0.018487394957983194
9 0.016806722689075633
7 0.016806722689075633
8 0.013445378151260505
2 0.013445378151260505
doc : 88
1 0.42622950819672134
3 0.09016393442622951
6 0.0819672131147541
0 0.0819672131147541
9 0.05737704918032787
7 0.05737704918032787
4 0.05737704918032787
2 0.05737704918032787
5 0.04918032786885246
8 0.04098360655737705
doc : 89
6 0.390625
3 0.10491071428571427
7 0.10267857142857142
0 0.09375
1 0.08035714285714285
9 0.07142857142857142
5 0.06473214285714285
4 0.05133928571428571
8 0.02232142857142857
2 0.017857142857142856
doc : 90
0 0.7955854126679462
1 0.052783109404990404
3 0.02879078694817658
7 0.026871401151631478
6 0.025911708253358923
5 0.02111324376199616
9 0.016314779270633396
2 0.012476007677543186
4 0.011516314779270634
8 0.008637236084452975
doc : 91
7 0.6053357865685373
2 0.23183072677092917
5 0.10487580496780129
8 0.017939282428702852
9 0.013339466421343146
0 0.009659613615455382
3 0.005979760809567618
1 0.004139834406623735
6 0.0036798528058877645
4 0.003219871205151794
doc : 92
7 0.8385321100917431
8 0.029357798165137616
5 0.023853211009174313
2 0.01834862385321101
1 0.01834862385321101
6 0.01651376146788991
3 0.01651376146788991
9 0.014678899082568808
4 0.014678899082568808
0 0.009174311926605505
doc : 93
8 0.34109502831969796
9 0.29641283826305853
5 0.16928886091881687
4 0.07614852108244179
2 0.06544996853366898
7 0.01825047199496539
1 0.013845185651353053
3 0.00881057268722467
0 0.007551919446192575
6 0.0031466331025802393
doc : 94
9 0.8303030303030303
7 0.03636363636363636
5 0.025757575757575757
4 0.021212121212121213
2 0.019696969696969695
1 0.01818181818181818
8 0.016666666666666666
6 0.012121212121212121
3 0.010606060606060607
0 0.00909090909090909
doc : 95
6 0.6199701937406855
1 0.16989567809239942
2 0.041728763040238454
5 0.03278688524590164
7 0.03129657228017884
0 0.03129657228017884
3 0.02533532041728763
9 0.019374068554396422
4 0.014903129657228018
8 0.013412816691505215
doc : 96
6 0.7586206896551724
5 0.03940886699507389
4 0.03694581280788178
1 0.034482758620689655
7 0.027093596059113302
3 0.027093596059113302
8 0.024630541871921183
2 0.024630541871921183
0 0.014778325123152709
9 0.012315270935960592
doc : 97
6 0.7485148514851485
1 0.047524752475247525
0 0.03564356435643565
9 0.033663366336633666
5 0.031683168316831684
3 0.0297029702970297
4 0.025742574257425745
7 0.019801980198019802
8 0.015841584158415842
2 0.011881188118811881
doc : 98
7 0.8355140186915888
5 0.029906542056074768
4 0.028037383177570093
8 0.01869158878504673
3 0.01869158878504673
1 0.01869158878504673
9 0.016822429906542057
6 0.011214953271028038
2 0.011214953271028038
0 0.011214953271028038
doc : 99
2 0.9494780793319416
5 0.010020876826722338
7 0.009185803757828811
4 0.005427974947807933
3 0.005427974947807933
9 0.005010438413361169
8 0.005010438413361169
0 0.004592901878914406
1 0.003757828810020877
6 0.0020876826722338207
