doc : 0
4 0.8431372549019608
0 0.04534313725490196
7 0.01838235294117647
9 0.01715686274509804
3 0.015931372549019607
2 0.015931372549019607
1 0.013480392156862746
8 0.011029411764705881
6 0.00980392156862745
5 0.00980392156862745
doc : 1
0 0.6330645161290323
9 0.10887096774193548
6 0.04435483870967742
5 0.04435483870967742
4 0.04435483870967742
3 0.028225806451612902
1 0.028225806451612902
7 0.024193548387096774
2 0.024193548387096774
8 0.020161290322580645
doc : 2
0 0.5333333333333333
9 0.32571428571428573
5 0.024761904761904763
4 0.02095238095238095
1 0.02095238095238095
8 0.01904761904761905
6 0.01904761904761905
3 0.015238095238095238
2 0.011428571428571429
7 0.009523809523809525
doc : 3
0 0.878099173553719
3 0.023415977961432508
7 0.022727272727272728
4 0.01721763085399449
9 0.01652892561983471
6 0.013774104683195593
8 0.007575757575757576
1 0.007575757575757576
2 0.006887052341597796
5 0.006198347107438017
doc : 4
0 0.8250564334085778
9 0.04514672686230248
6 0.0327313769751693
2 0.019187358916478554
3 0.01693002257336343
8 0.014672686230248306
4 0.014672686230248306
7 0.013544018058690745
5 0.010158013544018058
1 0.007900677200902933
doc : 5
0 0.7339055793991416
4 0.09012875536480687
2 0.03648068669527897
3 0.034334763948497854
6 0.02145922746781116
8 0.019313304721030045
9 0.017167381974248927
5 0.017167381974248927
1 0.017167381974248927
7 0.012875536480686695
doc : 6
6 0.4743276283618582
0 0.2530562347188264
4 0.1393643031784841
9 0.05012224938875306
3 0.02567237163814181
2 0.014669926650366748
8 0.013447432762836185
7 0.013447432762836185
1 0.009779951100244499
5 0.006112469437652812
doc : 7
4 0.4066666666666667
0 0.12666666666666668
6 0.09333333333333334
7 0.06666666666666667
5 0.06666666666666667
2 0.060000000000000005
9 0.04666666666666667
8 0.04666666666666667
1 0.04666666666666667
3 0.04
doc : 8
9 0.9559748427672955
0 0.016352201257861635
6 0.005660377358490566
4 0.005345911949685534
2 0.0034591194968553456
8 0.003144654088050314
7 0.002830188679245283
5 0.002830188679245283
1 0.002830188679245283
3 0.001572327044025157
doc : 9
9 0.9566037735849056
0 0.018867924528301886
4 0.005031446540880503
8 0.0037735849056603774
2 0.0034591194968553456
6 0.003144654088050314
7 0.002830188679245283
5 0.00220125786163522
3 0.00220125786163522
1 0.0018867924528301887
doc : 10
4 0.8051282051282052
0 0.04230769230769231
6 0.03974358974358974
2 0.021794871794871794
9 0.020512820512820513
3 0.020512820512820513
7 0.017948717948717947
1 0.016666666666666666
8 0.007692307692307693
5 0.007692307692307693
doc : 11
2 0.6550580431177446
0 0.0912106135986733
1 0.08955223880597016
8 0.04809286898839138
6 0.03482587064676617
5 0.02155887230514096
7 0.01824212271973466
4 0.01658374792703151
3 0.014925373134328358
9 0.009950248756218905
doc : 12
1 0.5714839209608679
2 0.22316931421929487
8 0.1053855094924448
3 0.036807438977140644
6 0.017047655947307245
0 0.015110422316931422
7 0.008523827973653622
4 0.008523827973653622
9 0.0077489345215032935
5 0.006199147617202635
doc : 13
2 0.6635601118359739
1 0.17893755824790308
0 0.05591798695246971
8 0.02982292637465051
6 0.020503261882572225
9 0.0130475302889096
3 0.012115563839701771
7 0.011183597390493943
4 0.010251630941286113
5 0.004659832246039142
doc : 14
7 0.7248322147651006
5 0.15314215985356924
8 0.06711409395973154
6 0.01525320317266626
0 0.009762050030506406
1 0.007321537522879805
2 0.006711409395973154
9 0.0061012812690665035
4 0.005491153142159854
3 0.004270896888346552
doc : 15
8 0.8040201005025126
5 0.10887772194304858
6 0.015912897822445562
0 0.01507537688442211
1 0.01423785594639866
2 0.010050251256281407
4 0.009212730318257957
3 0.008375209380234505
9 0.007537688442211055
7 0.006700167504187605
doc : 16
8 0.82288496652465
1 0.05538648813146683
3 0.03956177723676202
2 0.023737066342057214
5 0.018867924528301886
6 0.013998782714546562
0 0.00852099817407182
7 0.007912355447352405
9 0.004869141813755326
4 0.00426049908703591
doc : 17
8 0.8077203204661326
1 0.11798980335032776
7 0.013838310269482885
2 0.010924981791697014
3 0.010196649672250547
6 0.009468317552804079
5 0.008739985433357612
4 0.008011653313911144
9 0.007283321194464676
0 0.005826656955571741
doc : 18
0 0.6884735202492211
9 0.11838006230529595
6 0.03894080996884735
3 0.03426791277258567
2 0.03271028037383177
8 0.024922118380062305
4 0.020249221183800622
7 0.017133956386292833
5 0.012461059190031152
1 0.012461059190031152
doc : 19
2 0.6327543424317618
5 0.20595533498759305
8 0.052109181141439205
1 0.04962779156327543
3 0.01488833746898263
7 0.009925558312655087
4 0.009925558312655087
0 0.009925558312655087
6 0.008684863523573201
9 0.006203473945409429
doc : 20
2 0.8928336620644314
3 0.027613412228796846
8 0.024983563445101907
0 0.015779092702169626
7 0.009204470742932281
1 0.007232084155161078
5 0.006574621959237344
4 0.00591715976331361
6 0.005259697567389875
9 0.0046022353714661405
doc : 21
7 0.7778443113772455
3 0.04730538922155689
1 0.033532934131736525
2 0.032335329341317366
4 0.027544910179640718
8 0.024550898203592814
0 0.02155688622754491
6 0.018562874251497007
5 0.012574850299401197
9 0.004191616766467066
doc : 22
7 0.711875
1 0.13
8 0.03875
3 0.02875
2 0.026875
6 0.02375
0 0.016875
5 0.0125
9 0.006875
4 0.00375
doc : 23
7 0.7133550488599348
5 0.18631921824104236
8 0.020846905537459284
2 0.01954397394136808
3 0.016938110749185668
0 0.01237785016286645
9 0.008469055374592834
1 0.008469055374592834
4 0.007817589576547232
6 0.005863192182410423
doc : 24
8 0.8700842696629213
1 0.026685393258426966
5 0.02598314606741573
3 0.024578651685393256
2 0.016853932584269662
7 0.010533707865168539
6 0.007724719101123595
9 0.006320224719101123
4 0.0056179775280898875
0 0.0056179775280898875
doc : 25
7 0.7316471314003702
3 0.14682294879703886
8 0.033929673041332514
6 0.023442319555829736
2 0.014805675508945095
5 0.011721159777914868
1 0.011721159777914868
0 0.010487353485502776
4 0.008019740900678593
9 0.007402837754472548
doc : 26
7 0.7118559279639819
6 0.1730865432716358
8 0.054527263631815905
2 0.022511255627813906
3 0.01250625312656328
5 0.007503751875937968
1 0.007503751875937968
4 0.00400200100050025
0 0.0035017508754377185
9 0.003001500750375187
doc : 27
0 0.7182539682539683
9 0.15555555555555556
4 0.027777777777777776
5 0.01904761904761905
8 0.015873015873015872
7 0.014285714285714285
3 0.014285714285714285
1 0.014285714285714285
6 0.011904761904761904
2 0.00873015873015873
doc : 28
4 0.8483709273182957
0 0.040100250626566414
3 0.018796992481203006
5 0.017543859649122806
2 0.016290726817042606
9 0.013784461152882205
8 0.012531328320802004
7 0.011278195488721804
6 0.011278195488721804
1 0.010025062656641603
doc : 29
2 0.8329794762915782
3 0.08138711960368011
8 0.034677990092002835
6 0.009907997169143666
5 0.009200283085633405
0 0.008492569002123142
1 0.007784854918612881
7 0.005661712668082095
4 0.005661712668082095
9 0.004246284501061571
doc : 30
2 0.8906906906906906
3 0.024624624624624624
8 0.01921921921921922
0 0.016216216216216217
5 0.013813813813813813
1 0.012612612612612612
7 0.006606606606606606
9 0.005405405405405405
6 0.005405405405405405
4 0.005405405405405405
doc : 31
7 0.8818393480791618
8 0.038416763678696154
3 0.02211874272409779
2 0.019208381839348077
6 0.009313154831199068
4 0.007566938300349243
0 0.006402793946449359
1 0.005820721769499418
9 0.005238649592549476
5 0.004074505238649592
doc : 32
7 0.7990985189954926
3 0.04571796522858983
8 0.044430135222150675
2 0.0334835801674179
1 0.0180296200901481
0 0.0180296200901481
4 0.012234385061171926
6 0.010946555054732776
9 0.00901481004507405
5 0.00901481004507405
doc : 33
8 0.7653316645807259
6 0.1414267834793492
2 0.029411764705882353
7 0.012515644555694618
5 0.012515644555694618
3 0.009386733416770964
0 0.008760951188986232
1 0.008135168961201502
9 0.007509386733416772
4 0.0050062578222778474
doc : 34
7 0.723314606741573
5 0.1467696629213483
8 0.0351123595505618
3 0.0273876404494382
2 0.020365168539325844
0 0.018258426966292134
1 0.009831460674157303
9 0.007022471910112359
6 0.006320224719101123
4 0.0056179775280898875
doc : 35
5 0.5394285714285715
8 0.2662857142857143
7 0.08342857142857144
0 0.02285714285714286
4 0.020571428571428574
2 0.020571428571428574
6 0.014857142857142859
1 0.014857142857142859
3 0.010285714285714287
9 0.006857142857142858
doc : 36
8 0.8361244019138756
2 0.05921052631578947
3 0.03767942583732057
6 0.01555023923444976
1 0.011961722488038277
5 0.010765550239234449
4 0.010167464114832535
0 0.010167464114832535
9 0.004186602870813397
7 0.004186602870813397
doc : 37
7 0.853453841187863
5 0.023240800516462233
3 0.02194964493221433
8 0.018721755971594575
6 0.018721755971594575
2 0.017430600387346673
0 0.016785022595222722
9 0.012911555842479019
1 0.010329244673983214
4 0.006455777921239509
doc : 38
6 0.844181459566075
0 0.034023668639053255
3 0.03057199211045365
2 0.026134122287968443
8 0.022189349112426038
1 0.010848126232741617
9 0.009368836291913216
7 0.009368836291913216
4 0.008382642998027615
5 0.004930966469428008
doc : 39
7 0.8863252673044457
1 0.025886325267304448
3 0.015194147439504785
8 0.014068655036578503
6 0.014068655036578503
5 0.011254924029262803
2 0.010692177827799663
9 0.009003939223410242
0 0.009003939223410242
4 0.004501969611705121
doc : 40
7 0.629080118694362
3 0.2605341246290801
2 0.024925816023738872
8 0.02433234421364985
0 0.016023738872403562
5 0.012462908011869436
4 0.009495548961424332
6 0.00830860534124629
1 0.00771513353115727
9 0.007121661721068249
doc : 41
7 0.9039231385108086
8 0.020016012810248198
3 0.016012810248198558
5 0.013610888710968775
4 0.009607686148919135
2 0.009607686148919135
0 0.008006405124099279
1 0.007205764611689351
9 0.006405124099279423
6 0.005604483586869495
doc : 42
7 0.8883658372562205
8 0.03362474781439139
6 0.013449899125756556
1 0.013449899125756556
5 0.0121049092131809
2 0.010759919300605245
0 0.010087424344317418
4 0.006724949562878278
9 0.00605245460659045
3 0.005379959650302623
doc : 43
8 0.788135593220339
1 0.11325115562403698
2 0.022342064714946073
4 0.015408320493066256
3 0.012326656394453005
0 0.011556240369799691
6 0.01078582434514638
9 0.010015408320493066
5 0.010015408320493066
7 0.0061633281972265025
doc : 44
7 0.5904356060606061
1 0.16051136363636365
3 0.08854166666666667
2 0.06960227272727273
8 0.05539772727272727
6 0.011363636363636364
4 0.006628787878787879
9 0.00615530303030303
5 0.005681818181818182
0 0.005681818181818182
doc : 45
7 0.869884575026233
3 0.03095487932843652
8 0.02465897166841553
0 0.02256033578174187
2 0.013641133263378805
1 0.012067156348373558
6 0.00944386149003148
5 0.008394543546694649
4 0.00472193074501574
9 0.0036726128016789086
doc : 46
2 0.759656652360515
3 0.11516452074391989
8 0.04291845493562232
1 0.01859799713876967
6 0.017882689556509297
5 0.012875536480686695
0 0.01072961373390558
4 0.008583690987124463
7 0.007868383404864092
9 0.005722460658082976
doc : 47
3 0.7585585585585586
2 0.12612612612612611
8 0.026126126126126126
1 0.025225225225225224
0 0.016216216216216217
7 0.010810810810810811
6 0.00990990990990991
4 0.00990990990990991
5 0.009009009009009009
9 0.008108108108108109
doc : 48
3 0.7262569832402235
2 0.11638733705772812
0 0.055865921787709494
8 0.0260707635009311
6 0.0148975791433892
4 0.013966480446927373
9 0.01303538175046555
7 0.012104283054003724
5 0.012104283054003724
1 0.00931098696461825
doc : 49
7 0.7725321888412017
2 0.05686695278969957
3 0.053111587982832616
8 0.03969957081545064
1 0.019313304721030045
0 0.018776824034334765
5 0.012339055793991416
6 0.0101931330472103
4 0.009120171673819743
9 0.008047210300429184
