doc : 0
6 0.9010526315789473
7 0.03368421052631579
3 0.010526315789473684
1 0.009473684210526315
5 0.008421052631578947
4 0.008421052631578947
2 0.008421052631578947
9 0.007368421052631579
8 0.00631578947368421
0 0.00631578947368421
doc : 1
5 0.5061349693251533
2 0.147239263803681
6 0.12269938650306748
0 0.05521472392638037
8 0.049079754601226995
3 0.03374233128834356
1 0.03067484662576687
4 0.02147239263803681
7 0.018404907975460124
9 0.015337423312883436
doc : 2
5 0.6229508196721312
3 0.06557377049180328
2 0.04918032786885246
1 0.04918032786885246
8 0.04371584699453552
9 0.03825136612021858
6 0.03825136612021858
0 0.03825136612021858
7 0.0273224043715847
4 0.0273224043715847
doc : 3
2 0.8186060983198507
1 0.05880522713130056
6 0.0357809583074051
0 0.0224019912881145
5 0.01773490976975731
9 0.015556938394523958
3 0.010578718108276292
8 0.0074673304293715
7 0.0074673304293715
4 0.005600497822028625
doc : 4
6 0.2426470588235294
5 0.1875
3 0.1801470588235294
0 0.16176470588235295
8 0.058823529411764705
1 0.044117647058823525
9 0.03676470588235294
2 0.03676470588235294
7 0.025735294117647058
4 0.025735294117647058
doc : 5
6 0.6857142857142857
7 0.06349206349206349
0 0.06349206349206349
8 0.047619047619047616
2 0.02857142857142857
9 0.022222222222222223
5 0.022222222222222223
4 0.022222222222222223
3 0.022222222222222223
1 0.022222222222222223
doc : 6
5 0.38372093023255816
0 0.09302325581395349
8 0.08139534883720931
7 0.06976744186046512
3 0.06976744186046512
2 0.06976744186046512
9 0.05813953488372093
6 0.05813953488372093
4 0.05813953488372093
1 0.05813953488372093
doc : 7
5 0.37209302325581395
0 0.11627906976744186
3 0.08139534883720931
7 0.06976744186046512
6 0.06976744186046512
9 0.05813953488372093
8 0.05813953488372093
4 0.05813953488372093
2 0.05813953488372093
1 0.05813953488372093
doc : 8
2 0.7378917378917379
1 0.05982905982905983
5 0.05698005698005698
0 0.042735042735042736
9 0.02421652421652422
6 0.01851851851851852
7 0.017094017094017096
3 0.017094017094017096
4 0.014245014245014245
8 0.011396011396011397
doc : 9
5 0.4069767441860465
0 0.10465116279069767
3 0.06976744186046512
1 0.06976744186046512
9 0.05813953488372093
8 0.05813953488372093
7 0.05813953488372093
6 0.05813953488372093
4 0.05813953488372093
2 0.05813953488372093
doc : 10
6 0.8593301435406698
7 0.04114832535885168
5 0.024880382775119617
8 0.016267942583732056
9 0.014354066985645933
3 0.012440191387559809
4 0.009569377990430622
2 0.007655502392344498
1 0.007655502392344498
0 0.0066985645933014355
doc : 11
9 0.8974600188146755
6 0.04656632173095014
5 0.015051740357478834
8 0.00799623706491063
3 0.007525870178739417
0 0.007525870178739417
7 0.0051740357478833494
1 0.004703668861712136
4 0.004233301975540922
2 0.0037629350893697085
doc : 12
3 0.790273556231003
5 0.03951367781155015
8 0.02735562310030395
6 0.0243161094224924
1 0.0243161094224924
0 0.0243161094224924
2 0.02127659574468085
7 0.0182370820668693
9 0.015197568389057751
4 0.015197568389057751
doc : 13
0 0.904121110176619
2 0.02354920100925147
8 0.01345668629100084
1 0.011774600504625735
3 0.010933557611438183
5 0.01009251471825063
9 0.007569386038687973
4 0.007569386038687973
6 0.00672834314550042
7 0.004205214465937763
doc : 14
5 0.5244755244755245
6 0.0979020979020979
8 0.07692307692307693
0 0.06993006993006994
1 0.04895104895104895
3 0.04195804195804196
9 0.03496503496503497
7 0.03496503496503497
4 0.03496503496503497
2 0.03496503496503497
doc : 15
9 0.6288209606986899
5 0.09170305676855894
3 0.06986899563318777
0 0.06550218340611354
6 0.05458515283842794
1 0.024017467248908297
8 0.021834061135371178
4 0.017467248908296942
7 0.015283842794759825
2 0.010917030567685589
doc : 16
5 0.21904761904761905
8 0.20317460317460317
1 0.18412698412698414
3 0.1492063492063492
0 0.06984126984126984
6 0.06349206349206349
2 0.031746031746031744
7 0.02857142857142857
4 0.02857142857142857
9 0.022222222222222223
doc : 17
7 0.6923076923076924
5 0.05494505494505495
9 0.038461538461538464
0 0.038461538461538464
3 0.03296703296703297
1 0.03296703296703297
8 0.027472527472527476
6 0.027472527472527476
4 0.027472527472527476
2 0.027472527472527476
doc : 18
5 0.6726190476190476
6 0.08928571428571427
8 0.05654761904761904
2 0.041666666666666664
3 0.03869047619047619
0 0.02976190476190476
9 0.020833333333333332
1 0.020833333333333332
7 0.01488095238095238
4 0.01488095238095238
doc : 19
5 0.6809338521400778
0 0.07003891050583658
6 0.05058365758754864
2 0.04669260700389105
3 0.038910505836575876
1 0.027237354085603113
8 0.023346303501945526
4 0.023346303501945526
9 0.019455252918287938
7 0.019455252918287938
doc : 20
5 0.6149253731343284
7 0.15522388059701492
8 0.04776119402985075
0 0.041791044776119404
9 0.029850746268656716
3 0.029850746268656716
4 0.023880597014925373
1 0.023880597014925373
6 0.01791044776119403
2 0.014925373134328358
doc : 21
5 0.6725978647686832
8 0.06761565836298931
0 0.05338078291814946
7 0.03914590747330961
6 0.03914590747330961
3 0.03558718861209964
9 0.028469750889679714
2 0.02491103202846975
4 0.021352313167259787
1 0.01779359430604982
doc : 22
7 0.6868131868131868
0 0.049450549450549455
5 0.04395604395604396
4 0.04395604395604396
8 0.03296703296703297
1 0.03296703296703297
9 0.027472527472527476
6 0.027472527472527476
3 0.027472527472527476
2 0.027472527472527476
doc : 23
5 0.36046511627906974
0 0.11627906976744186
3 0.09302325581395349
4 0.06976744186046512
1 0.06976744186046512
9 0.05813953488372093
8 0.05813953488372093
7 0.05813953488372093
6 0.05813953488372093
2 0.05813953488372093
doc : 24
6 0.8166666666666668
4 0.04833333333333334
2 0.028333333333333335
7 0.025
3 0.02
9 0.013333333333333334
5 0.013333333333333334
8 0.011666666666666667
1 0.011666666666666667
0 0.011666666666666667
doc : 25
5 0.5995670995670995
1 0.1406926406926407
2 0.06060606060606061
8 0.045454545454545456
3 0.03896103896103896
7 0.02813852813852814
0 0.025974025974025976
9 0.021645021645021644
6 0.021645021645021644
4 0.017316017316017316
doc : 26
5 0.38372093023255816
0 0.11627906976744186
7 0.06976744186046512
6 0.06976744186046512
3 0.06976744186046512
9 0.05813953488372093
8 0.05813953488372093
4 0.05813953488372093
2 0.05813953488372093
1 0.05813953488372093
doc : 27
1 0.4405940594059406
2 0.25742574257425743
5 0.07425742574257425
6 0.056105610561056105
3 0.05115511551155116
9 0.0297029702970297
7 0.0297029702970297
0 0.026402640264026403
4 0.018151815181518153
8 0.0165016501650165
doc : 28
5 0.4273504273504274
0 0.12820512820512822
6 0.10683760683760685
3 0.07692307692307693
9 0.05555555555555556
2 0.05128205128205129
1 0.047008547008547015
4 0.042735042735042736
8 0.038461538461538464
7 0.025641025641025644
doc : 29
8 0.39705882352941174
5 0.2892156862745098
1 0.0784313725490196
3 0.06372549019607843
0 0.058823529411764705
9 0.031862745098039214
6 0.024509803921568627
7 0.0196078431372549
2 0.0196078431372549
4 0.01715686274509804
doc : 30
9 0.8763906056860321
2 0.022249690976514212
0 0.022249690976514212
8 0.0173053152039555
6 0.014833127317676142
5 0.012360939431396784
7 0.009888751545117428
1 0.009888751545117428
3 0.00865265760197775
4 0.006180469715698392
doc : 31
7 0.7362637362637363
4 0.04395604395604395
9 0.040293040293040296
6 0.03663003663003663
5 0.029304029304029304
8 0.02564102564102564
3 0.021978021978021976
2 0.021978021978021976
1 0.021978021978021976
0 0.021978021978021976
doc : 32
7 0.24324324324324326
2 0.2364864864864865
5 0.14189189189189189
1 0.08783783783783784
8 0.07432432432432433
9 0.0472972972972973
4 0.0472972972972973
6 0.04054054054054054
3 0.04054054054054054
0 0.04054054054054054
doc : 33
8 0.3803680981595092
5 0.2719836400817996
6 0.11247443762781187
3 0.08384458077709613
0 0.049079754601227
2 0.030674846625766874
1 0.030674846625766874
9 0.016359918200409
7 0.01226993865030675
4 0.01226993865030675
doc : 34
5 0.4066666666666667
6 0.17333333333333334
1 0.09333333333333334
3 0.06666666666666667
2 0.05333333333333334
0 0.05333333333333334
8 0.04666666666666667
9 0.04
7 0.03333333333333333
4 0.03333333333333333
doc : 35
1 0.5458333333333333
5 0.14583333333333334
2 0.07708333333333334
3 0.05416666666666667
0 0.05416666666666667
8 0.029166666666666667
6 0.029166666666666667
4 0.029166666666666667
9 0.022916666666666665
7 0.0125
doc : 36
5 0.32211538461538464
1 0.2451923076923077
2 0.1201923076923077
3 0.07692307692307693
8 0.057692307692307696
6 0.05288461538461539
4 0.038461538461538464
9 0.03365384615384616
0 0.028846153846153848
7 0.02403846153846154
doc : 37
1 0.55
5 0.10882352941176471
3 0.07058823529411765
0 0.05
8 0.047058823529411764
2 0.044117647058823525
9 0.03823529411764706
7 0.03529411764705882
6 0.032352941176470584
4 0.023529411764705882
doc : 38
1 0.3231707317073171
2 0.15853658536585366
6 0.11585365853658537
3 0.10365853658536586
8 0.09146341463414634
9 0.0701219512195122
0 0.054878048780487805
5 0.03353658536585366
7 0.027439024390243903
4 0.021341463414634148
doc : 39
2 0.40540540540540543
1 0.17567567567567569
5 0.08108108108108109
8 0.060810810810810814
7 0.05405405405405406
3 0.05405405405405406
6 0.0472972972972973
4 0.0472972972972973
9 0.04054054054054054
0 0.033783783783783786
doc : 40
2 0.6892857142857143
1 0.09285714285714286
5 0.04107142857142857
0 0.04107142857142857
6 0.03571428571428571
9 0.024999999999999998
4 0.023214285714285715
8 0.02142857142857143
7 0.017857142857142856
3 0.012499999999999999
doc : 41
3 0.72265625
5 0.046875
1 0.046875
2 0.03515625
6 0.03125
7 0.02734375
0 0.02734375
8 0.0234375
9 0.01953125
4 0.01953125
doc : 42
8 0.7783505154639175
0 0.09896907216494846
3 0.0443298969072165
6 0.026804123711340208
2 0.013402061855670104
5 0.010309278350515464
4 0.008247422680412371
7 0.007216494845360825
1 0.007216494845360825
9 0.005154639175257732
doc : 43
1 0.7272727272727273
0 0.06136363636363636
5 0.05909090909090909
9 0.031818181818181815
2 0.029545454545454545
7 0.024999999999999998
4 0.020454545454545454
3 0.01818181818181818
8 0.015909090909090907
6 0.011363636363636364
doc : 44
7 0.9702934860415175
4 0.010021474588403722
1 0.0035790980672870433
2 0.002863278453829635
6 0.0025053686471009306
0 0.0025053686471009306
9 0.0021474588403722263
8 0.0021474588403722263
5 0.0021474588403722263
3 0.0017895490336435216
doc : 45
4 0.5011135857461024
5 0.17817371937639198
6 0.07126948775055679
0 0.05567928730512249
8 0.04899777282850779
3 0.044543429844097995
2 0.04008908685968819
7 0.026726057906458794
1 0.017817371937639197
9 0.015590200445434297
doc : 46
5 0.5378787878787878
6 0.09090909090909091
9 0.06060606060606061
3 0.05303030303030303
0 0.05303030303030303
2 0.045454545454545456
1 0.045454545454545456
8 0.03787878787878788
7 0.03787878787878788
4 0.03787878787878788
doc : 47
3 0.8402777777777777
0 0.06828703703703703
8 0.020833333333333332
6 0.016203703703703703
1 0.016203703703703703
7 0.009259259259259259
4 0.008101851851851851
2 0.008101851851851851
5 0.006944444444444444
9 0.005787037037037037
doc : 48
3 0.9126984126984127
6 0.01455026455026455
8 0.013227513227513227
5 0.011904761904761904
9 0.009259259259259259
4 0.009259259259259259
0 0.009259259259259259
7 0.006613756613756613
2 0.006613756613756613
1 0.006613756613756613
doc : 49
8 0.9051094890510948
3 0.0218978102189781
9 0.010218978102189781
2 0.010218978102189781
0 0.010218978102189781
7 0.00875912408759124
6 0.00875912408759124
5 0.00875912408759124
1 0.00875912408759124
4 0.0072992700729927005
doc : 50
0 0.8817204301075269
8 0.02150537634408602
6 0.017921146953405017
3 0.017921146953405017
5 0.016726403823178016
7 0.01194743130227001
1 0.009557945041816009
4 0.008363201911589008
2 0.008363201911589008
9 0.005973715651135005
doc : 51
0 0.8917050691244239
8 0.020737327188940093
3 0.01728110599078341
7 0.013824884792626727
6 0.01152073732718894
4 0.010368663594470046
5 0.009216589861751152
1 0.009216589861751152
9 0.008064516129032258
2 0.008064516129032258
doc : 52
0 0.8155230596175479
8 0.07536557930258718
3 0.03824521934758156
6 0.01912260967379078
5 0.015748031496062992
1 0.008998875140607425
2 0.007874015748031496
9 0.006749156355455569
7 0.006749156355455569
4 0.005624296962879641
doc : 53
8 0.42226148409893993
0 0.1978798586572438
3 0.1166077738515901
1 0.08480565371024734
5 0.054770318021201414
6 0.045936395759717315
4 0.022968197879858657
2 0.021201413427561835
9 0.0176678445229682
7 0.015901060070671377
doc : 54
3 0.768025078369906
4 0.034482758620689655
0 0.034482758620689655
8 0.03134796238244514
5 0.03134796238244514
6 0.025078369905956112
2 0.0219435736677116
7 0.018808777429467086
1 0.018808777429467086
9 0.01567398119122257
doc : 55
5 0.49577464788732395
2 0.14647887323943662
0 0.10422535211267606
8 0.08732394366197184
1 0.07042253521126761
3 0.033802816901408454
7 0.016901408450704227
6 0.016901408450704227
9 0.014084507042253521
4 0.014084507042253521
doc : 56
8 0.7228070175438597
3 0.09590643274853801
5 0.04912280701754386
0 0.044444444444444446
1 0.0304093567251462
4 0.0152046783625731
9 0.014035087719298246
7 0.011695906432748537
6 0.00935672514619883
2 0.007017543859649123
doc : 57
4 0.5159914712153518
5 0.19402985074626866
2 0.04904051172707889
3 0.04477611940298507
6 0.04051172707889126
1 0.04051172707889126
8 0.03624733475479744
0 0.029850746268656716
9 0.027718550106609806
7 0.021321961620469083
doc : 58
9 0.1
8 0.1
7 0.1
6 0.1
5 0.1
4 0.1
3 0.1
2 0.1
1 0.1
0 0.1
doc : 59
3 0.7724137931034483
0 0.041379310344827586
5 0.03793103448275862
1 0.027586206896551724
9 0.02413793103448276
8 0.020689655172413793
7 0.020689655172413793
2 0.020689655172413793
6 0.017241379310344827
4 0.017241379310344827
doc : 60
3 0.7750677506775068
0 0.04336043360433604
5 0.03252032520325203
8 0.02710027100271003
6 0.024390243902439025
9 0.02168021680216802
4 0.02168021680216802
7 0.018970189701897018
1 0.018970189701897018
2 0.016260162601626015
doc : 61
2 0.6074168797953965
5 0.14578005115089515
1 0.07800511508951408
3 0.07033248081841433
0 0.023017902813299233
8 0.02173913043478261
4 0.016624040920716114
6 0.015345268542199489
7 0.011508951406649617
9 0.010230179028132993
doc : 62
4 0.9348565872630044
2 0.02041808458920758
6 0.009722897423432183
7 0.007292173067574137
0 0.006319883325230919
3 0.004861448711716091
1 0.004861448711716091
9 0.003889158969372873
8 0.003889158969372873
5 0.003889158969372873
doc : 63
0 0.9063307493540053
8 0.027131782945736434
2 0.016149870801033594
3 0.011627906976744186
6 0.0103359173126615
5 0.0071059431524547806
1 0.0071059431524547806
4 0.005813953488372093
7 0.004521963824289406
9 0.003875968992248062
doc : 64
8 0.7321937321937322
3 0.07834757834757836
5 0.06695156695156695
1 0.038461538461538464
0 0.03418803418803419
9 0.012820512820512822
4 0.009971509971509971
2 0.009971509971509971
7 0.008547008547008548
6 0.008547008547008548
doc : 65
6 0.7577639751552796
0 0.08695652173913045
2 0.039337474120082816
4 0.02277432712215321
7 0.018633540372670808
5 0.018633540372670808
9 0.016563146997929608
1 0.016563146997929608
8 0.012422360248447206
3 0.010351966873706004
doc : 66
2 0.7080152671755725
5 0.055343511450381674
7 0.04580152671755725
1 0.04580152671755725
6 0.04389312977099236
4 0.022900763358778626
0 0.022900763358778626
3 0.02099236641221374
9 0.019083969465648856
8 0.015267175572519083
doc : 67
3 0.7402135231316725
5 0.0498220640569395
1 0.042704626334519574
0 0.03202846975088968
2 0.028469750889679714
8 0.02491103202846975
6 0.02491103202846975
9 0.021352313167259787
7 0.01779359430604982
4 0.01779359430604982
doc : 68
1 0.58397365532382
2 0.2371020856201976
0 0.04061470911086718
5 0.03512623490669594
3 0.026344676180021953
6 0.01866081229418222
4 0.01756311745334797
9 0.015367727771679473
7 0.013172338090010977
8 0.012074643249176729
doc : 69
5 0.37209302325581395
0 0.11627906976744186
3 0.08139534883720931
1 0.08139534883720931
9 0.05813953488372093
8 0.05813953488372093
7 0.05813953488372093
6 0.05813953488372093
4 0.05813953488372093
2 0.05813953488372093
doc : 70
5 0.38372093023255816
0 0.09302325581395349
3 0.08139534883720931
8 0.06976744186046512
2 0.06976744186046512
1 0.06976744186046512
9 0.05813953488372093
7 0.05813953488372093
6 0.05813953488372093
4 0.05813953488372093
doc : 71
4 0.902808988764045
2 0.03876404494382023
6 0.017977528089887642
7 0.009550561797752809
5 0.006741573033707865
3 0.005617977528089888
8 0.005056179775280899
1 0.005056179775280899
0 0.005056179775280899
9 0.0033707865168539327
doc : 72
4 0.49790794979079495
5 0.24476987447698742
0 0.05230125523012552
3 0.048117154811715475
6 0.04184100418410042
8 0.03347280334728033
9 0.02928870292887029
2 0.02092050209205021
1 0.018828451882845185
7 0.012552301255230124
doc : 73
6 0.6472727272727272
5 0.10727272727272727
3 0.06363636363636363
8 0.038181818181818185
1 0.03090909090909091
2 0.02727272727272727
9 0.025454545454545455
0 0.02181818181818182
7 0.02
4 0.01818181818181818
doc : 74
6 0.7466666666666667
5 0.04
9 0.03666666666666667
8 0.03666666666666667
2 0.030000000000000002
7 0.02666666666666667
1 0.023333333333333334
4 0.02
3 0.02
0 0.02
doc : 75
6 0.7340764331210191
2 0.11146496815286625
1 0.030254777070063694
8 0.02388535031847134
7 0.02388535031847134
4 0.02070063694267516
5 0.01751592356687898
3 0.014331210191082803
9 0.012738853503184714
0 0.011146496815286625
doc : 76
6 0.4448669201520912
5 0.21673003802281368
1 0.09885931558935361
3 0.049429657794676805
4 0.03802281368821293
2 0.03802281368821293
0 0.03802281368821293
9 0.030418250950570342
8 0.022813688212927757
7 0.022813688212927757
doc : 77
5 0.3488372093023256
0 0.1511627906976744
8 0.06976744186046512
2 0.06976744186046512
1 0.06976744186046512
9 0.05813953488372093
7 0.05813953488372093
6 0.05813953488372093
4 0.05813953488372093
3 0.05813953488372093
doc : 78
8 0.9037900874635568
3 0.016034985422740525
0 0.014577259475218658
2 0.011661807580174927
6 0.01020408163265306
5 0.01020408163265306
1 0.01020408163265306
7 0.008746355685131196
9 0.007288629737609329
4 0.007288629737609329
doc : 79
5 0.3372093023255814
0 0.13953488372093023
7 0.06976744186046512
6 0.06976744186046512
4 0.06976744186046512
2 0.06976744186046512
1 0.06976744186046512
9 0.05813953488372093
8 0.05813953488372093
3 0.05813953488372093
doc : 80
1 0.7536534446764092
2 0.08768267223382045
7 0.037578288100208766
6 0.031315240083507306
0 0.020876826722338204
5 0.018789144050104383
3 0.016701461377870562
4 0.012526096033402922
9 0.010438413361169102
8 0.010438413361169102
doc : 81
0 0.3644646924829157
3 0.20045558086560364
8 0.19134396355353075
5 0.07061503416856492
1 0.04555808656036446
9 0.03644646924829157
6 0.02733485193621868
2 0.02733485193621868
7 0.02277904328018223
4 0.01366742596810934
doc : 82
3 0.7438271604938271
5 0.05555555555555555
8 0.046296296296296294
0 0.030864197530864196
9 0.027777777777777776
6 0.024691358024691357
7 0.021604938271604937
4 0.018518518518518517
2 0.015432098765432098
1 0.015432098765432098
doc : 83
1 0.6306620209059234
3 0.10801393728222997
8 0.059233449477351915
5 0.03832752613240418
0 0.03832752613240418
9 0.03484320557491289
2 0.027874564459930314
7 0.020905923344947737
6 0.020905923344947737
4 0.020905923344947737
doc : 84
8 0.8531073446327684
0 0.03389830508474576
3 0.031638418079096044
6 0.025988700564971753
1 0.013559322033898306
2 0.01016949152542373
5 0.00903954802259887
4 0.00903954802259887
9 0.006779661016949153
7 0.006779661016949153
doc : 85
8 0.9167883211678831
3 0.01751824817518248
7 0.010218978102189781
5 0.00875912408759124
2 0.00875912408759124
0 0.00875912408759124
9 0.0072992700729927005
6 0.0072992700729927005
4 0.0072992700729927005
1 0.0072992700729927005
doc : 86
3 0.9061662198391421
8 0.01876675603217158
6 0.013404825737265416
0 0.012064343163538875
5 0.00938337801608579
2 0.00938337801608579
1 0.00938337801608579
4 0.00804289544235925
9 0.006702412868632708
7 0.006702412868632708
doc : 87
2 0.2887323943661972
6 0.20422535211267606
5 0.08802816901408451
7 0.07394366197183098
1 0.07042253521126761
0 0.07042253521126761
4 0.06690140845070423
8 0.05985915492957747
3 0.04225352112676056
9 0.035211267605633804
doc : 88
2 0.43071593533487296
5 0.2909930715935335
0 0.07852193995381063
3 0.06004618937644342
1 0.05889145496535797
8 0.028868360277136258
7 0.013856812933025403
4 0.013856812933025403
9 0.012702078521939953
6 0.011547344110854504
doc : 89
5 0.6181015452538632
0 0.1456953642384106
6 0.05739514348785872
3 0.046357615894039736
2 0.030905077262693155
1 0.026490066225165563
8 0.024282560706401765
7 0.019867549668874173
4 0.019867549668874173
9 0.011037527593818985
doc : 90
1 0.6083916083916084
0 0.0944055944055944
3 0.08391608391608392
8 0.07692307692307693
9 0.03146853146853147
7 0.024475524475524476
6 0.024475524475524476
5 0.02097902097902098
4 0.017482517482517484
2 0.017482517482517484
doc : 91
0 0.2575757575757576
8 0.19191919191919193
5 0.10101010101010102
6 0.09595959595959597
3 0.09595959595959597
2 0.07070707070707072
1 0.06565656565656566
9 0.05555555555555556
4 0.03535353535353536
7 0.030303030303030304
doc : 92
3 0.9423614997202016
8 0.019585898153329603
2 0.008393956351426974
0 0.008393956351426974
5 0.005595970900951316
9 0.003357582540570789
7 0.003357582540570789
6 0.003357582540570789
4 0.002797985450475658
1 0.002797985450475658
doc : 93
1 0.45433255269320844
0 0.14754098360655737
8 0.14285714285714285
6 0.06557377049180328
5 0.04449648711943794
3 0.04449648711943794
4 0.03278688524590164
2 0.02810304449648712
9 0.02107728337236534
7 0.01873536299765808
doc : 94
2 0.8606431852986218
0 0.04134762633996937
5 0.016845329249617153
1 0.016845329249617153
9 0.015313935681470138
4 0.01225114854517611
3 0.01225114854517611
6 0.009188361408882083
8 0.007656967840735069
7 0.007656967840735069
doc : 95
5 0.3098591549295775
6 0.28169014084507044
8 0.07981220657276995
9 0.07511737089201878
3 0.051643192488262914
1 0.051643192488262914
2 0.046948356807511735
0 0.04225352112676056
4 0.03755868544600939
7 0.023474178403755867
doc : 96
5 0.36046511627906974
0 0.12790697674418605
9 0.06976744186046512
8 0.06976744186046512
6 0.06976744186046512
2 0.06976744186046512
7 0.05813953488372093
4 0.05813953488372093
3 0.05813953488372093
1 0.05813953488372093
doc : 97
5 0.4069767441860465
0 0.14534883720930233
3 0.09883720930232558
6 0.0872093023255814
8 0.06395348837209303
1 0.05232558139534883
9 0.040697674418604654
4 0.040697674418604654
7 0.03488372093023256
2 0.029069767441860465
doc : 98
5 0.40764331210191085
1 0.11464968152866242
6 0.09554140127388536
0 0.07643312101910829
7 0.07006369426751592
2 0.06369426751592357
3 0.050955414012738856
9 0.0445859872611465
4 0.0445859872611465
8 0.03184713375796178
doc : 99
5 0.19014084507042253
6 0.18309859154929578
0 0.16901408450704225
3 0.1056338028169014
1 0.07746478873239437
8 0.06338028169014084
4 0.06338028169014084
9 0.056338028169014086
7 0.04929577464788733
2 0.04225352112676056
