doc : 0
9 0.4830508474576271
7 0.11864406779661017
6 0.08898305084745763
5 0.07627118644067797
8 0.05508474576271186
4 0.0423728813559322
2 0.038135593220338986
1 0.03389830508474576
0 0.03389830508474576
3 0.029661016949152543
doc : 1
2 0.6385542168674699
9 0.07710843373493977
4 0.06987951807228916
7 0.04819277108433735
5 0.04096385542168675
6 0.03132530120481928
1 0.026506024096385545
0 0.024096385542168676
8 0.02168674698795181
3 0.02168674698795181
doc : 2
7 0.2692307692307693
5 0.1576923076923077
4 0.13076923076923078
6 0.11538461538461539
1 0.08461538461538462
8 0.07692307692307693
2 0.06153846153846154
9 0.038461538461538464
0 0.03461538461538462
3 0.03076923076923077
doc : 3
9 0.7947761194029851
3 0.029850746268656716
8 0.022388059701492536
7 0.022388059701492536
5 0.022388059701492536
4 0.022388059701492536
2 0.022388059701492536
1 0.022388059701492536
0 0.022388059701492536
6 0.018656716417910446
doc : 4
0 0.9049079754601227
7 0.013803680981595092
3 0.013803680981595092
2 0.012269938650306749
8 0.010736196319018405
6 0.010736196319018405
9 0.009202453987730062
4 0.009202453987730062
5 0.007668711656441718
1 0.007668711656441718
doc : 5
5 0.22302158273381295
4 0.1366906474820144
7 0.1223021582733813
6 0.1223021582733813
9 0.11510791366906475
2 0.07194244604316546
1 0.05755395683453238
0 0.05755395683453238
8 0.05035971223021583
3 0.04316546762589928
doc : 6
5 0.5672268907563025
7 0.12605042016806722
6 0.11624649859943978
2 0.05322128851540616
9 0.04201680672268908
1 0.023809523809523808
3 0.02100840336134454
8 0.018207282913165267
4 0.01680672268907563
0 0.015406162464985995
doc : 7
3 0.8338926174496644
4 0.04110738255033557
9 0.026845637583892617
6 0.024328859060402684
0 0.01929530201342282
1 0.016778523489932886
7 0.012583892617449664
2 0.010067114093959731
8 0.008389261744966443
5 0.006711409395973154
doc : 8
6 0.407258064516129
8 0.12096774193548387
7 0.10080645161290322
4 0.10080645161290322
2 0.07258064516129031
5 0.056451612903225805
9 0.05241935483870967
0 0.04032258064516129
3 0.024193548387096774
1 0.024193548387096774
doc : 9
9 0.26229508196721313
5 0.1912568306010929
0 0.17486338797814208
7 0.08196721311475409
3 0.07103825136612021
6 0.06557377049180328
4 0.0546448087431694
1 0.04371584699453552
8 0.0273224043715847
2 0.0273224043715847
doc : 10
4 0.4439252336448598
7 0.205607476635514
9 0.06074766355140186
6 0.05607476635514018
5 0.0514018691588785
3 0.04205607476635514
0 0.04205607476635514
8 0.03271028037383177
2 0.03271028037383177
1 0.03271028037383177
doc : 11
9 0.2777777777777778
7 0.2037037037037037
6 0.11728395061728394
2 0.09259259259259259
5 0.07407407407407407
4 0.05555555555555555
1 0.04938271604938271
0 0.04938271604938271
3 0.043209876543209874
8 0.037037037037037035
doc : 12
5 0.7123893805309734
9 0.0752212389380531
0 0.048672566371681415
4 0.04203539823008849
8 0.024336283185840708
6 0.022123893805309734
1 0.022123893805309734
7 0.01991150442477876
2 0.017699115044247787
3 0.015486725663716814
doc : 13
7 0.37073170731707317
6 0.12682926829268293
8 0.11219512195121951
5 0.08780487804878048
2 0.07804878048780488
4 0.058536585365853655
3 0.04390243902439024
0 0.04390243902439024
9 0.03902439024390244
1 0.03902439024390244
doc : 14
9 0.8333333333333333
6 0.023809523809523808
5 0.02040816326530612
3 0.02040816326530612
8 0.017006802721088433
7 0.017006802721088433
4 0.017006802721088433
2 0.017006802721088433
1 0.017006802721088433
0 0.017006802721088433
doc : 15
9 0.8333333333333333
8 0.02040816326530612
7 0.02040816326530612
6 0.02040816326530612
1 0.02040816326530612
5 0.017006802721088433
4 0.017006802721088433
3 0.017006802721088433
2 0.017006802721088433
0 0.017006802721088433
doc : 16
9 0.8181818181818181
8 0.02356902356902357
4 0.02356902356902357
7 0.0202020202020202
6 0.0202020202020202
5 0.0202020202020202
2 0.0202020202020202
0 0.0202020202020202
3 0.016835016835016835
1 0.016835016835016835
doc : 17
9 0.8200000000000001
6 0.023333333333333334
0 0.023333333333333334
7 0.02
5 0.02
4 0.02
3 0.02
2 0.02
8 0.016666666666666666
1 0.016666666666666666
doc : 18
1 0.6918604651162791
3 0.09534883720930232
4 0.08488372093023255
5 0.03488372093023256
6 0.02441860465116279
9 0.018604651162790697
8 0.015116279069767442
2 0.013953488372093023
7 0.011627906976744186
0 0.009302325581395349
doc : 19
6 0.5916955017301039
9 0.08650519031141869
5 0.051903114186851215
8 0.04844290657439446
0 0.04498269896193772
3 0.04152249134948097
2 0.04152249134948097
7 0.03114186851211073
4 0.03114186851211073
1 0.03114186851211073
doc : 20
1 0.6473684210526316
4 0.07631578947368421
9 0.06842105263157895
6 0.04736842105263158
8 0.031578947368421054
7 0.02894736842105263
5 0.02631578947368421
0 0.02631578947368421
3 0.02368421052631579
2 0.02368421052631579
doc : 21
8 0.9087193460490463
6 0.024069028156221615
1 0.01634877384196185
5 0.009536784741144414
9 0.00908265213442325
4 0.008174386920980926
3 0.008174386920980926
2 0.006357856494096276
0 0.005449591280653951
7 0.004087193460490463
doc : 22
9 0.8181818181818181
2 0.026936026936026935
0 0.02356902356902357
8 0.0202020202020202
7 0.0202020202020202
5 0.0202020202020202
3 0.0202020202020202
6 0.016835016835016835
4 0.016835016835016835
1 0.016835016835016835
doc : 23
9 0.835016835016835
3 0.02356902356902357
8 0.0202020202020202
0 0.0202020202020202
7 0.016835016835016835
6 0.016835016835016835
5 0.016835016835016835
4 0.016835016835016835
2 0.016835016835016835
1 0.016835016835016835
doc : 24
9 0.835016835016835
7 0.02356902356902357
3 0.0202020202020202
2 0.0202020202020202
8 0.016835016835016835
6 0.016835016835016835
5 0.016835016835016835
4 0.016835016835016835
1 0.016835016835016835
0 0.016835016835016835
doc : 25
9 0.8282828282828283
7 0.02356902356902357
3 0.02356902356902357
5 0.0202020202020202
4 0.0202020202020202
8 0.016835016835016835
6 0.016835016835016835
2 0.016835016835016835
1 0.016835016835016835
0 0.016835016835016835
doc : 26
9 0.8316498316498316
7 0.02356902356902357
5 0.0202020202020202
3 0.0202020202020202
0 0.0202020202020202
8 0.016835016835016835
6 0.016835016835016835
4 0.016835016835016835
2 0.016835016835016835
1 0.016835016835016835
doc : 27
9 0.8163265306122449
6 0.027210884353741496
8 0.023809523809523808
7 0.02040816326530612
4 0.02040816326530612
2 0.02040816326530612
0 0.02040816326530612
5 0.017006802721088433
3 0.017006802721088433
1 0.017006802721088433
doc : 28
9 0.836734693877551
8 0.02040816326530612
7 0.02040816326530612
1 0.02040816326530612
6 0.017006802721088433
5 0.017006802721088433
4 0.017006802721088433
3 0.017006802721088433
2 0.017006802721088433
0 0.017006802721088433
doc : 29
9 0.8299319727891156
3 0.023809523809523808
8 0.02040816326530612
6 0.02040816326530612
2 0.02040816326530612
7 0.017006802721088433
5 0.017006802721088433
4 0.017006802721088433
1 0.017006802721088433
0 0.017006802721088433
doc : 30
2 0.639751552795031
7 0.05590062111801242
4 0.049689440993788817
5 0.043478260869565216
1 0.043478260869565216
9 0.037267080745341616
3 0.037267080745341616
8 0.03105590062111801
6 0.03105590062111801
0 0.03105590062111801
doc : 31
0 0.8914285714285715
7 0.017142857142857144
9 0.013333333333333332
8 0.013333333333333332
6 0.013333333333333332
3 0.013333333333333332
5 0.009523809523809525
4 0.009523809523809525
2 0.009523809523809525
1 0.009523809523809525
doc : 32
7 0.7359813084112149
9 0.06542056074766354
5 0.04205607476635514
4 0.03271028037383177
8 0.02803738317757009
1 0.02570093457943925
6 0.02336448598130841
2 0.018691588785046728
3 0.014018691588785045
0 0.014018691588785045
doc : 33
0 0.9019607843137254
9 0.0160427807486631
8 0.012477718360071301
7 0.0106951871657754
5 0.0106951871657754
3 0.0106951871657754
2 0.0106951871657754
6 0.0089126559714795
4 0.0089126559714795
1 0.0089126559714795
doc : 34
0 0.8828996282527881
7 0.022304832713754646
9 0.018587360594795536
4 0.013011152416356878
2 0.013011152416356878
8 0.011152416356877323
5 0.011152416356877323
6 0.009293680297397768
3 0.009293680297397768
1 0.009293680297397768
doc : 35
0 0.8967297762478486
9 0.020654044750430294
3 0.017211703958691912
8 0.010327022375215147
7 0.010327022375215147
6 0.010327022375215147
5 0.008605851979345956
4 0.008605851979345956
2 0.008605851979345956
1 0.008605851979345956
doc : 36
3 0.9286115795390669
4 0.015739179314221474
9 0.011242270938729624
1 0.008431703204047217
0 0.007869589657110737
5 0.006745362563237774
2 0.006183249016301293
7 0.005621135469364812
8 0.00505902192242833
6 0.004496908375491849
doc : 37
6 0.296
7 0.184
4 0.096
8 0.08
9 0.07200000000000001
1 0.064
2 0.056
0 0.056
5 0.048
3 0.048
doc : 38
4 0.8071135430916553
2 0.03967168262653899
9 0.03146374829001368
3 0.030095759233926128
5 0.025991792065663474
0 0.02051983584131327
1 0.016415868673050615
6 0.013679890560875513
7 0.008207934336525308
8 0.006839945280437756
doc : 39
5 0.29850746268656714
3 0.27611940298507465
4 0.11940298507462686
9 0.10074626865671642
1 0.048507462686567165
6 0.04477611940298507
7 0.03731343283582089
2 0.033582089552238806
0 0.022388059701492536
8 0.018656716417910446
doc : 40
9 0.8333333333333334
0 0.023333333333333334
6 0.02
5 0.02
2 0.02
8 0.016666666666666666
7 0.016666666666666666
4 0.016666666666666666
3 0.016666666666666666
1 0.016666666666666666
doc : 41
0 0.8803921568627451
9 0.0196078431372549
7 0.01764705882352941
8 0.013725490196078431
5 0.013725490196078431
3 0.011764705882352941
2 0.011764705882352941
1 0.011764705882352941
6 0.00980392156862745
4 0.00980392156862745
doc : 42
0 0.8710280373831776
9 0.022429906542056077
7 0.01869158878504673
6 0.01869158878504673
3 0.013084112149532711
2 0.013084112149532711
8 0.011214953271028038
5 0.011214953271028038
1 0.011214953271028038
4 0.009345794392523366
doc : 43
9 0.7284345047923322
6 0.038338658146964855
4 0.038338658146964855
3 0.038338658146964855
2 0.03194888178913738
1 0.03194888178913738
5 0.02875399361022364
7 0.025559105431309903
0 0.022364217252396165
8 0.01597444089456869
doc : 44
9 0.8231292517006802
5 0.023809523809523808
0 0.023809523809523808
3 0.02040816326530612
2 0.02040816326530612
1 0.02040816326530612
8 0.017006802721088433
7 0.017006802721088433
6 0.017006802721088433
4 0.017006802721088433
doc : 45
7 0.6838709677419355
6 0.06451612903225806
1 0.04516129032258064
8 0.041935483870967745
2 0.035483870967741936
4 0.03225806451612903
9 0.02903225806451613
3 0.025806451612903226
0 0.02258064516129032
5 0.01935483870967742
doc : 46
7 0.4979919678714859
6 0.12048192771084336
4 0.12048192771084336
0 0.056224899598393566
3 0.048192771084337345
8 0.03614457831325301
5 0.03614457831325301
2 0.03614457831325301
9 0.028112449799196783
1 0.020080321285140562
doc : 47
6 0.5893719806763285
4 0.07729468599033816
7 0.04830917874396135
5 0.04830917874396135
3 0.04830917874396135
8 0.043478260869565216
0 0.043478260869565216
1 0.03864734299516908
2 0.033816425120772944
9 0.02898550724637681
doc : 48
6 0.5684931506849314
8 0.06164383561643835
9 0.05707762557077625
0 0.05707762557077625
4 0.05251141552511415
7 0.04794520547945205
1 0.045662100456621
3 0.0410958904109589
2 0.0365296803652968
5 0.0319634703196347
doc : 49
2 0.8414872798434442
4 0.029354207436399216
6 0.021526418786692758
0 0.021526418786692758
1 0.01761252446183953
5 0.015655577299412915
9 0.0136986301369863
8 0.0136986301369863
7 0.0136986301369863
3 0.011741682974559686
