doc : 0
1 0.9462169553327255
7 0.008204193254329991
5 0.007292616226071103
4 0.007292616226071103
6 0.006381039197812215
9 0.0054694621695533276
0 0.0054694621695533276
8 0.004557885141294439
3 0.004557885141294439
2 0.004557885141294439
doc : 1
3 0.9033557046979865
5 0.013422818791946308
9 0.012080536912751677
7 0.012080536912751677
4 0.012080536912751677
0 0.012080536912751677
2 0.010738255033557046
8 0.009395973154362415
6 0.008053691275167784
1 0.006711409395973154
doc : 2
2 0.6582278481012658
7 0.05063291139240506
9 0.0379746835443038
8 0.0379746835443038
6 0.0379746835443038
5 0.0379746835443038
3 0.0379746835443038
0 0.0379746835443038
4 0.03164556962025317
1 0.03164556962025317
doc : 3
8 0.9473222124670764
5 0.009657594381035996
6 0.00877963125548727
2 0.006145741878841089
7 0.0052677787532923615
1 0.0052677787532923615
9 0.004389815627743635
4 0.004389815627743635
3 0.004389815627743635
0 0.004389815627743635
doc : 4
5 0.7968460111317255
6 0.16233766233766234
8 0.019944341372912802
3 0.004174397031539889
9 0.0037105751391465678
2 0.003246753246753247
7 0.0027829313543599257
4 0.002319109461966605
1 0.002319109461966605
0 0.002319109461966605
doc : 5
7 0.2936507936507936
4 0.15873015873015872
9 0.11904761904761904
0 0.0873015873015873
2 0.07142857142857142
8 0.06349206349206349
6 0.06349206349206349
3 0.05555555555555555
1 0.047619047619047616
5 0.03968253968253968
doc : 6
9 0.7719298245614036
0 0.03508771929824561
7 0.028070175438596492
3 0.028070175438596492
1 0.028070175438596492
5 0.02456140350877193
4 0.02456140350877193
6 0.021052631578947368
2 0.021052631578947368
8 0.017543859649122806
doc : 7
9 0.85
4 0.022222222222222223
3 0.019444444444444445
6 0.016666666666666666
2 0.016666666666666666
1 0.016666666666666666
0 0.016666666666666666
8 0.01388888888888889
7 0.01388888888888889
5 0.01388888888888889
doc : 8
9 0.8694444444444445
5 0.016666666666666666
2 0.016666666666666666
8 0.01388888888888889
7 0.01388888888888889
6 0.01388888888888889
4 0.01388888888888889
3 0.01388888888888889
1 0.01388888888888889
0 0.01388888888888889
doc : 9
9 0.8388888888888889
0 0.030555555555555558
8 0.019444444444444445
7 0.019444444444444445
4 0.019444444444444445
6 0.016666666666666666
5 0.01388888888888889
3 0.01388888888888889
2 0.01388888888888889
1 0.01388888888888889
doc : 10
9 0.8388888888888889
0 0.02777777777777778
4 0.019444444444444445
1 0.019444444444444445
8 0.016666666666666666
7 0.016666666666666666
6 0.016666666666666666
2 0.016666666666666666
5 0.01388888888888889
3 0.01388888888888889
doc : 11
9 0.8409090909090909
8 0.019886363636363636
7 0.019886363636363636
5 0.019886363636363636
4 0.019886363636363636
0 0.019886363636363636
2 0.017045454545454544
6 0.014204545454545456
3 0.014204545454545456
1 0.014204545454545456
doc : 12
2 0.4385026737967914
9 0.2245989304812834
0 0.06951871657754011
4 0.0481283422459893
8 0.0427807486631016
1 0.0427807486631016
7 0.0374331550802139
6 0.0320855614973262
5 0.0320855614973262
3 0.0320855614973262
doc : 13
0 0.7492163009404389
7 0.05642633228840125
9 0.048589341692789965
4 0.04231974921630094
2 0.023510971786833854
3 0.02037617554858934
6 0.017241379310344827
5 0.01567398119122257
1 0.014106583072100312
8 0.012539184952978056
doc : 14
0 0.4194915254237288
9 0.2076271186440678
4 0.1016949152542373
2 0.08050847457627118
1 0.046610169491525424
7 0.038135593220338986
6 0.029661016949152543
3 0.029661016949152543
5 0.025423728813559324
8 0.0211864406779661
doc : 15
8 0.9438103599648815
6 0.00877963125548727
5 0.007901668129938543
0 0.007901668129938543
9 0.006145741878841089
2 0.006145741878841089
3 0.0052677787532923615
1 0.0052677787532923615
7 0.004389815627743635
4 0.004389815627743635
doc : 16
5 0.801948051948052
6 0.16233766233766234
8 0.013450834879406308
3 0.006029684601113173
0 0.0037105751391465678
1 0.003246753246753247
9 0.002319109461966605
7 0.002319109461966605
4 0.002319109461966605
2 0.002319109461966605
doc : 17
1 0.9405850091407678
9 0.008226691042047532
6 0.007312614259597806
4 0.007312614259597806
3 0.007312614259597806
2 0.007312614259597806
8 0.006398537477148081
7 0.005484460694698354
0 0.005484460694698354
5 0.004570383912248629
doc : 18
3 0.9073825503355705
0 0.01610738255033557
5 0.012080536912751677
9 0.010738255033557046
4 0.010738255033557046
8 0.009395973154362415
2 0.009395973154362415
7 0.008053691275167784
6 0.008053691275167784
1 0.008053691275167784
doc : 19
2 0.6772151898734177
8 0.04430379746835443
4 0.04430379746835443
5 0.0379746835443038
3 0.0379746835443038
9 0.03164556962025317
7 0.03164556962025317
6 0.03164556962025317
1 0.03164556962025317
0 0.03164556962025317
doc : 20
8 0.9508340649692713
5 0.007901668129938543
6 0.007023705004389816
0 0.007023705004389816
4 0.0052677787532923615
9 0.004389815627743635
7 0.004389815627743635
3 0.004389815627743635
2 0.004389815627743635
1 0.004389815627743635
doc : 21
5 0.8000927643784786
6 0.16233766233766234
8 0.013914656771799629
1 0.00463821892393321
3 0.004174397031539889
9 0.003246753246753247
7 0.003246753246753247
4 0.003246753246753247
2 0.0027829313543599257
0 0.002319109461966605
doc : 22
2 0.4819277108433735
9 0.1566265060240964
7 0.060240963855421686
0 0.05421686746987952
8 0.04819277108433735
5 0.042168674698795185
4 0.042168674698795185
3 0.042168674698795185
1 0.042168674698795185
6 0.030120481927710843
doc : 23
9 0.8313609467455622
4 0.026627218934911243
0 0.026627218934911243
7 0.02071005917159763
5 0.01775147928994083
3 0.01775147928994083
8 0.014792899408284023
6 0.014792899408284023
2 0.014792899408284023
1 0.014792899408284023
doc : 24
9 0.8465909090909091
0 0.03125
7 0.019886363636363636
2 0.017045454545454544
8 0.014204545454545456
6 0.014204545454545456
5 0.014204545454545456
4 0.014204545454545456
3 0.014204545454545456
1 0.014204545454545456
doc : 25
9 0.8284023668639053
0 0.03254437869822485
7 0.023668639053254437
5 0.02071005917159763
6 0.01775147928994083
4 0.01775147928994083
8 0.014792899408284023
3 0.014792899408284023
2 0.014792899408284023
1 0.014792899408284023
doc : 26
2 0.40609137055837563
9 0.24365482233502536
4 0.06598984771573603
5 0.06091370558375634
8 0.04568527918781726
0 0.04568527918781726
7 0.04060913705583756
6 0.04060913705583756
3 0.025380710659898477
1 0.025380710659898477
doc : 27
2 0.38578680203045684
9 0.23857868020304568
4 0.07614213197969542
6 0.06091370558375634
0 0.055837563451776644
5 0.050761421319796954
8 0.035532994923857864
7 0.035532994923857864
3 0.03045685279187817
1 0.03045685279187817
doc : 28
0 0.6678023850085179
9 0.09028960817717206
2 0.04770017035775128
3 0.04599659284497445
4 0.03577512776831346
7 0.02555366269165247
5 0.02385008517887564
8 0.022146507666098807
6 0.020442930153321978
1 0.020442930153321978
doc : 29
7 0.6048387096774194
8 0.125
4 0.06048387096774194
0 0.04032258064516129
2 0.03629032258064516
9 0.03225806451612903
6 0.028225806451612902
3 0.028225806451612902
5 0.024193548387096774
1 0.020161290322580645
doc : 30
7 0.45588235294117646
4 0.15441176470588236
0 0.07352941176470588
8 0.058823529411764705
2 0.051470588235294115
9 0.044117647058823525
5 0.044117647058823525
1 0.044117647058823525
6 0.03676470588235294
3 0.03676470588235294
doc : 31
8 0.9490781387181738
6 0.009657594381035996
5 0.007023705004389816
2 0.007023705004389816
0 0.0052677787532923615
9 0.004389815627743635
7 0.004389815627743635
4 0.004389815627743635
3 0.004389815627743635
1 0.004389815627743635
doc : 32
5 0.8010204081632654
6 0.16280148423005567
8 0.00927643784786642
3 0.006493506493506494
1 0.005102040816326531
9 0.0037105751391465678
2 0.0037105751391465678
4 0.003246753246753247
7 0.002319109461966605
0 0.002319109461966605
doc : 33
1 0.9354545454545454
7 0.00909090909090909
4 0.00909090909090909
0 0.00909090909090909
6 0.008181818181818182
9 0.007272727272727273
8 0.007272727272727273
5 0.005454545454545455
3 0.004545454545454545
2 0.004545454545454545
doc : 34
3 0.9114093959731543
5 0.0174496644295302
9 0.013422818791946308
4 0.010738255033557046
7 0.009395973154362415
8 0.008053691275167784
6 0.008053691275167784
0 0.008053691275167784
2 0.006711409395973154
1 0.006711409395973154
doc : 35
2 0.6772151898734177
5 0.04430379746835443
9 0.0379746835443038
8 0.0379746835443038
6 0.0379746835443038
3 0.0379746835443038
7 0.03164556962025317
4 0.03164556962025317
1 0.03164556962025317
0 0.03164556962025317
doc : 36
8 0.9499561018437226
6 0.00877963125548727
9 0.006145741878841089
5 0.006145741878841089
7 0.0052677787532923615
1 0.0052677787532923615
0 0.0052677787532923615
4 0.004389815627743635
3 0.004389815627743635
2 0.004389815627743635
doc : 37
5 0.8010204081632654
6 0.16512059369202226
8 0.011595547309833025
3 0.00463821892393321
7 0.0037105751391465678
1 0.003246753246753247
9 0.0027829313543599257
2 0.0027829313543599257
0 0.0027829313543599257
4 0.002319109461966605
doc : 38
4 0.4470046082949309
2 0.12442396313364056
9 0.10599078341013825
7 0.07373271889400922
1 0.07373271889400922
6 0.05069124423963134
5 0.041474654377880185
8 0.027649769585253454
3 0.027649769585253454
0 0.027649769585253454
doc : 39
9 0.6931818181818182
2 0.06060606060606061
7 0.03787878787878788
4 0.03787878787878788
0 0.03787878787878788
1 0.03409090909090909
6 0.026515151515151516
5 0.026515151515151516
3 0.026515151515151516
8 0.01893939393939394
doc : 40
2 0.45121951219512196
9 0.22560975609756098
7 0.04878048780487805
4 0.04878048780487805
0 0.04878048780487805
1 0.042682926829268296
8 0.03658536585365854
3 0.03658536585365854
6 0.03048780487804878
5 0.03048780487804878
doc : 41
2 0.4727272727272727
9 0.19393939393939394
0 0.06060606060606061
8 0.048484848484848485
3 0.048484848484848485
4 0.04242424242424243
7 0.03636363636363636
1 0.03636363636363636
6 0.030303030303030304
5 0.030303030303030304
doc : 42
7 0.6691449814126393
6 0.08178438661710037
2 0.06319702602230483
0 0.03717472118959107
9 0.03345724907063197
5 0.03345724907063197
3 0.026022304832713755
8 0.018587360594795536
4 0.018587360594795536
1 0.018587360594795536
doc : 43
0 0.5724907063197026
9 0.22676579925650556
2 0.03717472118959107
4 0.02973977695167286
8 0.026022304832713755
7 0.022304832713754646
6 0.022304832713754646
5 0.022304832713754646
3 0.022304832713754646
1 0.018587360594795536
doc : 44
0 0.550185873605948
9 0.23420074349442377
8 0.03345724907063197
4 0.03345724907063197
6 0.02973977695167286
5 0.02973977695167286
2 0.02973977695167286
3 0.022304832713754646
7 0.018587360594795536
1 0.018587360594795536
doc : 45
0 0.5724907063197026
9 0.23048327137546468
4 0.03717472118959107
2 0.03345724907063197
5 0.02973977695167286
3 0.022304832713754646
8 0.018587360594795536
7 0.018587360594795536
6 0.018587360594795536
1 0.018587360594795536
doc : 46
4 0.8116591928251121
2 0.04708520179372197
7 0.02242152466367713
9 0.020179372197309416
6 0.017937219730941704
3 0.017937219730941704
0 0.017937219730941704
5 0.01569506726457399
1 0.01569506726457399
8 0.013452914798206279
doc : 47
4 0.611353711790393
7 0.10480349344978165
9 0.05676855895196506
8 0.034934497816593885
6 0.034934497816593885
5 0.034934497816593885
3 0.034934497816593885
2 0.03056768558951965
0 0.03056768558951965
1 0.026200873362445413
doc : 48
8 0.9473222124670764
6 0.010535557506584723
5 0.007901668129938543
2 0.007023705004389816
7 0.0052677787532923615
9 0.004389815627743635
4 0.004389815627743635
3 0.004389815627743635
1 0.004389815627743635
0 0.004389815627743635
doc : 49
5 0.8056586270871985
6 0.15816326530612246
8 0.010204081632653062
7 0.005102040816326531
1 0.00463821892393321
3 0.004174397031539889
2 0.004174397031539889
9 0.0027829313543599257
0 0.0027829313543599257
4 0.002319109461966605
