doc : 0
0 0.7414448669201521
2 0.04182509505703422
6 0.03802281368821293
5 0.03802281368821293
7 0.034220532319391636
9 0.022813688212927757
4 0.022813688212927757
3 0.022813688212927757
8 0.019011406844106463
1 0.019011406844106463
doc : 1
0 0.7639751552795031
5 0.043478260869565216
4 0.03105590062111801
2 0.03105590062111801
6 0.02795031055900621
7 0.024844720496894408
8 0.021739130434782608
3 0.021739130434782608
9 0.018633540372670808
1 0.015527950310559004
doc : 2
0 0.753968253968254
4 0.04365079365079365
2 0.03571428571428571
3 0.031746031746031744
6 0.027777777777777776
5 0.027777777777777776
9 0.01984126984126984
8 0.01984126984126984
7 0.01984126984126984
1 0.01984126984126984
doc : 3
4 0.6057692307692307
0 0.17307692307692307
6 0.038461538461538464
9 0.03205128205128205
2 0.03205128205128205
3 0.028846153846153844
1 0.028846153846153844
5 0.02564102564102564
8 0.019230769230769232
7 0.016025641025641024
doc : 4
5 0.35353535353535354
0 0.20538720538720537
8 0.09764309764309764
2 0.0707070707070707
6 0.0606060606060606
7 0.050505050505050504
9 0.043771043771043766
3 0.0404040404040404
1 0.0404040404040404
4 0.037037037037037035
doc : 5
9 0.1
8 0.1
7 0.1
6 0.1
5 0.1
4 0.1
3 0.1
2 0.1
1 0.1
0 0.1
doc : 6
0 0.1715481171548117
8 0.13389121338912133
6 0.1213389121338912
3 0.10460251046025104
2 0.10460251046025104
5 0.09623430962343095
7 0.0794979079497908
4 0.0711297071129707
1 0.0711297071129707
9 0.046025104602510455
doc : 7
1 0.8189705031810295
0 0.07807981492192018
6 0.017351069982648928
4 0.017351069982648928
8 0.014459224985540774
7 0.013302486986697512
2 0.01156737998843262
5 0.010989010989010988
9 0.009253903990746095
3 0.008675534991324464
doc : 8
0 0.6516634050880625
4 0.11350293542074363
2 0.07632093933463796
6 0.043052837573385516
1 0.0273972602739726
3 0.025440313111545987
7 0.019569471624266144
5 0.01761252446183953
9 0.015655577299412915
8 0.009784735812133072
doc : 9
9 0.1
8 0.1
7 0.1
6 0.1
5 0.1
4 0.1
3 0.1
2 0.1
1 0.1
0 0.1
doc : 10
9 0.1
8 0.1
7 0.1
6 0.1
5 0.1
4 0.1
3 0.1
2 0.1
1 0.1
0 0.1
doc : 11
0 0.2644628099173554
5 0.12396694214876033
6 0.11570247933884298
8 0.09917355371900827
7 0.09917355371900827
1 0.08264462809917356
2 0.06611570247933884
3 0.05785123966942149
4 0.049586776859504134
9 0.04132231404958678
doc : 12
0 0.4058441558441559
4 0.1038961038961039
2 0.09090909090909091
7 0.08116883116883117
9 0.061688311688311695
8 0.061688311688311695
5 0.05844155844155845
1 0.05844155844155845
3 0.045454545454545456
6 0.03246753246753247
doc : 13
7 0.625
8 0.07142857142857142
0 0.05357142857142857
5 0.04336734693877551
2 0.04336734693877551
4 0.03571428571428571
1 0.03571428571428571
6 0.033163265306122444
3 0.033163265306122444
9 0.02551020408163265
doc : 14
9 0.7582644628099173
5 0.0743801652892562
8 0.03305785123966942
4 0.024793388429752067
2 0.024793388429752067
0 0.024793388429752067
7 0.01859504132231405
6 0.01859504132231405
1 0.012396694214876033
3 0.010330578512396695
doc : 15
8 0.9046153846153846
5 0.021538461538461538
4 0.016923076923076923
0 0.012307692307692308
7 0.010769230769230769
1 0.00923076923076923
6 0.006923076923076923
2 0.006923076923076923
3 0.006153846153846154
9 0.004615384615384615
doc : 16
6 0.5371024734982333
4 0.08833922261484099
7 0.06007067137809187
5 0.06007067137809187
8 0.053003533568904596
0 0.04946996466431095
9 0.045936395759717315
1 0.038869257950530034
3 0.0353356890459364
2 0.03180212014134275
doc : 17
1 0.6791443850267379
0 0.0677361853832442
5 0.0463458110516934
6 0.044563279857397504
2 0.044563279857397504
4 0.0374331550802139
8 0.0285204991087344
9 0.0213903743315508
7 0.017825311942959
3 0.012477718360071301
doc : 18
3 0.867812685240071
8 0.03793716656787196
6 0.01837581505631298
1 0.016004742145820983
5 0.013633669235328985
2 0.012448132780082987
9 0.011855364552459988
4 0.008298755186721992
0 0.007705986959098992
7 0.005927682276229994
doc : 19
4 0.6403508771929824
6 0.2408906882591093
0 0.05128205128205128
5 0.015519568151147098
2 0.01147098515519568
8 0.009446693657219972
7 0.008097165991902834
3 0.008097165991902834
1 0.008097165991902834
9 0.0067476383265856945
doc : 20
5 0.8008356545961003
0 0.04178272980501393
8 0.03064066852367688
4 0.03064066852367688
6 0.026462395543175487
7 0.016713091922005572
2 0.016713091922005572
1 0.013927576601671309
9 0.011142061281337047
3 0.011142061281337047
doc : 21
7 0.22093023255813954
0 0.13953488372093023
4 0.12790697674418605
8 0.09302325581395349
9 0.08139534883720931
2 0.08139534883720931
6 0.06976744186046512
1 0.06976744186046512
5 0.05813953488372093
3 0.05813953488372093
doc : 22
7 0.2558139534883721
4 0.13953488372093023
0 0.10465116279069767
8 0.08139534883720931
5 0.08139534883720931
9 0.06976744186046512
6 0.06976744186046512
2 0.06976744186046512
1 0.06976744186046512
3 0.05813953488372093
doc : 23
0 0.4025974025974026
7 0.2142857142857143
6 0.07792207792207792
2 0.07142857142857144
1 0.05844155844155845
9 0.0551948051948052
8 0.04220779220779221
4 0.03246753246753247
5 0.025974025974025976
3 0.01948051948051948
doc : 24
8 0.7562111801242235
0 0.06211180124223602
2 0.04192546583850931
7 0.03260869565217391
6 0.02639751552795031
9 0.020186335403726708
4 0.018633540372670808
3 0.015527950310559004
5 0.013975155279503104
1 0.012422360248447204
doc : 25
8 0.6167076167076166
1 0.16953316953316952
0 0.04176904176904177
5 0.03194103194103194
7 0.029484029484029485
6 0.027027027027027025
9 0.022113022113022112
4 0.022113022113022112
3 0.019656019656019656
2 0.019656019656019656
doc : 26
3 0.850328947368421
9 0.04194078947368421
4 0.02631578947368421
6 0.01644736842105263
2 0.015625
7 0.013980263157894735
0 0.013157894736842105
5 0.009868421052631578
1 0.006578947368421052
8 0.005756578947368421
doc : 27
9 0.8796296296296295
0 0.019675925925925923
5 0.018518518518518517
8 0.015046296296296295
6 0.015046296296296295
2 0.015046296296296295
7 0.011574074074074073
3 0.009259259259259259
4 0.008101851851851851
1 0.008101851851851851
doc : 28
7 0.7196969696969697
3 0.06060606060606061
8 0.03409090909090909
9 0.030303030303030304
4 0.030303030303030304
2 0.030303030303030304
0 0.026515151515151516
6 0.022727272727272728
5 0.022727272727272728
1 0.022727272727272728
doc : 29
2 0.8755186721991701
6 0.022821576763485476
7 0.01867219917012448
1 0.014522821576763486
4 0.012448132780082988
3 0.012448132780082988
0 0.012448132780082988
9 0.01037344398340249
8 0.01037344398340249
5 0.01037344398340249
doc : 30
2 0.830423940149626
0 0.02743142144638404
6 0.02493765586034913
8 0.0199501246882793
7 0.0199501246882793
4 0.0199501246882793
1 0.017456359102244388
9 0.014962593516209476
5 0.012468827930174564
3 0.012468827930174564
doc : 31
7 0.6274509803921569
1 0.07282913165266107
9 0.058823529411764705
6 0.04201680672268908
0 0.04201680672268908
8 0.0392156862745098
5 0.0392156862745098
3 0.028011204481792718
4 0.025210084033613446
2 0.025210084033613446
doc : 32
4 0.8162267839687195
0 0.047898338220918865
6 0.02346041055718475
5 0.02346041055718475
2 0.022482893450635387
1 0.020527859237536656
7 0.016617790811339198
9 0.011730205278592375
8 0.009775171065493646
3 0.007820136852394917
doc : 33
7 0.20930232558139533
4 0.16279069767441862
0 0.1511627906976744
9 0.06976744186046512
8 0.06976744186046512
6 0.06976744186046512
5 0.06976744186046512
2 0.06976744186046512
1 0.06976744186046512
3 0.05813953488372093
doc : 34
2 0.8723404255319149
6 0.019148936170212766
7 0.01702127659574468
0 0.01702127659574468
4 0.014893617021276596
3 0.014893617021276596
5 0.012765957446808512
9 0.010638297872340425
8 0.010638297872340425
1 0.010638297872340425
doc : 35
8 0.7359307359307359
0 0.06926406926406926
7 0.05483405483405483
2 0.03607503607503607
9 0.0202020202020202
1 0.0202020202020202
3 0.01875901875901876
4 0.017316017316017316
5 0.01443001443001443
6 0.012987012987012988
doc : 36
7 0.7370786516853933
9 0.0651685393258427
0 0.06067415730337079
6 0.03370786516853933
5 0.029213483146067417
4 0.017977528089887642
2 0.015730337078651686
8 0.01348314606741573
3 0.01348314606741573
1 0.01348314606741573
doc : 37
5 0.7674418604651163
4 0.040697674418604654
2 0.03488372093023256
0 0.029069767441860465
9 0.026162790697674417
8 0.023255813953488372
7 0.020348837209302327
3 0.020348837209302327
1 0.020348837209302327
6 0.01744186046511628
doc : 38
3 0.3867069486404834
8 0.1540785498489426
0 0.08761329305135952
6 0.07854984894259819
9 0.06948640483383686
4 0.05740181268882175
5 0.0513595166163142
7 0.04229607250755287
2 0.04229607250755287
1 0.030211480362537763
doc : 39
4 0.8185117967332123
5 0.08439201451905626
8 0.019056261343012703
0 0.016333938294010888
6 0.01542649727767695
3 0.012704174228675136
7 0.010889292196007259
9 0.009981851179673321
2 0.008166969147005444
1 0.004537205081669691
doc : 40
7 0.22093023255813954
4 0.1744186046511628
0 0.13953488372093023
8 0.08139534883720931
2 0.08139534883720931
6 0.06976744186046512
9 0.05813953488372093
5 0.05813953488372093
3 0.05813953488372093
1 0.05813953488372093
doc : 41
5 0.6964856230031948
0 0.04472843450479233
9 0.04153354632587859
4 0.038338658146964855
3 0.038338658146964855
2 0.03514376996805112
8 0.03194888178913738
7 0.02875399361022364
1 0.025559105431309903
6 0.019169329073482427
doc : 42
9 0.2897196261682243
7 0.17289719626168223
3 0.102803738317757
6 0.08411214953271028
0 0.08411214953271028
8 0.06074766355140186
5 0.06074766355140186
2 0.06074766355140186
4 0.0514018691588785
1 0.03271028037383177
doc : 43
5 0.541970802919708
0 0.1386861313868613
7 0.06204379562043796
2 0.06204379562043796
4 0.049270072992700725
9 0.040145985401459854
8 0.03102189781021898
3 0.027372262773722626
1 0.025547445255474453
6 0.021897810218978103
doc : 44
2 0.9192399049881235
6 0.011876484560570071
9 0.011084718923198733
3 0.011084718923198733
0 0.009501187648456057
5 0.008709422011084718
8 0.00791765637371338
7 0.00791765637371338
4 0.00791765637371338
1 0.004750593824228029
doc : 45
0 0.5493562231759657
6 0.11158798283261803
4 0.07725321888412018
7 0.047210300429184546
5 0.047210300429184546
1 0.03862660944206009
9 0.034334763948497854
3 0.034334763948497854
8 0.030042918454935622
2 0.030042918454935622
doc : 46
6 0.9024725274725276
4 0.016483516483516484
2 0.013736263736263738
5 0.01098901098901099
1 0.01098901098901099
0 0.01098901098901099
8 0.009615384615384616
3 0.009615384615384616
9 0.008241758241758242
7 0.006868131868131869
doc : 47
6 0.9093406593406594
4 0.020604395604395608
1 0.01098901098901099
3 0.009615384615384616
0 0.009615384615384616
9 0.008241758241758242
8 0.008241758241758242
7 0.008241758241758242
2 0.008241758241758242
5 0.006868131868131869
doc : 48
9 0.8571428571428571
5 0.02967032967032967
0 0.024175824175824177
3 0.01978021978021978
2 0.01978021978021978
4 0.013186813186813187
7 0.010989010989010988
8 0.008791208791208791
1 0.008791208791208791
6 0.007692307692307693
doc : 49
9 0.7054794520547945
5 0.1386986301369863
0 0.0273972602739726
6 0.025684931506849314
7 0.02226027397260274
4 0.02054794520547945
3 0.018835616438356163
2 0.015410958904109588
1 0.0136986301369863
8 0.011986301369863013
