doc : 0
4 0.5538847117794485
3 0.3258145363408521
9 0.02506265664160401
7 0.015037593984962405
1 0.015037593984962405
0 0.015037593984962405
8 0.012531328320802004
6 0.012531328320802004
5 0.012531328320802004
2 0.012531328320802004
doc : 1
4 0.5893333333333333
3 0.29333333333333333
7 0.016
5 0.016
2 0.016
0 0.016
9 0.013333333333333332
8 0.013333333333333332
6 0.013333333333333332
1 0.013333333333333332
doc : 2
4 0.5893333333333333
3 0.2853333333333333
7 0.021333333333333333
9 0.016
6 0.016
1 0.016
0 0.016
8 0.013333333333333332
5 0.013333333333333332
2 0.013333333333333332
doc : 3
4 0.5695538057742782
9 0.28608923884514437
3 0.023622047244094488
8 0.01837270341207349
6 0.01837270341207349
5 0.01837270341207349
1 0.01837270341207349
7 0.015748031496062992
2 0.015748031496062992
0 0.015748031496062992
doc : 4
4 0.5780051150895141
9 0.2736572890025576
3 0.023017902813299233
6 0.020460358056265986
0 0.020460358056265986
7 0.01790281329923274
2 0.01790281329923274
1 0.01790281329923274
8 0.015345268542199489
5 0.015345268542199489
doc : 5
9 0.46532846715328463
4 0.4032846715328467
3 0.03102189781021898
2 0.023722627737226276
1 0.016423357664233577
7 0.014598540145985401
6 0.014598540145985401
5 0.010948905109489052
0 0.010948905109489052
8 0.009124087591240875
doc : 6
4 0.5786666666666667
3 0.29333333333333333
2 0.024
9 0.018666666666666665
8 0.016
6 0.016
7 0.013333333333333332
5 0.013333333333333332
1 0.013333333333333332
0 0.013333333333333332
doc : 7
3 0.5147058823529411
4 0.39705882352941174
7 0.012867647058823529
6 0.012867647058823529
5 0.012867647058823529
9 0.011029411764705881
0 0.011029411764705881
8 0.009191176470588236
2 0.009191176470588236
1 0.009191176470588236
doc : 8
2 0.48201438848920863
4 0.4046762589928058
1 0.025179856115107917
9 0.01618705035971223
7 0.01618705035971223
6 0.01618705035971223
5 0.012589928057553958
8 0.008992805755395683
3 0.008992805755395683
0 0.008992805755395683
doc : 9
4 0.5757575757575758
2 0.28535353535353536
3 0.025252525252525256
7 0.020202020202020204
5 0.020202020202020204
0 0.020202020202020204
9 0.015151515151515152
8 0.012626262626262628
6 0.012626262626262628
1 0.012626262626262628
doc : 10
4 0.49217002237136465
6 0.40268456375838924
9 0.017897091722595078
7 0.015659955257270694
0 0.015659955257270694
8 0.011185682326621923
5 0.011185682326621923
3 0.011185682326621923
2 0.011185682326621923
1 0.011185682326621923
doc : 11
8 0.7805280528052806
4 0.17904290429042904
5 0.007425742574257425
9 0.005775577557755776
2 0.0049504950495049506
1 0.0049504950495049506
0 0.0049504950495049506
7 0.004125412541254125
6 0.004125412541254125
3 0.004125412541254125
doc : 12
4 0.5071090047393365
7 0.37203791469194314
1 0.02132701421800948
3 0.018957345971563982
9 0.016587677725118485
6 0.016587677725118485
8 0.011848341232227489
5 0.011848341232227489
2 0.011848341232227489
0 0.011848341232227489
doc : 13
4 0.5477386934673367
8 0.32914572864321606
9 0.020100502512562814
3 0.017587939698492462
2 0.017587939698492462
6 0.01507537688442211
5 0.01507537688442211
7 0.01256281407035176
1 0.01256281407035176
0 0.01256281407035176
doc : 14
4 0.4854586129753915
6 0.41834451901565994
9 0.013422818791946308
7 0.013422818791946308
3 0.013422818791946308
8 0.011185682326621923
5 0.011185682326621923
2 0.011185682326621923
1 0.011185682326621923
0 0.011185682326621923
doc : 15
4 0.56
1 0.3325
7 0.015
6 0.015
5 0.015
9 0.0125
8 0.0125
3 0.0125
2 0.0125
0 0.0125
doc : 16
4 0.5615763546798029
5 0.32019704433497537
9 0.019704433497536946
8 0.014778325123152709
7 0.014778325123152709
3 0.014778325123152709
2 0.014778325123152709
0 0.014778325123152709
6 0.012315270935960592
1 0.012315270935960592
doc : 17
4 0.5118483412322276
7 0.3696682464454977
1 0.02132701421800948
9 0.018957345971563982
5 0.014218009478672987
2 0.014218009478672987
0 0.014218009478672987
8 0.011848341232227489
6 0.011848341232227489
3 0.011848341232227489
doc : 18
4 0.5656565656565657
2 0.297979797979798
7 0.022727272727272728
6 0.020202020202020204
5 0.020202020202020204
0 0.01767676767676768
9 0.015151515151515152
1 0.015151515151515152
8 0.012626262626262628
3 0.012626262626262628
doc : 19
1 0.5776
4 0.3456
7 0.014400000000000001
3 0.0112
9 0.009600000000000001
0 0.009600000000000001
8 0.008
6 0.008
5 0.008
2 0.008
doc : 20
1 0.5856
4 0.3392
7 0.014400000000000001
6 0.0112
5 0.009600000000000001
9 0.008
8 0.008
3 0.008
2 0.008
0 0.008
doc : 21
0 0.5703022339027596
4 0.2982917214191853
3 0.035479632063074903
9 0.030223390275952694
7 0.01971090670170828
5 0.01314060446780552
2 0.011826544021024968
1 0.00788436268068331
8 0.00657030223390276
6 0.00657030223390276
doc : 22
0 0.6416558861578266
4 0.2755498059508409
5 0.02069857697283312
7 0.0129366106080207
1 0.01164294954721863
8 0.00905562742561449
6 0.00776196636481242
2 0.00776196636481242
9 0.00646830530401035
3 0.00646830530401035
doc : 23
8 0.6486129458388376
4 0.2774108322324967
2 0.01453104359313078
7 0.011889035667107
9 0.010568031704095112
6 0.007926023778071334
5 0.007926023778071334
3 0.007926023778071334
1 0.0066050198150594455
0 0.0066050198150594455
doc : 24
5 0.6994818652849741
2 0.06217616580310881
6 0.044041450777202076
9 0.038860103626943004
7 0.038860103626943004
4 0.03367875647668394
3 0.02849740932642487
1 0.02849740932642487
8 0.01295336787564767
0 0.01295336787564767
