doc : 0
2 0.9017517136329017
3 0.02817974105102818
5 0.01370906321401371
7 0.011424219345011425
6 0.009900990099009901
1 0.008377760853008377
9 0.007616146230007616
8 0.007616146230007616
4 0.006092916984006093
0 0.005331302361005331
doc : 1
2 0.8732394366197184
3 0.046948356807511735
5 0.018779342723004695
9 0.011737089201877934
4 0.011737089201877934
6 0.01056338028169014
7 0.009389671361502348
0 0.007629107981220657
1 0.00528169014084507
8 0.004694835680751174
doc : 2
1 0.7311918850380389
3 0.08706677937447167
2 0.08030431107354184
5 0.04057480980557904
9 0.016060862214708368
6 0.01014370245139476
7 0.009298393913778529
4 0.009298393913778529
8 0.008453085376162298
0 0.007607776838546069
doc : 3
2 0.29280397022332505
4 0.1935483870967742
5 0.13895781637717122
7 0.08436724565756824
9 0.06699751861042183
6 0.05459057071960298
3 0.04714640198511166
8 0.04466501240694789
1 0.04218362282878412
0 0.034739454094292806
doc : 4
9 0.6009174311926606
2 0.14449541284403672
7 0.06192660550458716
1 0.05733944954128441
3 0.0389908256880734
0 0.027522935779816515
5 0.022935779816513763
6 0.016055045871559634
4 0.016055045871559634
8 0.013761467889908258
doc : 5
2 0.3278688524590164
5 0.18852459016393444
9 0.09836065573770492
3 0.0819672131147541
8 0.05737704918032787
7 0.05737704918032787
1 0.05737704918032787
0 0.04918032786885246
6 0.04098360655737705
4 0.04098360655737705
doc : 6
6 0.6230259806418746
5 0.12429954151808456
4 0.06775343861436577
2 0.06367804381049415
3 0.04584819154355578
9 0.022414671421293938
1 0.022414671421293938
7 0.012226184411614875
0 0.00967906265919511
8 0.008660213958227202
doc : 7
4 0.7454545454545455
9 0.05818181818181818
5 0.05545454545454546
2 0.05181818181818182
1 0.023636363636363636
3 0.019090909090909092
8 0.016363636363636365
7 0.012727272727272728
6 0.011818181818181818
0 0.005454545454545455
doc : 8
3 0.7468879668049793
2 0.04564315352697095
9 0.03319502074688797
6 0.029045643153526972
1 0.029045643153526972
5 0.024896265560165977
4 0.024896265560165977
0 0.024896265560165977
8 0.02074688796680498
7 0.02074688796680498
doc : 9
3 0.7427385892116183
2 0.04149377593360996
9 0.03734439834024896
7 0.029045643153526972
1 0.029045643153526972
8 0.024896265560165977
6 0.024896265560165977
5 0.024896265560165977
0 0.024896265560165977
4 0.02074688796680498
doc : 10
4 0.5201680672268908
5 0.23361344537815126
7 0.07394957983193277
1 0.05798319327731093
2 0.052100840336134456
9 0.023529411764705882
8 0.01092436974789916
6 0.010084033613445379
3 0.009243697478991597
0 0.008403361344537816
doc : 11
0 0.8609112709832134
9 0.021582733812949638
3 0.019184652278177457
5 0.016786570743405275
7 0.014388489208633093
4 0.014388489208633093
2 0.014388489208633093
1 0.014388489208633093
8 0.01199040767386091
6 0.01199040767386091
doc : 12
0 0.8683035714285714
1 0.020089285714285712
9 0.017857142857142856
2 0.015625
8 0.013392857142857142
7 0.013392857142857142
6 0.013392857142857142
5 0.013392857142857142
4 0.013392857142857142
3 0.011160714285714284
doc : 13
1 0.8368298368298368
2 0.053613053613053616
5 0.023310023310023312
3 0.017482517482517484
9 0.013986013986013986
7 0.013986013986013986
6 0.01282051282051282
4 0.01048951048951049
0 0.01048951048951049
8 0.006993006993006993
doc : 14
4 0.3530534351145038
2 0.27099236641221375
1 0.09541984732824427
6 0.0648854961832061
3 0.06297709923664122
8 0.03816793893129771
9 0.03244274809160305
5 0.02862595419847328
0 0.02862595419847328
7 0.02480916030534351
doc : 15
9 0.7475728155339807
1 0.07562595809913134
2 0.07256004087889628
5 0.03832396525293817
4 0.016862544711292796
7 0.016351558507920288
8 0.011752682677567707
0 0.008686765457332653
3 0.008175779253960144
6 0.004087889626980072
doc : 16
9 0.366120218579235
2 0.22131147540983606
6 0.06830601092896176
4 0.06830601092896176
8 0.060109289617486336
0 0.060109289617486336
5 0.04918032786885246
3 0.04644808743169399
1 0.040983606557377046
7 0.01912568306010929
doc : 17
6 0.8605263157894737
9 0.018421052631578946
8 0.018421052631578946
4 0.015789473684210527
3 0.015789473684210527
1 0.015789473684210527
0 0.015789473684210527
7 0.013157894736842105
5 0.013157894736842105
2 0.013157894736842105
doc : 18
5 0.7966666666666666
2 0.11
3 0.026666666666666665
7 0.017777777777777778
4 0.012777777777777779
9 0.008333333333333333
1 0.008333333333333333
6 0.006666666666666666
0 0.006666666666666666
8 0.006111111111111111
doc : 19
8 0.6861233480176212
5 0.0881057268722467
1 0.050660792951541855
9 0.04185022026431719
2 0.029735682819383262
7 0.02918502202643172
4 0.024779735682819385
6 0.02037444933920705
3 0.01762114537444934
0 0.01156387665198238
doc : 20
0 0.7987012987012988
3 0.053571428571428575
2 0.029220779220779224
8 0.022727272727272728
9 0.01948051948051948
5 0.01785714285714286
1 0.01785714285714286
7 0.014610389610389612
4 0.014610389610389612
6 0.011363636363636364
doc : 21
0 0.8628841607565012
2 0.03309692671394799
8 0.016548463356973995
5 0.014184397163120567
4 0.014184397163120567
9 0.01182033096926714
7 0.01182033096926714
6 0.01182033096926714
3 0.01182033096926714
1 0.01182033096926714
doc : 22
9 0.6116504854368933
2 0.14563106796116507
1 0.07119741100323625
6 0.03236245954692557
3 0.02912621359223301
7 0.025889967637540454
5 0.022653721682847898
4 0.022653721682847898
8 0.01941747572815534
0 0.01941747572815534
doc : 23
1 0.8266178266178266
2 0.052503052503052504
9 0.0231990231990232
5 0.021978021978021976
3 0.017094017094017096
0 0.015873015873015872
8 0.010989010989010988
6 0.010989010989010988
4 0.010989010989010988
7 0.009768009768009768
doc : 24
5 0.8385114373506316
2 0.04916353704335951
7 0.026630249231819735
4 0.02424035506998976
3 0.018777739842949812
6 0.012290884260839878
1 0.010925230454079891
9 0.009218163195629908
0 0.006145442130419939
8 0.004096961420279959
doc : 25
7 0.6357615894039735
4 0.12141280353200883
9 0.05518763796909492
1 0.052980132450331126
0 0.02869757174392936
5 0.024282560706401765
8 0.02207505518763797
3 0.02207505518763797
6 0.019867549668874173
2 0.017660044150110375
doc : 26
4 0.713128038897893
9 0.06320907617504051
5 0.04538087520259319
2 0.04051863857374392
7 0.03403565640194489
3 0.02917341977309562
8 0.02431118314424635
1 0.017828200972447326
6 0.01620745542949757
0 0.01620745542949757
doc : 27
6 0.2702702702702703
2 0.1587837837837838
3 0.11486486486486487
4 0.10472972972972974
9 0.07770270270270271
5 0.07770270270270271
1 0.07770270270270271
8 0.0472972972972973
0 0.04054054054054054
7 0.030405405405405407
doc : 28
9 0.43137254901960786
3 0.11111111111111112
7 0.0784313725490196
1 0.07189542483660132
6 0.06535947712418301
4 0.06535947712418301
8 0.05228758169934641
5 0.04575163398692811
2 0.0392156862745098
0 0.0392156862745098
doc : 29
0 0.8715203426124197
1 0.019271948608137045
4 0.017130620985010708
9 0.014989293361884369
3 0.014989293361884369
7 0.01284796573875803
6 0.01284796573875803
5 0.01284796573875803
2 0.01284796573875803
8 0.010706638115631693
doc : 30
7 0.46511627906976744
3 0.06976744186046512
9 0.05813953488372093
8 0.05813953488372093
6 0.05813953488372093
5 0.05813953488372093
4 0.05813953488372093
2 0.05813953488372093
1 0.05813953488372093
0 0.05813953488372093
doc : 31
7 0.4418604651162791
9 0.06976744186046512
3 0.06976744186046512
0 0.06976744186046512
8 0.05813953488372093
6 0.05813953488372093
5 0.05813953488372093
4 0.05813953488372093
2 0.05813953488372093
1 0.05813953488372093
doc : 32
7 0.45348837209302323
9 0.06976744186046512
5 0.06976744186046512
8 0.05813953488372093
6 0.05813953488372093
4 0.05813953488372093
3 0.05813953488372093
2 0.05813953488372093
1 0.05813953488372093
0 0.05813953488372093
doc : 33
7 0.41860465116279066
9 0.06976744186046512
6 0.06976744186046512
5 0.06976744186046512
2 0.06976744186046512
0 0.06976744186046512
8 0.05813953488372093
4 0.05813953488372093
3 0.05813953488372093
1 0.05813953488372093
doc : 34
7 0.4069767441860465
9 0.09302325581395349
3 0.06976744186046512
2 0.06976744186046512
1 0.06976744186046512
8 0.05813953488372093
6 0.05813953488372093
5 0.05813953488372093
4 0.05813953488372093
0 0.05813953488372093
doc : 35
7 0.45348837209302323
9 0.06976744186046512
0 0.06976744186046512
8 0.05813953488372093
6 0.05813953488372093
5 0.05813953488372093
4 0.05813953488372093
3 0.05813953488372093
2 0.05813953488372093
1 0.05813953488372093
doc : 36
3 0.64629388816645
2 0.1599479843953186
5 0.05721716514954486
6 0.04291287386215865
1 0.022106631989596878
9 0.018205461638491547
7 0.016905071521456438
8 0.013003901170351106
4 0.013003901170351106
0 0.010403120936280884
doc : 37
7 0.2037037037037037
9 0.16666666666666666
6 0.12962962962962962
5 0.09259259259259259
1 0.09259259259259259
8 0.07407407407407407
3 0.07407407407407407
4 0.05555555555555555
2 0.05555555555555555
0 0.05555555555555555
doc : 38
0 0.8606403013182674
2 0.018832391713747645
8 0.01694915254237288
6 0.01694915254237288
5 0.01694915254237288
4 0.01694915254237288
1 0.01694915254237288
7 0.015065913370998116
9 0.011299435028248588
3 0.009416195856873822
doc : 39
0 0.8744075829383887
1 0.018957345971563982
9 0.016587677725118485
7 0.014218009478672987
6 0.014218009478672987
5 0.014218009478672987
8 0.011848341232227489
4 0.011848341232227489
3 0.011848341232227489
2 0.011848341232227489
doc : 40
4 0.6181818181818182
5 0.0696969696969697
1 0.05454545454545454
3 0.051515151515151514
7 0.04242424242424243
2 0.04242424242424243
9 0.03939393939393939
6 0.03939393939393939
0 0.024242424242424242
8 0.01818181818181818
doc : 41
3 0.8742138364779873
5 0.029350104821802933
2 0.028651292802236196
7 0.014675052410901467
6 0.014675052410901467
9 0.013277428371767994
4 0.007686932215234102
1 0.007686932215234102
0 0.006289308176100628
8 0.0034940600978336823
doc : 42
1 0.22641509433962265
7 0.16981132075471697
3 0.14622641509433962
9 0.14150943396226415
0 0.08490566037735849
2 0.07075471698113207
5 0.04716981132075471
4 0.04245283018867924
6 0.03773584905660377
8 0.0330188679245283
doc : 43
7 0.43023255813953487
4 0.08139534883720931
8 0.06976744186046512
5 0.06976744186046512
9 0.05813953488372093
6 0.05813953488372093
3 0.05813953488372093
2 0.05813953488372093
1 0.05813953488372093
0 0.05813953488372093
doc : 44
1 0.8598639455782312
9 0.02857142857142857
2 0.02312925170068027
7 0.019047619047619046
5 0.016326530612244896
6 0.013605442176870748
0 0.012244897959183673
4 0.009523809523809523
3 0.009523809523809523
8 0.008163265306122448
doc : 45
7 0.8556701030927835
2 0.07107976125881715
3 0.016277807921866522
9 0.012479652740097666
6 0.010309278350515464
5 0.009224091155724362
0 0.007596310363537711
1 0.00705371676614216
4 0.006511123168746609
8 0.0037981551817688553
doc : 46
7 0.4418604651162791
6 0.06976744186046512
5 0.06976744186046512
1 0.06976744186046512
9 0.05813953488372093
8 0.05813953488372093
4 0.05813953488372093
3 0.05813953488372093
2 0.05813953488372093
0 0.05813953488372093
doc : 47
6 0.5170068027210885
0 0.08163265306122448
7 0.061224489795918366
8 0.05442176870748299
3 0.05442176870748299
1 0.05442176870748299
9 0.047619047619047616
4 0.047619047619047616
2 0.047619047619047616
5 0.03401360544217687
doc : 48
8 0.8817504655493482
4 0.028864059590316574
9 0.0223463687150838
1 0.021415270018621972
2 0.012104283054003724
6 0.010242085661080074
7 0.006517690875232775
5 0.006517690875232775
3 0.00558659217877095
0 0.004655493482309125
doc : 49
9 0.37404580152671757
7 0.12213740458015267
3 0.10687022900763359
4 0.07633587786259542
6 0.06870229007633588
1 0.061068702290076333
8 0.05343511450381679
0 0.05343511450381679
2 0.04580152671755725
5 0.03816793893129771
