doc : 0
4 0.9049227799227799
0 0.026544401544401543
8 0.017374517374517374
7 0.017374517374517374
6 0.013513513513513514
5 0.005791505791505792
9 0.004826254826254826
3 0.003861003861003861
2 0.002895752895752896
1 0.002895752895752896
doc : 1
0 0.9506699147381242
7 0.0097442143727162
5 0.0063946406820950055
1 0.0060901339829476245
6 0.0057856272838002435
8 0.0048721071863581
4 0.0048721071863581
9 0.004263093788063338
2 0.003958587088915956
3 0.0033495736906211937
doc : 2
7 0.9519697787371829
6 0.009174311926605505
0 0.008634646519158122
9 0.005396654074473826
5 0.005396654074473826
3 0.004856988667026444
2 0.004317323259579061
8 0.0037776578521316784
4 0.0032379924446842958
1 0.0032379924446842958
doc : 3
7 0.9494736842105262
0 0.01631578947368421
6 0.01
8 0.004736842105263157
1 0.004210526315789474
3 0.0036842105263157894
4 0.003157894736842105
2 0.003157894736842105
9 0.002631578947368421
5 0.002631578947368421
doc : 4
7 0.9516129032258065
6 0.008898776418242492
9 0.006674082313681868
3 0.006117908787541713
0 0.006117908787541713
5 0.004449388209121246
4 0.004449388209121246
1 0.004449388209121246
8 0.00389321468298109
2 0.003337041156840934
doc : 5
0 0.9326710816777042
9 0.011037527593818985
7 0.007726269315673289
6 0.007726269315673289
3 0.007726269315673289
2 0.007726269315673289
8 0.006622516556291391
5 0.006622516556291391
4 0.006622516556291391
1 0.005518763796909493
doc : 6
0 0.9159192825112108
9 0.013452914798206279
8 0.011210762331838564
5 0.010089686098654708
1 0.010089686098654708
6 0.008968609865470852
3 0.008968609865470852
2 0.008968609865470852
7 0.006726457399103139
4 0.005605381165919282
doc : 7
3 0.622191011235955
0 0.22050561797752807
6 0.05337078651685393
7 0.03089887640449438
9 0.018258426966292134
8 0.012640449438202247
5 0.012640449438202247
1 0.011235955056179775
4 0.009831460674157303
2 0.008426966292134831
doc : 8
5 0.789405684754522
0 0.06847545219638243
7 0.03488372093023256
9 0.020671834625323
3 0.020671834625323
6 0.016795865633074936
8 0.012919896640826874
2 0.012919896640826874
4 0.011627906976744186
1 0.011627906976744186
doc : 9
8 0.48442211055276385
3 0.3306532663316583
7 0.05929648241206031
6 0.033165829145728645
4 0.022110552763819097
9 0.017085427135678392
5 0.016080402010050253
2 0.01407035175879397
0 0.01407035175879397
1 0.009045226130653268
doc : 10
5 0.7842377260981912
0 0.09431524547803619
8 0.023255813953488372
6 0.021963824289405687
3 0.020671834625323
9 0.015503875968992248
7 0.014211886304909561
2 0.0103359173126615
1 0.009043927648578812
4 0.006459948320413437
doc : 11
6 0.8678611422172452
0 0.03919372900335946
7 0.025755879059350503
2 0.014557670772676373
9 0.010078387458006719
4 0.010078387458006719
3 0.008958566629339306
1 0.008958566629339306
5 0.007838745800671893
8 0.00671892497200448
doc : 12
7 0.9401343921808186
6 0.015271838729383019
0 0.012828344532681736
5 0.006108735491753207
3 0.006108735491753207
1 0.004886988393402566
8 0.004276114844227245
9 0.0036652412950519244
4 0.0036652412950519244
2 0.0030543677458766036
doc : 13
8 0.9463519313304721
9 0.010014306151645207
5 0.006437768240343348
2 0.006437768240343348
0 0.006437768240343348
6 0.005722460658082976
3 0.005722460658082976
1 0.005007153075822604
7 0.004291845493562232
4 0.00357653791130186
doc : 14
6 0.8806532663316583
0 0.031407035175879394
1 0.017587939698492462
9 0.01256281407035176
3 0.01256281407035176
2 0.011306532663316583
8 0.010050251256281407
7 0.010050251256281407
4 0.007537688442211055
5 0.00628140703517588
doc : 15
6 0.8655913978494624
3 0.02795698924731183
0 0.024731182795698924
1 0.02258064516129032
7 0.010752688172043012
5 0.010752688172043012
2 0.010752688172043012
9 0.00967741935483871
8 0.00967741935483871
4 0.007526881720430107
doc : 16
8 0.37404580152671757
6 0.11068702290076335
0 0.09923664122137404
4 0.0916030534351145
3 0.08778625954198473
5 0.061068702290076333
7 0.05725190839694656
9 0.04580152671755725
2 0.04580152671755725
1 0.026717557251908396
doc : 17
1 0.847672778561354
0 0.04936530324400564
9 0.018335684062059238
8 0.015514809590973202
7 0.012693935119887164
6 0.012693935119887164
5 0.012693935119887164
2 0.012693935119887164
3 0.011283497884344146
4 0.007052186177715091
doc : 18
9 0.5740740740740741
5 0.14646464646464646
1 0.06902356902356901
0 0.0606060606060606
2 0.03535353535353535
3 0.03198653198653199
6 0.025252525252525252
8 0.021885521885521883
7 0.018518518518518517
4 0.016835016835016835
doc : 19
7 0.93482905982906
0 0.01655982905982906
6 0.009615384615384616
2 0.008547008547008548
9 0.006944444444444445
3 0.006944444444444445
8 0.004807692307692308
4 0.004273504273504274
5 0.00373931623931624
1 0.00373931623931624
doc : 20
7 0.930065750149432
0 0.014943215780035862
9 0.012552301255230124
6 0.010759115361625821
8 0.007172743574417214
4 0.007172743574417214
3 0.0053795576808129105
5 0.004781829049611476
2 0.0041841004184100415
1 0.0029886431560071725
doc : 21
8 0.3957654723127036
3 0.1498371335504886
5 0.14006514657980457
0 0.1205211726384365
4 0.043973941368078175
9 0.03745928338762215
1 0.035830618892508145
7 0.03420195439739414
6 0.02931596091205212
2 0.013029315960912053
doc : 22
9 0.7653228449688627
1 0.11930514585381842
0 0.03048180924287119
3 0.028187479514913145
8 0.014749262536873156
2 0.00983284169124877
6 0.008849557522123894
4 0.00819403474270731
5 0.007866273352999017
7 0.007210750573582432
doc : 23
6 0.9085365853658537
0 0.02003484320557491
7 0.014808362369337979
9 0.012195121951219513
3 0.009581881533101045
2 0.009581881533101045
8 0.008710801393728223
5 0.006097560975609756
1 0.006097560975609756
4 0.004355400696864111
doc : 24
3 0.7597402597402597
8 0.06277056277056277
7 0.03896103896103896
5 0.032467532467532464
1 0.023809523809523808
4 0.021645021645021644
0 0.01948051948051948
9 0.015151515151515152
6 0.012987012987012988
2 0.012987012987012988
doc : 25
5 0.4013605442176871
7 0.09523809523809523
3 0.08843537414965986
6 0.08163265306122448
8 0.07482993197278912
0 0.07482993197278912
4 0.05442176870748299
1 0.05442176870748299
2 0.04081632653061224
9 0.03401360544217687
doc : 26
4 0.6611111111111111
2 0.11111111111111112
7 0.04722222222222222
0 0.03888888888888889
1 0.030555555555555558
6 0.025
5 0.025
3 0.025
8 0.022222222222222223
9 0.01388888888888889
doc : 27
5 0.7207446808510638
1 0.07712765957446809
0 0.06515957446808511
6 0.0398936170212766
3 0.03723404255319149
2 0.018617021276595744
7 0.011968085106382979
4 0.010638297872340425
9 0.009308510638297872
8 0.009308510638297872
doc : 28
6 0.8620361560418649
0 0.04757373929590866
1 0.016175071360608945
7 0.014272121788772598
2 0.013320647002854425
8 0.012369172216936251
4 0.012369172216936251
9 0.008563273073263558
3 0.007611798287345386
5 0.005708848715509039
doc : 29
9 0.8845607051464316
0 0.05117998294000568
2 0.019050326983224338
6 0.012226329257890247
4 0.00796133067955644
5 0.0071083309638896785
7 0.005970998009667329
3 0.005117998294000568
1 0.003696332101222633
8 0.0031276656241114582
doc : 30
1 0.7368421052631579
9 0.041189931350114416
6 0.041189931350114416
8 0.036613272311212815
3 0.036613272311212815
5 0.02517162471395881
0 0.02517162471395881
4 0.02288329519450801
7 0.018306636155606407
2 0.016018306636155607
doc : 31
8 0.32574679943101
6 0.20910384068278806
3 0.14793741109530584
5 0.10241820768136559
2 0.05689900426742532
1 0.044096728307254626
9 0.03556187766714083
4 0.031294452347083924
7 0.02844950213371266
0 0.01849217638691323
doc : 32
4 0.894559730790802
6 0.026360067302299495
8 0.02579921480650589
3 0.01346045989904655
5 0.011777902411665733
7 0.007851934941110488
0 0.007851934941110488
9 0.00448681996634885
1 0.00448681996634885
2 0.0033651149747616375
doc : 33
8 0.9482014388489208
9 0.00935251798561151
0 0.006474820143884892
7 0.0057553956834532375
6 0.0057553956834532375
5 0.005035971223021583
4 0.005035971223021583
2 0.005035971223021583
1 0.005035971223021583
3 0.004316546762589928
doc : 34
5 0.5826086956521739
9 0.06956521739130435
8 0.05652173913043478
4 0.052173913043478265
3 0.052173913043478265
0 0.043478260869565216
6 0.0391304347826087
1 0.0391304347826087
2 0.034782608695652174
7 0.030434782608695653
doc : 35
5 0.7708333333333334
7 0.035416666666666666
8 0.03333333333333333
3 0.029166666666666667
6 0.027083333333333334
1 0.027083333333333334
9 0.022916666666666665
0 0.022916666666666665
2 0.016666666666666666
4 0.014583333333333334
doc : 36
5 0.7875
1 0.03958333333333333
0 0.03958333333333333
8 0.035416666666666666
7 0.022916666666666665
6 0.020833333333333332
2 0.016666666666666666
3 0.014583333333333334
4 0.0125
9 0.010416666666666666
doc : 37
8 0.9456366237482118
9 0.010014306151645207
7 0.00715307582260372
2 0.006437768240343348
0 0.006437768240343348
5 0.005722460658082976
6 0.005007153075822604
1 0.005007153075822604
4 0.004291845493562232
3 0.004291845493562232
doc : 38
6 0.851063829787234
0 0.048152295632698766
9 0.02127659574468085
1 0.01791713325867861
7 0.015677491601343786
3 0.01343784994400896
4 0.012318029115341545
2 0.008958566629339306
8 0.005599104143337066
5 0.005599104143337066
doc : 39
9 0.700900900900901
5 0.06846846846846846
6 0.043243243243243246
8 0.04144144144144144
0 0.03963963963963964
2 0.02882882882882883
3 0.023423423423423424
1 0.023423423423423424
4 0.016216216216216217
7 0.014414414414414415
doc : 40
2 0.39823008849557523
6 0.11504424778761062
9 0.08849557522123894
5 0.07079646017699115
1 0.07079646017699115
0 0.07079646017699115
7 0.05309734513274336
8 0.04424778761061947
4 0.04424778761061947
3 0.04424778761061947
doc : 41
3 0.717948717948718
8 0.09230769230769231
4 0.041025641025641026
1 0.02564102564102564
7 0.023076923076923078
5 0.023076923076923078
0 0.023076923076923078
2 0.020512820512820513
9 0.017948717948717947
6 0.015384615384615385
doc : 42
6 0.9031055900621119
3 0.014906832298136646
5 0.013664596273291927
2 0.012422360248447206
1 0.012422360248447206
4 0.011180124223602485
9 0.009937888198757764
8 0.008695652173913044
0 0.007453416149068323
7 0.006211180124223603
doc : 43
5 0.5485074626865671
6 0.13059701492537312
7 0.1044776119402985
8 0.041044776119402986
4 0.041044776119402986
1 0.041044776119402986
0 0.029850746268656716
9 0.022388059701492536
3 0.022388059701492536
2 0.018656716417910446
doc : 44
3 0.8342792281498297
6 0.026106696935300794
1 0.024971623155505107
8 0.02383654937570942
5 0.022701475595913734
0 0.021566401816118047
7 0.014755959137343927
4 0.01362088535754824
9 0.009080590238365494
2 0.009080590238365494
doc : 45
3 0.8365493757094211
5 0.039727582292849034
0 0.03178206583427923
8 0.02043132803632236
7 0.019296254256526674
4 0.0170261066969353
6 0.01021566401816118
1 0.009080590238365494
9 0.007945516458569807
2 0.007945516458569807
doc : 46
3 0.700507614213198
6 0.06091370558375634
5 0.047377326565143825
8 0.04568527918781726
7 0.038917089678511
2 0.032148900169204735
4 0.023688663282571912
0 0.018612521150592216
1 0.01692047377326565
9 0.015228426395939085
doc : 47
3 0.7418772563176895
5 0.0631768953068592
6 0.04512635379061372
8 0.03790613718411553
1 0.02707581227436823
2 0.019855595667870037
0 0.019855595667870037
7 0.018050541516245487
9 0.01624548736462094
4 0.010830324909747294
doc : 48
5 0.5673940949935815
3 0.1399229781771502
8 0.06033376123234916
7 0.055198973042362
0 0.04749679075738125
4 0.0410783055198973
9 0.035943517329910135
2 0.025673940949935813
1 0.015404364569961488
6 0.011553273427471117
doc : 49
5 0.5560344827586207
1 0.08189655172413793
9 0.05603448275862069
3 0.05172413793103448
2 0.05172413793103448
6 0.04741379310344827
0 0.04741379310344827
7 0.04310344827586207
8 0.03879310344827586
4 0.02586206896551724
doc : 50
9 0.7046296296296296
3 0.062037037037037036
1 0.05
8 0.036111111111111115
2 0.03333333333333333
5 0.032407407407407406
0 0.032407407407407406
7 0.019444444444444445
6 0.018518518518518517
4 0.011111111111111112
doc : 51
3 0.6579841449603624
8 0.18573046432616083
2 0.03057757644394111
7 0.022650056625141565
0 0.021517553793884488
9 0.01925254813137033
6 0.01925254813137033
5 0.016987542468856174
4 0.013590033975084938
1 0.01245753114382786
doc : 52
2 0.4579617834394904
3 0.23821656050955411
0 0.05796178343949044
4 0.05605095541401273
9 0.05414012738853503
6 0.05095541401273885
8 0.041401273885350316
1 0.019745222929936305
7 0.014649681528662419
5 0.008917197452229299
doc : 53
2 0.5389312977099237
0 0.3893129770992366
6 0.010687022900763359
9 0.00916030534351145
5 0.00916030534351145
4 0.00916030534351145
3 0.00916030534351145
1 0.00916030534351145
8 0.007633587786259542
7 0.007633587786259542
doc : 54
6 0.8533969010727056
5 0.01907032181168057
7 0.017878426698450536
4 0.017878426698450536
1 0.017878426698450536
0 0.0166865315852205
9 0.015494636471990463
3 0.015494636471990463
8 0.014302741358760428
2 0.011918951132300357
doc : 55
9 0.4599156118143459
8 0.2932489451476793
3 0.06329113924050632
7 0.04852320675105485
5 0.03375527426160337
4 0.03375527426160337
2 0.02109704641350211
6 0.016877637130801686
1 0.016877637130801686
0 0.012658227848101264
doc : 56
6 0.878345498783455
3 0.027980535279805353
7 0.021897810218978103
8 0.014598540145985401
0 0.012165450121654502
5 0.010948905109489052
2 0.010948905109489052
9 0.00851581508515815
4 0.0072992700729927005
1 0.0072992700729927005
doc : 57
2 0.9114533205004813
9 0.02165543792107796
0 0.01973051010587103
1 0.010587102983638115
3 0.009143407122232917
8 0.007699711260827719
7 0.0067372473532242546
6 0.00577478344562079
4 0.0038498556304138597
5 0.0033686236766121273
doc : 58
2 0.8990291262135922
6 0.015533980582524271
0 0.014563106796116504
9 0.011650485436893204
8 0.011650485436893204
3 0.010679611650485437
1 0.010679611650485437
7 0.009708737864077669
4 0.008737864077669903
5 0.007766990291262136
doc : 59
5 0.39145907473309605
7 0.12455516014234874
8 0.09608540925266904
0 0.07829181494661921
3 0.07473309608540925
6 0.06761565836298931
9 0.0498220640569395
1 0.046263345195729534
4 0.03558718861209964
2 0.03558718861209964
doc : 60
3 0.7372708757637474
5 0.07535641547861506
7 0.032586558044806514
2 0.030549898167006106
6 0.026476578411405292
4 0.026476578411405292
8 0.024439918533604887
9 0.02240325865580448
1 0.012219959266802444
0 0.012219959266802444
doc : 61
9 0.7065727699530516
1 0.05868544600938967
0 0.0539906103286385
2 0.04929577464788733
3 0.03286384976525822
5 0.028169014084507043
6 0.02112676056338028
8 0.018779342723004695
7 0.018779342723004695
4 0.011737089201877934
doc : 62
6 0.33898305084745767
8 0.28087167070217917
3 0.12590799031476999
5 0.0774818401937046
2 0.04842615012106538
7 0.0387409200968523
4 0.029055690072639227
1 0.02421307506053269
9 0.02179176755447942
0 0.014527845036319613
doc : 63
3 0.6339522546419097
8 0.2042440318302387
0 0.034482758620689655
9 0.030503978779840846
5 0.027851458885941642
2 0.01989389920424403
6 0.014588859416445622
1 0.01326259946949602
4 0.011936339522546418
7 0.009283819628647215
doc : 64
1 0.4835589941972921
0 0.1276595744680851
8 0.09864603481624758
3 0.09477756286266925
6 0.04642166344294004
5 0.03481624758220503
2 0.03481624758220503
4 0.03288201160541586
9 0.030947775628626693
7 0.015473887814313346
doc : 65
0 0.8876500857632933
7 0.022298456260720412
6 0.01972555746140652
3 0.01972555746140652
8 0.012006861063464836
2 0.010291595197255574
4 0.007718696397941681
1 0.007718696397941681
9 0.00686106346483705
5 0.006003430531732418
doc : 66
5 0.5042735042735044
6 0.07692307692307693
3 0.06837606837606838
0 0.06837606837606838
9 0.05128205128205129
7 0.05128205128205129
1 0.05128205128205129
8 0.042735042735042736
4 0.042735042735042736
2 0.042735042735042736
doc : 67
2 0.8543859649122807
9 0.026315789473684213
4 0.021052631578947368
8 0.01929824561403509
5 0.01929824561403509
3 0.017543859649122806
1 0.014035087719298246
6 0.010526315789473684
7 0.008771929824561403
0 0.008771929824561403
doc : 68
1 0.5945945945945946
7 0.08108108108108109
5 0.06970128022759602
6 0.05689900426742532
3 0.052631578947368425
9 0.03982930298719772
2 0.034139402560455195
4 0.03271692745376956
8 0.02418207681365576
0 0.01422475106685633
doc : 69
8 0.40703517587939697
3 0.24623115577889448
9 0.09296482412060302
5 0.05778894472361809
6 0.05527638190954774
0 0.04522613065326633
2 0.032663316582914576
7 0.03015075376884422
4 0.017587939698492462
1 0.01507537688442211
doc : 70
2 0.5498783454987834
9 0.3564476885644769
0 0.019464720194647202
8 0.014598540145985401
7 0.012165450121654502
3 0.012165450121654502
1 0.012165450121654502
6 0.009732360097323601
5 0.0072992700729927005
4 0.006082725060827251
doc : 71
9 0.6047156726768378
1 0.12482662968099861
3 0.05547850208044383
2 0.04854368932038835
5 0.03883495145631068
6 0.03744798890429959
8 0.030513176144244106
0 0.027739251040221916
4 0.018030513176144243
7 0.013869625520110958
doc : 72
5 0.6325925925925926
8 0.08296296296296296
3 0.07555555555555556
6 0.048888888888888885
9 0.03111111111111111
4 0.029629629629629627
7 0.028148148148148148
2 0.026666666666666665
1 0.026666666666666665
0 0.017777777777777778
doc : 73
1 0.8539473684210526
0 0.06842105263157895
6 0.015789473684210527
8 0.010526315789473684
7 0.010526315789473684
5 0.009210526315789473
9 0.007894736842105263
4 0.007894736842105263
3 0.007894736842105263
2 0.007894736842105263
doc : 74
1 0.7259259259259259
0 0.19753086419753085
7 0.019753086419753086
6 0.012345679012345678
3 0.008641975308641974
9 0.007407407407407408
5 0.007407407407407408
4 0.007407407407407408
2 0.007407407407407408
8 0.006172839506172839
doc : 75
9 0.7219430485762144
1 0.11055276381909548
6 0.035175879396984924
5 0.02680067001675042
0 0.02680067001675042
3 0.021775544388609715
8 0.018425460636515914
2 0.01507537688442211
7 0.01172529313232831
4 0.01172529313232831
doc : 76
3 0.703125
8 0.109375
5 0.03794642857142857
7 0.03571428571428571
0 0.024553571428571428
6 0.020089285714285712
4 0.020089285714285712
9 0.017857142857142856
1 0.017857142857142856
2 0.013392857142857142
doc : 77
3 0.7299107142857142
8 0.08035714285714285
5 0.04464285714285714
7 0.03794642857142857
0 0.02901785714285714
9 0.020089285714285712
1 0.017857142857142856
2 0.015625
4 0.013392857142857142
6 0.011160714285714284
doc : 78
9 0.5957049486461251
1 0.21942110177404295
3 0.028944911297852476
6 0.02707749766573296
2 0.026143790849673203
5 0.025210084033613446
7 0.02334267040149393
0 0.022408963585434174
8 0.02054154995331466
4 0.011204481792717087
doc : 79
9 0.7336683417085427
1 0.10552763819095477
6 0.03350083752093802
5 0.02847571189279732
2 0.02512562814070352
0 0.02345058626465662
3 0.01507537688442211
7 0.01340033500837521
8 0.01172529313232831
4 0.010050251256281407
doc : 80
3 0.4951338199513382
7 0.19464720194647203
8 0.12652068126520682
4 0.04866180048661801
0 0.0340632603406326
6 0.023114355231143552
9 0.021897810218978103
5 0.021897810218978103
2 0.0170316301703163
1 0.0170316301703163
doc : 81
3 0.5116279069767442
5 0.06976744186046512
9 0.06201550387596899
6 0.06201550387596899
7 0.05426356589147287
2 0.05426356589147287
1 0.05426356589147287
8 0.046511627906976744
0 0.046511627906976744
4 0.03875968992248062
doc : 82
5 0.5639097744360901
0 0.06766917293233082
9 0.06015037593984962
6 0.05263157894736842
8 0.045112781954887216
7 0.045112781954887216
4 0.045112781954887216
3 0.045112781954887216
2 0.03759398496240601
1 0.03759398496240601
doc : 83
5 0.44545454545454544
3 0.09999999999999999
6 0.08181818181818182
7 0.06363636363636363
2 0.06363636363636363
0 0.06363636363636363
9 0.045454545454545456
8 0.045454545454545456
4 0.045454545454545456
1 0.045454545454545456
doc : 84
2 0.8706528370957901
3 0.037827943868212324
0 0.02928615009151922
9 0.023184868822452714
7 0.010982306284319707
1 0.010372178157413056
6 0.006711409395973154
5 0.004270896888346552
8 0.0036607687614399025
4 0.0030506406345332518
doc : 85
5 0.8012048192771084
3 0.03413654618473895
0 0.03413654618473895
8 0.0321285140562249
6 0.024096385542168672
9 0.020080321285140562
2 0.01606425702811245
7 0.014056224899598391
4 0.012048192771084336
1 0.012048192771084336
doc : 86
4 0.6709062003179651
8 0.109697933227345
6 0.05087440381558029
3 0.046104928457869634
7 0.0397456279809221
1 0.01907790143084261
0 0.01907790143084261
2 0.015898251192368842
9 0.014308426073131956
5 0.014308426073131956
doc : 87
1 0.47442680776014107
6 0.10582010582010581
3 0.10582010582010581
7 0.08289241622574955
9 0.04585537918871252
2 0.042328042328042326
8 0.04056437389770723
0 0.03880070546737213
5 0.03527336860670194
4 0.02821869488536155
doc : 88
0 0.6704361873990308
1 0.11631663974151858
6 0.04523424878836834
9 0.033925686591276254
7 0.03231017770597738
5 0.025848142164781908
4 0.02261712439418417
3 0.019386106623586433
8 0.017770597738287562
2 0.01615508885298869
doc : 89
9 0.7051114023591087
1 0.07208387942332896
0 0.05242463958060288
3 0.04062909567496723
5 0.03669724770642202
7 0.03014416775884666
8 0.022280471821756225
2 0.01703800786369594
6 0.01310615989515072
4 0.010484927916120577
doc : 90
4 0.9065520945220193
3 0.022019334049409235
8 0.02040816326530612
0 0.011815252416756176
5 0.009129967776584317
9 0.007518796992481203
7 0.007518796992481203
1 0.005907626208378088
6 0.0053705692803437165
2 0.0037593984962406013
doc : 91
2 0.4338235294117647
9 0.11764705882352941
6 0.07352941176470588
8 0.0661764705882353
5 0.0661764705882353
7 0.058823529411764705
3 0.058823529411764705
0 0.051470588235294115
4 0.03676470588235294
1 0.03676470588235294
doc : 92
1 0.7400662251655629
3 0.05132450331125828
7 0.048013245033112585
6 0.041390728476821195
8 0.029801324503311258
5 0.02152317880794702
4 0.02152317880794702
2 0.019867549668874173
9 0.014900662251655629
0 0.011589403973509934
doc : 93
1 0.6040816326530611
3 0.09523809523809523
7 0.06666666666666667
6 0.055782312925170066
9 0.04625850340136054
2 0.03809523809523809
5 0.03129251700680272
4 0.027210884353741496
8 0.019047619047619046
0 0.016326530612244896
doc : 94
6 0.8821621621621621
0 0.018378378378378378
3 0.017297297297297298
2 0.014054054054054054
8 0.012972972972972972
1 0.012972972972972972
7 0.011891891891891892
5 0.010810810810810811
4 0.010810810810810811
9 0.008648648648648649
doc : 95
5 0.39814814814814814
6 0.1111111111111111
1 0.08333333333333333
0 0.08333333333333333
9 0.07407407407407407
3 0.05555555555555555
2 0.05555555555555555
8 0.046296296296296294
7 0.046296296296296294
4 0.046296296296296294
doc : 96
9 0.740302432610125
1 0.1334648257725181
3 0.04667981591058514
8 0.01972386587771203
2 0.0190664036817883
5 0.014464168310322156
0 0.008547008547008548
4 0.007232084155161078
6 0.00591715976331361
7 0.0046022353714661405
doc : 97
5 0.5522388059701493
3 0.08208955223880597
0 0.07462686567164178
6 0.05223880597014925
7 0.04477611940298507
1 0.04477611940298507
9 0.03731343283582089
8 0.03731343283582089
4 0.03731343283582089
2 0.03731343283582089
doc : 98
5 0.564516129032258
0 0.07258064516129031
6 0.056451612903225805
2 0.056451612903225805
1 0.04838709677419355
9 0.04032258064516129
8 0.04032258064516129
7 0.04032258064516129
4 0.04032258064516129
3 0.04032258064516129
doc : 99
5 0.7047781569965871
9 0.08191126279863481
3 0.040955631399317405
2 0.03242320819112628
7 0.027303754266211604
6 0.027303754266211604
8 0.025597269624573378
0 0.02218430034129693
4 0.01877133105802048
1 0.01877133105802048
