doc : 0
0 0.8114374034003091
4 0.14142194744976816
8 0.010046367851622875
3 0.00927357032457496
5 0.0061823802163833074
7 0.005409582689335394
2 0.00463678516228748
9 0.0038639876352395673
6 0.0038639876352395673
1 0.0038639876352395673
doc : 1
7 0.7996357012750456
2 0.10746812386156648
9 0.044626593806921674
6 0.011839708561020037
8 0.009107468123861567
3 0.006375227686703096
1 0.006375227686703096
4 0.00546448087431694
5 0.004553734061930784
0 0.004553734061930784
doc : 2
7 0.6132879045996593
2 0.33986371379897784
8 0.008517887563884156
9 0.0068143100511073255
5 0.0068143100511073255
1 0.0068143100511073255
4 0.0051107325383304945
6 0.004258943781942078
3 0.004258943781942078
0 0.004258943781942078
doc : 3
5 0.5344827586206896
9 0.23448275862068965
8 0.05172413793103448
4 0.034482758620689655
0 0.03103448275862069
6 0.027586206896551724
3 0.02413793103448276
7 0.020689655172413793
2 0.020689655172413793
1 0.020689655172413793
doc : 4
5 0.528169014084507
9 0.2746478873239437
6 0.04225352112676056
8 0.03169014084507042
2 0.028169014084507043
4 0.02112676056338028
0 0.02112676056338028
7 0.017605633802816902
3 0.017605633802816902
1 0.017605633802816902
doc : 5
1 0.5236787920384351
2 0.3417982155113246
7 0.0851063829787234
9 0.01990391214824983
5 0.0061770761839396015
6 0.00549073438572409
4 0.00549073438572409
8 0.004804392587508579
3 0.004118050789293068
0 0.0034317089910775563
doc : 6
9 0.2698412698412698
1 0.12698412698412698
2 0.1111111111111111
7 0.10317460317460317
8 0.0873015873015873
5 0.0873015873015873
4 0.0873015873015873
6 0.047619047619047616
3 0.03968253968253968
0 0.03968253968253968
doc : 7
1 0.8174807197943446
7 0.12510711225364182
8 0.017994858611825194
9 0.007712082262210798
2 0.006855184233076264
5 0.005998286203941731
4 0.0051413881748071984
0 0.0051413881748071984
6 0.004284490145672665
3 0.004284490145672665
doc : 8
8 0.7238493723849372
7 0.046025104602510455
6 0.03765690376569037
0 0.03765690376569037
9 0.03347280334728033
5 0.02928870292887029
4 0.025104602510460247
2 0.025104602510460247
3 0.02092050209205021
1 0.02092050209205021
doc : 9
9 0.3582089552238806
8 0.14925373134328357
7 0.09701492537313433
5 0.06716417910447761
0 0.06716417910447761
2 0.05970149253731343
6 0.05223880597014925
4 0.05223880597014925
3 0.05223880597014925
1 0.04477611940298507
doc : 10
0 0.8075734157650696
4 0.14064914992272023
3 0.013137557959814528
7 0.006955177743431221
5 0.006955177743431221
8 0.0061823802163833074
6 0.005409582689335394
9 0.00463678516228748
2 0.00463678516228748
1 0.0038639876352395673
doc : 11
3 0.7721518987341771
0 0.07594936708860758
9 0.03164556962025316
8 0.02320675105485232
5 0.018987341772151896
4 0.018987341772151896
7 0.016877637130801686
2 0.014767932489451475
1 0.014767932489451475
6 0.012658227848101264
doc : 12
6 0.9026845637583892
3 0.015659955257270694
9 0.0145413870246085
8 0.012304250559284116
0 0.012304250559284116
4 0.010067114093959731
1 0.008948545861297539
7 0.007829977628635347
5 0.007829977628635347
2 0.007829977628635347
doc : 13
0 0.8098918083462133
4 0.14296754250386398
8 0.00927357032457496
3 0.00927357032457496
5 0.0061823802163833074
9 0.00463678516228748
7 0.00463678516228748
6 0.00463678516228748
2 0.00463678516228748
1 0.0038639876352395673
doc : 14
5 0.8079268292682927
8 0.03048780487804878
9 0.027439024390243903
2 0.024390243902439025
7 0.021341463414634148
1 0.021341463414634148
4 0.01829268292682927
0 0.01829268292682927
6 0.01524390243902439
3 0.01524390243902439
doc : 15
5 0.5105633802816901
9 0.2535211267605634
8 0.056338028169014086
6 0.04225352112676056
4 0.028169014084507043
7 0.024647887323943664
3 0.024647887323943664
2 0.024647887323943664
1 0.017605633802816902
0 0.017605633802816902
doc : 16
5 0.8140243902439025
2 0.03658536585365854
9 0.024390243902439025
1 0.024390243902439025
8 0.021341463414634148
7 0.01829268292682927
6 0.01524390243902439
4 0.01524390243902439
3 0.01524390243902439
0 0.01524390243902439
doc : 17
5 0.8048780487804879
2 0.04573170731707317
3 0.024390243902439025
8 0.021341463414634148
7 0.021341463414634148
9 0.01829268292682927
0 0.01829268292682927
6 0.01524390243902439
4 0.01524390243902439
1 0.01524390243902439
doc : 18
5 0.7835365853658537
2 0.06097560975609756
9 0.027439024390243903
4 0.024390243902439025
8 0.021341463414634148
7 0.01829268292682927
1 0.01829268292682927
6 0.01524390243902439
3 0.01524390243902439
0 0.01524390243902439
doc : 19
5 0.8140243902439025
8 0.03353658536585366
2 0.027439024390243903
7 0.024390243902439025
9 0.021341463414634148
6 0.01829268292682927
4 0.01524390243902439
3 0.01524390243902439
1 0.01524390243902439
0 0.01524390243902439
doc : 20
7 0.47564469914040114
2 0.43982808022922637
9 0.014326647564469913
5 0.012893982808022923
8 0.011461318051575931
1 0.011461318051575931
0 0.011461318051575931
4 0.008595988538681949
6 0.007163323782234957
3 0.007163323782234957
doc : 21
8 0.7688564476885645
2 0.08515815085158152
5 0.024330900243309004
9 0.021897810218978103
6 0.021897810218978103
4 0.019464720194647202
7 0.0170316301703163
3 0.014598540145985401
0 0.014598540145985401
1 0.012165450121654502
doc : 22
2 0.38405797101449274
7 0.213768115942029
8 0.09782608695652174
5 0.06521739130434782
4 0.06521739130434782
9 0.036231884057971016
6 0.036231884057971016
1 0.036231884057971016
3 0.03260869565217391
0 0.03260869565217391
doc : 23
2 0.7872670807453416
4 0.06832298136645962
7 0.037267080745341616
8 0.023291925465838508
3 0.018633540372670808
9 0.015527950310559004
6 0.015527950310559004
0 0.012422360248447204
5 0.010869565217391304
1 0.010869565217391304
doc : 24
0 0.812210200927357
4 0.13987635239567234
5 0.0077279752704791345
3 0.0077279752704791345
2 0.006955177743431221
8 0.0061823802163833074
9 0.005409582689335394
7 0.005409582689335394
1 0.00463678516228748
6 0.0038639876352395673
doc : 25
3 0.8037974683544303
0 0.06540084388185653
9 0.02320675105485232
4 0.02109704641350211
5 0.016877637130801686
2 0.016877637130801686
8 0.014767932489451475
7 0.012658227848101264
6 0.012658227848101264
1 0.012658227848101264
doc : 26
0 0.8083462132921174
4 0.14296754250386398
3 0.008500772797527048
9 0.006955177743431221
6 0.0061823802163833074
5 0.0061823802163833074
8 0.005409582689335394
2 0.005409582689335394
1 0.005409582689335394
7 0.00463678516228748
doc : 27
5 0.8170731707317074
2 0.03048780487804878
8 0.024390243902439025
9 0.021341463414634148
7 0.021341463414634148
4 0.021341463414634148
6 0.01829268292682927
3 0.01524390243902439
1 0.01524390243902439
0 0.01524390243902439
doc : 28
5 0.8170731707317074
2 0.03353658536585366
9 0.021341463414634148
8 0.021341463414634148
0 0.021341463414634148
7 0.01829268292682927
6 0.01829268292682927
4 0.01829268292682927
3 0.01524390243902439
1 0.01524390243902439
doc : 29
5 0.8140243902439025
2 0.03353658536585366
9 0.03048780487804878
6 0.021341463414634148
8 0.01829268292682927
7 0.01829268292682927
0 0.01829268292682927
4 0.01524390243902439
3 0.01524390243902439
1 0.01524390243902439
doc : 30
5 0.8159509202453988
9 0.03067484662576687
3 0.024539877300613498
2 0.024539877300613498
0 0.02147239263803681
8 0.018404907975460124
4 0.018404907975460124
7 0.015337423312883436
6 0.015337423312883436
1 0.015337423312883436
doc : 31
5 0.8140243902439025
9 0.027439024390243903
8 0.027439024390243903
4 0.024390243902439025
2 0.024390243902439025
7 0.021341463414634148
6 0.01524390243902439
3 0.01524390243902439
1 0.01524390243902439
0 0.01524390243902439
doc : 32
5 0.801829268292683
9 0.03048780487804878
2 0.027439024390243903
0 0.027439024390243903
7 0.024390243902439025
6 0.021341463414634148
8 0.01829268292682927
3 0.01829268292682927
4 0.01524390243902439
1 0.01524390243902439
doc : 33
5 0.801829268292683
2 0.042682926829268296
9 0.03048780487804878
8 0.027439024390243903
7 0.01829268292682927
1 0.01829268292682927
6 0.01524390243902439
4 0.01524390243902439
3 0.01524390243902439
0 0.01524390243902439
doc : 34
5 0.7926829268292683
2 0.04573170731707317
8 0.027439024390243903
7 0.024390243902439025
9 0.021341463414634148
0 0.021341463414634148
4 0.01829268292682927
3 0.01829268292682927
6 0.01524390243902439
1 0.01524390243902439
doc : 35
5 0.7987804878048781
4 0.03048780487804878
8 0.024390243902439025
7 0.024390243902439025
2 0.024390243902439025
3 0.021341463414634148
1 0.021341463414634148
0 0.021341463414634148
9 0.01829268292682927
6 0.01524390243902439
doc : 36
5 0.7926829268292683
2 0.03658536585365854
8 0.027439024390243903
7 0.027439024390243903
0 0.024390243902439025
9 0.021341463414634148
4 0.021341463414634148
3 0.01829268292682927
6 0.01524390243902439
1 0.01524390243902439
doc : 37
0 0.8075734157650696
4 0.14064914992272023
3 0.00927357032457496
8 0.008500772797527048
9 0.0061823802163833074
7 0.0061823802163833074
2 0.0061823802163833074
6 0.005409582689335394
5 0.005409582689335394
1 0.00463678516228748
doc : 38
0 0.8114374034003091
4 0.14837712519319937
5 0.0061823802163833074
9 0.005409582689335394
6 0.005409582689335394
2 0.005409582689335394
8 0.00463678516228748
7 0.00463678516228748
3 0.00463678516228748
1 0.0038639876352395673
doc : 39
5 0.7957317073170732
9 0.03658536585365854
2 0.03658536585365854
7 0.021341463414634148
1 0.021341463414634148
0 0.021341463414634148
4 0.01829268292682927
3 0.01829268292682927
8 0.01524390243902439
6 0.01524390243902439
doc : 40
5 0.826219512195122
9 0.027439024390243903
2 0.027439024390243903
3 0.021341463414634148
8 0.01829268292682927
7 0.01829268292682927
6 0.01524390243902439
4 0.01524390243902439
1 0.01524390243902439
0 0.01524390243902439
doc : 41
5 0.8201219512195123
2 0.03353658536585366
9 0.021341463414634148
7 0.021341463414634148
8 0.01829268292682927
6 0.01829268292682927
3 0.01829268292682927
0 0.01829268292682927
4 0.01524390243902439
1 0.01524390243902439
doc : 42
5 0.7926829268292683
2 0.04573170731707317
7 0.024390243902439025
1 0.024390243902439025
0 0.024390243902439025
9 0.021341463414634148
8 0.021341463414634148
6 0.01524390243902439
4 0.01524390243902439
3 0.01524390243902439
doc : 43
5 0.7774390243902439
8 0.039634146341463415
2 0.039634146341463415
0 0.027439024390243903
9 0.024390243902439025
7 0.021341463414634148
3 0.021341463414634148
6 0.01829268292682927
4 0.01524390243902439
1 0.01524390243902439
doc : 44
5 0.7987804878048781
2 0.03048780487804878
9 0.027439024390243903
8 0.027439024390243903
7 0.021341463414634148
4 0.021341463414634148
3 0.021341463414634148
0 0.021341463414634148
6 0.01524390243902439
1 0.01524390243902439
doc : 45
5 0.8079268292682927
2 0.042682926829268296
4 0.027439024390243903
8 0.024390243902439025
9 0.021341463414634148
7 0.01524390243902439
6 0.01524390243902439
3 0.01524390243902439
1 0.01524390243902439
0 0.01524390243902439
doc : 46
5 0.7926829268292683
8 0.039634146341463415
2 0.03353658536585366
9 0.03048780487804878
7 0.01829268292682927
4 0.01829268292682927
3 0.01829268292682927
0 0.01829268292682927
6 0.01524390243902439
1 0.01524390243902439
doc : 47
5 0.7957317073170732
2 0.039634146341463415
8 0.027439024390243903
7 0.027439024390243903
9 0.024390243902439025
6 0.01829268292682927
4 0.01829268292682927
1 0.01829268292682927
3 0.01524390243902439
0 0.01524390243902439
doc : 48
3 0.7649164677804297
9 0.07756563245823389
6 0.05847255369928401
0 0.03341288782816229
8 0.013126491646778043
4 0.013126491646778043
7 0.011933174224343677
2 0.010739856801909309
5 0.008353221957040573
1 0.008353221957040573
doc : 49
0 0.8137557959814529
4 0.14219474497681608
8 0.0077279752704791345
3 0.0077279752704791345
9 0.005409582689335394
6 0.005409582689335394
5 0.005409582689335394
2 0.00463678516228748
7 0.0038639876352395673
1 0.0038639876352395673
