doc : 0
0 0.3442622950819672
4 0.09836065573770492
5 0.0860655737704918
3 0.0819672131147541
7 0.07377049180327869
2 0.07377049180327869
6 0.06967213114754099
8 0.06557377049180328
1 0.06557377049180328
9 0.04098360655737705
doc : 1
6 0.73421926910299
2 0.11627906976744186
4 0.03765227021040975
5 0.02547065337763012
7 0.019933554817275746
0 0.017718715393133997
9 0.01661129568106312
8 0.015503875968992248
3 0.009966777408637873
1 0.006644518272425249
doc : 2
7 0.7354596622889306
4 0.06566604127579738
1 0.054409005628517824
8 0.0300187617260788
5 0.0300187617260788
9 0.0225140712945591
0 0.0225140712945591
3 0.020637898686679174
6 0.009380863039399626
2 0.009380863039399626
doc : 3
5 0.8406961178045516
1 0.03346720214190094
6 0.028112449799196786
4 0.028112449799196786
0 0.014725568942436412
8 0.013386880856760375
9 0.012048192771084336
3 0.012048192771084336
2 0.009370816599732263
7 0.008032128514056224
doc : 4
7 0.4655581947743468
1 0.163895486935867
8 0.08788598574821853
5 0.07600950118764846
6 0.061757719714964375
2 0.040380047505938245
3 0.035629453681710214
4 0.026128266033254157
9 0.023752969121140145
0 0.019002375296912115
doc : 5
0 0.5075757575757576
7 0.10984848484848485
5 0.08333333333333334
6 0.06439393939393939
3 0.04924242424242424
9 0.04166666666666667
8 0.03787878787878788
2 0.03787878787878788
4 0.03409090909090909
1 0.03409090909090909
doc : 6
0 0.7065217391304348
7 0.051630434782608696
1 0.04619565217391304
3 0.043478260869565216
5 0.03260869565217391
6 0.029891304347826088
8 0.02717391304347826
2 0.02717391304347826
4 0.021739130434782608
9 0.01358695652173913
doc : 7
4 0.7773654916512059
6 0.04452690166975881
8 0.0352504638218924
0 0.03339517625231911
1 0.03153988868274583
5 0.020408163265306124
2 0.01855287569573284
9 0.012987012987012988
7 0.012987012987012988
3 0.012987012987012988
doc : 8
6 0.44423076923076926
7 0.26153846153846155
1 0.12307692307692308
5 0.057692307692307696
4 0.05480769230769231
3 0.01826923076923077
8 0.014423076923076924
0 0.014423076923076924
9 0.0057692307692307696
2 0.0057692307692307696
doc : 9
1 0.47388059701492535
7 0.16044776119402984
4 0.12313432835820895
3 0.048507462686567165
0 0.041044776119402986
8 0.03731343283582089
5 0.033582089552238806
2 0.033582089552238806
9 0.026119402985074626
6 0.022388059701492536
doc : 10
2 0.9428347689898199
9 0.01644479248238058
5 0.006264682850430697
3 0.006264682850430697
0 0.006264682850430697
8 0.004698512137823022
7 0.004698512137823022
6 0.004698512137823022
4 0.003915426781519186
1 0.003915426781519186
doc : 11
1 0.5781818181818181
7 0.16
4 0.09090909090909091
3 0.03636363636363636
6 0.025454545454545455
2 0.025454545454545455
9 0.02181818181818182
8 0.02181818181818182
0 0.02181818181818182
5 0.01818181818181818
doc : 12
3 0.2
0 0.14666666666666667
1 0.12000000000000001
9 0.09333333333333334
6 0.09333333333333334
8 0.08
7 0.06666666666666667
5 0.06666666666666667
4 0.06666666666666667
2 0.06666666666666667
doc : 13
0 0.7935103244837758
8 0.032448377581120944
5 0.02654867256637168
2 0.02654867256637168
4 0.02359882005899705
1 0.02359882005899705
9 0.02064896755162242
6 0.02064896755162242
7 0.017699115044247787
3 0.014749262536873156
doc : 14
4 0.8702290076335879
5 0.017811704834605598
9 0.015267175572519085
8 0.015267175572519085
1 0.015267175572519085
0 0.015267175572519085
7 0.012722646310432571
6 0.012722646310432571
3 0.012722646310432571
2 0.012722646310432571
doc : 15
4 0.8543417366946778
7 0.03081232492997199
9 0.01680672268907563
8 0.014005602240896359
6 0.014005602240896359
5 0.014005602240896359
3 0.014005602240896359
2 0.014005602240896359
1 0.014005602240896359
0 0.014005602240896359
doc : 16
1 0.38888888888888884
7 0.16049382716049382
0 0.1111111111111111
4 0.06790123456790123
5 0.06172839506172839
8 0.04938271604938271
2 0.04938271604938271
9 0.037037037037037035
6 0.037037037037037035
3 0.037037037037037035
doc : 17
7 0.5995934959349594
0 0.11178861788617887
6 0.05487804878048781
4 0.052845528455284556
5 0.04878048780487805
1 0.042682926829268296
3 0.03658536585365854
8 0.022357723577235776
2 0.01829268292682927
9 0.012195121951219513
doc : 18
0 0.7978947368421052
3 0.05263157894736842
7 0.02526315789473684
4 0.02526315789473684
9 0.021052631578947368
1 0.01894736842105263
5 0.016842105263157894
8 0.014736842105263158
2 0.014736842105263158
6 0.01263157894736842
doc : 19
7 0.762214983713355
4 0.04560260586319218
1 0.03257328990228013
9 0.02931596091205212
8 0.026058631921824105
5 0.026058631921824105
0 0.02280130293159609
6 0.01954397394136808
2 0.01954397394136808
3 0.016286644951140065
doc : 20
4 0.8702290076335879
9 0.020356234096692113
7 0.017811704834605598
5 0.015267175572519085
8 0.012722646310432571
6 0.012722646310432571
3 0.012722646310432571
2 0.012722646310432571
1 0.012722646310432571
0 0.012722646310432571
doc : 21
4 0.8708010335917313
8 0.015503875968992248
6 0.015503875968992248
5 0.015503875968992248
2 0.015503875968992248
1 0.015503875968992248
9 0.012919896640826874
7 0.012919896640826874
3 0.012919896640826874
0 0.012919896640826874
doc : 22
4 0.8582278481012658
7 0.02278481012658228
8 0.020253164556962026
6 0.01518987341772152
3 0.01518987341772152
2 0.01518987341772152
0 0.01518987341772152
9 0.012658227848101266
5 0.012658227848101266
1 0.012658227848101266
doc : 23
4 0.8589743589743589
8 0.017948717948717947
7 0.017948717948717947
6 0.017948717948717947
9 0.015384615384615385
5 0.015384615384615385
2 0.015384615384615385
0 0.015384615384615385
3 0.01282051282051282
1 0.01282051282051282
doc : 24
4 0.8615384615384616
5 0.020512820512820513
7 0.017948717948717947
9 0.015384615384615385
8 0.015384615384615385
6 0.015384615384615385
2 0.015384615384615385
3 0.01282051282051282
1 0.01282051282051282
0 0.01282051282051282
doc : 25
4 0.8666666666666667
3 0.023076923076923078
9 0.015384615384615385
8 0.015384615384615385
5 0.015384615384615385
7 0.01282051282051282
6 0.01282051282051282
2 0.01282051282051282
1 0.01282051282051282
0 0.01282051282051282
doc : 26
4 0.8527131782945737
8 0.031007751937984496
1 0.018087855297157625
9 0.015503875968992248
7 0.015503875968992248
5 0.015503875968992248
6 0.012919896640826874
3 0.012919896640826874
2 0.012919896640826874
0 0.012919896640826874
doc : 27
9 0.8998505231689089
2 0.028400597907324365
7 0.01046337817638266
5 0.01046337817638266
8 0.008968609865470852
6 0.008968609865470852
4 0.008968609865470852
1 0.008968609865470852
3 0.007473841554559044
0 0.007473841554559044
doc : 28
3 0.2
0 0.13333333333333333
6 0.12000000000000001
1 0.12000000000000001
8 0.08
7 0.08
9 0.06666666666666667
5 0.06666666666666667
4 0.06666666666666667
2 0.06666666666666667
doc : 29
5 0.8485370051635113
6 0.04475043029259897
1 0.0189328743545611
0 0.0189328743545611
7 0.013769363166953529
3 0.012048192771084338
2 0.012048192771084338
9 0.010327022375215147
8 0.010327022375215147
4 0.010327022375215147
doc : 30
8 0.8786828422876949
4 0.03552859618717504
1 0.020797227036395145
7 0.015597920277296359
3 0.012131715771230503
5 0.009532062391681109
0 0.008665511265164644
9 0.0077989601386481795
6 0.006065857885615251
2 0.005199306759098786
doc : 31
3 0.8176943699731903
0 0.02680965147453083
2 0.02412868632707775
8 0.021447721179624665
6 0.021447721179624665
5 0.021447721179624665
9 0.01876675603217158
7 0.0160857908847185
4 0.0160857908847185
1 0.0160857908847185
doc : 32
2 0.6414342629482072
9 0.11155378486055777
3 0.055776892430278883
8 0.03585657370517928
6 0.03585657370517928
4 0.03187250996015936
0 0.027888446215139442
7 0.0199203187250996
5 0.0199203187250996
1 0.0199203187250996
doc : 33
9 0.9181905678537056
2 0.022136669874879694
4 0.01154956689124158
5 0.008662175168431185
3 0.007699711260827719
0 0.007699711260827719
8 0.0067372473532242546
7 0.00577478344562079
6 0.00577478344562079
1 0.00577478344562079
doc : 34
5 0.4085365853658537
6 0.17682926829268295
7 0.07926829268292683
0 0.06097560975609756
2 0.054878048780487805
9 0.04878048780487805
4 0.04878048780487805
8 0.042682926829268296
3 0.042682926829268296
1 0.03658536585365854
doc : 35
8 0.876063183475091
1 0.023086269744835963
3 0.018226002430133656
7 0.015795868772782502
0 0.014580801944106925
6 0.013365735115431347
4 0.010935601458080193
2 0.010935601458080193
9 0.00850546780072904
5 0.00850546780072904
doc : 36
5 0.8459135866736075
6 0.058823529411764705
7 0.02394586153045289
0 0.020822488287350338
3 0.01665799062988027
4 0.008849557522123894
9 0.007808433107756377
8 0.00676730869338886
2 0.006246746486205101
1 0.004164497657470068
doc : 37
1 0.503448275862069
7 0.2206896551724138
4 0.0896551724137931
6 0.03793103448275862
0 0.034482758620689655
3 0.027586206896551724
9 0.02413793103448276
8 0.02413793103448276
5 0.020689655172413793
2 0.017241379310344827
doc : 38
4 0.8727735368956744
9 0.015267175572519085
8 0.015267175572519085
6 0.015267175572519085
3 0.015267175572519085
2 0.015267175572519085
7 0.012722646310432571
5 0.012722646310432571
1 0.012722646310432571
0 0.012722646310432571
doc : 39
6 0.8497316636851521
4 0.025044722719141325
5 0.021466905187835422
8 0.01967799642218247
7 0.01967799642218247
0 0.017889087656529516
3 0.012522361359570662
2 0.012522361359570662
9 0.010733452593917711
1 0.010733452593917711
doc : 40
8 0.8958958958958959
4 0.03203203203203203
7 0.011011011011011011
5 0.011011011011011011
1 0.011011011011011011
3 0.009009009009009009
0 0.009009009009009009
6 0.008008008008008008
9 0.007007007007007007
2 0.006006006006006006
doc : 41
3 0.7015209125475285
6 0.07604562737642585
7 0.04657794676806084
8 0.043726235741444866
1 0.034220532319391636
0 0.028517110266159697
4 0.027566539923954372
5 0.021863117870722433
2 0.012357414448669201
9 0.0076045627376425855
doc : 42
7 0.7726218097447796
4 0.03480278422273782
5 0.03248259860788863
9 0.027842227378190254
8 0.025522041763341066
3 0.025522041763341066
6 0.02088167053364269
1 0.02088167053364269
0 0.02088167053364269
2 0.018561484918793503
doc : 43
7 0.7847826086956522
8 0.052173913043478265
5 0.034782608695652174
6 0.026086956521739132
1 0.02391304347826087
9 0.021739130434782608
2 0.015217391304347827
0 0.015217391304347827
4 0.013043478260869566
3 0.013043478260869566
doc : 44
1 0.7608540925266905
7 0.13950177935943062
8 0.02918149466192171
4 0.02704626334519573
3 0.011387900355871887
6 0.009252669039145909
5 0.009252669039145909
0 0.0056939501779359435
2 0.004270462633451958
9 0.0035587188612099647
doc : 45
4 0.8524173027989822
7 0.03053435114503817
8 0.017811704834605598
5 0.017811704834605598
3 0.015267175572519085
1 0.015267175572519085
9 0.012722646310432571
6 0.012722646310432571
2 0.012722646310432571
0 0.012722646310432571
doc : 46
1 0.8222477064220184
0 0.04931192660550459
3 0.045871559633027525
7 0.028669724770642203
6 0.014908256880733946
4 0.010321100917431193
8 0.009174311926605505
9 0.006880733944954129
5 0.006880733944954129
2 0.005733944954128441
doc : 47
3 0.8306878306878307
0 0.026455026455026454
1 0.023809523809523808
7 0.021164021164021163
2 0.021164021164021163
9 0.015873015873015872
6 0.015873015873015872
5 0.015873015873015872
4 0.015873015873015872
8 0.013227513227513227
doc : 48
0 0.7827380952380952
8 0.041666666666666664
4 0.02976190476190476
3 0.023809523809523808
2 0.023809523809523808
1 0.023809523809523808
5 0.020833333333333332
9 0.017857142857142856
7 0.017857142857142856
6 0.017857142857142856
doc : 49
6 0.586046511627907
5 0.11162790697674418
0 0.09302325581395349
3 0.05116279069767442
1 0.044186046511627906
8 0.03255813953488372
9 0.02558139534883721
7 0.02558139534883721
2 0.01627906976744186
4 0.013953488372093023
