doc : 0
5 0.45348837209302323
4 0.06976744186046512
3 0.06976744186046512
9 0.05813953488372093
8 0.05813953488372093
7 0.05813953488372093
6 0.05813953488372093
2 0.05813953488372093
1 0.05813953488372093
0 0.05813953488372093
doc : 1
5 0.45348837209302323
3 0.06976744186046512
2 0.06976744186046512
9 0.05813953488372093
8 0.05813953488372093
7 0.05813953488372093
6 0.05813953488372093
4 0.05813953488372093
1 0.05813953488372093
0 0.05813953488372093
doc : 2
6 0.5144508670520231
5 0.17726396917148363
8 0.08863198458574181
0 0.055876685934489405
4 0.04431599229287091
3 0.03275529865125241
9 0.025048169556840076
7 0.023121387283236993
2 0.019267822736030827
1 0.019267822736030827
doc : 3
8 0.9116915422885572
6 0.017412935323383085
2 0.014925373134328358
1 0.009950248756218905
4 0.008706467661691543
0 0.008706467661691543
9 0.007462686567164179
7 0.007462686567164179
5 0.007462686567164179
3 0.006218905472636815
doc : 4
8 0.8542713567839196
6 0.08944723618090453
1 0.011055276381909548
7 0.008040201005025126
4 0.008040201005025126
3 0.007035175879396985
5 0.006030150753768845
0 0.006030150753768845
9 0.0050251256281407045
2 0.0050251256281407045
doc : 5
6 0.5737410071942446
8 0.14028776978417268
4 0.07913669064748202
3 0.04496402877697842
5 0.0341726618705036
1 0.0341726618705036
0 0.030575539568345324
7 0.026978417266187053
2 0.025179856115107917
9 0.01079136690647482
doc : 6
5 0.6970711297071129
6 0.15397489539748954
4 0.04769874476987447
0 0.02510460251046025
2 0.0200836820083682
8 0.01506276150627615
3 0.01422594142259414
1 0.012552301255230125
7 0.00920502092050209
9 0.00502092050209205
doc : 7
3 0.6554621848739496
4 0.09523809523809523
6 0.058823529411764705
5 0.056022408963585436
7 0.028011204481792718
2 0.028011204481792718
0 0.025210084033613446
8 0.0196078431372549
1 0.0196078431372549
9 0.014005602240896359
doc : 8
3 0.6475409836065574
4 0.05737704918032787
6 0.05191256830601093
5 0.04918032786885246
2 0.04918032786885246
0 0.04918032786885246
8 0.03278688524590164
7 0.030054644808743168
9 0.01639344262295082
1 0.01639344262295082
doc : 9
9 0.6913378473032921
3 0.16577165538174177
6 0.042260098062106004
4 0.027550782162035957
0 0.020779827223908476
5 0.01984590240485641
2 0.014242353490544011
1 0.00887228578099463
8 0.0060705113238384316
7 0.003268736866682232
doc : 10
0 0.6893203883495146
6 0.06148867313915858
2 0.04854368932038835
1 0.03883495145631068
3 0.03559870550161812
8 0.03236245954692557
5 0.02912621359223301
9 0.025889967637540454
4 0.022653721682847898
7 0.016181229773462785
doc : 11
5 0.43023255813953487
4 0.06976744186046512
3 0.06976744186046512
1 0.06976744186046512
0 0.06976744186046512
9 0.05813953488372093
8 0.05813953488372093
7 0.05813953488372093
6 0.05813953488372093
2 0.05813953488372093
doc : 12
8 0.8965517241379312
6 0.018808777429467086
3 0.015673981191222573
9 0.013584117032392895
0 0.01149425287356322
5 0.009404388714733543
2 0.009404388714733543
7 0.008359456635318705
4 0.008359456635318705
1 0.008359456635318705
doc : 13
8 0.8846153846153846
1 0.021794871794871794
2 0.015384615384615385
5 0.01282051282051282
4 0.01282051282051282
3 0.01282051282051282
6 0.011538461538461539
0 0.011538461538461539
9 0.008974358974358974
7 0.007692307692307693
doc : 14
5 0.43023255813953487
3 0.08139534883720931
4 0.06976744186046512
0 0.06976744186046512
9 0.05813953488372093
8 0.05813953488372093
7 0.05813953488372093
6 0.05813953488372093
2 0.05813953488372093
1 0.05813953488372093
doc : 15
5 0.4418604651162791
3 0.06976744186046512
1 0.06976744186046512
0 0.06976744186046512
9 0.05813953488372093
8 0.05813953488372093
7 0.05813953488372093
6 0.05813953488372093
4 0.05813953488372093
2 0.05813953488372093
doc : 16
1 0.8858501783590962
6 0.049940546967895356
7 0.011890606420927466
8 0.009512485136741973
5 0.008323424494649227
3 0.008323424494649227
4 0.00713436385255648
0 0.00713436385255648
9 0.005945303210463733
2 0.005945303210463733
doc : 17
6 0.7079207920792079
4 0.06188118811881188
8 0.039603960396039604
1 0.039603960396039604
5 0.03217821782178218
3 0.03217821782178218
0 0.0297029702970297
7 0.022277227722772276
2 0.022277227722772276
9 0.012376237623762377
doc : 18
7 0.871345029239766
6 0.01949317738791423
2 0.01949317738791423
5 0.015594541910331383
4 0.015594541910331383
8 0.01364522417153996
1 0.01364522417153996
9 0.011695906432748537
3 0.009746588693957114
0 0.009746588693957114
doc : 19
2 0.5403225806451613
6 0.08870967741935484
7 0.07661290322580645
4 0.06854838709677419
3 0.04838709677419355
0 0.04435483870967742
5 0.04032258064516129
1 0.03629032258064516
8 0.03225806451612903
9 0.024193548387096774
doc : 20
5 0.45348837209302323
3 0.06976744186046512
1 0.06976744186046512
9 0.05813953488372093
8 0.05813953488372093
7 0.05813953488372093
6 0.05813953488372093
4 0.05813953488372093
2 0.05813953488372093
0 0.05813953488372093
doc : 21
2 0.8686006825938567
5 0.025597269624573378
7 0.01877133105802048
6 0.015358361774744027
1 0.015358361774744027
0 0.013651877133105802
8 0.011945392491467578
4 0.011945392491467578
3 0.010238907849829351
9 0.008532423208191127
doc : 22
8 0.8422090729783038
6 0.09763313609467456
4 0.012820512820512822
5 0.008875739644970414
0 0.008875739644970414
1 0.007889546351084813
9 0.00591715976331361
2 0.00591715976331361
7 0.004930966469428008
3 0.004930966469428008
doc : 23
9 0.1
8 0.1
7 0.1
6 0.1
5 0.1
4 0.1
3 0.1
2 0.1
1 0.1
0 0.1
doc : 24
1 0.8966074313408724
6 0.02746365105008078
2 0.012924071082390954
8 0.011308562197092085
7 0.009693053311793216
3 0.009693053311793216
9 0.008077544426494346
5 0.008077544426494346
4 0.008077544426494346
0 0.008077544426494346
doc : 25
1 0.9043624161073825
6 0.020134228187919462
7 0.013422818791946308
8 0.01174496644295302
9 0.008389261744966443
5 0.008389261744966443
4 0.008389261744966443
3 0.008389261744966443
2 0.008389261744966443
0 0.008389261744966443
doc : 26
7 0.8839662447257384
5 0.016877637130801686
4 0.016877637130801686
3 0.014767932489451475
2 0.012658227848101264
1 0.012658227848101264
9 0.010548523206751054
8 0.010548523206751054
6 0.010548523206751054
0 0.010548523206751054
doc : 27
7 0.8952991452991453
4 0.01495726495726496
3 0.012820512820512822
2 0.012820512820512822
9 0.010683760683760684
8 0.010683760683760684
6 0.010683760683760684
5 0.010683760683760684
1 0.010683760683760684
0 0.010683760683760684
doc : 28
6 0.8140845070422535
7 0.02535211267605634
0 0.02535211267605634
8 0.022535211267605635
2 0.022535211267605635
1 0.022535211267605635
5 0.01971830985915493
4 0.016901408450704227
3 0.016901408450704227
9 0.014084507042253521
doc : 29
6 0.7536764705882353
0 0.04779411764705882
8 0.03308823529411765
7 0.03308823529411765
5 0.029411764705882353
2 0.025735294117647058
1 0.022058823529411763
9 0.01838235294117647
4 0.01838235294117647
3 0.01838235294117647
doc : 30
9 0.1
8 0.1
7 0.1
6 0.1
5 0.1
4 0.1
3 0.1
2 0.1
1 0.1
0 0.1
doc : 31
5 0.41860465116279066
0 0.08139534883720931
3 0.06976744186046512
2 0.06976744186046512
1 0.06976744186046512
9 0.05813953488372093
8 0.05813953488372093
7 0.05813953488372093
6 0.05813953488372093
4 0.05813953488372093
doc : 32
0 0.8109517601043025
4 0.07822685788787484
7 0.027379400260756193
5 0.018252933507170794
6 0.01694915254237288
8 0.01303780964797914
2 0.011734028683181226
3 0.010430247718383311
9 0.00651890482398957
1 0.00651890482398957
doc : 33
2 0.8919330289193302
5 0.0167427701674277
4 0.0167427701674277
7 0.0136986301369863
6 0.0136986301369863
0 0.0121765601217656
8 0.0106544901065449
1 0.0091324200913242
9 0.0076103500761035
3 0.0076103500761035
doc : 34
2 0.5816733067729084
6 0.08366533864541832
1 0.06772908366533864
7 0.05976095617529881
5 0.0398406374501992
4 0.0398406374501992
0 0.0398406374501992
8 0.03187250996015936
3 0.03187250996015936
9 0.02390438247011952
doc : 35
2 0.536741214057508
6 0.2108626198083067
7 0.07667731629392971
4 0.03514376996805112
1 0.03514376996805112
0 0.025559105431309903
9 0.022364217252396165
5 0.022364217252396165
3 0.019169329073482427
8 0.01597444089456869
doc : 36
2 0.2129032258064516
1 0.15483870967741936
5 0.10967741935483871
0 0.0967741935483871
3 0.09032258064516129
9 0.08387096774193549
4 0.08387096774193549
7 0.06451612903225806
6 0.06451612903225806
8 0.03870967741935484
doc : 37
5 0.45348837209302323
3 0.08139534883720931
9 0.05813953488372093
8 0.05813953488372093
7 0.05813953488372093
6 0.05813953488372093
4 0.05813953488372093
2 0.05813953488372093
1 0.05813953488372093
0 0.05813953488372093
doc : 38
0 0.5799522673031027
6 0.12410501193317423
4 0.07637231503579953
8 0.06443914081145585
7 0.050119331742243436
5 0.03579952267303103
2 0.021479713603818618
1 0.01909307875894988
3 0.016706443914081145
9 0.011933174224343677
doc : 39
6 0.800711743772242
7 0.03202846975088968
5 0.028469750889679714
0 0.028469750889679714
1 0.021352313167259787
9 0.01779359430604982
8 0.01779359430604982
4 0.01779359430604982
3 0.01779359430604982
2 0.01779359430604982
doc : 40
7 0.8157894736842105
8 0.02631578947368421
4 0.02631578947368421
1 0.02368421052631579
6 0.021052631578947368
5 0.021052631578947368
9 0.018421052631578946
2 0.018421052631578946
0 0.015789473684210527
3 0.013157894736842105
doc : 41
7 0.8972162740899358
6 0.014989293361884369
4 0.01284796573875803
9 0.010706638115631693
8 0.010706638115631693
5 0.010706638115631693
3 0.010706638115631693
2 0.010706638115631693
1 0.010706638115631693
0 0.010706638115631693
doc : 42
5 0.45348837209302323
8 0.06976744186046512
3 0.06976744186046512
9 0.05813953488372093
7 0.05813953488372093
6 0.05813953488372093
4 0.05813953488372093
2 0.05813953488372093
1 0.05813953488372093
0 0.05813953488372093
doc : 43
4 0.28378378378378377
6 0.2567567567567568
8 0.1783783783783784
0 0.0972972972972973
7 0.04054054054054054
3 0.03783783783783784
1 0.03783783783783784
2 0.032432432432432434
5 0.021621621621621623
9 0.013513513513513514
doc : 44
0 0.6069246435845214
6 0.1955193482688391
8 0.04684317718940936
2 0.032586558044806514
4 0.0285132382892057
3 0.024439918533604887
5 0.02240325865580448
7 0.016293279022403257
1 0.01425661914460285
9 0.012219959266802444
doc : 45
7 0.8014184397163121
6 0.04255319148936171
0 0.02695035460992908
3 0.025531914893617023
4 0.019858156028368795
1 0.019858156028368795
5 0.01843971631205674
2 0.01702127659574468
8 0.015602836879432626
9 0.012765957446808512
doc : 46
7 0.8238341968911918
6 0.02590673575129534
1 0.02590673575129534
9 0.02072538860103627
5 0.02072538860103627
3 0.02072538860103627
2 0.02072538860103627
8 0.015544041450777202
4 0.01295336787564767
0 0.01295336787564767
doc : 47
4 0.8566176470588235
6 0.02696078431372549
0 0.02696078431372549
8 0.020833333333333332
3 0.01715686274509804
7 0.015931372549019607
2 0.012254901960784314
1 0.00980392156862745
5 0.007352941176470588
9 0.006127450980392157
doc : 48
6 0.7552870090634441
8 0.04229607250755287
1 0.04229607250755287
7 0.03625377643504532
0 0.03323262839879154
3 0.021148036253776436
2 0.021148036253776436
5 0.01812688821752266
9 0.015105740181268881
4 0.015105740181268881
doc : 49
5 0.41860465116279066
6 0.08139534883720931
4 0.06976744186046512
3 0.06976744186046512
2 0.06976744186046512
9 0.05813953488372093
8 0.05813953488372093
7 0.05813953488372093
1 0.05813953488372093
0 0.05813953488372093
