doc : 0
1 0.5674418604651162
8 0.10232558139534884
9 0.06046511627906977
7 0.05116279069767442
6 0.046511627906976744
0 0.04186046511627907
4 0.037209302325581395
3 0.03255813953488372
2 0.03255813953488372
5 0.027906976744186046
doc : 1
9 0.8157894736842105
2 0.02631578947368421
8 0.023026315789473683
7 0.023026315789473683
5 0.023026315789473683
3 0.019736842105263157
0 0.019736842105263157
6 0.01644736842105263
4 0.01644736842105263
1 0.01644736842105263
doc : 2
9 0.8068535825545171
4 0.03115264797507788
7 0.024922118380062305
3 0.024922118380062305
0 0.024922118380062305
8 0.018691588785046728
2 0.018691588785046728
1 0.018691588785046728
6 0.01557632398753894
5 0.01557632398753894
doc : 3
9 0.822429906542056
0 0.03426791277258567
8 0.018691588785046728
7 0.018691588785046728
5 0.018691588785046728
4 0.018691588785046728
3 0.018691588785046728
1 0.018691588785046728
6 0.01557632398753894
2 0.01557632398753894
doc : 4
9 0.8495821727019499
4 0.022284122562674095
2 0.019498607242339833
1 0.019498607242339833
3 0.016713091922005572
0 0.016713091922005572
8 0.013927576601671309
7 0.013927576601671309
6 0.013927576601671309
5 0.013927576601671309
doc : 5
9 0.8512396694214877
5 0.01928374655647383
4 0.01928374655647383
1 0.01928374655647383
7 0.01652892561983471
2 0.01652892561983471
0 0.01652892561983471
8 0.013774104683195593
6 0.013774104683195593
3 0.013774104683195593
doc : 6
9 0.8539944903581267
1 0.02203856749311295
2 0.01928374655647383
5 0.01652892561983471
3 0.01652892561983471
0 0.01652892561983471
8 0.013774104683195593
7 0.013774104683195593
6 0.013774104683195593
4 0.013774104683195593
doc : 7
9 0.8422535211267607
2 0.02535211267605634
4 0.022535211267605635
3 0.022535211267605635
1 0.016901408450704227
8 0.014084507042253521
7 0.014084507042253521
6 0.014084507042253521
5 0.014084507042253521
0 0.014084507042253521
doc : 8
4 0.8511198945981555
2 0.06587615283267458
5 0.023715415019762848
7 0.010540184453227932
1 0.010540184453227932
6 0.00922266139657444
0 0.00922266139657444
9 0.006587615283267458
8 0.006587615283267458
3 0.006587615283267458
doc : 9
9 0.2696629213483146
7 0.15730337078651685
0 0.11235955056179775
8 0.10112359550561797
5 0.07303370786516854
4 0.07303370786516854
3 0.056179775280898875
2 0.056179775280898875
1 0.056179775280898875
6 0.0449438202247191
doc : 10
9 0.8255451713395638
7 0.021806853582554516
1 0.021806853582554516
0 0.021806853582554516
8 0.018691588785046728
6 0.018691588785046728
5 0.018691588785046728
4 0.018691588785046728
2 0.018691588785046728
3 0.01557632398753894
doc : 11
9 0.8019169329073482
2 0.02875399361022364
6 0.025559105431309903
1 0.025559105431309903
0 0.025559105431309903
4 0.022364217252396165
5 0.019169329073482427
3 0.019169329073482427
8 0.01597444089456869
7 0.01597444089456869
doc : 12
9 0.8563685636856369
1 0.02168021680216802
6 0.018970189701897018
3 0.018970189701897018
0 0.016260162601626015
8 0.013550135501355014
7 0.013550135501355014
5 0.013550135501355014
4 0.013550135501355014
2 0.013550135501355014
doc : 13
4 0.8589951377633711
2 0.02593192868719611
5 0.022690437601296597
9 0.02106969205834684
0 0.01620745542949757
3 0.01458670988654781
1 0.011345218800648298
8 0.00972447325769854
7 0.00972447325769854
6 0.00972447325769854
doc : 14
4 0.8548057259713703
2 0.0245398773006135
5 0.02044989775051125
1 0.018404907975460124
0 0.018404907975460124
7 0.016359918200409
3 0.014314928425357875
6 0.01226993865030675
9 0.010224948875255624
8 0.010224948875255624
doc : 15
4 0.8598484848484849
2 0.02462121212121212
0 0.020833333333333336
6 0.017045454545454544
9 0.015151515151515152
5 0.015151515151515152
3 0.013257575757575758
1 0.013257575757575758
7 0.011363636363636364
8 0.00946969696969697
doc : 16
3 0.8358034321372855
4 0.093603744149766
5 0.037051482059282374
2 0.01326053042121685
6 0.0046801872074883
1 0.0046801872074883
0 0.0031201248049922
9 0.002730109204368175
7 0.002730109204368175
8 0.00234009360374415
doc : 17
5 0.9335984095427435
3 0.02345924453280318
8 0.010337972166998012
4 0.009940357852882704
0 0.004771371769383698
2 0.00437375745526839
9 0.0035785288270377734
7 0.0035785288270377734
6 0.0031809145129224653
1 0.0031809145129224653
doc : 18
3 0.6306966998428497
2 0.2697747511786276
5 0.03352540597171294
4 0.022001047668936617
9 0.013095861707700367
8 0.007333682556312206
1 0.006809848088004191
0 0.006809848088004191
7 0.005238344683080147
6 0.004714510214772132
doc : 19
9 0.3901345291479821
1 0.15695067264573992
8 0.08520179372197309
7 0.08071748878923767
0 0.08071748878923767
6 0.053811659192825115
5 0.04932735426008968
3 0.04035874439461883
4 0.03139013452914798
2 0.03139013452914798
doc : 20
9 0.8455284552845529
4 0.02168021680216802
2 0.02168021680216802
5 0.018970189701897018
1 0.018970189701897018
8 0.016260162601626015
6 0.016260162601626015
7 0.013550135501355014
3 0.013550135501355014
0 0.013550135501355014
doc : 21
1 0.8842315369261476
4 0.017964071856287425
5 0.015968063872255488
9 0.01397205588822355
8 0.011976047904191616
6 0.011976047904191616
3 0.011976047904191616
0 0.011976047904191616
7 0.00998003992015968
2 0.00998003992015968
doc : 22
6 0.861878453038674
4 0.022099447513812154
3 0.01841620626151013
0 0.01841620626151013
9 0.016574585635359115
2 0.016574585635359115
1 0.014732965009208104
8 0.011049723756906077
5 0.011049723756906077
7 0.009208103130755065
doc : 23
6 0.9375513557929334
4 0.01068200493015612
9 0.009038619556285949
5 0.007395234182415776
3 0.007395234182415776
1 0.00657354149548069
0 0.00657354149548069
7 0.005751848808545604
2 0.0049301561216105174
8 0.004108463434675431
doc : 24
6 0.9408866995073891
9 0.008210180623973728
2 0.008210180623973728
4 0.007389162561576354
3 0.007389162561576354
1 0.006568144499178982
8 0.005747126436781609
5 0.005747126436781609
0 0.005747126436781609
7 0.004105090311986864
doc : 25
6 0.9325102880658436
5 0.01316872427983539
2 0.009876543209876543
8 0.00905349794238683
9 0.006584362139917695
4 0.006584362139917695
3 0.005761316872427983
1 0.005761316872427983
0 0.005761316872427983
7 0.0049382716049382715
doc : 26
6 0.8360957642725599
0 0.03314917127071823
4 0.022099447513812154
2 0.022099447513812154
3 0.01841620626151013
1 0.01841620626151013
9 0.016574585635359115
5 0.01289134438305709
8 0.011049723756906077
7 0.009208103130755065
doc : 27
6 0.5517241379310345
4 0.17398119122257052
2 0.09717868338557993
0 0.05172413793103448
5 0.034482758620689655
3 0.028213166144200625
9 0.025078369905956112
7 0.014106583072100312
1 0.012539184952978056
8 0.0109717868338558
doc : 28
9 0.49393414211438474
1 0.14558058925476602
8 0.09878682842287695
7 0.0779896013864818
6 0.062391681109185436
0 0.03466204506065858
4 0.02772963604852686
3 0.024263431542461005
5 0.020797227036395145
2 0.01386481802426343
doc : 29
1 0.48444444444444446
4 0.184
0 0.0968888888888889
3 0.05511111111111111
9 0.04
5 0.04
8 0.03822222222222223
6 0.024
7 0.023111111111111114
2 0.014222222222222223
doc : 30
6 0.9382716049382716
4 0.011522633744855966
9 0.00823045267489712
3 0.00823045267489712
1 0.00823045267489712
7 0.006584362139917695
8 0.005761316872427983
5 0.0049382716049382715
2 0.00411522633744856
0 0.00411522633744856
doc : 31
6 0.944991789819376
4 0.009852216748768473
7 0.008210180623973728
0 0.006568144499178982
9 0.005747126436781609
3 0.005747126436781609
8 0.0049261083743842365
5 0.0049261083743842365
2 0.0049261083743842365
1 0.004105090311986864
doc : 32
6 0.9481481481481482
5 0.007407407407407408
4 0.007407407407407408
1 0.006584362139917695
0 0.006584362139917695
3 0.005761316872427983
9 0.0049382716049382715
8 0.0049382716049382715
7 0.00411522633744856
2 0.00411522633744856
doc : 33
5 0.7342271293375394
3 0.10252365930599369
1 0.05205047318611987
6 0.026025236593059935
4 0.02050473186119874
0 0.01813880126182965
8 0.016561514195583597
2 0.015772870662460567
7 0.00946372239747634
9 0.00473186119873817
doc : 34
8 0.38653846153846155
3 0.3128205128205128
5 0.21666666666666667
4 0.01858974358974359
0 0.01730769230769231
9 0.013461538461538462
7 0.010256410256410256
2 0.010256410256410256
1 0.008974358974358974
6 0.005128205128205128
doc : 35
2 0.8198198198198198
1 0.03153153153153153
3 0.02702702702702703
6 0.02252252252252252
0 0.02252252252252252
9 0.02027027027027027
5 0.015765765765765764
8 0.013513513513513514
7 0.013513513513513514
4 0.013513513513513514
doc : 36
3 0.6712328767123288
4 0.2
5 0.05958904109589041
6 0.017123287671232876
1 0.016438356164383564
0 0.012328767123287671
2 0.008904109589041096
9 0.00684931506849315
8 0.004109589041095891
7 0.003424657534246575
doc : 37
0 0.4055727554179567
1 0.24767801857585142
3 0.0804953560371517
6 0.05572755417956657
5 0.05572755417956657
4 0.04024767801857585
8 0.03715170278637771
2 0.03405572755417957
9 0.021671826625386997
7 0.021671826625386997
doc : 38
1 0.6766743648960739
6 0.13163972286374134
2 0.03926096997690531
0 0.03002309468822171
9 0.027713625866050806
7 0.027713625866050806
8 0.025404157043879907
5 0.013856812933025403
4 0.013856812933025403
3 0.013856812933025403
doc : 39
9 0.7422680412371134
1 0.05670103092783505
7 0.041237113402061855
0 0.03350515463917526
4 0.02577319587628866
8 0.020618556701030927
6 0.020618556701030927
3 0.020618556701030927
2 0.020618556701030927
5 0.01804123711340206
doc : 40
6 0.9344262295081968
4 0.011475409836065573
5 0.009016393442622951
0 0.009016393442622951
3 0.007377049180327869
2 0.007377049180327869
7 0.005737704918032787
1 0.005737704918032787
9 0.0049180327868852455
8 0.0049180327868852455
doc : 41
2 0.8367346938775511
5 0.024943310657596373
3 0.022675736961451247
9 0.020408163265306124
0 0.020408163265306124
8 0.018140589569160998
1 0.018140589569160998
6 0.01360544217687075
4 0.01360544217687075
7 0.011337868480725623
doc : 42
2 0.8167420814479639
6 0.03619909502262444
0 0.027149321266968326
7 0.020361990950226245
5 0.020361990950226245
1 0.020361990950226245
9 0.015837104072398193
4 0.015837104072398193
3 0.015837104072398193
8 0.011312217194570137
doc : 43
2 0.34022556390977443
4 0.3101503759398496
3 0.11842105263157894
0 0.05263157894736842
6 0.043233082706766915
9 0.039473684210526314
5 0.03759398496240601
7 0.022556390977443608
1 0.018796992481203006
8 0.016917293233082706
doc : 44
8 0.5180722891566265
1 0.25301204819277107
9 0.05163511187607573
3 0.04647160068846816
6 0.03098106712564544
2 0.024096385542168676
5 0.022375215146299483
7 0.020654044750430294
0 0.017211703958691912
4 0.01549053356282272
doc : 45
6 0.3843700159489633
4 0.37320574162679426
3 0.07177033492822966
5 0.03508771929824561
2 0.03349282296650718
0 0.03349282296650718
9 0.023923444976076555
1 0.02073365231259968
8 0.014354066985645933
7 0.009569377990430622
doc : 46
1 0.8808933002481389
9 0.01488833746898263
8 0.01488833746898263
4 0.01488833746898263
7 0.012406947890818858
6 0.012406947890818858
5 0.012406947890818858
3 0.012406947890818858
2 0.012406947890818858
0 0.012406947890818858
doc : 47
5 0.7555555555555555
4 0.08444444444444445
9 0.03777777777777778
0 0.035555555555555556
3 0.02
6 0.015555555555555555
7 0.013333333333333332
2 0.013333333333333332
1 0.013333333333333332
8 0.011111111111111112
doc : 48
1 0.8841463414634148
9 0.016260162601626018
6 0.016260162601626018
8 0.014227642276422765
2 0.014227642276422765
3 0.012195121951219513
0 0.012195121951219513
7 0.010162601626016262
5 0.010162601626016262
4 0.010162601626016262
doc : 49
3 0.8361493123772101
4 0.10687622789783889
5 0.02318271119842829
2 0.009037328094302554
6 0.005893909626719057
9 0.004715127701375246
0 0.004322200392927308
8 0.003536345776031434
1 0.003536345776031434
7 0.0027504911591355596
doc : 50
0 0.8834586466165413
4 0.020050125313283207
3 0.018796992481203006
8 0.017543859649122806
5 0.015037593984962405
9 0.010025062656641603
6 0.010025062656641603
7 0.008771929824561403
1 0.008771929824561403
2 0.007518796992481203
doc : 51
6 0.9334975369458127
1 0.011494252873563218
2 0.010673234811165845
5 0.008210180623973728
4 0.007389162561576354
3 0.007389162561576354
8 0.006568144499178982
0 0.005747126436781609
9 0.0049261083743842365
7 0.004105090311986864
doc : 52
8 0.3333333333333333
5 0.2440944881889764
6 0.14960629921259844
3 0.06824146981627296
4 0.05249343832020997
9 0.04199475065616798
1 0.03674540682414698
0 0.031496062992125984
7 0.023622047244094488
2 0.01837270341207349
doc : 53
3 0.4684854186265287
5 0.20978363123236124
2 0.08372530573847602
6 0.05926622765757291
1 0.04985888993414864
9 0.03951081843838194
4 0.031044214487300097
8 0.02539981185324553
0 0.017873941674506115
7 0.015051740357478834
doc : 54
1 0.17605633802816903
8 0.13380281690140847
7 0.1267605633802817
9 0.11267605633802817
2 0.09154929577464789
3 0.07746478873239437
0 0.07746478873239437
5 0.07042253521126761
4 0.07042253521126761
6 0.06338028169014084
doc : 55
2 0.8291571753986332
5 0.03189066059225512
1 0.02733485193621868
9 0.02277904328018223
4 0.02050113895216401
0 0.01594533029612756
7 0.01366742596810934
6 0.01366742596810934
3 0.01366742596810934
8 0.011389521640091115
doc : 56
7 0.5034246575342466
9 0.24315068493150682
1 0.04794520547945205
4 0.04452054794520548
5 0.030821917808219176
3 0.030821917808219176
8 0.0273972602739726
0 0.0273972602739726
2 0.023972602739726026
6 0.02054794520547945
doc : 57
5 0.789980732177264
3 0.05009633911368015
4 0.036608863198458574
9 0.028901734104046242
0 0.023121387283236993
2 0.02119460500963391
7 0.017341040462427744
6 0.01348747591522158
8 0.009633911368015413
1 0.009633911368015413
doc : 58
5 0.8208092485549133
3 0.038535645472061654
9 0.02697495183044316
4 0.02697495183044316
0 0.019267822736030827
7 0.017341040462427744
2 0.015414258188824663
8 0.011560693641618497
6 0.011560693641618497
1 0.011560693641618497
doc : 59
5 0.7986577181208053
4 0.04474272930648769
9 0.03131991051454139
3 0.024608501118568233
2 0.024608501118568233
0 0.022371364653243846
1 0.015659955257270694
7 0.013422818791946308
6 0.013422818791946308
8 0.011185682326621923
doc : 60
5 0.7884615384615385
9 0.047008547008547015
3 0.03632478632478633
0 0.02991452991452992
4 0.023504273504273508
2 0.019230769230769232
1 0.017094017094017096
8 0.012820512820512822
7 0.012820512820512822
6 0.012820512820512822
doc : 61
5 0.7953586497890295
4 0.04641350210970464
3 0.044303797468354424
9 0.02953586497890295
2 0.016877637130801686
7 0.014767932489451475
6 0.014767932489451475
0 0.014767932489451475
1 0.012658227848101264
8 0.010548523206751054
doc : 62
6 0.9384236453201971
9 0.009852216748768473
3 0.009852216748768473
1 0.009852216748768473
5 0.006568144499178982
4 0.005747126436781609
8 0.0049261083743842365
7 0.0049261083743842365
2 0.0049261083743842365
0 0.0049261083743842365
doc : 63
0 0.424390243902439
8 0.2
9 0.0975609756097561
4 0.06341463414634146
2 0.04390243902439024
1 0.04390243902439024
6 0.03902439024390244
3 0.03414634146341464
7 0.029268292682926828
5 0.024390243902439025
doc : 64
0 0.43414634146341463
8 0.1902439024390244
9 0.12195121951219512
4 0.06341463414634146
5 0.04390243902439024
3 0.03414634146341464
6 0.029268292682926828
2 0.029268292682926828
1 0.029268292682926828
7 0.024390243902439025
doc : 65
0 0.3506944444444444
1 0.20833333333333331
8 0.17708333333333331
9 0.06944444444444445
7 0.048611111111111105
5 0.034722222222222224
4 0.03125
6 0.027777777777777776
2 0.027777777777777776
3 0.024305555555555552
doc : 66
7 0.46840148698884754
9 0.22676579925650556
1 0.06319702602230483
8 0.04460966542750929
2 0.04460966542750929
3 0.040892193308550186
6 0.02973977695167286
4 0.02973977695167286
0 0.02973977695167286
5 0.022304832713754646
doc : 67
0 0.9031847133757961
8 0.012738853503184712
2 0.012738853503184712
6 0.011464968152866241
5 0.011464968152866241
3 0.011464968152866241
7 0.01019108280254777
4 0.01019108280254777
9 0.008917197452229299
1 0.007643312101910828
doc : 68
0 0.8635778635778636
5 0.02059202059202059
3 0.02059202059202059
9 0.019305019305019305
2 0.019305019305019305
4 0.015444015444015444
7 0.01287001287001287
8 0.010296010296010296
1 0.010296010296010296
6 0.007722007722007722
doc : 69
0 0.8710493046776233
3 0.02149178255372946
8 0.020227560050568902
5 0.016434892541087234
9 0.01390644753476612
4 0.01390644753476612
7 0.012642225031605564
2 0.012642225031605564
6 0.008849557522123894
1 0.008849557522123894
doc : 70
2 0.8260869565217391
9 0.034324942791762014
4 0.02517162471395881
0 0.020594965675057208
7 0.018306636155606407
3 0.018306636155606407
6 0.016018306636155607
5 0.016018306636155607
1 0.013729977116704806
8 0.011441647597254004
doc : 71
2 0.8551724137931034
6 0.020689655172413793
1 0.020689655172413793
9 0.01839080459770115
4 0.01839080459770115
8 0.013793103448275862
5 0.013793103448275862
3 0.013793103448275862
0 0.013793103448275862
7 0.011494252873563218
doc : 72
4 0.5226377952755905
2 0.34744094488188976
1 0.033464566929133854
3 0.03248031496062992
5 0.018700787401574805
6 0.013779527559055118
8 0.00984251968503937
9 0.007874015748031496
7 0.006889763779527559
0 0.006889763779527559
doc : 73
1 0.8758169934640523
9 0.05228758169934641
5 0.00980392156862745
4 0.00980392156862745
3 0.00980392156862745
0 0.00980392156862745
8 0.008169934640522876
7 0.008169934640522876
6 0.008169934640522876
2 0.008169934640522876
doc : 74
4 0.6938502673796791
1 0.05614973262032085
6 0.05213903743315508
5 0.049465240641711226
3 0.044117647058823525
0 0.0320855614973262
9 0.022727272727272724
7 0.01871657754010695
2 0.017379679144385027
8 0.013368983957219251
doc : 75
0 0.8906455862977603
5 0.022397891963109356
2 0.014492753623188406
3 0.013175230566534916
9 0.011857707509881424
7 0.011857707509881424
8 0.00922266139657444
6 0.00922266139657444
4 0.00922266139657444
1 0.007905138339920948
doc : 76
0 0.8935064935064935
5 0.016883116883116882
3 0.016883116883116882
6 0.014285714285714285
4 0.014285714285714285
7 0.01038961038961039
2 0.01038961038961039
1 0.00909090909090909
9 0.007792207792207792
8 0.006493506493506494
doc : 77
8 0.7406451612903225
9 0.07483870967741936
0 0.03870967741935484
7 0.02967741935483871
1 0.027096774193548386
3 0.025806451612903226
2 0.02193548387096774
5 0.01806451612903226
6 0.01161290322580645
4 0.01161290322580645
doc : 78
7 0.4934036939313984
5 0.1517150395778364
3 0.10422163588390501
0 0.08311345646437994
2 0.07783641160949868
4 0.027704485488126648
8 0.021108179419525065
9 0.019788918205804747
6 0.013192612137203165
1 0.0079155672823219
doc : 79
6 0.6260296540362438
4 0.11532125205930807
2 0.07413509060955518
0 0.04942339373970346
3 0.04612850082372323
9 0.0214168039538715
1 0.0214168039538715
5 0.019769357495881386
7 0.014827018121911038
8 0.011532125205930808
doc : 80
2 0.8337078651685395
4 0.029213483146067417
9 0.02696629213483146
1 0.022471910112359553
5 0.020224719101123598
3 0.017977528089887642
7 0.015730337078651686
8 0.011235955056179777
6 0.011235955056179777
0 0.011235955056179777
doc : 81
2 0.8139013452914798
9 0.03587443946188341
6 0.03139013452914798
4 0.026905829596412557
3 0.020179372197309416
0 0.017937219730941704
5 0.01569506726457399
1 0.01569506726457399
8 0.011210762331838564
7 0.011210762331838564
doc : 82
7 0.7385204081632653
9 0.06377551020408163
0 0.047193877551020405
8 0.04464285714285714
5 0.03443877551020408
3 0.019132653061224487
1 0.015306122448979591
4 0.014030612244897957
6 0.012755102040816325
2 0.01020408163265306
doc : 83
2 0.8574712643678161
5 0.022988505747126436
1 0.022988505747126436
9 0.016091954022988506
4 0.016091954022988506
3 0.016091954022988506
0 0.013793103448275862
8 0.011494252873563218
7 0.011494252873563218
6 0.011494252873563218
doc : 84
2 0.8520971302428256
1 0.024282560706401765
5 0.019867549668874173
6 0.017660044150110375
3 0.017660044150110375
9 0.015452538631346577
4 0.015452538631346577
7 0.013245033112582781
0 0.013245033112582781
8 0.011037527593818985
doc : 85
2 0.8416289592760182
0 0.0248868778280543
9 0.022624434389140274
5 0.020361990950226245
7 0.01809954751131222
3 0.01809954751131222
1 0.015837104072398193
6 0.013574660633484163
4 0.013574660633484163
8 0.011312217194570137
doc : 86
2 0.8424657534246575
5 0.0273972602739726
3 0.0228310502283105
9 0.0182648401826484
4 0.0182648401826484
1 0.0182648401826484
6 0.01598173515981735
8 0.0136986301369863
7 0.01141552511415525
0 0.01141552511415525
doc : 87
7 0.581039755351682
4 0.12844036697247707
3 0.06422018348623854
9 0.045871559633027525
2 0.03669724770642202
0 0.03669724770642202
1 0.03363914373088685
6 0.027522935779816515
5 0.024464831804281346
8 0.021406727828746176
doc : 88
8 0.3359580052493438
5 0.2152230971128609
6 0.1443569553805774
3 0.11286089238845144
4 0.05774278215223097
0 0.03674540682414698
9 0.03412073490813648
1 0.026246719160104987
7 0.02099737532808399
2 0.015748031496062992
doc : 89
8 0.5762124711316398
5 0.20554272517321015
3 0.08198614318706697
4 0.026558891454965358
0 0.025404157043879907
6 0.023094688221709007
9 0.018475750577367205
7 0.015011547344110854
1 0.015011547344110854
2 0.012702078521939953
doc : 90
3 0.7927083333333333
4 0.12552083333333333
5 0.040625
2 0.0109375
1 0.0078125
0 0.005729166666666666
9 0.005208333333333333
6 0.0046875
7 0.0036458333333333334
8 0.003125
doc : 91
5 0.7947019867549668
3 0.04415011037527594
0 0.03532008830022075
4 0.033112582781456956
2 0.02207505518763797
9 0.019867549668874173
6 0.015452538631346577
7 0.013245033112582781
8 0.011037527593818985
1 0.011037527593818985
doc : 92
7 0.47126436781609193
9 0.1235632183908046
1 0.11781609195402298
8 0.07471264367816091
0 0.04597701149425287
4 0.04310344827586207
3 0.037356321839080456
6 0.034482758620689655
2 0.031609195402298854
5 0.020114942528735632
doc : 93
8 0.8674854557207499
9 0.03878474466709761
7 0.023917259211376857
6 0.019392372333548805
0 0.014221073044602456
2 0.009049773755656108
5 0.008403361344537815
1 0.007110536522301228
4 0.006464124111182934
3 0.005171299288946348
doc : 94
4 0.565130260521042
6 0.2885771543086172
0 0.03907815631262525
2 0.029058116232464928
3 0.028056112224448895
5 0.019038076152304607
1 0.009018036072144287
9 0.008016032064128256
8 0.008016032064128256
7 0.0060120240480961915
doc : 95
7 0.5964912280701754
4 0.0847953216374269
3 0.07894736842105263
2 0.05847953216374269
0 0.05263157894736842
6 0.04093567251461988
8 0.029239766081871343
9 0.02046783625730994
5 0.02046783625730994
1 0.017543859649122806
doc : 96
7 0.40540540540540543
5 0.12681912681912683
0 0.11226611226611227
3 0.10810810810810811
2 0.08316008316008316
4 0.06444906444906445
9 0.029106029106029108
8 0.02702702702702703
6 0.02702702702702703
1 0.016632016632016633
doc : 97
1 0.5148986889153754
7 0.4183551847437425
5 0.011918951132300357
4 0.009535160905840286
9 0.00834326579261025
8 0.00834326579261025
2 0.00834326579261025
6 0.007151370679380214
3 0.007151370679380214
0 0.0059594755661501785
doc : 98
8 0.5590452261306533
5 0.17839195979899497
3 0.08919597989949749
4 0.06155778894472362
6 0.032663316582914576
0 0.02512562814070352
2 0.020100502512562814
9 0.013819095477386936
7 0.011306532663316583
1 0.008793969849246231
doc : 99
7 0.6321243523316062
9 0.06994818652849741
1 0.05699481865284974
0 0.054404145077720206
4 0.044041450777202076
2 0.03367875647668394
8 0.031088082901554404
5 0.02849740932642487
3 0.02590673575129534
6 0.023316062176165803
