doc : 0
2 0.34146341463414637
4 0.22764227642276424
7 0.0894308943089431
1 0.06504065040650407
9 0.04878048780487805
8 0.04878048780487805
5 0.04878048780487805
3 0.04878048780487805
6 0.04065040650406505
0 0.04065040650406505
doc : 1
7 0.7084337349397591
2 0.12289156626506025
4 0.026506024096385545
5 0.024096385542168676
1 0.024096385542168676
6 0.02168674698795181
9 0.01927710843373494
8 0.01927710843373494
3 0.016867469879518072
0 0.016867469879518072
doc : 2
7 0.375
2 0.3641304347826087
5 0.043478260869565216
4 0.03804347826086957
0 0.03804347826086957
8 0.03260869565217391
9 0.02717391304347826
6 0.02717391304347826
3 0.02717391304347826
1 0.02717391304347826
doc : 3
7 0.4520123839009288
8 0.2863777089783282
9 0.08204334365325078
2 0.04643962848297214
1 0.04489164086687307
5 0.027863777089783284
0 0.018575851393188854
4 0.015479876160990714
3 0.015479876160990714
6 0.010835913312693499
doc : 4
1 0.40576923076923077
7 0.19230769230769232
9 0.09230769230769231
2 0.08653846153846154
8 0.07307692307692308
4 0.06346153846153846
5 0.04038461538461539
0 0.023076923076923078
6 0.011538461538461539
3 0.011538461538461539
doc : 5
4 0.5902140672782875
9 0.0856269113149847
7 0.07339449541284404
1 0.0581039755351682
2 0.045871559633027525
0 0.045871559633027525
8 0.039755351681957186
3 0.024464831804281346
6 0.01834862385321101
5 0.01834862385321101
doc : 6
4 0.5587188612099644
8 0.0889679715302491
0 0.07295373665480427
7 0.07028469750889679
5 0.051601423487544484
9 0.046263345195729534
2 0.04448398576512455
1 0.04359430604982206
3 0.01690391459074733
6 0.006227758007117438
doc : 7
2 0.8465829846582984
7 0.07391910739191074
9 0.01394700139470014
5 0.012552301255230125
4 0.009762900976290097
1 0.009762900976290097
0 0.009762900976290097
8 0.008368200836820083
6 0.008368200836820083
3 0.00697350069735007
doc : 8
4 0.14035087719298245
2 0.14035087719298245
5 0.10526315789473684
9 0.08771929824561403
8 0.08771929824561403
7 0.08771929824561403
6 0.08771929824561403
3 0.08771929824561403
1 0.08771929824561403
0 0.08771929824561403
doc : 9
7 0.8613053613053613
2 0.07692307692307693
8 0.01282051282051282
4 0.009324009324009324
9 0.008158508158508158
6 0.006993006993006993
0 0.006993006993006993
5 0.005827505827505828
3 0.005827505827505828
1 0.005827505827505828
doc : 10
7 0.6552462526766596
2 0.20342612419700215
4 0.023554603854389723
8 0.021413276231263385
9 0.019271948608137045
5 0.017130620985010708
1 0.017130620985010708
3 0.014989293361884369
0 0.014989293361884369
6 0.01284796573875803
doc : 11
2 0.24545454545454545
4 0.20909090909090908
7 0.10909090909090909
0 0.10909090909090909
5 0.07272727272727272
8 0.05454545454545454
3 0.05454545454545454
1 0.05454545454545454
9 0.045454545454545456
6 0.045454545454545456
doc : 12
7 0.8232271325796506
2 0.09198355601233299
1 0.04162384378211716
8 0.010277492291880781
9 0.007708119218910586
5 0.006680369989722508
6 0.005652620760534429
3 0.0051387461459403904
4 0.0041109969167523125
0 0.0035971223021582736
doc : 13
8 0.5847750865051903
7 0.19261822376009227
4 0.051903114186851215
1 0.050749711649365634
0 0.04498269896193772
2 0.02191464821222607
6 0.020761245674740483
9 0.012687427912341408
5 0.012687427912341408
3 0.006920415224913495
doc : 14
1 0.49337748344370863
9 0.10596026490066225
2 0.08609271523178808
8 0.06622516556291391
3 0.06622516556291391
7 0.056291390728476824
0 0.039735099337748346
4 0.03642384105960265
5 0.026490066225165563
6 0.023178807947019868
doc : 15
1 0.5702891326021934
5 0.09571286141575273
3 0.08673978065802591
2 0.0797607178464606
4 0.05483549351944167
0 0.031904287138584245
9 0.030907278165503486
7 0.024925224327018942
6 0.01994017946161515
8 0.004985044865403788
doc : 16
7 0.5514705882352942
1 0.08088235294117647
8 0.058823529411764705
4 0.058823529411764705
2 0.058823529411764705
5 0.044117647058823525
9 0.03676470588235294
6 0.03676470588235294
3 0.03676470588235294
0 0.03676470588235294
doc : 17
7 0.5163398692810458
8 0.09150326797385622
1 0.0784313725490196
4 0.06535947712418301
5 0.05228758169934641
6 0.04575163398692811
2 0.04575163398692811
0 0.0392156862745098
9 0.032679738562091505
3 0.032679738562091505
doc : 18
2 0.8403614457831325
7 0.07981927710843374
8 0.015060240963855422
9 0.010542168674698796
5 0.010542168674698796
3 0.010542168674698796
6 0.009036144578313254
1 0.009036144578313254
4 0.007530120481927711
0 0.007530120481927711
doc : 19
2 0.8211805555555555
7 0.08159722222222222
5 0.017361111111111112
1 0.015625
6 0.013888888888888888
9 0.012152777777777776
8 0.010416666666666666
0 0.010416666666666666
4 0.008680555555555556
3 0.008680555555555556
doc : 20
4 0.4110429447852761
5 0.15337423312883436
1 0.10429447852760737
7 0.08895705521472393
0 0.06441717791411043
8 0.05521472392638037
2 0.052147239263803685
6 0.03067484662576687
9 0.024539877300613498
3 0.015337423312883436
doc : 21
6 0.7279029462738301
8 0.04332755632582322
4 0.04159445407279029
3 0.03466204506065858
1 0.031195840554592718
9 0.02946273830155979
5 0.02772963604852686
0 0.02772963604852686
7 0.019064124783362217
2 0.01733102253032929
doc : 22
2 0.2601010101010101
9 0.1830808080808081
1 0.17550505050505052
8 0.12247474747474749
7 0.08712121212121213
5 0.07828282828282829
4 0.025252525252525256
3 0.02398989898989899
0 0.02398989898989899
6 0.020202020202020204
doc : 23
8 0.5648679678530425
7 0.29621125143513205
1 0.03903559127439724
5 0.025258323765786454
0 0.018369690011481057
4 0.014925373134328358
2 0.012629161882893227
9 0.011481056257175661
6 0.009184845005740528
3 0.008036739380022962
doc : 24
3 0.8963943404837973
5 0.020994979461433135
7 0.019625741670470105
2 0.015061615700593336
8 0.009584664536741214
9 0.009128251939753538
1 0.009128251939753538
0 0.008215426745778184
4 0.006389776357827476
6 0.005476951163852122
doc : 25
3 0.9180922757905651
7 0.01918092275790565
2 0.012960082944530845
5 0.011404872991187143
1 0.009849663037843442
9 0.00829445308449974
8 0.005702436495593571
6 0.005702436495593571
4 0.004665629860031105
0 0.00414722654224987
doc : 26
4 0.21025641025641026
1 0.18974358974358974
0 0.1641025641025641
2 0.11282051282051282
6 0.07179487179487179
8 0.05641025641025641
5 0.05641025641025641
9 0.05128205128205128
7 0.046153846153846156
3 0.041025641025641026
doc : 27
7 0.7310704960835509
4 0.06788511749347259
1 0.0391644908616188
9 0.033942558746736295
5 0.02610966057441253
2 0.02349869451697128
8 0.020887728459530026
0 0.020887728459530026
6 0.018276762402088774
3 0.018276762402088774
doc : 28
1 0.7701863354037266
7 0.040372670807453416
5 0.03105590062111801
4 0.02795031055900621
0 0.02795031055900621
8 0.024844720496894408
6 0.021739130434782608
2 0.021739130434782608
3 0.018633540372670808
9 0.015527950310559004
doc : 29
1 0.24489795918367346
7 0.16326530612244897
4 0.14285714285714285
0 0.09183673469387754
9 0.08163265306122448
8 0.07142857142857142
6 0.0510204081632653
5 0.0510204081632653
3 0.0510204081632653
2 0.0510204081632653
doc : 30
8 0.5070821529745043
9 0.09915014164305949
2 0.0963172804532578
7 0.0906515580736544
0 0.06515580736543909
1 0.0368271954674221
6 0.0311614730878187
4 0.0311614730878187
3 0.0226628895184136
5 0.019830028328611898
doc : 31
5 0.769774011299435
3 0.052259887005649715
2 0.043785310734463276
9 0.031073446327683614
1 0.02824858757062147
7 0.0211864406779661
4 0.018361581920903956
8 0.012711864406779662
0 0.012711864406779662
6 0.009887005649717513
doc : 32
7 0.5495867768595042
1 0.1683884297520661
5 0.06921487603305786
9 0.06198347107438017
4 0.05165289256198347
3 0.026859504132231406
2 0.025826446280991736
0 0.01756198347107438
8 0.01652892561983471
6 0.012396694214876033
doc : 33
9 0.8180039138943248
8 0.03131115459882583
7 0.029354207436399216
2 0.025440313111545987
0 0.021526418786692758
5 0.015655577299412915
4 0.015655577299412915
1 0.015655577299412915
6 0.0136986301369863
3 0.0136986301369863
doc : 34
9 0.7599999999999999
2 0.04470588235294117
7 0.03529411764705882
8 0.030588235294117645
1 0.030588235294117645
5 0.025882352941176467
0 0.023529411764705882
4 0.021176470588235293
6 0.014117647058823528
3 0.014117647058823528
doc : 35
9 0.6955684007707129
5 0.08285163776493257
1 0.038535645472061654
2 0.03275529865125241
8 0.030828516377649325
4 0.030828516377649325
6 0.02697495183044316
0 0.023121387283236993
7 0.02119460500963391
3 0.017341040462427744
doc : 36
4 0.7041742286751361
2 0.0617059891107078
7 0.04174228675136116
1 0.04174228675136116
0 0.03629764065335753
5 0.032667876588021776
9 0.02722323049001815
3 0.021778584392014518
6 0.018148820326678763
8 0.014519056261343012
doc : 37
6 0.9074410163339383
0 0.018148820326678763
1 0.016333938294010888
5 0.013157894736842105
4 0.012704174228675136
9 0.010889292196007259
8 0.009528130671506351
7 0.004537205081669691
2 0.004083484573502722
3 0.003176043557168784
doc : 38
0 0.5633074935400517
9 0.20671834625323
8 0.041343669250646
4 0.041343669250646
7 0.031007751937984496
1 0.031007751937984496
5 0.028423772609819122
2 0.023255813953488372
6 0.020671834625323
3 0.012919896640826874
doc : 39
5 0.8579175704989154
3 0.03579175704989154
2 0.020607375271149676
7 0.016268980477223426
9 0.015184381778741866
4 0.015184381778741866
8 0.01193058568329718
0 0.010845986984815618
6 0.008676789587852495
1 0.007592190889370933
doc : 40
5 0.2987012987012987
0 0.1774891774891775
4 0.13852813852813853
3 0.07792207792207792
8 0.0735930735930736
2 0.0735930735930736
1 0.06493506493506493
9 0.03896103896103896
6 0.030303030303030304
7 0.025974025974025976
doc : 41
3 0.28413284132841327
5 0.2177121771217712
4 0.11808118081180811
8 0.08856088560885608
9 0.07749077490774907
0 0.06642066420664207
2 0.05166051660516605
7 0.033210332103321034
1 0.033210332103321034
6 0.02952029520295203
doc : 42
8 0.5376344086021505
7 0.17849462365591398
1 0.1010752688172043
6 0.05591397849462366
4 0.034408602150537634
0 0.02795698924731183
5 0.01935483870967742
9 0.017204301075268817
3 0.015053763440860214
2 0.012903225806451613
doc : 43
0 0.5541666666666667
4 0.1875
5 0.05416666666666667
8 0.041666666666666664
9 0.03333333333333333
2 0.03333333333333333
7 0.029166666666666667
6 0.025
3 0.020833333333333332
1 0.020833333333333332
doc : 44
9 0.6388261851015801
8 0.07223476297968397
5 0.06094808126410835
7 0.040632054176072234
1 0.03837471783295711
6 0.03386004514672686
2 0.03160270880361173
4 0.02934537246049661
3 0.02708803611738149
0 0.02708803611738149
doc : 45
9 0.6941896024464832
4 0.06116207951070336
7 0.04892966360856269
3 0.04281345565749235
5 0.03363914373088685
8 0.027522935779816515
0 0.027522935779816515
2 0.024464831804281346
6 0.021406727828746176
1 0.01834862385321101
doc : 46
4 0.5283018867924528
9 0.07547169811320754
5 0.06415094339622641
8 0.06037735849056604
7 0.06037735849056604
1 0.06037735849056604
2 0.05660377358490566
0 0.03773584905660377
6 0.033962264150943396
3 0.022641509433962266
doc : 47
2 0.8569424964936886
1 0.033660589060308554
7 0.03225806451612903
9 0.015427769985974754
5 0.014025245441795231
0 0.011220196353436185
8 0.009817671809256662
4 0.009817671809256662
3 0.009817671809256662
6 0.0070126227208976155
doc : 48
0 0.4746008708272859
4 0.33962264150943394
9 0.0420899854862119
2 0.03193033381712627
5 0.02902757619738752
7 0.02177068214804064
8 0.015965166908563134
3 0.015965166908563134
1 0.015965166908563134
6 0.013062409288824383
doc : 49
8 0.7467700258397933
0 0.06589147286821706
4 0.0516795865633075
9 0.04005167958656331
1 0.020671834625323
6 0.018087855297157625
5 0.016795865633074936
2 0.015503875968992248
3 0.012919896640826874
7 0.011627906976744186
