doc : 0
2 0.6916565900846433
8 0.08948004836759371
6 0.06408706166868199
4 0.054413542926239414
3 0.03869407496977025
5 0.015719467956469165
1 0.014510278113663844
9 0.010882708585247883
7 0.010882708585247883
0 0.009673518742442563
doc : 1
8 0.7392739273927392
6 0.0836083608360836
4 0.045104510451045104
2 0.0429042904290429
3 0.0374037403740374
7 0.015401540154015401
5 0.013201320132013201
9 0.009900990099009901
1 0.007700770077007701
0 0.0055005500550055
doc : 2
8 0.5828220858895706
5 0.1983640081799591
2 0.07566462167689163
3 0.030674846625766874
6 0.02862985685071575
4 0.02862985685071575
9 0.02044989775051125
7 0.01226993865030675
0 0.01226993865030675
1 0.010224948875255624
doc : 3
8 0.7045454545454546
2 0.0696969696969697
4 0.05
6 0.048484848484848485
3 0.04393939393939394
7 0.02727272727272727
9 0.021212121212121213
5 0.015151515151515152
0 0.010606060606060607
1 0.00909090909090909
doc : 4
2 0.957174638487208
8 0.014460511679644048
3 0.007508342602892102
6 0.006117908787541713
5 0.003337041156840934
4 0.0030589543937708566
9 0.002224694104560623
7 0.002224694104560623
1 0.002224694104560623
0 0.001668520578420467
doc : 5
4 0.9326923076923077
8 0.015734265734265736
6 0.01048951048951049
3 0.007867132867132868
9 0.006118881118881119
7 0.006118881118881119
5 0.006118881118881119
2 0.006118881118881119
1 0.004370629370629371
0 0.004370629370629371
doc : 6
3 0.32285714285714284
8 0.18285714285714286
2 0.1657142857142857
6 0.07714285714285714
9 0.06571428571428571
7 0.054285714285714284
4 0.04285714285714286
1 0.037142857142857144
0 0.03428571428571429
5 0.017142857142857144
doc : 7
9 0.9512619669277632
7 0.0060922541340295904
4 0.0060922541340295904
2 0.0060922541340295904
6 0.005221932114882507
5 0.005221932114882507
3 0.005221932114882507
1 0.005221932114882507
0 0.005221932114882507
8 0.004351610095735422
doc : 8
9 0.943303204601479
0 0.008216926869350862
7 0.007395234182415776
4 0.007395234182415776
6 0.00657354149548069
2 0.00657354149548069
8 0.005751848808545604
1 0.005751848808545604
3 0.0049301561216105174
5 0.004108463434675431
doc : 9
6 0.474437627811861
2 0.10224948875255625
7 0.09611451942740287
8 0.08997955010224949
4 0.08282208588957056
3 0.081799591002045
5 0.02044989775051125
9 0.019427402862985686
1 0.017382413087934562
0 0.015337423312883437
doc : 10
2 0.5318559556786704
6 0.12465373961218837
0 0.06925207756232687
8 0.06371191135734072
1 0.04709141274238227
4 0.04155124653739612
3 0.036011080332409975
7 0.0332409972299169
5 0.0332409972299169
9 0.019390581717451522
doc : 11
8 0.41620421753607106
4 0.29966703662597116
6 0.09877913429522753
2 0.05993340732519423
3 0.051054384017758046
5 0.032186459489456164
7 0.01220865704772475
1 0.011098779134295227
9 0.009988901220865706
0 0.008879023307436182
doc : 12
5 0.9056179775280899
4 0.025842696629213485
3 0.012359550561797755
6 0.011235955056179777
8 0.010112359550561799
1 0.010112359550561799
2 0.007865168539325843
9 0.005617977528089888
7 0.005617977528089888
0 0.005617977528089888
doc : 13
5 0.8981380065717415
1 0.024096385542168676
4 0.01642935377875137
3 0.013143483023001095
9 0.012048192771084338
8 0.00985761226725082
7 0.0065717415115005475
6 0.0065717415115005475
2 0.0065717415115005475
0 0.0065717415115005475
doc : 14
5 0.892638036809816
4 0.03885480572597137
1 0.022494887525562373
3 0.009202453987730062
8 0.0071574642126789375
6 0.0071574642126789375
9 0.006134969325153375
7 0.006134969325153375
2 0.005112474437627812
0 0.005112474437627812
doc : 15
9 0.9407665505226481
0 0.010452961672473868
4 0.009581881533101045
7 0.0078397212543554
6 0.006097560975609756
5 0.006097560975609756
1 0.006097560975609756
8 0.004355400696864111
3 0.004355400696864111
2 0.004355400696864111
doc : 16
9 0.9449300699300699
8 0.007867132867132868
7 0.006993006993006993
0 0.006993006993006993
4 0.006118881118881119
3 0.006118881118881119
2 0.006118881118881119
6 0.005244755244755245
5 0.005244755244755245
1 0.004370629370629371
doc : 17
5 0.8803526448362721
4 0.05037783375314861
3 0.011335012594458438
1 0.010075566750629723
8 0.008816120906801008
6 0.008816120906801008
2 0.008816120906801008
9 0.007556675062972292
0 0.007556675062972292
7 0.006297229219143576
doc : 18
5 0.906832298136646
4 0.027950310559006212
1 0.011387163561076606
9 0.009316770186335404
8 0.009316770186335404
6 0.009316770186335404
2 0.008281573498964804
7 0.006211180124223603
3 0.006211180124223603
0 0.005175983436853002
doc : 19
6 0.937046004842615
9 0.008878127522195318
4 0.008878127522195318
2 0.008878127522195318
8 0.008071025020177562
3 0.008071025020177562
5 0.005649717514124294
1 0.005649717514124294
7 0.004842615012106538
0 0.004035512510088781
doc : 20
6 0.9161585365853658
4 0.012195121951219513
5 0.010670731707317074
3 0.010670731707317074
9 0.009146341463414635
2 0.009146341463414635
1 0.009146341463414635
8 0.007621951219512195
7 0.007621951219512195
0 0.007621951219512195
doc : 21
6 0.9458572600492208
3 0.009844134536505332
2 0.007383100902379
1 0.007383100902379
4 0.006562756357670222
8 0.004922067268252666
5 0.004922067268252666
0 0.004922067268252666
9 0.004101722723543888
7 0.004101722723543888
doc : 22
1 0.8461142563046835
2 0.08131755018013383
5 0.027792074112197637
4 0.00977869274318065
6 0.007205352547606794
3 0.007205352547606794
0 0.005661348430262481
9 0.00514668039114771
8 0.00514668039114771
7 0.004632012352032939
doc : 23
3 0.8151898734177215
8 0.03291139240506329
5 0.02531645569620253
6 0.02278481012658228
4 0.020253164556962026
1 0.020253164556962026
7 0.017721518987341773
2 0.017721518987341773
9 0.01518987341772152
0 0.012658227848101266
doc : 24
4 0.9315499606608969
6 0.014948859166011016
3 0.012588512981904013
8 0.007867820613690008
5 0.007081038552321007
9 0.006294256490952006
7 0.006294256490952006
2 0.0055074744295830055
1 0.003933910306845004
0 0.003933910306845004
doc : 25
5 0.9167556029882604
4 0.0192102454642476
2 0.010672358591248666
9 0.0096051227321238
8 0.008537886872998933
6 0.008537886872998933
3 0.008537886872998933
1 0.0064034151547492
0 0.0064034151547492
7 0.005336179295624333
doc : 26
2 0.8102564102564103
3 0.046153846153846156
6 0.041025641025641026
4 0.02358974358974359
8 0.020512820512820513
1 0.01641025641025641
5 0.015384615384615385
7 0.013333333333333332
9 0.0071794871794871795
0 0.006153846153846154
doc : 27
4 0.6695652173913044
9 0.09130434782608696
3 0.05507246376811594
6 0.050724637681159424
2 0.034782608695652174
7 0.028985507246376812
1 0.021739130434782608
0 0.017391304347826087
5 0.015942028985507246
8 0.014492753623188406
doc : 28
2 0.8741935483870967
6 0.025806451612903226
4 0.020967741935483872
3 0.016129032258064516
8 0.014516129032258065
5 0.012903225806451613
7 0.00967741935483871
0 0.00967741935483871
9 0.008064516129032258
1 0.008064516129032258
doc : 29
4 0.7576530612244897
5 0.07397959183673469
3 0.04081632653061224
1 0.038265306122448974
7 0.017857142857142856
8 0.015306122448979591
2 0.015306122448979591
0 0.015306122448979591
9 0.012755102040816325
6 0.012755102040816325
doc : 30
4 0.7855297157622739
5 0.05943152454780362
1 0.031007751937984496
3 0.023255813953488372
2 0.020671834625323
8 0.018087855297157625
7 0.018087855297157625
6 0.015503875968992248
0 0.015503875968992248
9 0.012919896640826874
doc : 31
4 0.7241379310344828
5 0.11936339522546419
8 0.02652519893899204
6 0.02652519893899204
7 0.023872679045092837
1 0.01856763925729443
9 0.015915119363395226
3 0.015915119363395226
0 0.015915119363395226
2 0.01326259946949602
doc : 32
4 0.7551546391752577
5 0.11082474226804123
8 0.02577319587628866
9 0.020618556701030927
7 0.01804123711340206
1 0.01804123711340206
6 0.01288659793814433
3 0.01288659793814433
2 0.01288659793814433
0 0.01288659793814433
doc : 33
6 0.94344069128044
1 0.008641005498821682
5 0.007855459544383346
4 0.007855459544383346
3 0.007069913589945012
8 0.006284367635506678
2 0.006284367635506678
0 0.004713275726630008
9 0.003927729772191673
7 0.003927729772191673
doc : 34
1 0.6621004566210045
9 0.0730593607305936
4 0.0410958904109589
6 0.0395738203957382
5 0.0380517503805175
8 0.0334855403348554
0 0.0319634703196347
2 0.030441400304414
3 0.0289193302891933
7 0.0213089802130898
doc : 35
3 0.947900466562986
2 0.008553654743390357
0 0.008553654743390357
6 0.006998444790046656
9 0.006220839813374806
8 0.004665629860031105
5 0.004665629860031105
4 0.004665629860031105
7 0.0038880248833592533
1 0.0038880248833592533
doc : 36
3 0.942457231726283
2 0.01166407465007776
0 0.008553654743390357
8 0.006998444790046656
1 0.006998444790046656
6 0.006220839813374806
9 0.005443234836702955
7 0.0038880248833592533
5 0.0038880248833592533
4 0.0038880248833592533
doc : 37
4 0.8719068413391557
3 0.027656477438136828
8 0.023289665211062592
1 0.01601164483260553
7 0.014556040756914121
5 0.011644832605531296
9 0.010189228529839884
6 0.008733624454148471
0 0.008733624454148471
2 0.0072780203784570605
doc : 38
0 0.8467289719626169
6 0.028037383177570093
8 0.020560747663551402
3 0.01869158878504673
1 0.01869158878504673
2 0.016822429906542057
9 0.013084112149532711
7 0.013084112149532711
4 0.013084112149532711
5 0.011214953271028038
doc : 39
8 0.5236541598694943
3 0.19738988580750408
2 0.0701468189233279
5 0.048939641109298535
6 0.04404567699836868
4 0.03915171288743883
1 0.03425774877650897
7 0.016313213703099513
9 0.01468189233278956
0 0.011419249592169658
doc : 40
8 0.78330658105939
2 0.0593900481540931
4 0.028892455858747994
1 0.024077046548956663
5 0.02086677367576244
9 0.019261637239165328
6 0.019261637239165328
7 0.016051364365971106
3 0.016051364365971106
0 0.012841091492776886
doc : 41
8 0.6926315789473684
2 0.06526315789473684
5 0.06315789473684211
3 0.05473684210526315
6 0.035789473684210524
4 0.027368421052631577
1 0.021052631578947368
9 0.016842105263157894
7 0.01263157894736842
0 0.010526315789473684
doc : 42
4 0.8439450686641699
3 0.03495630461922597
9 0.0299625468164794
6 0.02871410736579276
8 0.01373283395755306
2 0.01373283395755306
1 0.011235955056179775
0 0.008739076154806492
7 0.00749063670411985
5 0.00749063670411985
doc : 43
2 0.8953488372093024
4 0.014950166112956811
3 0.013289036544850499
1 0.013289036544850499
8 0.011627906976744186
7 0.011627906976744186
6 0.011627906976744186
9 0.009966777408637873
5 0.009966777408637873
0 0.008305647840531562
doc : 44
0 0.9292848581701958
5 0.03276068717538953
2 0.006392329204954055
9 0.005593288054334798
6 0.0051937674790251695
8 0.004794246903715541
4 0.004794246903715541
1 0.0043947263284059125
3 0.003995205753096284
7 0.002796644027167399
doc : 45
8 0.5827186512118019
7 0.32771338250790305
0 0.022128556375131715
4 0.014752370916754477
6 0.0136986301369863
5 0.009483667017913592
3 0.008429926238145416
1 0.008429926238145416
9 0.006322444678609061
2 0.006322444678609061
doc : 46
1 0.4253731343283582
3 0.08955223880597014
9 0.07462686567164178
8 0.07462686567164178
6 0.07462686567164178
4 0.06716417910447761
7 0.05223880597014925
2 0.05223880597014925
0 0.05223880597014925
5 0.03731343283582089
doc : 47
1 0.3805970149253731
6 0.11940298507462686
3 0.11940298507462686
8 0.08955223880597014
9 0.06716417910447761
0 0.05970149253731343
7 0.04477611940298507
4 0.04477611940298507
5 0.03731343283582089
2 0.03731343283582089
doc : 48
8 0.7303754266211604
4 0.06313993174061433
2 0.052901023890784986
6 0.04948805460750853
3 0.025597269624573378
7 0.02218430034129693
5 0.02218430034129693
9 0.011945392491467578
0 0.011945392491467578
1 0.010238907849829351
doc : 49
7 0.6480793060718711
0 0.1127633209417596
5 0.055762081784386616
9 0.03717472118959108
8 0.030978934324659233
4 0.030978934324659233
6 0.024783147459727387
3 0.024783147459727387
1 0.01982651796778191
2 0.01486988847583643
doc : 50
4 0.7496389022628791
3 0.05777563793933558
8 0.051035146846413096
5 0.036109773712084736
2 0.036109773712084736
6 0.028406355320173327
1 0.017332691381800675
7 0.01636976408281175
9 0.004814636494944632
0 0.002407318247472316
doc : 51
8 0.8330229671011794
1 0.03910614525139665
4 0.03600248292985723
6 0.032898820608317815
2 0.01893234016139044
3 0.01675977653631285
9 0.010862818125387958
5 0.006828057107386716
0 0.0031036623215394167
7 0.002482929857231533
doc : 52
8 0.65
6 0.2372549019607843
2 0.032352941176470584
1 0.0196078431372549
3 0.016666666666666666
9 0.010784313725490196
7 0.008823529411764706
5 0.008823529411764706
4 0.00784313725490196
0 0.00784313725490196
doc : 53
8 0.6647073856376182
7 0.2716585739841554
0 0.028366981855353947
4 0.01047789419882443
3 0.006900076667518528
6 0.004855609506772297
9 0.004600051111679018
1 0.0033222591362126247
2 0.0028111423460260667
5 0.002300025555839509
doc : 54
8 0.89146110056926
0 0.039468690702087285
7 0.028462998102466792
6 0.007969639468690701
4 0.007969639468690701
5 0.00683111954459203
3 0.0060721062618595825
9 0.004933586337760911
2 0.004554079696394687
1 0.0022770398481973433
doc : 55
6 0.9503849443969206
2 0.01710863986313088
8 0.01639577986883376
3 0.0037068719703450244
0 0.0027088679783290564
9 0.0022811519817507843
1 0.0022811519817507843
5 0.0019960079840319364
4 0.0019960079840319364
7 0.0011405759908753922
doc : 56
5 0.3740053050397878
1 0.14588859416445624
6 0.11140583554376657
8 0.10875331564986737
4 0.06896551724137931
3 0.05039787798408488
2 0.04509283819628647
9 0.03713527851458886
7 0.034482758620689655
0 0.023872679045092837
doc : 57
5 0.3912483912483912
1 0.23037323037323038
8 0.12097812097812097
4 0.05791505791505791
2 0.04633204633204633
7 0.04504504504504504
6 0.036036036036036036
3 0.036036036036036036
0 0.028314028314028312
9 0.007722007722007722
doc : 58
3 0.828042328042328
4 0.031746031746031744
8 0.021164021164021163
6 0.021164021164021163
7 0.018518518518518517
5 0.018518518518518517
0 0.018518518518518517
9 0.015873015873015872
2 0.013227513227513227
1 0.013227513227513227
doc : 59
6 0.5010706638115632
8 0.20556745182012848
4 0.1081370449678801
5 0.062098501070663815
3 0.050321199143468956
0 0.019271948608137045
1 0.018201284796573878
2 0.016059957173447537
9 0.010706638115631693
7 0.008565310492505354
doc : 60
4 0.9018691588785046
8 0.014018691588785047
2 0.014018691588785047
3 0.012461059190031152
9 0.010903426791277258
6 0.010903426791277258
1 0.010903426791277258
7 0.009345794392523364
5 0.00778816199376947
0 0.00778816199376947
doc : 61
2 0.9726151068311767
6 0.004814926271441469
1 0.004513993379476377
8 0.0036111947035811017
0 0.0036111947035811017
3 0.0033102618116160097
4 0.0024074631357207344
9 0.0018055973517905508
7 0.0018055973517905508
5 0.0015046644598254591
doc : 62
4 0.8902900378310215
8 0.025220680958385876
6 0.01639344262295082
5 0.012610340479192938
1 0.012610340479192938
9 0.011349306431273645
3 0.01008827238335435
7 0.008827238335435056
2 0.006305170239596469
0 0.006305170239596469
doc : 63
5 0.968282901932191
2 0.006926722566532993
7 0.005468465184104994
8 0.004374772147283996
6 0.003645643456069996
0 0.002916514764855997
3 0.0025519504192489974
1 0.002187386073641998
9 0.001822821728034998
4 0.001822821728034998
doc : 64
5 0.970470288005833
7 0.004739336492890995
0 0.004010207801676996
2 0.003645643456069996
8 0.0032810791104629965
6 0.0032810791104629965
4 0.002916514764855997
3 0.002916514764855997
1 0.002916514764855997
9 0.001822821728034998
doc : 65
9 0.966013396179608
6 0.0069461672041677
1 0.0069461672041677
4 0.006201935003721161
8 0.002976928801786157
5 0.0027288514016373107
3 0.0024807740014884646
0 0.0024807740014884646
2 0.0019846192011907715
7 0.0012403870007442323
doc : 66
8 0.4093959731543624
1 0.30201342281879195
3 0.07046979865771812
4 0.060402684563758385
9 0.03355704697986577
6 0.030201342281879193
5 0.026845637583892617
2 0.026845637583892617
7 0.020134228187919462
0 0.020134228187919462
doc : 67
1 0.9229857819905214
9 0.011848341232227489
6 0.01066350710900474
3 0.01066350710900474
4 0.009478672985781991
2 0.008293838862559242
8 0.007109004739336493
7 0.007109004739336493
5 0.0059241706161137445
0 0.0059241706161137445
doc : 68
1 0.9218573046432617
9 0.013590033975084938
2 0.011325028312570783
4 0.009060022650056626
7 0.007927519818799548
6 0.007927519818799548
5 0.007927519818799548
3 0.007927519818799548
8 0.006795016987542469
0 0.005662514156285391
doc : 69
3 0.9077669902912621
0 0.020631067961165046
9 0.010922330097087377
2 0.010922330097087377
1 0.010922330097087377
6 0.009708737864077669
8 0.00849514563106796
5 0.007281553398058252
4 0.007281553398058252
7 0.006067961165048543
doc : 70
1 0.4483065953654189
8 0.2745098039215686
7 0.071301247771836
5 0.0552584670231729
6 0.04723707664884135
4 0.035650623885918
2 0.02762923351158645
3 0.02049910873440285
9 0.01158645276292335
0 0.00802139037433155
doc : 71
3 0.6909871244635193
7 0.07124463519313304
4 0.06695278969957082
1 0.03261802575107296
8 0.030901287553648068
5 0.030042918454935622
6 0.02317596566523605
2 0.022317596566523604
0 0.022317596566523604
9 0.00944206008583691
doc : 72
1 0.9208472686733556
9 0.013377926421404682
8 0.011148272017837236
6 0.010033444816053512
3 0.010033444816053512
7 0.008918617614269788
0 0.007803790412486064
2 0.006688963210702341
5 0.005574136008918618
4 0.005574136008918618
doc : 73
3 0.8010752688172044
4 0.040322580645161296
8 0.03225806451612903
5 0.021505376344086023
0 0.021505376344086023
9 0.01881720430107527
7 0.01881720430107527
6 0.016129032258064516
1 0.016129032258064516
2 0.013440860215053765
doc : 74
2 0.7842438638163103
6 0.08273950910530482
1 0.042359461599366585
8 0.029691211401425176
4 0.01979414093428345
9 0.011084718923198733
5 0.010688836104513063
0 0.007125890736342042
3 0.006334125098970704
7 0.0059382422802850355
doc : 75
7 0.9795893499055627
4 0.005361603606896972
6 0.0031682203131663924
5 0.0027417291171632245
1 0.002254310607445318
8 0.0016450374702979345
3 0.0016450374702979345
0 0.0016450374702979345
2 0.0010357643331505514
9 9.139097057210748E-4
doc : 76
4 0.7931844888366627
8 0.07873090481786134
1 0.038777908343125736
6 0.024676850763807285
9 0.014101057579318448
3 0.014101057579318448
5 0.011750881316098707
0 0.009400705052878966
2 0.008225616921269096
7 0.007050528789659224
doc : 77
3 0.6856230031948882
8 0.1597444089456869
7 0.06070287539936103
4 0.03514376996805112
1 0.017252396166134186
6 0.014696485623003195
2 0.009584664536741214
5 0.008306709265175719
9 0.005750798722044728
0 0.003194888178913738
doc : 78
3 0.8211764705882352
4 0.039999999999999994
6 0.028235294117647056
8 0.023529411764705882
9 0.016470588235294115
2 0.016470588235294115
1 0.016470588235294115
7 0.014117647058823528
5 0.011764705882352941
0 0.011764705882352941
doc : 79
1 0.5587044534412956
6 0.0728744939271255
2 0.0728744939271255
5 0.05668016194331984
0 0.05668016194331984
8 0.05263157894736842
9 0.04453441295546559
3 0.03643724696356275
7 0.024291497975708502
4 0.024291497975708502
doc : 80
2 0.8985294117647059
3 0.016176470588235292
8 0.014705882352941176
7 0.013235294117647059
4 0.011764705882352941
9 0.010294117647058823
6 0.010294117647058823
5 0.010294117647058823
1 0.007352941176470588
0 0.007352941176470588
doc : 81
0 0.9541910331384015
6 0.005847953216374269
3 0.005847953216374269
9 0.004873294346978557
8 0.004873294346978557
7 0.004873294346978557
5 0.004873294346978557
4 0.004873294346978557
2 0.004873294346978557
1 0.004873294346978557
doc : 82
1 0.9539427773900907
4 0.007676203768318213
9 0.006978367062107466
6 0.0062805303558967195
2 0.005582693649685973
5 0.004884856943475227
0 0.00418702023726448
8 0.003489183531053733
7 0.003489183531053733
3 0.003489183531053733
doc : 83
4 0.9151599443671766
1 0.015299026425591097
0 0.012517385257301807
7 0.011126564673157162
8 0.009735744089012517
5 0.008344923504867872
9 0.006954102920723226
6 0.006954102920723226
3 0.006954102920723226
2 0.006954102920723226
doc : 84
7 0.31627906976744186
3 0.22325581395348837
4 0.07441860465116279
8 0.06511627906976744
0 0.06511627906976744
2 0.06046511627906977
9 0.05581395348837209
6 0.046511627906976744
5 0.046511627906976744
1 0.046511627906976744
doc : 85
0 0.9551656920077972
3 0.005847953216374269
9 0.004873294346978557
8 0.004873294346978557
7 0.004873294346978557
6 0.004873294346978557
5 0.004873294346978557
4 0.004873294346978557
2 0.004873294346978557
1 0.004873294346978557
doc : 86
1 0.9539427773900907
4 0.007676203768318213
9 0.005582693649685973
8 0.005582693649685973
5 0.005582693649685973
6 0.004884856943475227
3 0.004884856943475227
2 0.00418702023726448
0 0.00418702023726448
7 0.003489183531053733
doc : 87
4 0.9252717391304348
2 0.012228260869565216
9 0.009510869565217392
8 0.009510869565217392
1 0.008152173913043478
0 0.008152173913043478
7 0.006793478260869565
6 0.006793478260869565
5 0.006793478260869565
3 0.006793478260869565
doc : 88
3 0.9066753078418665
7 0.027219701879455604
4 0.02138690861957226
2 0.009721322099805575
6 0.007128969539857421
8 0.0064808813998703824
5 0.0064808813998703824
1 0.0064808813998703824
9 0.005184705119896306
0 0.0032404406999351912
doc : 89
3 0.8485045513654096
7 0.044863459037711315
8 0.024057217165149546
9 0.018205461638491547
5 0.013003901170351106
4 0.011053315994798439
1 0.011053315994798439
0 0.010403120936280884
2 0.00975292587776333
6 0.009102730819245773
doc : 90
4 0.6222222222222222
8 0.07936507936507936
6 0.07936507936507936
2 0.05714285714285714
3 0.0380952380952381
1 0.03492063492063492
0 0.031746031746031744
5 0.025396825396825397
9 0.015873015873015872
7 0.015873015873015872
doc : 91
0 0.9520137103684662
8 0.006855184233076264
3 0.005998286203941731
2 0.005998286203941731
9 0.0051413881748071984
6 0.0051413881748071984
5 0.0051413881748071984
1 0.0051413881748071984
7 0.004284490145672665
4 0.004284490145672665
doc : 92
4 0.8948019801980198
8 0.01485148514851485
3 0.01485148514851485
9 0.013613861386138614
2 0.013613861386138614
5 0.011138613861386138
6 0.009900990099009901
1 0.009900990099009901
0 0.009900990099009901
7 0.007425742574257425
doc : 93
4 0.8193456614509247
6 0.044096728307254626
8 0.034139402560455195
3 0.02275960170697013
2 0.021337126600284497
1 0.015647226173541962
5 0.01422475106685633
9 0.011379800853485065
7 0.00995732574679943
0 0.007112375533428165
doc : 94
2 0.5900900900900901
8 0.21171171171171171
6 0.04279279279279279
1 0.03153153153153153
3 0.02702702702702703
0 0.024774774774774775
9 0.02027027027027027
7 0.018018018018018018
4 0.018018018018018018
5 0.015765765765765764
doc : 95
8 0.7913669064748202
0 0.06699640287769784
6 0.046762589928057555
2 0.025179856115107917
3 0.02158273381294964
1 0.015737410071942445
4 0.014838129496402879
9 0.006744604316546763
7 0.006744604316546763
5 0.0040467625899280575
doc : 96
3 0.8337975858867224
7 0.04921077065923862
8 0.027855153203342618
4 0.02135561745589601
5 0.019498607242339833
1 0.018570102135561747
6 0.009285051067780874
2 0.008356545961002786
9 0.0064995357474466105
0 0.005571030640668524
doc : 97
3 0.8524590163934426
7 0.05311475409836065
8 0.020327868852459016
6 0.017704918032786884
1 0.017049180327868854
4 0.01377049180327869
5 0.009180327868852459
2 0.006557377049180328
0 0.005245901639344262
9 0.0045901639344262295
doc : 98
1 0.8297872340425532
8 0.031914893617021274
4 0.030585106382978722
2 0.026595744680851064
6 0.02127659574468085
9 0.015957446808510637
3 0.014627659574468085
7 0.010638297872340425
5 0.009308510638297872
0 0.009308510638297872
doc : 99
0 0.6144578313253012
1 0.06224899598393574
9 0.056224899598393566
8 0.05421686746987951
3 0.048192771084337345
4 0.04417670682730923
7 0.040160642570281124
5 0.028112449799196783
2 0.028112449799196783
6 0.024096385542168672
