doc : 0
2 0.721627408993576
9 0.062098501070663815
1 0.062098501070663815
5 0.029978586723768737
6 0.0278372591006424
0 0.0278372591006424
3 0.019271948608137045
8 0.017130620985010708
4 0.017130620985010708
7 0.014989293361884369
doc : 1
5 0.8248407643312102
8 0.025477707006369428
2 0.025477707006369428
6 0.019108280254777073
4 0.019108280254777073
3 0.019108280254777073
1 0.019108280254777073
9 0.01592356687898089
7 0.01592356687898089
0 0.01592356687898089
doc : 2
5 0.7514792899408284
0 0.03254437869822485
8 0.029585798816568046
1 0.029585798816568046
9 0.026627218934911243
7 0.026627218934911243
6 0.026627218934911243
4 0.026627218934911243
3 0.026627218934911243
2 0.023668639053254437
doc : 3
5 0.8135048231511254
6 0.03215434083601286
9 0.022508038585209004
2 0.022508038585209004
8 0.01929260450160772
7 0.01929260450160772
1 0.01929260450160772
0 0.01929260450160772
4 0.01607717041800643
3 0.01607717041800643
doc : 4
0 0.8990120746432492
9 0.019758507135016465
1 0.015367727771679473
5 0.012074643249176729
3 0.010976948408342482
7 0.009879253567508232
4 0.009879253567508232
2 0.008781558726673985
8 0.007683863885839737
6 0.006586169045005488
doc : 5
0 0.8815489749430524
2 0.01594533029612756
7 0.01366742596810934
5 0.01366742596810934
4 0.01366742596810934
3 0.01366742596810934
1 0.01366742596810934
9 0.011389521640091115
8 0.011389521640091115
6 0.011389521640091115
doc : 6
0 0.8883928571428571
7 0.015625
3 0.015625
2 0.013392857142857142
9 0.011160714285714284
8 0.011160714285714284
6 0.011160714285714284
5 0.011160714285714284
4 0.011160714285714284
1 0.011160714285714284
doc : 7
3 0.7463556851311953
4 0.05597667638483965
7 0.053061224489795916
2 0.04956268221574344
0 0.029737609329446062
1 0.02857142857142857
5 0.014577259475218658
9 0.011661807580174927
8 0.0058309037900874635
6 0.004664723032069971
doc : 8
8 0.9206349206349206
9 0.008818342151675485
7 0.008818342151675485
6 0.008818342151675485
5 0.008818342151675485
4 0.008818342151675485
3 0.008818342151675485
2 0.008818342151675485
1 0.008818342151675485
0 0.008818342151675485
doc : 9
5 0.2820512820512821
0 0.17948717948717952
8 0.13675213675213677
4 0.09401709401709403
6 0.06837606837606838
9 0.05128205128205129
3 0.05128205128205129
2 0.05128205128205129
7 0.042735042735042736
1 0.042735042735042736
doc : 10
0 0.8888888888888888
5 0.016203703703703703
2 0.013888888888888888
9 0.011574074074074073
8 0.011574074074074073
7 0.011574074074074073
6 0.011574074074074073
4 0.011574074074074073
3 0.011574074074074073
1 0.011574074074074073
doc : 11
0 0.8807339449541285
1 0.01834862385321101
9 0.013761467889908258
7 0.013761467889908258
5 0.013761467889908258
4 0.013761467889908258
8 0.011467889908256881
6 0.011467889908256881
3 0.011467889908256881
2 0.011467889908256881
doc : 12
0 0.8876146788990826
6 0.013761467889908258
5 0.013761467889908258
4 0.013761467889908258
3 0.013761467889908258
9 0.011467889908256881
8 0.011467889908256881
7 0.011467889908256881
2 0.011467889908256881
1 0.011467889908256881
doc : 13
0 0.8816705336426913
5 0.016241299303944315
7 0.013921113689095127
6 0.013921113689095127
4 0.013921113689095127
1 0.013921113689095127
9 0.01160092807424594
8 0.01160092807424594
3 0.01160092807424594
2 0.01160092807424594
doc : 14
0 0.8761467889908258
1 0.01834862385321101
5 0.016055045871559634
4 0.016055045871559634
9 0.013761467889908258
7 0.013761467889908258
8 0.011467889908256881
6 0.011467889908256881
3 0.011467889908256881
2 0.011467889908256881
doc : 15
0 0.8830275229357799
3 0.01834862385321101
7 0.016055045871559634
5 0.013761467889908258
9 0.011467889908256881
8 0.011467889908256881
6 0.011467889908256881
4 0.011467889908256881
2 0.011467889908256881
1 0.011467889908256881
doc : 16
0 0.8824884792626728
7 0.016129032258064516
6 0.013824884792626727
3 0.013824884792626727
2 0.013824884792626727
1 0.013824884792626727
9 0.01152073732718894
8 0.01152073732718894
5 0.01152073732718894
4 0.01152073732718894
doc : 17
0 0.8778280542986426
9 0.015837104072398193
7 0.015837104072398193
6 0.015837104072398193
5 0.015837104072398193
4 0.013574660633484163
8 0.011312217194570137
3 0.011312217194570137
2 0.011312217194570137
1 0.011312217194570137
doc : 18
0 0.8830275229357799
1 0.01834862385321101
5 0.016055045871559634
7 0.013761467889908258
9 0.011467889908256881
8 0.011467889908256881
6 0.011467889908256881
4 0.011467889908256881
3 0.011467889908256881
2 0.011467889908256881
doc : 19
7 0.2967032967032967
5 0.13186813186813187
2 0.1208791208791209
4 0.07692307692307693
8 0.06593406593406594
6 0.06593406593406594
3 0.06593406593406594
0 0.06593406593406594
9 0.05494505494505495
1 0.05494505494505495
doc : 20
0 0.8876146788990826
6 0.016055045871559634
7 0.013761467889908258
4 0.013761467889908258
9 0.011467889908256881
8 0.011467889908256881
5 0.011467889908256881
3 0.011467889908256881
2 0.011467889908256881
1 0.011467889908256881
doc : 21
0 0.8847926267281105
2 0.016129032258064516
1 0.016129032258064516
5 0.013824884792626727
9 0.01152073732718894
8 0.01152073732718894
7 0.01152073732718894
6 0.01152073732718894
4 0.01152073732718894
3 0.01152073732718894
doc : 22
0 0.8787185354691076
1 0.020594965675057208
7 0.016018306636155607
3 0.016018306636155607
9 0.011441647597254004
8 0.011441647597254004
6 0.011441647597254004
5 0.011441647597254004
4 0.011441647597254004
2 0.011441647597254004
doc : 23
4 0.33766233766233766
8 0.09090909090909091
7 0.07792207792207792
6 0.07792207792207792
5 0.07792207792207792
0 0.07792207792207792
9 0.06493506493506494
3 0.06493506493506494
2 0.06493506493506494
1 0.06493506493506494
doc : 24
4 0.3333333333333333
8 0.08695652173913043
9 0.07246376811594203
7 0.07246376811594203
6 0.07246376811594203
5 0.07246376811594203
3 0.07246376811594203
2 0.07246376811594203
1 0.07246376811594203
0 0.07246376811594203
doc : 25
4 0.3380281690140845
6 0.08450704225352113
0 0.08450704225352113
9 0.07042253521126761
8 0.07042253521126761
7 0.07042253521126761
5 0.07042253521126761
3 0.07042253521126761
2 0.07042253521126761
1 0.07042253521126761
doc : 26
2 0.11538461538461539
0 0.11538461538461539
9 0.09615384615384616
8 0.09615384615384616
7 0.09615384615384616
6 0.09615384615384616
5 0.09615384615384616
4 0.09615384615384616
3 0.09615384615384616
1 0.09615384615384616
doc : 27
4 0.6946564885496183
5 0.04961832061068702
2 0.04961832061068702
0 0.04961832061068702
9 0.03816793893129771
1 0.030534351145038167
6 0.026717557251908396
3 0.022900763358778626
8 0.019083969465648856
7 0.019083969465648856
doc : 28
7 0.29
5 0.14
2 0.11
0 0.09
4 0.08
3 0.07
9 0.06
1 0.06
8 0.05
6 0.05
doc : 29
0 0.8853211009174312
1 0.016055045871559634
9 0.013761467889908258
4 0.013761467889908258
3 0.013761467889908258
8 0.011467889908256881
7 0.011467889908256881
6 0.011467889908256881
5 0.011467889908256881
2 0.011467889908256881
doc : 30
0 0.8536585365853658
7 0.024390243902439025
5 0.019955654101995565
8 0.017738359201773836
1 0.017738359201773836
4 0.015521064301552107
9 0.013303769401330377
6 0.013303769401330377
2 0.013303769401330377
3 0.011086474501108647
doc : 31
0 0.8807339449541285
3 0.01834862385321101
5 0.016055045871559634
4 0.013761467889908258
2 0.013761467889908258
9 0.011467889908256881
8 0.011467889908256881
7 0.011467889908256881
6 0.011467889908256881
1 0.011467889908256881
doc : 32
0 0.8856502242152466
9 0.02466367713004484
8 0.011210762331838564
7 0.011210762331838564
6 0.011210762331838564
5 0.011210762331838564
4 0.011210762331838564
3 0.011210762331838564
2 0.011210762331838564
1 0.011210762331838564
doc : 33
0 0.8928571428571428
9 0.013392857142857142
5 0.013392857142857142
4 0.013392857142857142
8 0.011160714285714284
7 0.011160714285714284
6 0.011160714285714284
3 0.011160714285714284
2 0.011160714285714284
1 0.011160714285714284
doc : 34
0 0.8823529411764707
7 0.015837104072398193
2 0.015837104072398193
8 0.013574660633484163
6 0.013574660633484163
4 0.013574660633484163
9 0.011312217194570137
5 0.011312217194570137
3 0.011312217194570137
1 0.011312217194570137
doc : 35
7 0.36082474226804123
0 0.18041237113402062
4 0.13917525773195877
8 0.05670103092783505
2 0.05670103092783505
5 0.05154639175257732
1 0.05154639175257732
9 0.03608247422680412
3 0.03608247422680412
6 0.030927835051546393
doc : 36
5 0.6981132075471698
4 0.04716981132075471
6 0.03773584905660377
9 0.0330188679245283
7 0.0330188679245283
2 0.0330188679245283
1 0.0330188679245283
0 0.0330188679245283
8 0.02830188679245283
3 0.023584905660377357
doc : 37
4 0.2229299363057325
1 0.1656050955414013
2 0.15286624203821658
7 0.10828025477707007
6 0.07643312101910829
5 0.07643312101910829
3 0.05732484076433121
9 0.050955414012738856
8 0.050955414012738856
0 0.038216560509554146
doc : 38
4 0.7068965517241379
8 0.04310344827586207
2 0.04310344827586207
5 0.03879310344827586
9 0.034482758620689655
3 0.034482758620689655
1 0.030172413793103446
0 0.02586206896551724
7 0.021551724137931036
6 0.021551724137931036
doc : 39
4 0.348314606741573
1 0.10112359550561797
8 0.07865168539325842
7 0.07865168539325842
6 0.07865168539325842
9 0.06741573033707865
5 0.06741573033707865
2 0.06741573033707865
3 0.056179775280898875
0 0.056179775280898875
doc : 40
4 0.45871559633027525
8 0.10091743119266056
5 0.06422018348623854
1 0.06422018348623854
0 0.06422018348623854
7 0.05504587155963303
6 0.05504587155963303
9 0.045871559633027525
3 0.045871559633027525
2 0.045871559633027525
doc : 41
4 0.4444444444444445
5 0.08888888888888889
0 0.07777777777777778
9 0.05555555555555556
8 0.05555555555555556
7 0.05555555555555556
6 0.05555555555555556
3 0.05555555555555556
2 0.05555555555555556
1 0.05555555555555556
doc : 42
4 0.4690265486725664
8 0.08849557522123894
7 0.07079646017699115
1 0.07079646017699115
9 0.061946902654867256
5 0.05309734513274336
3 0.05309734513274336
6 0.04424778761061947
2 0.04424778761061947
0 0.04424778761061947
doc : 43
4 0.40860215053763443
0 0.08602150537634409
8 0.07526881720430108
2 0.07526881720430108
6 0.06451612903225806
5 0.06451612903225806
3 0.06451612903225806
9 0.05376344086021506
7 0.05376344086021506
1 0.05376344086021506
doc : 44
4 0.38709677419354843
5 0.08602150537634409
3 0.08602150537634409
8 0.07526881720430108
7 0.07526881720430108
2 0.06451612903225806
1 0.06451612903225806
9 0.05376344086021506
6 0.05376344086021506
0 0.05376344086021506
doc : 45
7 0.8942028985507247
3 0.020289855072463767
9 0.013043478260869566
4 0.013043478260869566
2 0.013043478260869566
0 0.013043478260869566
5 0.011594202898550725
8 0.007246376811594203
6 0.007246376811594203
1 0.007246376811594203
doc : 46
2 0.9078404401650619
1 0.02063273727647868
9 0.011004126547455296
5 0.011004126547455296
6 0.009628610729023384
4 0.009628610729023384
7 0.008253094910591473
0 0.008253094910591473
8 0.0068775790921595595
3 0.0068775790921595595
doc : 47
2 0.9093406593406594
6 0.012362637362637364
8 0.01098901098901099
5 0.01098901098901099
4 0.01098901098901099
1 0.01098901098901099
3 0.009615384615384616
9 0.008241758241758242
7 0.008241758241758242
0 0.008241758241758242
doc : 48
4 0.4
8 0.08888888888888889
7 0.07777777777777778
5 0.07777777777777778
6 0.06666666666666667
1 0.06666666666666667
9 0.05555555555555556
3 0.05555555555555556
2 0.05555555555555556
0 0.05555555555555556
doc : 49
4 0.4623655913978495
5 0.08602150537634409
7 0.06451612903225806
3 0.06451612903225806
9 0.05376344086021506
8 0.05376344086021506
6 0.05376344086021506
2 0.05376344086021506
1 0.05376344086021506
0 0.05376344086021506
doc : 50
4 0.43119266055045874
8 0.11926605504587157
5 0.07339449541284404
1 0.06422018348623854
0 0.06422018348623854
7 0.05504587155963303
3 0.05504587155963303
9 0.045871559633027525
6 0.045871559633027525
2 0.045871559633027525
doc : 51
5 0.7209302325581395
4 0.05426356589147287
7 0.04263565891472868
3 0.04263565891472868
2 0.027131782945736434
9 0.023255813953488372
8 0.023255813953488372
6 0.023255813953488372
0 0.023255813953488372
1 0.01937984496124031
doc : 52
5 0.7268518518518519
9 0.041666666666666664
2 0.041666666666666664
7 0.037037037037037035
4 0.027777777777777776
3 0.027777777777777776
0 0.027777777777777776
8 0.023148148148148147
6 0.023148148148148147
1 0.023148148148148147
doc : 53
5 0.800632911392405
1 0.04113924050632911
7 0.02531645569620253
2 0.02531645569620253
0 0.022151898734177215
6 0.0189873417721519
4 0.0189873417721519
9 0.015822784810126583
8 0.015822784810126583
3 0.015822784810126583
doc : 54
1 0.8327526132404182
9 0.08641114982578398
5 0.014634146341463414
0 0.0132404181184669
7 0.011846689895470382
3 0.011846689895470382
4 0.00975609756097561
2 0.009059233449477351
8 0.006968641114982578
6 0.003484320557491289
doc : 55
2 0.7597254004576659
3 0.04576659038901602
5 0.041189931350114416
4 0.041189931350114416
7 0.027459954233409613
8 0.020594965675057208
9 0.018306636155606407
1 0.018306636155606407
0 0.016018306636155607
6 0.011441647597254004
doc : 56
9 0.8017492711370262
1 0.03498542274052478
0 0.026239067055393587
8 0.023323615160349854
2 0.023323615160349854
6 0.02040816326530612
3 0.02040816326530612
7 0.01749271137026239
4 0.01749271137026239
5 0.014577259475218658
doc : 57
9 0.8040201005025126
1 0.04522613065326633
0 0.03015075376884422
2 0.02512562814070352
6 0.020100502512562814
5 0.017587939698492462
8 0.01507537688442211
7 0.01507537688442211
4 0.01507537688442211
3 0.01256281407035176
doc : 58
9 0.8169398907103825
1 0.040983606557377046
7 0.02185792349726776
2 0.02185792349726776
6 0.01912568306010929
4 0.01912568306010929
8 0.01639344262295082
0 0.01639344262295082
5 0.01366120218579235
3 0.01366120218579235
doc : 59
9 0.7793522267206477
1 0.0931174089068826
2 0.022267206477732795
0 0.020242914979757085
3 0.018218623481781375
4 0.016194331983805668
8 0.01417004048582996
5 0.01417004048582996
6 0.012145748987854251
7 0.010121457489878543
doc : 60
5 0.6928327645051194
7 0.05460750853242321
8 0.04436860068259386
9 0.040955631399317405
1 0.040955631399317405
0 0.030716723549488054
4 0.027303754266211604
6 0.023890784982935155
2 0.023890784982935155
3 0.020477815699658702
doc : 61
5 0.7546296296296295
3 0.037037037037037035
1 0.032407407407407406
0 0.032407407407407406
9 0.027777777777777776
8 0.023148148148148147
7 0.023148148148148147
6 0.023148148148148147
4 0.023148148148148147
2 0.023148148148148147
doc : 62
1 0.49187592319054657
5 0.4254062038404727
9 0.016248153618906944
4 0.011816838995568686
6 0.010339734121122601
2 0.010339734121122601
0 0.010339734121122601
7 0.008862629246676515
8 0.007385524372230429
3 0.007385524372230429
doc : 63
5 0.8134715025906736
1 0.04145077720207254
3 0.02849740932642487
6 0.02072538860103627
4 0.02072538860103627
7 0.018134715025906738
2 0.018134715025906738
9 0.01295336787564767
8 0.01295336787564767
0 0.01295336787564767
doc : 64
3 0.8683068017366136
4 0.027496382054992764
1 0.02460202604920405
2 0.01447178002894356
0 0.01447178002894356
6 0.013024602026049202
9 0.010130246020260492
5 0.010130246020260492
8 0.008683068017366135
7 0.008683068017366135
doc : 65
9 0.7962264150943397
1 0.06037735849056604
8 0.026415094339622643
6 0.024528301886792454
3 0.024528301886792454
4 0.018867924528301886
7 0.01509433962264151
2 0.013207547169811321
0 0.011320754716981133
5 0.009433962264150943
doc : 66
9 0.5128805620608899
6 0.37470725995316156
8 0.01639344262295082
4 0.01639344262295082
5 0.01405152224824356
3 0.01405152224824356
2 0.01405152224824356
1 0.01405152224824356
7 0.011709601873536299
0 0.011709601873536299
doc : 67
4 0.5602409638554218
5 0.11445783132530121
0 0.07228915662650603
9 0.057228915662650606
6 0.045180722891566265
3 0.03614457831325302
2 0.03614457831325302
8 0.03313253012048193
7 0.030120481927710843
1 0.015060240963855422
doc : 68
6 0.5710955710955711
9 0.08857808857808858
0 0.07692307692307693
4 0.06993006993006994
1 0.06293706293706294
5 0.03496503496503497
2 0.03496503496503497
7 0.030303030303030304
3 0.018648018648018648
8 0.011655011655011656
doc : 69
2 0.47840000000000005
1 0.2656
9 0.15360000000000001
4 0.0224
7 0.020800000000000003
6 0.019200000000000002
3 0.0128
5 0.0112
8 0.008
0 0.008
doc : 70
1 0.7957110609480812
9 0.06320541760722347
4 0.034988713318284424
0 0.0237020316027088
5 0.019187358916478554
3 0.01693002257336343
2 0.015801354401805866
6 0.012415349887133182
8 0.010158013544018058
7 0.007900677200902933
doc : 71
0 0.8267223382045928
3 0.07098121085594988
4 0.018789144050104383
2 0.014613778705636741
1 0.014613778705636741
9 0.012526096033402922
8 0.010438413361169102
7 0.010438413361169102
6 0.010438413361169102
5 0.010438413361169102
doc : 72
9 0.5152224824355972
6 0.3583138173302108
8 0.01873536299765808
2 0.01873536299765808
7 0.01639344262295082
4 0.01639344262295082
1 0.01639344262295082
5 0.01405152224824356
3 0.01405152224824356
0 0.011709601873536299
doc : 73
1 0.42266666666666663
9 0.352
8 0.08533333333333333
2 0.04933333333333333
6 0.029333333333333333
4 0.02
3 0.013333333333333332
0 0.010666666666666666
7 0.009333333333333332
5 0.008
doc : 74
0 0.8288100208768266
3 0.06471816283924843
4 0.020876826722338204
1 0.014613778705636741
8 0.012526096033402922
7 0.012526096033402922
6 0.012526096033402922
2 0.012526096033402922
9 0.010438413361169102
5 0.010438413361169102
doc : 75
4 0.6590257879656161
7 0.0659025787965616
1 0.0659025787965616
5 0.040114613180515755
0 0.03724928366762178
8 0.03151862464183381
6 0.028653295128939826
2 0.028653295128939826
9 0.025787965616045846
3 0.017191977077363897
doc : 76
3 0.2809667673716012
9 0.14501510574018128
1 0.11782477341389729
5 0.09969788519637462
2 0.08157099697885196
7 0.0634441087613293
0 0.0634441087613293
6 0.060422960725075525
4 0.0513595166163142
8 0.03625377643504532
doc : 77
2 0.6865464632454924
3 0.0651872399445215
1 0.056865464632454926
5 0.044382801664355064
9 0.03467406380027739
8 0.033287101248266296
4 0.02635228848821082
7 0.022191400832177532
6 0.015256588072122053
0 0.015256588072122053
doc : 78
2 0.7284768211920529
4 0.0695364238410596
7 0.04966887417218543
1 0.026490066225165563
8 0.023178807947019868
5 0.023178807947019868
9 0.019867549668874173
6 0.019867549668874173
3 0.019867549668874173
0 0.019867549668874173
doc : 79
8 0.5776031434184675
4 0.24165029469548133
7 0.03536345776031434
3 0.023575638506876224
6 0.021611001964636542
5 0.021611001964636542
2 0.021611001964636542
1 0.021611001964636542
0 0.019646365422396856
9 0.015717092337917484
doc : 80
8 0.9150442477876106
9 0.010619469026548672
4 0.010619469026548672
2 0.010619469026548672
7 0.008849557522123894
6 0.008849557522123894
5 0.008849557522123894
3 0.008849557522123894
1 0.008849557522123894
0 0.008849557522123894
doc : 81
8 0.9092495636998255
1 0.013961605584642234
4 0.012216404886561954
9 0.010471204188481676
6 0.010471204188481676
7 0.008726003490401396
5 0.008726003490401396
3 0.008726003490401396
2 0.008726003490401396
0 0.008726003490401396
doc : 82
8 0.9070175438596492
5 0.012280701754385965
2 0.012280701754385965
6 0.010526315789473684
3 0.010526315789473684
1 0.010526315789473684
0 0.010526315789473684
9 0.008771929824561403
7 0.008771929824561403
4 0.008771929824561403
doc : 83
8 0.9092495636998255
6 0.013961605584642234
4 0.012216404886561954
2 0.012216404886561954
9 0.008726003490401396
7 0.008726003490401396
5 0.008726003490401396
3 0.008726003490401396
1 0.008726003490401396
0 0.008726003490401396
doc : 84
8 0.9157894736842106
6 0.012280701754385965
4 0.010526315789473684
9 0.008771929824561403
7 0.008771929824561403
5 0.008771929824561403
3 0.008771929824561403
2 0.008771929824561403
1 0.008771929824561403
0 0.008771929824561403
doc : 85
8 0.9127399650959861
7 0.012216404886561954
9 0.010471204188481676
6 0.010471204188481676
5 0.010471204188481676
4 0.008726003490401396
3 0.008726003490401396
2 0.008726003490401396
1 0.008726003490401396
0 0.008726003490401396
doc : 86
8 0.9162303664921466
4 0.012216404886561954
9 0.010471204188481676
7 0.008726003490401396
6 0.008726003490401396
5 0.008726003490401396
3 0.008726003490401396
2 0.008726003490401396
1 0.008726003490401396
0 0.008726003490401396
doc : 87
3 0.8867924528301887
8 0.01741654571843251
4 0.015965166908563134
6 0.01451378809869376
9 0.013062409288824383
1 0.013062409288824383
5 0.011611030478955007
2 0.010159651669085631
0 0.010159651669085631
7 0.00725689404934688
doc : 88
6 0.9071794871794872
5 0.05897435897435897
8 0.006153846153846154
2 0.005128205128205128
4 0.004615384615384615
1 0.004615384615384615
0 0.004615384615384615
3 0.0035897435897435897
9 0.002564102564102564
7 0.002564102564102564
doc : 89
5 0.759825327510917
3 0.048034934497816595
7 0.03056768558951965
8 0.026200873362445413
6 0.026200873362445413
9 0.021834061135371178
4 0.021834061135371178
2 0.021834061135371178
1 0.021834061135371178
0 0.021834061135371178
doc : 90
9 0.7873417721518987
1 0.07341772151898734
3 0.02278481012658228
7 0.020253164556962026
5 0.020253164556962026
0 0.020253164556962026
8 0.01518987341772152
2 0.01518987341772152
6 0.012658227848101266
4 0.012658227848101266
doc : 91
9 0.32608695652173914
7 0.10869565217391304
3 0.08695652173913043
1 0.08695652173913043
5 0.07608695652173914
8 0.06521739130434782
6 0.06521739130434782
4 0.06521739130434782
2 0.06521739130434782
0 0.05434782608695652
doc : 92
8 0.9143356643356644
9 0.01048951048951049
6 0.01048951048951049
4 0.01048951048951049
0 0.01048951048951049
7 0.008741258741258742
5 0.008741258741258742
3 0.008741258741258742
2 0.008741258741258742
1 0.008741258741258742
doc : 93
8 0.9070175438596492
6 0.014035087719298246
5 0.012280701754385965
9 0.010526315789473684
3 0.010526315789473684
0 0.010526315789473684
7 0.008771929824561403
4 0.008771929824561403
2 0.008771929824561403
1 0.008771929824561403
doc : 94
8 0.9141856392294221
9 0.010507880910683012
6 0.010507880910683012
2 0.010507880910683012
1 0.010507880910683012
7 0.008756567425569177
5 0.008756567425569177
4 0.008756567425569177
3 0.008756567425569177
0 0.008756567425569177
doc : 95
5 0.7644787644787645
8 0.03474903474903475
7 0.03088803088803089
2 0.03088803088803089
0 0.03088803088803089
4 0.02702702702702703
1 0.02316602316602317
9 0.019305019305019305
6 0.019305019305019305
3 0.019305019305019305
doc : 96
5 0.7716535433070866
4 0.04330708661417323
3 0.027559055118110236
2 0.027559055118110236
0 0.027559055118110236
7 0.023622047244094488
9 0.01968503937007874
8 0.01968503937007874
6 0.01968503937007874
1 0.01968503937007874
doc : 97
5 0.7443946188340808
2 0.03587443946188341
8 0.03139013452914798
4 0.03139013452914798
3 0.03139013452914798
9 0.026905829596412557
1 0.026905829596412557
0 0.026905829596412557
7 0.02242152466367713
6 0.02242152466367713
doc : 98
5 0.7796610169491526
2 0.03389830508474576
9 0.025423728813559324
8 0.025423728813559324
3 0.025423728813559324
1 0.025423728813559324
7 0.0211864406779661
6 0.0211864406779661
4 0.0211864406779661
0 0.0211864406779661
doc : 99
5 0.8712241653418125
1 0.022257551669316377
0 0.01907790143084261
2 0.015898251192368842
7 0.014308426073131956
3 0.014308426073131956
6 0.012718600953895072
4 0.011128775834658189
9 0.009538950715421305
8 0.009538950715421305
