doc : 0
3 0.4422403733955659
1 0.39381563593932317
4 0.051925320886814466
0 0.0367561260210035
9 0.024504084014002333
8 0.014585764294049007
5 0.011085180863477245
6 0.010501750291715285
2 0.010501750291715285
7 0.004084014002333722
doc : 1
1 0.6629711751662971
3 0.06873614190687362
7 0.057649667405764965
5 0.04878048780487805
9 0.03991130820399113
4 0.037694013303769404
6 0.026607538802660754
2 0.022172949002217293
0 0.022172949002217293
8 0.013303769401330377
doc : 2
1 0.384
3 0.2533333333333333
0 0.12
9 0.056
7 0.048
5 0.042666666666666665
4 0.04
6 0.029333333333333333
8 0.013333333333333332
2 0.013333333333333332
doc : 3
7 0.6638591117917305
4 0.12174578866768761
6 0.11140888208269525
3 0.02909647779479326
9 0.02565084226646248
5 0.014931087289433384
0 0.013782542113323125
1 0.008422664624808576
8 0.008039816232771823
2 0.0030627871362940277
doc : 4
6 0.5069306930693069
1 0.14653465346534653
4 0.13267326732673268
3 0.0594059405940594
0 0.03564356435643565
9 0.0297029702970297
7 0.0297029702970297
8 0.025742574257425745
5 0.019801980198019802
2 0.013861386138613862
doc : 5
8 0.9664473684210526
7 0.004605263157894736
9 0.003947368421052632
4 0.003947368421052632
2 0.003947368421052632
1 0.003947368421052632
6 0.003289473684210526
5 0.003289473684210526
3 0.003289473684210526
0 0.003289473684210526
doc : 6
1 0.8077634011090573
3 0.04621072088724584
0 0.025878003696857672
4 0.024029574861367836
2 0.022181146025878003
6 0.02033271719038817
9 0.018484288354898334
5 0.012939001848428836
8 0.011090573012939002
7 0.011090573012939002
doc : 7
1 0.902377972465582
0 0.016270337922403004
3 0.01376720901126408
4 0.012515644555694618
8 0.011264080100125157
9 0.010012515644555695
7 0.010012515644555695
5 0.008760951188986232
2 0.008760951188986232
6 0.006257822277847309
doc : 8
2 0.8685831622176592
1 0.02053388090349076
9 0.01642710472279261
8 0.014373716632443533
7 0.014373716632443533
4 0.014373716632443533
3 0.014373716632443533
6 0.012320328542094456
5 0.012320328542094456
0 0.012320328542094456
doc : 9
2 0.8603696098562629
1 0.022587268993839837
3 0.02053388090349076
9 0.018480492813141684
5 0.01642710472279261
8 0.014373716632443533
6 0.014373716632443533
7 0.012320328542094456
4 0.01026694045174538
0 0.01026694045174538
doc : 10
2 0.7805343511450381
4 0.04007633587786259
7 0.030534351145038167
5 0.02862595419847328
3 0.02862595419847328
8 0.02099236641221374
6 0.019083969465648856
1 0.019083969465648856
0 0.01717557251908397
9 0.015267175572519083
doc : 11
2 0.6963470319634703
9 0.10730593607305935
6 0.0547945205479452
1 0.0365296803652968
3 0.0228310502283105
7 0.0182648401826484
5 0.0182648401826484
0 0.0182648401826484
8 0.0136986301369863
4 0.0136986301369863
doc : 12
2 0.8463251670378619
7 0.022271714922048998
6 0.020044543429844096
4 0.017817371937639197
1 0.017817371937639197
0 0.017817371937639197
9 0.015590200445434297
8 0.015590200445434297
3 0.015590200445434297
5 0.011135857461024499
doc : 13
2 0.832579185520362
6 0.038461538461538464
4 0.022624434389140274
3 0.020361990950226245
7 0.015837104072398193
1 0.015837104072398193
9 0.013574660633484163
8 0.013574660633484163
5 0.013574660633484163
0 0.013574660633484163
doc : 14
2 0.7704590818363273
3 0.049900199600798396
5 0.031936127744510975
4 0.02994011976047904
8 0.02594810379241517
1 0.02395209580838323
6 0.021956087824351295
0 0.01996007984031936
9 0.01397205588822355
7 0.011976047904191616
doc : 15
2 0.8282828282828283
6 0.030303030303030304
4 0.022222222222222223
7 0.0202020202020202
1 0.0202020202020202
8 0.01818181818181818
5 0.01616161616161616
3 0.01616161616161616
0 0.01616161616161616
9 0.012121212121212121
doc : 16
4 0.7044776119402986
6 0.10507462686567165
1 0.05432835820895522
7 0.037014925373134326
3 0.037014925373134326
9 0.023283582089552238
5 0.01253731343283582
2 0.008955223880597015
0 0.008955223880597015
8 0.008358208955223882
doc : 17
5 0.2441860465116279
7 0.11627906976744186
0 0.10465116279069767
9 0.08139534883720931
6 0.08139534883720931
4 0.08139534883720931
3 0.08139534883720931
8 0.06976744186046512
2 0.06976744186046512
1 0.06976744186046512
doc : 18
5 0.8642789820923656
3 0.0235626767200754
0 0.019792648444863337
4 0.016965127238454288
6 0.016022620169651274
1 0.015080113100848256
9 0.01413760603204524
8 0.013195098963242224
2 0.011310084825636193
7 0.005655042412818096
doc : 19
2 0.7861386138613862
6 0.031683168316831684
3 0.0297029702970297
4 0.027722772277227723
7 0.025742574257425745
1 0.025742574257425745
8 0.019801980198019802
0 0.019801980198019802
5 0.017821782178217824
9 0.015841584158415842
doc : 20
2 0.8469184890656063
3 0.02385685884691849
1 0.02385685884691849
5 0.019880715705765405
4 0.019880715705765405
9 0.015904572564612324
8 0.015904572564612324
7 0.011928429423459244
0 0.011928429423459244
6 0.009940357852882702
doc : 21
2 0.8451612903225807
6 0.025806451612903226
7 0.021505376344086023
0 0.01935483870967742
1 0.017204301075268817
5 0.015053763440860214
4 0.015053763440860214
3 0.015053763440860214
9 0.012903225806451613
8 0.012903225806451613
doc : 22
2 0.7892918825561313
6 0.05008635578583765
4 0.039723661485319514
3 0.024179620034542312
7 0.018998272884283247
5 0.017271157167530225
1 0.017271157167530225
0 0.017271157167530225
8 0.013816925734024179
9 0.012089810017271156
doc : 23
2 0.8078602620087336
8 0.03275109170305677
7 0.02838427947598253
6 0.024017467248908297
9 0.021834061135371178
5 0.021834061135371178
4 0.021834061135371178
3 0.015283842794759825
1 0.015283842794759825
0 0.010917030567685589
doc : 24
2 0.8175046554934823
3 0.035381750465549346
4 0.03165735567970205
9 0.027932960893854747
5 0.0186219739292365
8 0.01675977653631285
1 0.01675977653631285
6 0.0148975791433892
7 0.0111731843575419
0 0.00931098696461825
doc : 25
2 0.8511530398322852
5 0.020964360587002098
1 0.020964360587002098
7 0.01886792452830189
4 0.01886792452830189
9 0.016771488469601678
6 0.014675052410901468
8 0.012578616352201259
3 0.012578616352201259
0 0.012578616352201259
doc : 26
2 0.5129310344827586
3 0.3922413793103448
1 0.021551724137931036
9 0.014367816091954023
8 0.011494252873563218
4 0.011494252873563218
0 0.011494252873563218
7 0.010057471264367816
6 0.007183908045977011
5 0.007183908045977011
doc : 27
9 0.8792016806722689
4 0.024159663865546216
1 0.018907563025210083
3 0.01680672268907563
8 0.015756302521008403
0 0.01365546218487395
5 0.011554621848739495
2 0.009453781512605041
7 0.005252100840336134
6 0.005252100840336134
doc : 28
9 0.9046898638426627
7 0.012102874432677761
1 0.012102874432677761
0 0.012102874432677761
6 0.01059001512859304
4 0.01059001512859304
3 0.01059001512859304
8 0.009077155824508321
5 0.009077155824508321
2 0.009077155824508321
doc : 29
6 0.6047819971870605
0 0.1617440225035162
4 0.09423347398030943
3 0.047819971870604785
7 0.01969057665260197
5 0.01828410689170183
1 0.01828410689170183
9 0.01687763713080169
8 0.009845288326300985
2 0.008438818565400845
doc : 30
2 0.8345323741007195
6 0.0341726618705036
3 0.02877697841726619
4 0.019784172661870505
8 0.014388489208633094
7 0.014388489208633094
1 0.014388489208633094
0 0.014388489208633094
9 0.012589928057553958
5 0.012589928057553958
doc : 31
2 0.8398357289527721
1 0.026694045174537988
7 0.024640657084188913
6 0.02053388090349076
4 0.018480492813141684
8 0.01642710472279261
5 0.01642710472279261
9 0.014373716632443533
0 0.012320328542094456
3 0.01026694045174538
doc : 32
2 0.543801652892562
3 0.3338842975206611
1 0.02975206611570248
4 0.01818181818181818
7 0.01652892561983471
5 0.01652892561983471
8 0.011570247933884297
9 0.009917355371900825
6 0.009917355371900825
0 0.009917355371900825
doc : 33
2 0.8007246376811594
3 0.03985507246376812
6 0.036231884057971016
0 0.02355072463768116
8 0.021739130434782608
7 0.018115942028985508
4 0.018115942028985508
1 0.016304347826086956
5 0.014492753623188406
9 0.010869565217391304
doc : 34
2 0.5404255319148936
3 0.3829787234042554
1 0.012765957446808512
5 0.011347517730496455
4 0.011347517730496455
9 0.009929078014184398
8 0.009929078014184398
7 0.007092198581560284
6 0.007092198581560284
0 0.007092198581560284
doc : 35
1 0.7427385892116183
6 0.03734439834024896
4 0.03319502074688797
3 0.03319502074688797
0 0.03319502074688797
9 0.024896265560165977
8 0.024896265560165977
7 0.024896265560165977
2 0.024896265560165977
5 0.02074688796680498
doc : 36
0 0.7551487414187643
6 0.05568268497330282
7 0.04500381388253242
1 0.03585049580472922
4 0.033562166285278416
3 0.029748283752860413
9 0.022883295194508012
2 0.009153318077803204
5 0.007627765064836004
8 0.005339435545385202
doc : 37
9 0.8365679264555669
4 0.0449438202247191
6 0.027579162410623085
0 0.018386108273748723
2 0.01736465781409602
1 0.015321756894790603
7 0.01327885597548519
3 0.012257405515832483
5 0.008171603677221655
8 0.006128702757916242
doc : 38
7 0.6401590457256461
1 0.12524850894632206
3 0.07157057654075547
4 0.04373757455268389
0 0.025844930417495027
9 0.02385685884691849
6 0.021868787276341946
5 0.019880715705765405
8 0.013916500994035784
2 0.013916500994035784
doc : 39
2 0.7495291902071562
4 0.064030131826742
7 0.03389830508474576
6 0.02824858757062147
1 0.02824858757062147
3 0.02448210922787194
0 0.022598870056497175
8 0.018832391713747645
9 0.01694915254237288
5 0.013182674199623351
doc : 40
2 0.774
4 0.06
0 0.028
3 0.026000000000000002
7 0.024
6 0.024
1 0.02
5 0.018000000000000002
9 0.014
8 0.012
doc : 41
2 0.7272727272727273
6 0.07272727272727272
7 0.031818181818181815
5 0.031818181818181815
8 0.02727272727272727
0 0.02727272727272727
9 0.020454545454545454
4 0.020454545454545454
3 0.020454545454545454
1 0.020454545454545454
doc : 42
2 0.8409090909090909
6 0.024793388429752067
1 0.022727272727272728
7 0.02066115702479339
4 0.01859504132231405
5 0.01652892561983471
9 0.014462809917355372
3 0.014462809917355372
0 0.014462809917355372
8 0.012396694214876033
doc : 43
1 0.7277353689567431
3 0.09160305343511452
2 0.04325699745547074
4 0.03816793893129771
0 0.020356234096692113
9 0.017811704834605598
6 0.017811704834605598
8 0.015267175572519085
7 0.015267175572519085
5 0.012722646310432571
doc : 44
0 0.6797153024911032
1 0.10676156583629894
3 0.056939501779359435
6 0.042704626334519574
5 0.04151838671411626
4 0.020166073546856466
2 0.018979833926453145
9 0.01542111506524318
8 0.010676156583629894
7 0.007117437722419929
doc : 45
0 0.7994858611825192
7 0.03470437017994858
1 0.03470437017994858
6 0.02185089974293059
4 0.02185089974293059
3 0.02056555269922879
9 0.019280205655526992
8 0.016709511568123392
5 0.015424164524421594
2 0.015424164524421594
doc : 46
5 0.840620592383639
8 0.022566995768688293
2 0.022566995768688293
4 0.021156558533145273
1 0.019746121297602257
6 0.01692524682651622
0 0.01692524682651622
7 0.014104372355430182
9 0.012693935119887164
3 0.012693935119887164
doc : 47
6 0.6153846153846154
7 0.09065934065934067
4 0.049450549450549455
0 0.04395604395604396
3 0.038461538461538464
1 0.03571428571428572
5 0.03296703296703297
2 0.03296703296703297
9 0.030219780219780223
8 0.030219780219780223
doc : 48
5 0.802536231884058
3 0.05434782608695652
1 0.028985507246376812
0 0.021739130434782608
8 0.01992753623188406
9 0.018115942028985508
2 0.018115942028985508
4 0.016304347826086956
6 0.010869565217391304
7 0.009057971014492754
doc : 49
2 0.7741228070175438
0 0.046052631578947366
9 0.02631578947368421
7 0.02631578947368421
6 0.02631578947368421
4 0.02412280701754386
1 0.02412280701754386
3 0.021929824561403508
8 0.017543859649122806
5 0.013157894736842105
