doc : 0
1 0.4613962089690245
9 0.29773462783171517
3 0.15857605177993528
6 0.020804438280166433
7 0.014794267221451687
8 0.013407304669440592
4 0.011095700416088764
2 0.008321775312066574
0 0.007859454461396208
5 0.006010171058714747
doc : 1
3 0.6589446589446589
1 0.1492921492921493
7 0.0694980694980695
2 0.03153153153153153
4 0.028314028314028312
8 0.02574002574002574
5 0.0148005148005148
6 0.010296010296010296
0 0.006435006435006435
9 0.005148005148005148
doc : 2
3 0.5796791443850268
1 0.17433155080213905
5 0.06737967914438503
4 0.04919786096256685
7 0.038502673796791446
0 0.029946524064171122
8 0.024598930481283424
6 0.014973262032085561
2 0.011764705882352941
9 0.009625668449197862
doc : 3
0 0.4463343108504399
1 0.26627565982404694
2 0.11319648093841642
5 0.05337243401759531
4 0.04105571847507331
3 0.026392961876832845
7 0.02346041055718475
8 0.012903225806451613
9 0.011143695014662756
6 0.005865102639296188
doc : 4
1 0.7278688524590164
7 0.06229508196721312
0 0.039344262295081964
3 0.03278688524590164
8 0.029508196721311476
4 0.029508196721311476
5 0.02622950819672131
2 0.022950819672131147
9 0.019672131147540982
6 0.009836065573770491
doc : 5
4 0.8713410483321987
1 0.05241660993873383
5 0.020422055820285907
0 0.013614703880190605
9 0.008849557522123894
6 0.008168822328114363
3 0.007488087134104832
8 0.0068073519400953025
7 0.005445881552076242
2 0.005445881552076242
doc : 6
1 0.8978583196046128
0 0.014827018121911038
5 0.013179571663920923
2 0.013179571663920923
4 0.011532125205930808
3 0.011532125205930808
9 0.009884678747940693
8 0.009884678747940693
7 0.009884678747940693
6 0.008237232289950576
doc : 7
1 0.9028006589785832
7 0.018121911037891267
0 0.013179571663920923
2 0.011532125205930808
8 0.009884678747940693
6 0.009884678747940693
4 0.009884678747940693
9 0.008237232289950576
5 0.008237232289950576
3 0.008237232289950576
doc : 8
8 0.6505681818181819
1 0.10511363636363637
7 0.09375
2 0.03409090909090909
4 0.02556818181818182
9 0.019886363636363636
6 0.019886363636363636
3 0.019886363636363636
5 0.017045454545454544
0 0.014204545454545456
doc : 9
8 0.65625
1 0.10511363636363637
7 0.08522727272727273
4 0.03125
3 0.02840909090909091
2 0.022727272727272728
6 0.019886363636363636
0 0.019886363636363636
9 0.017045454545454544
5 0.014204545454545456
doc : 10
8 0.35926773455377575
4 0.17162471395881007
5 0.10526315789473684
1 0.10068649885583524
7 0.07551487414187644
6 0.05263157894736842
9 0.043478260869565216
2 0.043478260869565216
0 0.029748283752860413
3 0.018306636155606407
doc : 11
5 0.5344563552833078
1 0.3453292496171516
4 0.030627871362940276
9 0.021439509954058193
7 0.01990811638591118
3 0.010719754977029096
2 0.010719754977029096
6 0.00995405819295559
8 0.009188361408882083
0 0.007656967840735069
doc : 12
1 0.44436146377893954
3 0.3719193427931292
7 0.09185959671396565
8 0.02763256161314414
4 0.013442867811799852
0 0.013442867811799852
2 0.01194921583271098
9 0.011202389843166544
6 0.007468259895444362
5 0.006721433905899926
doc : 13
4 0.8086232980332829
1 0.1308623298033283
0 0.012102874432677761
7 0.0113464447806354
8 0.00832072617246596
5 0.006807866868381241
6 0.006051437216338881
9 0.00529500756429652
3 0.00529500756429652
2 0.00529500756429652
doc : 14
4 0.8629407850964738
1 0.05788423153692615
2 0.0166333998669328
8 0.013306719893546242
3 0.013306719893546242
0 0.011310711909514305
7 0.007318695941450432
5 0.007318695941450432
6 0.005988023952095809
9 0.003992015968063872
doc : 15
1 0.38206388206388203
5 0.328009828009828
0 0.07125307125307125
8 0.06756756756756757
9 0.04176904176904177
7 0.033169533169533166
4 0.033169533169533166
2 0.019656019656019656
3 0.012285012285012284
6 0.011056511056511056
doc : 16
1 0.503731343283582
8 0.21455223880597016
7 0.05783582089552239
0 0.055970149253731345
4 0.054104477611940295
5 0.041044776119402986
3 0.022388059701492536
2 0.022388059701492536
6 0.014925373134328358
9 0.013059701492537313
doc : 17
2 0.7519417475728155
1 0.11699029126213592
7 0.04271844660194175
0 0.02233009708737864
4 0.017961165048543688
8 0.01699029126213592
9 0.010194174757281554
6 0.009223300970873786
5 0.005825242718446602
3 0.005825242718446602
doc : 18
2 0.7166666666666668
1 0.05952380952380953
8 0.05
4 0.03571428571428572
0 0.03333333333333334
5 0.028571428571428574
9 0.01904761904761905
7 0.01904761904761905
6 0.01904761904761905
3 0.01904761904761905
doc : 19
1 0.8341013824884793
7 0.027649769585253454
8 0.02304147465437788
5 0.018433179723502304
4 0.018433179723502304
3 0.018433179723502304
2 0.018433179723502304
0 0.015360983102918587
9 0.013824884792626727
6 0.01228878648233487
doc : 20
5 0.11864406779661017
2 0.11864406779661017
8 0.1016949152542373
6 0.1016949152542373
4 0.1016949152542373
3 0.1016949152542373
0 0.1016949152542373
9 0.0847457627118644
7 0.0847457627118644
1 0.0847457627118644
doc : 21
0 0.860381861575179
8 0.0369928400954654
2 0.03102625298329356
3 0.014319809069212411
7 0.011933174224343677
9 0.010739856801909309
1 0.00954653937947494
6 0.008353221957040573
5 0.008353221957040573
4 0.008353221957040573
doc : 22
5 0.8132820019249278
1 0.0904716073147257
2 0.02117420596727623
4 0.015399422521655439
3 0.015399422521655439
8 0.01154956689124158
7 0.00962463907603465
9 0.008662175168431185
6 0.008662175168431185
0 0.00577478344562079
doc : 23
1 0.4902912621359223
0 0.07766990291262135
5 0.06796116504854369
2 0.06796116504854369
4 0.06310679611650485
7 0.058252427184466014
8 0.05339805825242718
3 0.04368932038834951
9 0.038834951456310676
6 0.038834951456310676
doc : 24
0 0.696917808219178
1 0.10273972602739725
4 0.06164383561643835
8 0.032534246575342464
7 0.02226027397260274
9 0.02054794520547945
5 0.018835616438356163
3 0.017123287671232876
6 0.0136986301369863
2 0.0136986301369863
doc : 25
4 0.2311015118790497
5 0.2105831533477322
1 0.18142548596112312
0 0.14146868250539957
8 0.06263498920086394
7 0.05615550755939525
3 0.05399568034557236
9 0.021598272138228944
6 0.020518358531317497
2 0.020518358531317497
doc : 26
8 0.5371900826446281
1 0.11735537190082644
2 0.10743801652892562
7 0.06776859504132231
0 0.049586776859504134
4 0.02975206611570248
3 0.028099173553719006
5 0.023140495867768594
9 0.01983471074380165
6 0.01983471074380165
doc : 27
1 0.43584379358437936
0 0.200139470013947
2 0.09205020920502091
4 0.07601115760111576
8 0.07043235704323571
5 0.03835425383542538
7 0.0299860529986053
6 0.023012552301255228
3 0.01813110181311018
9 0.01603905160390516
doc : 28
7 0.8209267563527654
1 0.08669656203288491
0 0.030194319880418537
8 0.02212257100149477
2 0.013153961136023917
3 0.008968609865470852
4 0.006576980568011958
9 0.0053811659192825115
6 0.003288490284005979
5 0.0026905829596412557
doc : 29
2 0.8101449275362319
4 0.043478260869565216
9 0.02318840579710145
5 0.02318840579710145
1 0.021739130434782608
0 0.020289855072463767
7 0.01884057971014493
8 0.014492753623188406
3 0.014492753623188406
6 0.010144927536231883
doc : 30
1 0.6103896103896104
4 0.10035419126328217
7 0.07083825265643447
0 0.06139315230224321
5 0.05785123966942148
8 0.05667060212514757
3 0.018890200708382526
9 0.008264462809917356
2 0.008264462809917356
6 0.007083825265643447
doc : 31
7 0.7095238095238096
1 0.08095238095238096
8 0.05714285714285715
4 0.03571428571428572
9 0.02380952380952381
6 0.02380952380952381
5 0.02380952380952381
3 0.01666666666666667
0 0.01666666666666667
2 0.011904761904761906
doc : 32
8 0.45774647887323944
4 0.1056338028169014
0 0.0892018779342723
2 0.07511737089201878
3 0.06807511737089202
9 0.056338028169014086
7 0.051643192488262914
1 0.04225352112676056
5 0.035211267605633804
6 0.018779342723004695
doc : 33
8 0.16129032258064516
7 0.14838709677419354
3 0.10967741935483871
2 0.10967741935483871
5 0.1032258064516129
9 0.0967741935483871
4 0.07096774193548387
1 0.07096774193548387
0 0.07096774193548387
6 0.05806451612903226
doc : 34
0 0.6270358306188926
4 0.08631921824104236
2 0.07654723127035831
7 0.05863192182410424
5 0.05863192182410424
3 0.02931596091205212
8 0.01954397394136808
1 0.01954397394136808
9 0.01465798045602606
6 0.00977198697068404
doc : 35
6 0.7797573919636088
1 0.15769522365428354
9 0.023881728582259287
3 0.009855951478392721
8 0.006065200909780136
2 0.005686125852918878
0 0.005686125852918878
4 0.004169825625473844
5 0.0037907505686125853
7 0.0034116755117513265
doc : 36
9 0.7789170137776353
1 0.14963152835629606
3 0.02050624799743672
0 0.011534764498558154
7 0.009291893623838513
8 0.008010253123998718
6 0.006408202499198975
5 0.005767382249279077
4 0.005446972124319128
2 0.004485741749439282
doc : 37
2 0.7381404174573055
3 0.04174573055028463
8 0.03984819734345351
4 0.03795066413662239
0 0.03795066413662239
9 0.024667931688804556
5 0.024667931688804556
6 0.018975332068311195
1 0.018975332068311195
7 0.017077798861480076
doc : 38
3 0.24161073825503354
2 0.22147651006711408
0 0.14093959731543623
9 0.08053691275167785
4 0.0738255033557047
1 0.060402684563758385
7 0.053691275167785234
6 0.053691275167785234
5 0.040268456375838924
8 0.03355704697986577
doc : 39
0 0.5172413793103449
8 0.15763546798029557
2 0.059113300492610835
4 0.04926108374384237
1 0.04926108374384237
7 0.04433497536945813
9 0.034482758620689655
3 0.034482758620689655
6 0.029556650246305417
5 0.024630541871921183
doc : 40
5 0.7797947908445146
1 0.11207576953433307
4 0.025256511444356748
2 0.014206787687450671
7 0.013417521704814523
3 0.013417521704814523
0 0.013417521704814523
9 0.012628255722178374
8 0.00947119179163378
6 0.006314127861089187
doc : 41
0 0.5005820721769499
1 0.30733410942956924
7 0.05820721769499418
3 0.04423748544819558
4 0.02211874272409779
2 0.01979045401629802
9 0.01629802095459837
8 0.011641443538998836
5 0.010477299185098952
6 0.009313154831199068
doc : 42
0 0.7514563106796116
1 0.07864077669902912
7 0.05339805825242718
8 0.027184466019417475
4 0.02524271844660194
5 0.019417475728155338
2 0.015533980582524271
3 0.010679611650485437
6 0.009708737864077669
9 0.008737864077669903
doc : 43
1 0.20422535211267606
5 0.1619718309859155
0 0.1267605633802817
9 0.09154929577464789
3 0.08450704225352113
8 0.07746478873239437
6 0.07746478873239437
7 0.06338028169014084
4 0.056338028169014086
2 0.056338028169014086
doc : 44
1 0.5268817204301075
2 0.14746543778801843
0 0.08448540706605223
9 0.06451612903225806
4 0.05069124423963134
8 0.03379416282642089
3 0.03225806451612903
5 0.026113671274961597
6 0.018433179723502304
7 0.015360983102918587
doc : 45
3 0.8340154615734424
4 0.035925420645748066
1 0.02955889040472942
5 0.02683037744429286
0 0.02592087312414734
7 0.01637107776261937
9 0.010004547521600727
8 0.008185538881309686
6 0.007276034561164165
2 0.005911778080945884
doc : 46
6 0.8977695167286245
9 0.018587360594795536
4 0.013011152416356878
2 0.013011152416356878
8 0.011152416356877323
7 0.009293680297397768
5 0.009293680297397768
3 0.009293680297397768
1 0.009293680297397768
0 0.009293680297397768
doc : 47
5 0.7280858676207513
2 0.08139534883720931
0 0.06350626118067978
4 0.042933810375670844
8 0.024150268336314847
3 0.016100178890876567
7 0.014311270125223614
9 0.010733452593917711
1 0.010733452593917711
6 0.008050089445438283
doc : 48
1 0.8495238095238096
2 0.03428571428571429
3 0.02095238095238095
7 0.017142857142857144
9 0.015238095238095238
5 0.015238095238095238
8 0.013333333333333332
4 0.013333333333333332
0 0.011428571428571429
6 0.009523809523809525
doc : 49
8 0.8920386007237635
1 0.027744270205066344
7 0.019903498190591073
0 0.01447527141133896
9 0.01085645355850422
3 0.010253317249698432
2 0.008443908323281062
5 0.006634499396863691
4 0.00542822677925211
6 0.004221954161640531
