doc : 0
2 0.48026315789473684
5 0.34539473684210525
9 0.03289473684210526
8 0.02631578947368421
7 0.023026315789473683
0 0.023026315789473683
4 0.019736842105263157
6 0.01644736842105263
3 0.01644736842105263
1 0.01644736842105263
doc : 1
2 0.8074766355140187
5 0.04672897196261683
0 0.041121495327102804
9 0.022429906542056077
1 0.01869158878504673
8 0.014953271028037384
4 0.014953271028037384
6 0.013084112149532711
7 0.011214953271028038
3 0.009345794392523366
doc : 2
5 0.5731132075471698
9 0.11084905660377357
0 0.08490566037735849
2 0.0589622641509434
1 0.0589622641509434
8 0.0330188679245283
3 0.0330188679245283
7 0.01650943396226415
6 0.01650943396226415
4 0.014150943396226415
doc : 3
3 0.8808490110950314
5 0.024602026049204053
9 0.02363724071394115
0 0.023154848046309698
1 0.01881331403762663
7 0.007235890014471781
2 0.007235890014471781
4 0.006271104679208876
6 0.004341534008683068
8 0.003859141341051616
doc : 4
0 0.34101382488479265
9 0.15207373271889402
5 0.10599078341013825
3 0.10138248847926268
8 0.08755760368663594
1 0.07373271889400922
2 0.05069124423963134
6 0.03686635944700461
7 0.027649769585253454
4 0.02304147465437788
doc : 5
1 0.4022346368715084
4 0.1675977653631285
8 0.10614525139664804
6 0.1005586592178771
9 0.03910614525139665
7 0.03910614525139665
5 0.03910614525139665
3 0.03910614525139665
0 0.03910614525139665
2 0.02793296089385475
doc : 6
9 0.7386934673366834
7 0.05778894472361809
0 0.05527638190954774
4 0.032663316582914576
1 0.02763819095477387
5 0.02512562814070352
6 0.022613065326633167
3 0.01507537688442211
8 0.01256281407035176
2 0.01256281407035176
doc : 7
1 0.4639175257731959
0 0.17525773195876287
9 0.10996563573883161
6 0.04810996563573883
3 0.04810996563573883
5 0.044673539518900345
2 0.044673539518900345
8 0.024054982817869414
7 0.024054982817869414
4 0.01718213058419244
doc : 8
8 0.5217391304347826
3 0.38509316770186336
6 0.027329192546583853
4 0.013664596273291927
7 0.009937888198757764
5 0.009937888198757764
2 0.009937888198757764
9 0.008695652173913044
0 0.007453416149068323
1 0.006211180124223603
doc : 9
8 0.5279503105590062
3 0.3875776397515528
6 0.01987577639751553
4 0.012422360248447206
9 0.011180124223602485
2 0.011180124223602485
1 0.008695652173913044
5 0.007453416149068323
0 0.007453416149068323
7 0.006211180124223603
doc : 10
6 0.6322081575246132
8 0.3234880450070324
5 0.012658227848101266
4 0.007735583684950774
0 0.004922644163150493
2 0.0042194092827004225
1 0.0042194092827004225
9 0.0035161744022503515
7 0.0035161744022503515
3 0.0035161744022503515
doc : 11
6 0.7819767441860465
8 0.15406976744186046
5 0.016715116279069766
4 0.016715116279069766
2 0.007267441860465116
1 0.007267441860465116
9 0.00436046511627907
7 0.00436046511627907
3 0.003633720930232558
0 0.003633720930232558
doc : 12
6 0.832116788321168
4 0.05895564289724874
8 0.028074115665356544
1 0.020774845592363842
2 0.015160022459292533
5 0.011791128579449748
0 0.010668163952835487
7 0.010106681639528355
9 0.00673778775968557
3 0.005614823133071309
doc : 13
6 0.9048106448311157
1 0.028659160696008188
8 0.014329580348004094
5 0.011258955987717503
3 0.009211873080859774
2 0.008188331627430911
9 0.006141248720573183
7 0.006141248720573183
4 0.006141248720573183
0 0.00511770726714432
doc : 14
6 0.910759493670886
8 0.02278481012658228
4 0.013924050632911392
2 0.012025316455696202
1 0.010759493670886076
0 0.010126582278481013
7 0.00569620253164557
3 0.005063291139240506
9 0.004430379746835443
5 0.004430379746835443
doc : 15
6 0.7378795950985615
8 0.12040490143846563
4 0.05167820990942994
5 0.03782631859350027
0 0.012786361214704315
2 0.012253596164091635
1 0.011188066062866275
9 0.008524240809802876
3 0.004262120404901438
7 0.0031965903036760787
doc : 16
1 0.5289017341040462
4 0.16473988439306358
5 0.07514450867052022
8 0.057803468208092484
6 0.057803468208092484
2 0.028901734104046242
7 0.026011560693641616
9 0.023121387283236993
0 0.02023121387283237
3 0.017341040462427744
doc : 17
0 0.6173570019723866
5 0.19921104536489154
9 0.04339250493096647
7 0.027613412228796846
8 0.02366863905325444
1 0.02366863905325444
3 0.021696252465483234
2 0.01775147928994083
4 0.013806706114398423
6 0.01183431952662722
doc : 18
7 0.7233201581027667
9 0.05138339920948616
4 0.035573122529644265
1 0.035573122529644265
5 0.03162055335968379
0 0.02766798418972332
8 0.023715415019762844
6 0.023715415019762844
3 0.023715415019762844
2 0.023715415019762844
doc : 19
6 0.7915218902015289
8 0.1202223766504517
4 0.02849200833912439
2 0.01320361362056984
9 0.009728978457261988
1 0.009728978457261988
5 0.009034051424600417
7 0.008339124391938846
0 0.005559416261292564
3 0.004169562195969423
doc : 20
6 0.6380057803468208
8 0.2991329479768786
5 0.016618497109826588
4 0.015895953757225433
2 0.0072254335260115606
9 0.006502890173410404
7 0.004335260115606936
3 0.004335260115606936
1 0.004335260115606936
0 0.0036127167630057803
doc : 21
6 0.8648148148148148
8 0.03148148148148148
5 0.021604938271604937
4 0.019135802469135803
0 0.019135802469135803
2 0.014197530864197531
1 0.011728395061728394
9 0.006790123456790123
7 0.006172839506172839
3 0.0049382716049382715
doc : 22
6 0.5736704446381866
8 0.3644289450741064
4 0.011333914559721011
2 0.011333914559721011
1 0.008718395815170008
7 0.006974716652136007
9 0.006102877070619007
3 0.006102877070619007
0 0.006102877070619007
5 0.0052310374891020054
doc : 23
6 0.7795603089720737
4 0.07248960190136661
8 0.06357694592988711
5 0.038027332144979206
2 0.014260249554367202
9 0.008912655971479501
7 0.006535947712418301
0 0.006535947712418301
1 0.005941770647653001
3 0.0041592394533571005
doc : 24
8 0.8603998596983514
3 0.06383725008768852
5 0.01999298491757278
6 0.017888460189407224
4 0.010873377762188705
1 0.00701508242721852
2 0.006664328305857593
7 0.00526131182041389
9 0.004209049456331111
0 0.0038582953349701856
doc : 25
3 0.46960667461263406
8 0.4576877234803337
9 0.011918951132300357
2 0.011918951132300357
6 0.009535160905840286
0 0.009535160905840286
1 0.00834326579261025
7 0.007151370679380214
5 0.007151370679380214
4 0.007151370679380214
doc : 26
8 0.46111111111111114
3 0.4388888888888889
6 0.020833333333333336
2 0.015277777777777779
0 0.015277777777777779
9 0.0125
7 0.009722222222222222
5 0.009722222222222222
4 0.009722222222222222
1 0.006944444444444445
doc : 27
7 0.940996948118006
9 0.009155645981688708
5 0.008138351983723296
8 0.007121057985757883
6 0.007121057985757883
4 0.006103763987792472
1 0.006103763987792472
3 0.00508646998982706
2 0.00508646998982706
0 0.00508646998982706
doc : 28
1 0.46953405017921146
0 0.14336917562724014
9 0.1111111111111111
5 0.07526881720430108
2 0.04659498207885305
7 0.035842293906810034
3 0.035842293906810034
8 0.03225806451612903
6 0.025089605734767026
4 0.025089605734767026
doc : 29
9 0.5535714285714285
5 0.15051020408163265
1 0.08673469387755102
2 0.07142857142857142
0 0.04336734693877551
8 0.033163265306122444
3 0.017857142857142856
7 0.015306122448979591
4 0.015306122448979591
6 0.012755102040816325
doc : 30
9 0.8819301848049281
0 0.029774127310061602
3 0.018480492813141684
7 0.017453798767967148
8 0.01026694045174538
5 0.01026694045174538
4 0.009240246406570842
6 0.008213552361396304
2 0.007186858316221767
1 0.007186858316221767
doc : 31
6 0.8908327501749475
4 0.031490552834149754
8 0.02729181245626312
5 0.00979706088173548
2 0.00979706088173548
1 0.009097270818754373
7 0.005598320503848845
3 0.005598320503848845
0 0.005598320503848845
9 0.00489853044086774
doc : 32
6 0.7914406268836648
8 0.09342977697408077
5 0.038577456298975285
4 0.037371910789632305
2 0.012055455093429777
1 0.007836045810729355
9 0.006027727546714889
7 0.004822182037371911
3 0.004219409282700422
0 0.004219409282700422
doc : 33
6 0.9005315110098709
4 0.028094153378891422
8 0.01442672741078208
5 0.01366742596810934
2 0.009870918754745635
1 0.008352315869400152
0 0.008352315869400152
9 0.00683371298405467
3 0.005315110098709188
7 0.004555808656036447
doc : 34
5 0.40810810810810816
2 0.1972972972972973
3 0.13513513513513514
7 0.07567567567567568
9 0.04054054054054054
6 0.032432432432432434
4 0.032432432432432434
1 0.02972972972972973
0 0.02972972972972973
8 0.01891891891891892
doc : 35
4 0.3090909090909091
5 0.2701298701298701
2 0.17662337662337663
0 0.05714285714285714
1 0.04415584415584416
6 0.03896103896103896
9 0.03116883116883117
8 0.02857142857142857
7 0.02857142857142857
3 0.015584415584415584
doc : 36
7 0.5971223021582734
0 0.08633093525179857
9 0.07913669064748202
1 0.053956834532374105
8 0.03237410071942446
5 0.03237410071942446
3 0.03237410071942446
6 0.02877697841726619
4 0.02877697841726619
2 0.02877697841726619
doc : 37
5 0.6091954022988506
2 0.09770114942528735
7 0.04597701149425287
0 0.04597701149425287
9 0.040229885057471264
8 0.040229885057471264
6 0.034482758620689655
4 0.028735632183908046
3 0.028735632183908046
1 0.028735632183908046
doc : 38
0 0.7956381260096931
7 0.09208400646203554
9 0.053311793214862686
1 0.014539579967689823
3 0.01373182552504039
6 0.007269789983844911
5 0.007269789983844911
4 0.007269789983844911
8 0.004846526655896608
2 0.004038772213247173
doc : 39
7 0.5957446808510638
0 0.15602836879432624
5 0.05437352245862884
3 0.04018912529550828
9 0.035460992907801414
1 0.035460992907801414
2 0.028368794326241134
6 0.02364066193853428
4 0.016548463356973995
8 0.014184397163120567
doc : 40
1 0.907514450867052
4 0.01348747591522158
6 0.011560693641618497
9 0.009633911368015413
8 0.009633911368015413
7 0.009633911368015413
5 0.009633911368015413
3 0.009633911368015413
2 0.009633911368015413
0 0.009633911368015413
doc : 41
2 0.8251533742331288
5 0.08282208588957056
0 0.013803680981595092
6 0.012269938650306749
4 0.012269938650306749
1 0.012269938650306749
9 0.010736196319018405
8 0.010736196319018405
3 0.010736196319018405
7 0.009202453987730062
doc : 42
7 0.5074183976261127
2 0.271513353115727
9 0.08605341246290801
0 0.03857566765578635
8 0.026706231454005934
3 0.025222551928783383
5 0.013353115727002967
1 0.013353115727002967
6 0.008902077151335312
4 0.008902077151335312
doc : 43
2 0.7289377289377289
5 0.07326007326007326
3 0.03663003663003663
9 0.02564102564102564
8 0.02564102564102564
0 0.02564102564102564
7 0.021978021978021976
6 0.021978021978021976
1 0.021978021978021976
4 0.018315018315018316
doc : 44
7 0.6892655367231638
2 0.07532956685499058
5 0.04896421845574388
8 0.04519774011299435
0 0.03954802259887005
4 0.02824858757062147
1 0.026365348399246702
9 0.022598870056497175
3 0.015065913370998116
6 0.009416195856873822
doc : 45
9 0.6570048309178743
7 0.10144927536231883
0 0.0748792270531401
1 0.03864734299516908
3 0.026570048309178744
6 0.024154589371980676
5 0.024154589371980676
4 0.01932367149758454
2 0.01932367149758454
8 0.014492753623188404
doc : 46
0 0.6691729323308271
2 0.09398496240601503
5 0.05639097744360902
9 0.03759398496240601
8 0.03759398496240601
7 0.02631578947368421
3 0.022556390977443608
6 0.018796992481203006
4 0.018796992481203006
1 0.018796992481203006
doc : 47
4 0.9350649350649352
8 0.012175324675324676
1 0.011363636363636364
2 0.010551948051948052
5 0.008116883116883118
3 0.005681818181818182
7 0.00487012987012987
9 0.004058441558441559
6 0.004058441558441559
0 0.004058441558441559
doc : 48
7 0.7092651757188498
0 0.05750798722044728
5 0.04792332268370607
1 0.04792332268370607
8 0.02875399361022364
2 0.02875399361022364
9 0.025559105431309903
4 0.022364217252396165
6 0.01597444089456869
3 0.01597444089456869
doc : 49
2 0.9384003974167908
5 0.02036761053154496
0 0.00894187779433681
6 0.005961251862891207
4 0.005961251862891207
9 0.00546448087431694
7 0.004967709885742673
1 0.003974167908594138
8 0.0029806259314456036
3 0.0029806259314456036
