doc : 0
5 0.7436582109479305
4 0.13751668891855806
7 0.02403204272363151
2 0.017356475300400534
1 0.017356475300400534
8 0.014686248331108143
6 0.01335113484646195
3 0.01335113484646195
9 0.010680907877169559
0 0.008010680907877168
doc : 1
5 0.7182910547396528
4 0.14819759679572764
7 0.028037383177570093
8 0.0267022696929239
1 0.020026702269692925
0 0.016021361815754337
6 0.012016021361815754
9 0.010680907877169559
3 0.010680907877169559
2 0.009345794392523364
doc : 2
5 0.771830985915493
2 0.03943661971830986
1 0.036619718309859155
8 0.028169014084507043
7 0.022535211267605635
6 0.022535211267605635
3 0.022535211267605635
0 0.022535211267605635
9 0.01971830985915493
4 0.014084507042253521
doc : 3
4 0.6042031523642732
5 0.22416812609457093
3 0.0542907180385289
8 0.024518388791593695
7 0.02276707530647986
2 0.021015761821366025
9 0.014010507880910683
6 0.014010507880910683
1 0.010507880910683012
0 0.010507880910683012
doc : 4
5 0.5975103734439834
1 0.08298755186721991
4 0.058091286307053944
0 0.05394190871369295
7 0.04564315352697095
6 0.03734439834024896
8 0.03319502074688797
3 0.03319502074688797
2 0.03319502074688797
9 0.024896265560165977
doc : 5
5 0.2849002849002849
2 0.2535612535612536
4 0.11680911680911682
1 0.07977207977207977
7 0.07407407407407408
0 0.05128205128205129
8 0.045584045584045586
9 0.039886039886039885
6 0.03133903133903134
3 0.022792022792022793
doc : 6
5 0.6300940438871473
4 0.09404388714733541
0 0.05956112852664577
3 0.0438871473354232
1 0.0438871473354232
8 0.034482758620689655
7 0.028213166144200625
6 0.028213166144200625
2 0.0219435736677116
9 0.01567398119122257
doc : 7
4 0.5945273631840796
5 0.2288557213930348
3 0.03482587064676617
7 0.03233830845771144
1 0.02487562189054726
0 0.022388059701492536
8 0.01990049751243781
9 0.014925373134328358
2 0.014925373134328358
6 0.01243781094527363
doc : 8
4 0.5508474576271186
5 0.1977401129943503
8 0.0480225988700565
3 0.0480225988700565
0 0.04519774011299435
7 0.031073446327683614
1 0.022598870056497175
9 0.019774011299435026
6 0.019774011299435026
2 0.01694915254237288
doc : 9
4 0.6293532338308457
5 0.20149253731343283
8 0.029850746268656716
0 0.02736318407960199
7 0.022388059701492536
3 0.022388059701492536
1 0.022388059701492536
9 0.017412935323383085
6 0.014925373134328358
2 0.01243781094527363
doc : 10
4 0.5508474576271186
5 0.23728813559322035
8 0.04519774011299435
3 0.0423728813559322
7 0.031073446327683614
2 0.019774011299435026
1 0.019774011299435026
0 0.019774011299435026
9 0.01694915254237288
6 0.01694915254237288
doc : 11
5 0.7423510466988728
8 0.09339774557165861
0 0.03542673107890499
1 0.033816425120772944
3 0.01932367149758454
7 0.017713365539452495
2 0.017713365539452495
9 0.01610305958132045
4 0.01288244766505636
6 0.011272141706924315
doc : 12
5 0.7801778907242695
0 0.0457433290978399
8 0.04066073697585769
2 0.029224904701397714
3 0.026683608640406607
1 0.021601016518424398
7 0.01905972045743329
9 0.01397712833545108
6 0.01397712833545108
4 0.008894536213468869
doc : 13
5 0.6256613756613756
0 0.2698412698412698
4 0.017195767195767195
3 0.017195767195767195
8 0.013227513227513227
7 0.013227513227513227
6 0.011904761904761904
2 0.011904761904761904
9 0.010582010582010581
1 0.009259259259259259
doc : 14
7 0.7749077490774907
5 0.04059040590405904
4 0.02952029520295203
2 0.025830258302583026
1 0.025830258302583026
0 0.025830258302583026
3 0.02214022140221402
9 0.01845018450184502
8 0.01845018450184502
6 0.01845018450184502
doc : 15
7 0.878048780487805
8 0.01829268292682927
3 0.016260162601626018
5 0.014227642276422765
1 0.014227642276422765
0 0.014227642276422765
6 0.012195121951219513
2 0.012195121951219513
9 0.010162601626016262
4 0.010162601626016262
doc : 16
5 0.47619047619047616
3 0.11224489795918367
4 0.09183673469387754
0 0.07482993197278912
7 0.07142857142857142
8 0.05442176870748299
1 0.04421768707482993
6 0.030612244897959183
9 0.023809523809523808
2 0.02040816326530612
doc : 17
9 0.1
8 0.1
7 0.1
6 0.1
5 0.1
4 0.1
3 0.1
2 0.1
1 0.1
0 0.1
doc : 18
5 0.785
8 0.05625
4 0.0325
2 0.0325
6 0.02125
3 0.02125
1 0.01625
7 0.01375
0 0.0125
9 0.00875
doc : 19
5 0.6872370266479664
0 0.19775596072931276
7 0.023842917251051893
3 0.023842917251051893
8 0.019635343618513323
6 0.011220196353436185
4 0.011220196353436185
9 0.008415147265077139
2 0.008415147265077139
1 0.008415147265077139
doc : 20
7 0.8520286396181385
1 0.023866348448687354
8 0.01909307875894988
0 0.01909307875894988
5 0.016706443914081145
9 0.014319809069212411
6 0.014319809069212411
4 0.014319809069212411
2 0.014319809069212411
3 0.011933174224343677
doc : 21
7 0.8776371308016877
5 0.018987341772151896
2 0.016877637130801686
8 0.014767932489451475
3 0.014767932489451475
4 0.012658227848101264
1 0.012658227848101264
9 0.010548523206751054
6 0.010548523206751054
0 0.010548523206751054
doc : 22
7 0.9064625850340136
6 0.013605442176870748
5 0.013605442176870748
1 0.011904761904761904
9 0.01020408163265306
4 0.01020408163265306
8 0.008503401360544217
3 0.008503401360544217
2 0.008503401360544217
0 0.008503401360544217
doc : 23
7 0.9041533546325878
0 0.01437699680511182
2 0.012779552715654952
8 0.011182108626198083
5 0.011182108626198083
3 0.011182108626198083
6 0.009584664536741214
4 0.009584664536741214
9 0.007987220447284345
1 0.007987220447284345
doc : 24
7 0.8864468864468864
1 0.018315018315018316
8 0.014652014652014652
5 0.01282051282051282
4 0.01282051282051282
3 0.01282051282051282
2 0.01282051282051282
0 0.010989010989010988
9 0.009157509157509158
6 0.009157509157509158
doc : 25
7 0.9423076923076924
4 0.00904977375565611
2 0.007918552036199096
0 0.006787330316742082
9 0.005656108597285069
8 0.005656108597285069
6 0.005656108597285069
5 0.005656108597285069
3 0.005656108597285069
1 0.005656108597285069
doc : 26
7 0.924031007751938
1 0.010852713178294573
5 0.009302325581395349
4 0.009302325581395349
9 0.007751937984496124
8 0.007751937984496124
6 0.007751937984496124
3 0.007751937984496124
2 0.007751937984496124
0 0.007751937984496124
doc : 27
1 0.8096446700507614
5 0.09771573604060912
4 0.02284263959390863
3 0.012690355329949238
0 0.012690355329949238
8 0.01015228426395939
9 0.008883248730964466
7 0.008883248730964466
2 0.008883248730964466
6 0.0076142131979695426
doc : 28
7 0.869047619047619
5 0.017857142857142856
4 0.017857142857142856
9 0.015873015873015872
8 0.013888888888888888
3 0.013888888888888888
2 0.013888888888888888
0 0.013888888888888888
6 0.011904761904761904
1 0.011904761904761904
doc : 29
7 0.9060205580029368
9 0.014684287812041116
2 0.011747430249632892
8 0.010279001468428781
5 0.010279001468428781
4 0.010279001468428781
3 0.010279001468428781
0 0.010279001468428781
6 0.008810572687224669
1 0.007342143906020558
doc : 30
4 0.761954261954262
7 0.20893970893970895
1 0.004677754677754678
0 0.004677754677754678
8 0.004158004158004158
6 0.0036382536382536385
5 0.0036382536382536385
9 0.0031185031185031187
3 0.002598752598752599
2 0.002598752598752599
doc : 31
5 0.8245614035087718
7 0.03759398496240601
1 0.02756892230576441
4 0.02631578947368421
3 0.020050125313283207
6 0.017543859649122806
8 0.016290726817042606
2 0.012531328320802004
9 0.010025062656641603
0 0.007518796992481203
doc : 32
5 0.9544468546637744
0 0.008676789587852495
3 0.0065075921908893716
2 0.005422993492407809
1 0.005422993492407809
6 0.004880694143167028
7 0.004338394793926247
8 0.0037960954446854666
9 0.0032537960954446858
4 0.0032537960954446858
doc : 33
5 0.9569767441860465
0 0.012790697674418604
7 0.005813953488372093
8 0.004651162790697674
6 0.004651162790697674
3 0.0034883720930232558
9 0.0029069767441860465
4 0.0029069767441860465
2 0.0029069767441860465
1 0.0029069767441860465
doc : 34
5 0.9463621879978756
0 0.019118428040361124
9 0.005310674455655868
1 0.004779607010090281
8 0.004248539564524694
7 0.004248539564524694
6 0.004248539564524694
3 0.004248539564524694
2 0.004248539564524694
4 0.003186404673393521
doc : 35
0 0.9610250934329951
5 0.00800854244527496
3 0.006940736785904965
9 0.0037373198077949813
2 0.0037373198077949813
1 0.0037373198077949813
8 0.003203416978109984
7 0.003203416978109984
6 0.003203416978109984
4 0.003203416978109984
doc : 36
0 0.9558040468583601
5 0.014909478168264111
4 0.005324813631522898
3 0.004792332268370608
2 0.003727369542066028
1 0.003727369542066028
7 0.0031948881789137383
6 0.0031948881789137383
9 0.002662406815761449
8 0.002662406815761449
doc : 37
0 0.9695977549111319
5 0.005612722170252573
9 0.0037418147801683817
4 0.0037418147801683817
1 0.0037418147801683817
8 0.0028063610851262865
7 0.0028063610851262865
6 0.0028063610851262865
3 0.0028063610851262865
2 0.0023386342376052385
doc : 38
5 0.37072243346007605
4 0.21292775665399238
7 0.1520912547528517
0 0.07224334600760456
2 0.04752851711026616
3 0.045627376425855515
8 0.03802281368821293
1 0.03231939163498099
6 0.015209125475285171
9 0.013307984790874524
doc : 39
5 0.927122464312547
0 0.01728024042073629
4 0.010518407212622089
3 0.008264462809917356
8 0.0075131480090157785
6 0.0075131480090157785
1 0.0067618332081142
2 0.006010518407212622
7 0.005259203606311044
9 0.0037565740045078892
doc : 40
8 0.8769657724329325
6 0.02590194264569843
2 0.020351526364477335
4 0.01572617946345976
1 0.014801110083256245
3 0.012950971322849215
5 0.011100832562442185
7 0.008325624421831638
9 0.0074005550416281225
0 0.006475485661424607
doc : 41
1 0.6969292389853138
8 0.08678237650200267
3 0.0520694259012016
4 0.04005340453938585
7 0.03337783711615487
5 0.032042723631508674
6 0.022696929238985312
9 0.016021361815754337
2 0.01335113484646195
0 0.006675567423230975
doc : 42
4 0.71
7 0.08600000000000001
3 0.054
6 0.05
2 0.03
5 0.02
8 0.016
1 0.012
0 0.012
9 0.01
doc : 43
6 0.9878238708763981
9 0.002123743451791024
2 0.0016989947614328188
5 0.0015574118646467508
4 0.0015574118646467508
3 0.0012742460710746142
1 0.0012742460710746142
7 9.910802775024777E-4
8 8.494973807164094E-4
0 8.494973807164094E-4
doc : 44
4 0.6041666666666666
5 0.14962121212121213
3 0.06818181818181818
2 0.03409090909090909
6 0.030303030303030304
0 0.030303030303030304
1 0.02840909090909091
7 0.020833333333333336
8 0.01893939393939394
9 0.015151515151515152
doc : 45
4 0.6195856873822976
5 0.1374764595103578
3 0.07532956685499058
2 0.035781544256120526
6 0.032015065913371
1 0.02824858757062147
0 0.020715630885122408
7 0.018832391713747645
9 0.01694915254237288
8 0.015065913370998116
doc : 46
2 0.5718475073313783
8 0.11436950146627566
5 0.05571847507331378
7 0.04985337243401759
1 0.04985337243401759
3 0.04398826979472141
4 0.04105571847507331
9 0.026392961876832845
0 0.026392961876832845
6 0.020527859237536656
doc : 47
4 0.4459338695263628
2 0.17873100983020554
8 0.129579982126899
6 0.09204647006255585
5 0.035746201966041107
3 0.035746201966041107
9 0.024128686327077747
7 0.02323503127792672
1 0.02323503127792672
0 0.01161751563896336
doc : 48
8 0.9026063100137174
2 0.02194787379972565
9 0.015089163237311385
5 0.010973936899862825
7 0.009602194787379972
3 0.009602194787379972
1 0.008230452674897118
0 0.008230452674897118
6 0.006858710562414266
4 0.006858710562414266
doc : 49
3 0.9515717926932881
7 0.006796941376380629
5 0.006796941376380629
9 0.00594732370433305
6 0.00594732370433305
8 0.005097706032285472
0 0.005097706032285472
4 0.004248088360237893
2 0.004248088360237893
1 0.004248088360237893
doc : 50
3 0.9537426408746845
5 0.00672834314550042
7 0.0058873002523128675
2 0.0058873002523128675
8 0.005046257359125315
6 0.005046257359125315
0 0.005046257359125315
9 0.004205214465937763
4 0.004205214465937763
1 0.004205214465937763
doc : 51
3 0.9498703543647364
9 0.006914433880726016
5 0.006914433880726016
6 0.006050129645635264
8 0.005185825410544511
7 0.005185825410544511
4 0.005185825410544511
1 0.005185825410544511
0 0.005185825410544511
2 0.00432152117545376
doc : 52
2 0.942144373673036
5 0.019639065817409766
9 0.007961783439490446
8 0.007961783439490446
7 0.004777070063694267
4 0.0037154989384288748
3 0.0037154989384288748
1 0.0037154989384288748
0 0.0037154989384288748
6 0.002653927813163482
doc : 53
7 0.6044444444444445
2 0.2745679012345679
9 0.0854320987654321
8 0.008888888888888889
1 0.006913580246913581
6 0.005432098765432099
5 0.0049382716049382715
4 0.0034567901234567903
3 0.0029629629629629632
0 0.0029629629629629632
doc : 54
0 0.9742558326629123
5 0.004022526146419951
2 0.003620273531777956
1 0.003620273531777956
7 0.0028157683024939663
3 0.0028157683024939663
9 0.002413515687851971
4 0.002413515687851971
8 0.0020112630732099755
6 0.0020112630732099755
doc : 55
0 0.9299760191846523
4 0.012949640287769784
1 0.009592326139088728
5 0.009112709832134292
6 0.00815347721822542
8 0.007194244604316547
2 0.007194244604316547
3 0.006235011990407674
9 0.0057553956834532375
7 0.0038369304556354917
doc : 56
5 0.7205298013245033
0 0.09271523178807947
1 0.05033112582781457
8 0.0423841059602649
3 0.030463576158940398
7 0.022516556291390728
4 0.01456953642384106
2 0.010596026490066225
9 0.007947019867549669
6 0.007947019867549669
doc : 57
8 0.9035202086049543
2 0.01955671447196871
7 0.014341590612777053
3 0.01303780964797914
5 0.010430247718383311
1 0.010430247718383311
9 0.007822685788787483
6 0.007822685788787483
4 0.00651890482398957
0 0.00651890482398957
doc : 58
3 0.945624468988955
5 0.013593882752761258
0 0.006796941376380629
4 0.00594732370433305
9 0.005097706032285472
6 0.005097706032285472
1 0.005097706032285472
8 0.004248088360237893
7 0.004248088360237893
2 0.004248088360237893
doc : 59
3 0.9576490924805532
8 0.006050129645635264
5 0.006050129645635264
9 0.00432152117545376
7 0.00432152117545376
6 0.00432152117545376
4 0.00432152117545376
2 0.00432152117545376
1 0.00432152117545376
0 0.00432152117545376
doc : 60
3 0.9520000000000001
7 0.008
0 0.0064
2 0.0056
1 0.0056
9 0.0048000000000000004
5 0.0048000000000000004
4 0.0048000000000000004
8 0.004
6 0.004
doc : 61
3 0.9537426408746845
5 0.007569386038687973
9 0.0058873002523128675
7 0.0058873002523128675
2 0.005046257359125315
1 0.005046257359125315
8 0.004205214465937763
6 0.004205214465937763
4 0.004205214465937763
0 0.004205214465937763
doc : 62
3 0.9528619528619529
8 0.007575757575757575
1 0.006734006734006734
9 0.00505050505050505
7 0.00505050505050505
5 0.00505050505050505
0 0.00505050505050505
6 0.004208754208754209
4 0.004208754208754209
2 0.004208754208754209
doc : 63
2 0.9453290870488322
5 0.014331210191082803
1 0.007961783439490446
8 0.006900212314225053
9 0.00583864118895966
7 0.005307855626326964
0 0.004777070063694267
6 0.004246284501061571
4 0.002653927813163482
3 0.002653927813163482
doc : 64
2 0.6869455006337135
6 0.07731305449936628
4 0.06717363751584284
9 0.06083650190114068
3 0.026615969581749048
8 0.021546261089987324
5 0.021546261089987324
1 0.01520912547528517
0 0.012674271229404309
7 0.010139416983523447
doc : 65
9 0.919367434595861
2 0.04854874398021606
6 0.013536379018612522
4 0.0067031107640244695
8 0.005661850839515814
7 0.0018872836131719382
5 0.0013666536509176104
1 0.0011063386697904465
3 9.111024339450736E-4
0 9.111024339450736E-4
doc : 66
6 0.9760281269976561
2 0.007670999360750053
9 0.005007457916045174
8 0.0031962497336458554
4 0.0020242914979757085
7 0.0019177498401875132
3 0.0014915832090347326
5 0.0011719582356701469
1 7.457916045173663E-4
0 7.457916045173663E-4
doc : 67
8 0.8538116591928251
6 0.04484304932735426
2 0.04484304932735426
9 0.009865470852017937
5 0.009865470852017937
7 0.008071748878923767
1 0.008071748878923767
0 0.008071748878923767
3 0.007174887892376682
4 0.0053811659192825115
doc : 68
8 0.907608695652174
2 0.014130434782608696
6 0.013043478260869566
9 0.011956521739130435
4 0.010869565217391304
3 0.010869565217391304
7 0.009782608695652175
5 0.009782608695652175
0 0.006521739130434783
1 0.005434782608695652
doc : 69
8 0.9375573921028466
9 0.011019283746556474
6 0.009182736455463728
2 0.008264462809917356
7 0.006427915518824609
5 0.006427915518824609
1 0.006427915518824609
0 0.005509641873278237
4 0.004591368227731864
3 0.004591368227731864
doc : 70
8 0.8600556070435589
6 0.03521779425393883
2 0.03429101019462465
7 0.016682113067655237
9 0.013901760889712697
4 0.011121408711770158
5 0.010194624652455977
3 0.008341056533827619
1 0.005560704355885079
0 0.0046339202965708995
doc : 71
7 0.6422689844464776
5 0.24794144556267156
0 0.023787740164684355
4 0.022872827081427266
8 0.01280878316559927
3 0.01280878316559927
1 0.010978956999085087
2 0.010064043915827997
9 0.008234217749313816
6 0.008234217749313816
doc : 72
7 0.5461254612546125
5 0.29335793357933576
0 0.03505535055350553
3 0.02952029520295203
8 0.01845018450184502
4 0.016605166051660517
2 0.016605166051660517
1 0.016605166051660517
9 0.014760147601476014
6 0.012915129151291513
doc : 73
8 0.8871841155234658
6 0.023465703971119134
2 0.023465703971119134
7 0.013537906137184115
9 0.012635379061371842
4 0.009927797833935019
1 0.00812274368231047
0 0.00812274368231047
5 0.007220216606498195
3 0.006317689530685921
doc : 74
5 0.9363057324840764
0 0.030254777070063694
3 0.006900212314225053
8 0.00583864118895966
2 0.004246284501061571
1 0.004246284501061571
7 0.0037154989384288748
4 0.0031847133757961785
9 0.002653927813163482
6 0.002653927813163482
doc : 75
2 0.7464342313787639
4 0.09033280507131537
6 0.03803486529318542
7 0.030110935023771792
9 0.02377179080824089
5 0.017432646592709985
8 0.01584786053882726
1 0.014263074484944533
0 0.012678288431061807
3 0.011093502377179081
doc : 76
5 0.8609355246523389
0 0.04677623261694058
3 0.030341340075853353
7 0.01390644753476612
4 0.012642225031605564
1 0.012010113780025285
2 0.009481668773704172
6 0.0050568900126422255
9 0.004424778761061947
8 0.004424778761061947
doc : 77
1 0.9692138537658054
8 0.004947773501924134
0 0.003848268279274327
9 0.003298515667949423
6 0.003298515667949423
5 0.003298515667949423
3 0.003298515667949423
2 0.003298515667949423
7 0.002748763056624519
4 0.002748763056624519
doc : 78
9 0.1
8 0.1
7 0.1
6 0.1
5 0.1
4 0.1
3 0.1
2 0.1
1 0.1
0 0.1
doc : 79
2 0.5139573070607554
9 0.11822660098522167
8 0.1116584564860427
4 0.090311986863711
7 0.04597701149425287
5 0.03940886699507389
0 0.027914614121510674
1 0.019704433497536946
3 0.0180623973727422
6 0.014778325123152709
doc : 80
4 0.6900584795321637
2 0.22157244964262507
8 0.016894087069525665
6 0.016894087069525665
7 0.015594541910331383
9 0.01364522417153996
3 0.008447043534762833
5 0.00649772579597141
0 0.005847953216374269
1 0.004548408057179987
doc : 81
3 0.9504
7 0.009600000000000001
8 0.0056
5 0.0056
2 0.0056
0 0.0056
6 0.0048000000000000004
1 0.0048000000000000004
9 0.004
4 0.004
doc : 82
3 0.9503367003367003
9 0.006734006734006734
5 0.006734006734006734
1 0.006734006734006734
0 0.006734006734006734
8 0.005892255892255892
7 0.004208754208754209
6 0.004208754208754209
4 0.004208754208754209
2 0.004208754208754209
doc : 83
4 0.6330862533692723
2 0.25977088948787064
9 0.05694070080862534
5 0.014487870619946093
8 0.007749326145552561
6 0.007412398921832885
1 0.006401617250673855
3 0.0057277628032345014
7 0.004716981132075472
0 0.0037061994609164425
doc : 84
2 0.799203187250996
7 0.04621513944223108
9 0.045418326693227096
8 0.035856573705179286
4 0.0350597609561753
6 0.01354581673306773
5 0.007171314741035857
1 0.006374501992031873
3 0.005577689243027889
0 0.005577689243027889
doc : 85
3 0.9471476510067114
8 0.008389261744966443
5 0.008389261744966443
1 0.006711409395973154
0 0.00587248322147651
9 0.0050335570469798654
6 0.0050335570469798654
4 0.0050335570469798654
7 0.0041946308724832215
2 0.0041946308724832215
doc : 86
0 0.9770716009654062
8 0.003620273531777956
7 0.003218020917135961
5 0.0028157683024939663
3 0.002413515687851971
2 0.002413515687851971
1 0.002413515687851971
9 0.0020112630732099755
6 0.0020112630732099755
4 0.0020112630732099755
doc : 87
0 0.970533208606174
5 0.0037418147801683817
4 0.0037418147801683817
2 0.0037418147801683817
1 0.0037418147801683817
9 0.003274087932647334
3 0.003274087932647334
7 0.0028063610851262865
6 0.0028063610851262865
8 0.0023386342376052385
doc : 88
8 0.8341968911917099
2 0.042746113989637305
9 0.02590673575129534
6 0.01683937823834197
5 0.015544041450777202
4 0.015544041450777202
3 0.015544041450777202
7 0.011658031088082901
0 0.011658031088082901
1 0.010362694300518135
doc : 89
1 0.7250361794500723
8 0.06512301013024602
3 0.04630969609261939
7 0.04052098408104197
6 0.03762662807525325
4 0.03183791606367583
5 0.018813314037626625
9 0.011577424023154847
2 0.011577424023154847
0 0.011577424023154847
doc : 90
2 0.9136125654450262
8 0.014397905759162303
6 0.013089005235602094
5 0.012216404886561954
4 0.010907504363001745
1 0.009162303664921467
3 0.008289703315881327
7 0.006980802792321117
9 0.005671902268760908
0 0.005671902268760908
doc : 91
2 0.846703733121525
4 0.03097696584590945
9 0.02859412231930103
6 0.021445591739475772
8 0.019062748212867353
7 0.017474185861795076
1 0.011119936457505957
5 0.009531374106433677
0 0.009531374106433677
3 0.005559968228752979
doc : 92
1 0.973633748801534
2 0.004793863854266538
6 0.003355704697986577
3 0.003355704697986577
9 0.0028763183125599234
8 0.002396931927133269
7 0.002396931927133269
5 0.002396931927133269
4 0.002396931927133269
0 0.002396931927133269
doc : 93
1 0.9726749760306806
3 0.004314477468839885
9 0.003355704697986577
5 0.003355704697986577
2 0.003355704697986577
7 0.0028763183125599234
6 0.0028763183125599234
8 0.002396931927133269
4 0.002396931927133269
0 0.002396931927133269
doc : 94
1 0.9753086419753086
8 0.0033238366571699905
5 0.0033238366571699905
7 0.002849002849002849
2 0.002849002849002849
0 0.002849002849002849
9 0.002374169040835708
6 0.002374169040835708
4 0.002374169040835708
3 0.002374169040835708
doc : 95
1 0.9685621821544151
4 0.004623208506703652
0 0.004623208506703652
5 0.0036985668053629217
3 0.0036985668053629217
9 0.0032362459546925564
7 0.0032362459546925564
6 0.0032362459546925564
2 0.002773925104022191
8 0.002311604253351826
doc : 96
1 0.9753086419753086
7 0.003798670465337132
0 0.0033238366571699905
6 0.002849002849002849
5 0.002849002849002849
9 0.002374169040835708
8 0.002374169040835708
4 0.002374169040835708
3 0.002374169040835708
2 0.002374169040835708
doc : 97
8 0.9380203515263645
2 0.011100832562442185
7 0.0074005550416281225
5 0.0074005550416281225
9 0.006475485661424607
6 0.006475485661424607
3 0.006475485661424607
1 0.006475485661424607
4 0.005550416281221092
0 0.004625346901017576
doc : 98
6 0.7077534791252484
1 0.06958250497017891
9 0.03777335984095427
8 0.03578528827037773
4 0.03379721669980119
2 0.03379721669980119
5 0.02783300198807157
3 0.02385685884691849
0 0.019880715705765405
7 0.009940357852882702
doc : 99
2 0.6472222222222223
8 0.061111111111111116
6 0.058333333333333334
7 0.05555555555555556
4 0.05277777777777778
5 0.03888888888888889
9 0.02777777777777778
1 0.022222222222222223
0 0.022222222222222223
3 0.01388888888888889
