doc : 0
0 0.3939393939393939
2 0.21515151515151515
9 0.14545454545454545
4 0.08484848484848485
6 0.04242424242424243
1 0.02727272727272727
8 0.024242424242424242
5 0.024242424242424242
7 0.021212121212121213
3 0.021212121212121213
doc : 1
2 0.5026178010471205
8 0.08376963350785341
5 0.07853403141361257
4 0.06282722513089006
9 0.05759162303664922
6 0.05235602094240838
0 0.04712041884816754
1 0.041884816753926704
7 0.03664921465968587
3 0.03664921465968587
doc : 2
8 0.9341614906832298
2 0.009937888198757764
9 0.008695652173913044
4 0.008695652173913044
0 0.007453416149068323
7 0.006211180124223603
6 0.006211180124223603
5 0.006211180124223603
3 0.006211180124223603
1 0.006211180124223603
doc : 3
2 0.7564935064935066
1 0.04220779220779221
8 0.03571428571428572
0 0.03246753246753247
3 0.025974025974025976
9 0.022727272727272728
6 0.022727272727272728
4 0.022727272727272728
7 0.01948051948051948
5 0.01948051948051948
doc : 4
2 0.7686832740213523
1 0.03558718861209964
8 0.03202846975088968
7 0.028469750889679714
3 0.028469750889679714
0 0.02491103202846975
9 0.021352313167259787
6 0.021352313167259787
4 0.021352313167259787
5 0.01779359430604982
doc : 5
2 0.8253968253968254
4 0.05423280423280423
9 0.03306878306878307
8 0.03306878306878307
0 0.013227513227513227
6 0.009259259259259259
5 0.009259259259259259
7 0.007936507936507936
3 0.007936507936507936
1 0.006613756613756613
doc : 6
1 0.5895765472312704
2 0.15960912052117265
4 0.055374592833876225
8 0.048859934853420196
9 0.04560260586319218
3 0.02280130293159609
0 0.02280130293159609
6 0.01954397394136808
5 0.01954397394136808
7 0.016286644951140065
doc : 7
4 0.6218487394957983
9 0.04201680672268907
8 0.04201680672268907
7 0.04201680672268907
6 0.04201680672268907
5 0.04201680672268907
3 0.04201680672268907
2 0.04201680672268907
1 0.04201680672268907
0 0.04201680672268907
doc : 8
4 0.6
1 0.058333333333333334
2 0.05
9 0.041666666666666664
8 0.041666666666666664
7 0.041666666666666664
6 0.041666666666666664
5 0.041666666666666664
3 0.041666666666666664
0 0.041666666666666664
doc : 9
4 0.6134453781512604
7 0.05042016806722689
9 0.04201680672268907
8 0.04201680672268907
6 0.04201680672268907
5 0.04201680672268907
3 0.04201680672268907
2 0.04201680672268907
1 0.04201680672268907
0 0.04201680672268907
doc : 10
4 0.5966386554621849
9 0.05042016806722689
2 0.05042016806722689
0 0.05042016806722689
8 0.04201680672268907
7 0.04201680672268907
6 0.04201680672268907
5 0.04201680672268907
3 0.04201680672268907
1 0.04201680672268907
doc : 11
4 0.6134453781512604
3 0.05042016806722689
9 0.04201680672268907
8 0.04201680672268907
7 0.04201680672268907
6 0.04201680672268907
5 0.04201680672268907
2 0.04201680672268907
1 0.04201680672268907
0 0.04201680672268907
doc : 12
4 0.5916666666666667
2 0.058333333333333334
9 0.05
0 0.05
8 0.041666666666666664
7 0.041666666666666664
6 0.041666666666666664
5 0.041666666666666664
3 0.041666666666666664
1 0.041666666666666664
doc : 13
4 0.6218487394957983
9 0.04201680672268907
8 0.04201680672268907
7 0.04201680672268907
6 0.04201680672268907
5 0.04201680672268907
3 0.04201680672268907
2 0.04201680672268907
1 0.04201680672268907
0 0.04201680672268907
doc : 14
4 0.6083333333333333
8 0.05
2 0.05
9 0.041666666666666664
7 0.041666666666666664
6 0.041666666666666664
5 0.041666666666666664
3 0.041666666666666664
1 0.041666666666666664
0 0.041666666666666664
doc : 15
4 0.6218487394957983
9 0.04201680672268907
8 0.04201680672268907
7 0.04201680672268907
6 0.04201680672268907
5 0.04201680672268907
3 0.04201680672268907
2 0.04201680672268907
1 0.04201680672268907
0 0.04201680672268907
doc : 16
4 0.6050420168067226
8 0.05042016806722689
1 0.05042016806722689
9 0.04201680672268907
7 0.04201680672268907
6 0.04201680672268907
5 0.04201680672268907
3 0.04201680672268907
2 0.04201680672268907
0 0.04201680672268907
doc : 17
4 0.6967213114754098
9 0.04918032786885246
0 0.045081967213114756
1 0.04098360655737705
3 0.036885245901639344
2 0.036885245901639344
6 0.03278688524590164
8 0.020491803278688527
7 0.020491803278688527
5 0.020491803278688527
doc : 18
4 0.7235294117647059
9 0.041176470588235294
8 0.029411764705882353
7 0.029411764705882353
6 0.029411764705882353
5 0.029411764705882353
3 0.029411764705882353
2 0.029411764705882353
1 0.029411764705882353
0 0.029411764705882353
doc : 19
4 0.7337278106508875
9 0.029585798816568046
8 0.029585798816568046
7 0.029585798816568046
6 0.029585798816568046
5 0.029585798816568046
3 0.029585798816568046
2 0.029585798816568046
1 0.029585798816568046
0 0.029585798816568046
doc : 20
4 0.7206703910614526
9 0.03910614525139665
0 0.03910614525139665
7 0.0335195530726257
8 0.02793296089385475
6 0.02793296089385475
5 0.02793296089385475
3 0.02793296089385475
2 0.02793296089385475
1 0.02793296089385475
doc : 21
4 0.7032967032967034
9 0.05494505494505495
1 0.04395604395604396
3 0.03296703296703297
8 0.027472527472527476
7 0.027472527472527476
6 0.027472527472527476
5 0.027472527472527476
2 0.027472527472527476
0 0.027472527472527476
doc : 22
4 0.7111111111111111
9 0.05
1 0.044444444444444446
8 0.02777777777777778
7 0.02777777777777778
6 0.02777777777777778
5 0.02777777777777778
3 0.02777777777777778
2 0.02777777777777778
0 0.02777777777777778
doc : 23
4 0.7134146341463415
9 0.03658536585365854
8 0.03658536585365854
7 0.03048780487804878
6 0.03048780487804878
5 0.03048780487804878
3 0.03048780487804878
2 0.03048780487804878
1 0.03048780487804878
0 0.03048780487804878
doc : 24
4 0.6967741935483871
7 0.03870967741935484
3 0.03870967741935484
9 0.03225806451612903
8 0.03225806451612903
6 0.03225806451612903
5 0.03225806451612903
2 0.03225806451612903
1 0.03225806451612903
0 0.03225806451612903
doc : 25
4 0.7065868263473054
1 0.04790419161676647
9 0.035928143712574856
8 0.029940119760479042
7 0.029940119760479042
6 0.029940119760479042
5 0.029940119760479042
3 0.029940119760479042
2 0.029940119760479042
0 0.029940119760479042
doc : 26
4 0.6050420168067226
9 0.05042016806722689
6 0.05042016806722689
8 0.04201680672268907
7 0.04201680672268907
5 0.04201680672268907
3 0.04201680672268907
2 0.04201680672268907
1 0.04201680672268907
0 0.04201680672268907
doc : 27
9 0.8087318087318087
4 0.060291060291060294
8 0.031185031185031187
2 0.029106029106029108
1 0.014553014553014554
7 0.012474012474012475
6 0.012474012474012475
5 0.010395010395010396
3 0.010395010395010396
0 0.010395010395010396
doc : 28
4 0.7039473684210525
9 0.03289473684210526
8 0.03289473684210526
7 0.03289473684210526
6 0.03289473684210526
5 0.03289473684210526
3 0.03289473684210526
2 0.03289473684210526
1 0.03289473684210526
0 0.03289473684210526
doc : 29
4 0.7616822429906541
9 0.037383177570093455
1 0.03271028037383177
0 0.02803738317757009
8 0.02336448598130841
7 0.02336448598130841
6 0.02336448598130841
5 0.02336448598130841
3 0.02336448598130841
2 0.02336448598130841
doc : 30
4 0.5450236966824645
1 0.18957345971563982
6 0.04265402843601896
2 0.037914691943127965
0 0.037914691943127965
9 0.03317535545023697
3 0.03317535545023697
7 0.028436018957345974
5 0.028436018957345974
8 0.023696682464454978
doc : 31
4 0.7192982456140351
1 0.04093567251461988
2 0.03508771929824561
9 0.029239766081871343
8 0.029239766081871343
7 0.029239766081871343
6 0.029239766081871343
5 0.029239766081871343
3 0.029239766081871343
0 0.029239766081871343
doc : 32
4 0.7257142857142858
6 0.04
9 0.03428571428571429
8 0.02857142857142857
7 0.02857142857142857
5 0.02857142857142857
3 0.02857142857142857
2 0.02857142857142857
1 0.02857142857142857
0 0.02857142857142857
doc : 33
4 0.694267515923567
8 0.038216560509554146
7 0.038216560509554146
0 0.038216560509554146
9 0.03184713375796178
6 0.03184713375796178
5 0.03184713375796178
3 0.03184713375796178
2 0.03184713375796178
1 0.03184713375796178
doc : 34
9 0.824016563146998
4 0.06418219461697723
8 0.020703933747412008
2 0.020703933747412008
0 0.014492753623188408
7 0.012422360248447206
1 0.012422360248447206
6 0.010351966873706004
5 0.010351966873706004
3 0.010351966873706004
doc : 35
0 0.947681331747919
2 0.011890606420927466
4 0.010701545778834719
8 0.005350772889417359
6 0.005350772889417359
9 0.004161712247324614
7 0.004161712247324614
5 0.00356718192627824
3 0.00356718192627824
1 0.00356718192627824
doc : 36
2 0.7704402515723271
8 0.05660377358490566
1 0.02830188679245283
9 0.025157232704402517
3 0.025157232704402517
0 0.022012578616352203
7 0.01886792452830189
5 0.01886792452830189
4 0.01886792452830189
6 0.015723270440251572
doc : 37
1 0.23232323232323235
0 0.13131313131313133
4 0.12121212121212122
9 0.11111111111111112
2 0.11111111111111112
8 0.07070707070707072
6 0.07070707070707072
7 0.05050505050505051
5 0.05050505050505051
3 0.05050505050505051
doc : 38
4 0.7379679144385026
2 0.0427807486631016
0 0.0320855614973262
9 0.026737967914438502
8 0.026737967914438502
7 0.026737967914438502
6 0.026737967914438502
5 0.026737967914438502
3 0.026737967914438502
1 0.026737967914438502
doc : 39
2 0.7245119305856833
8 0.08026030368763558
0 0.039045553145336226
6 0.026030368763557486
7 0.02386117136659436
5 0.02386117136659436
4 0.02386117136659436
1 0.02386117136659436
9 0.019522776572668113
3 0.015184381778741866
doc : 40
2 0.804416403785489
8 0.056782334384858045
4 0.025236593059936908
9 0.01892744479495268
7 0.015772870662460567
6 0.015772870662460567
5 0.015772870662460567
3 0.015772870662460567
1 0.015772870662460567
0 0.015772870662460567
doc : 41
9 0.9577819785759295
1 0.010081915563957152
0 0.0063011972274732205
7 0.004410838059231254
8 0.003780718336483932
5 0.003780718336483932
4 0.003780718336483932
2 0.003780718336483932
6 0.0031505986137366103
3 0.0031505986137366103
doc : 42
2 0.5102040816326531
4 0.17006802721088435
9 0.047619047619047616
0 0.047619047619047616
6 0.04081632653061224
3 0.04081632653061224
1 0.04081632653061224
8 0.03401360544217687
7 0.03401360544217687
5 0.03401360544217687
doc : 43
9 0.1
8 0.1
7 0.1
6 0.1
5 0.1
4 0.1
3 0.1
2 0.1
1 0.1
0 0.1
doc : 44
0 0.9490806223479491
2 0.008486562942008486
4 0.00777934936350778
8 0.007072135785007073
9 0.006364922206506365
5 0.0049504950495049506
1 0.0049504950495049506
7 0.004243281471004243
6 0.0035360678925035363
3 0.0035360678925035363
doc : 45
2 0.1986754966887417
9 0.15894039735099338
0 0.15894039735099338
4 0.11258278145695365
8 0.09933774834437085
1 0.08609271523178808
3 0.06622516556291391
7 0.039735099337748346
6 0.039735099337748346
5 0.039735099337748346
doc : 46
6 0.6623586429725364
3 0.14054927302100162
5 0.05654281098546042
7 0.04038772213247173
1 0.03231017770597738
8 0.017770597738287562
0 0.017770597738287562
2 0.014539579967689823
4 0.009693053311793216
9 0.008077544426494346
doc : 47
9 0.27835051546391754
2 0.14432989690721648
1 0.12371134020618557
4 0.08247422680412371
3 0.08247422680412371
0 0.07216494845360824
7 0.061855670103092786
8 0.05154639175257732
6 0.05154639175257732
5 0.05154639175257732
doc : 48
4 0.7526881720430109
0 0.03225806451612903
9 0.02688172043010753
8 0.02688172043010753
7 0.02688172043010753
6 0.02688172043010753
5 0.02688172043010753
3 0.02688172043010753
2 0.02688172043010753
1 0.02688172043010753
doc : 49
2 0.4857142857142857
8 0.10857142857142857
9 0.10285714285714286
1 0.05714285714285714
0 0.05714285714285714
5 0.05142857142857143
4 0.04
6 0.03428571428571429
3 0.03428571428571429
7 0.02857142857142857
doc : 50
0 0.6514285714285715
2 0.07428571428571429
8 0.045714285714285714
4 0.04
7 0.03428571428571429
3 0.03428571428571429
1 0.03428571428571429
9 0.02857142857142857
6 0.02857142857142857
5 0.02857142857142857
doc : 51
6 0.9107142857142857
3 0.016369047619047616
7 0.01488095238095238
5 0.010416666666666666
8 0.008928571428571428
2 0.008928571428571428
9 0.00744047619047619
4 0.00744047619047619
1 0.00744047619047619
0 0.00744047619047619
doc : 52
6 0.8517857142857143
7 0.0625
5 0.01607142857142857
3 0.014285714285714285
8 0.010714285714285714
9 0.008928571428571428
4 0.008928571428571428
2 0.008928571428571428
1 0.008928571428571428
0 0.008928571428571428
doc : 53
8 0.9213197969543147
4 0.011421319796954314
0 0.011421319796954314
9 0.008883248730964466
6 0.008883248730964466
2 0.008883248730964466
7 0.0076142131979695426
5 0.0076142131979695426
3 0.0076142131979695426
1 0.006345177664974619
doc : 54
8 0.9239500567536889
0 0.015891032917139614
9 0.009080590238365494
7 0.009080590238365494
1 0.009080590238365494
2 0.007945516458569807
6 0.00681044267877412
4 0.00681044267877412
5 0.0056753688989784334
3 0.0056753688989784334
doc : 55
2 0.33333333333333337
1 0.11827956989247312
0 0.10752688172043012
9 0.07526881720430108
8 0.07526881720430108
4 0.06451612903225806
3 0.06451612903225806
7 0.05376344086021506
6 0.05376344086021506
5 0.05376344086021506
doc : 56
8 0.9257907542579076
0 0.012165450121654502
5 0.00851581508515815
4 0.00851581508515815
3 0.00851581508515815
2 0.00851581508515815
7 0.0072992700729927005
6 0.0072992700729927005
1 0.0072992700729927005
9 0.006082725060827251
doc : 57
8 0.9242979242979243
5 0.010989010989010988
2 0.010989010989010988
9 0.008547008547008548
4 0.008547008547008548
0 0.008547008547008548
7 0.007326007326007326
6 0.007326007326007326
3 0.007326007326007326
1 0.006105006105006105
doc : 58
6 0.825426944971537
3 0.06641366223908919
7 0.018975332068311195
5 0.018975332068311195
2 0.017077798861480076
1 0.013282732447817837
8 0.011385199240986717
9 0.009487666034155597
4 0.009487666034155597
0 0.009487666034155597
doc : 59
6 0.8303130148270181
3 0.060955518945634266
5 0.03789126853377265
7 0.014827018121911038
8 0.011532125205930808
2 0.009884678747940693
1 0.009884678747940693
9 0.008237232289950576
4 0.008237232289950576
0 0.008237232289950576
doc : 60
6 0.6115444617784711
5 0.2355694227769111
3 0.062402496099843996
7 0.0421216848673947
2 0.0093603744149766
9 0.0078003120124804995
8 0.0078003120124804995
4 0.0078003120124804995
1 0.0078003120124804995
0 0.0078003120124804995
doc : 61
9 0.6589403973509934
2 0.0695364238410596
8 0.056291390728476824
0 0.052980132450331126
4 0.039735099337748346
1 0.033112582781456956
6 0.029801324503311258
7 0.019867549668874173
5 0.019867549668874173
3 0.019867549668874173
doc : 62
1 0.6488011283497884
6 0.09167842031029619
7 0.06629055007052186
4 0.05500705218617771
3 0.05218617771509168
5 0.028208744710860365
9 0.01692524682651622
0 0.01692524682651622
8 0.012693935119887164
2 0.011283497884344146
doc : 63
7 0.5353045013239188
5 0.32568402471315094
6 0.09311562224183584
3 0.02824360105913504
1 0.00529567519858782
9 0.003089143865842895
2 0.00264783759929391
8 0.0022065313327449252
4 0.0022065313327449252
0 0.0022065313327449252
doc : 64
0 0.7079037800687286
9 0.054982817869415807
3 0.04810996563573883
6 0.044673539518900345
5 0.03436426116838488
8 0.027491408934707903
4 0.027491408934707903
2 0.020618556701030927
7 0.01718213058419244
1 0.01718213058419244
doc : 65
2 0.7056074766355139
8 0.06074766355140186
9 0.037383177570093455
4 0.037383177570093455
1 0.03271028037383177
7 0.02803738317757009
6 0.02803738317757009
5 0.02336448598130841
3 0.02336448598130841
0 0.02336448598130841
doc : 66
6 0.8719298245614036
5 0.028070175438596492
3 0.026315789473684213
7 0.015789473684210527
9 0.010526315789473684
4 0.010526315789473684
0 0.010526315789473684
8 0.008771929824561403
2 0.008771929824561403
1 0.008771929824561403
doc : 67
6 0.8574561403508771
5 0.02631578947368421
3 0.021929824561403508
1 0.019736842105263157
7 0.017543859649122806
4 0.013157894736842105
9 0.010964912280701754
8 0.010964912280701754
2 0.010964912280701754
0 0.010964912280701754
doc : 68
6 0.8516746411483254
3 0.028708133971291863
7 0.019138755980861243
5 0.019138755980861243
0 0.01674641148325359
2 0.014354066985645932
1 0.014354066985645932
9 0.011961722488038277
8 0.011961722488038277
4 0.011961722488038277
doc : 69
4 0.21794871794871795
6 0.21153846153846154
1 0.1794871794871795
7 0.08974358974358974
3 0.08974358974358974
5 0.07692307692307693
0 0.038461538461538464
9 0.03205128205128205
8 0.03205128205128205
2 0.03205128205128205
doc : 70
7 0.45565749235474007
6 0.1712538226299694
5 0.13761467889908258
1 0.0672782874617737
3 0.06116207951070336
0 0.024464831804281346
9 0.021406727828746176
4 0.021406727828746176
2 0.021406727828746176
8 0.01834862385321101
doc : 71
4 0.7083333333333333
9 0.041666666666666664
0 0.041666666666666664
8 0.02976190476190476
7 0.02976190476190476
6 0.02976190476190476
5 0.02976190476190476
3 0.02976190476190476
2 0.02976190476190476
1 0.02976190476190476
doc : 72
1 0.5286343612334802
4 0.24669603524229078
5 0.03524229074889868
2 0.03524229074889868
3 0.030837004405286347
8 0.026431718061674013
7 0.026431718061674013
6 0.026431718061674013
9 0.022026431718061675
0 0.022026431718061675
doc : 73
7 0.4639463387367244
3 0.339854667411962
6 0.08608160983789827
5 0.07769703745109
1 0.008943543879262158
9 0.006148686416992733
4 0.005030743432084964
8 0.004471771939631079
2 0.003912800447177194
0 0.003912800447177194
doc : 74
1 0.5560538116591928
4 0.242152466367713
7 0.03139013452914798
3 0.03139013452914798
2 0.026905829596412557
9 0.02242152466367713
8 0.02242152466367713
6 0.02242152466367713
5 0.02242152466367713
0 0.02242152466367713
doc : 75
1 0.642023346303502
4 0.13229571984435798
7 0.07003891050583658
3 0.0311284046692607
9 0.023346303501945526
0 0.023346303501945526
8 0.019455252918287938
6 0.019455252918287938
5 0.019455252918287938
2 0.019455252918287938
doc : 76
1 0.7928802588996764
4 0.07928802588996764
7 0.03236245954692557
3 0.01779935275080906
9 0.016181229773462785
6 0.014563106796116505
5 0.012944983818770227
2 0.012944983818770227
0 0.012944983818770227
8 0.008090614886731393
doc : 77
2 0.7815384615384615
0 0.07076923076923076
8 0.038461538461538464
4 0.027692307692307693
1 0.021538461538461538
6 0.01846153846153846
3 0.013846153846153847
7 0.010769230769230769
9 0.00923076923076923
5 0.007692307692307693
doc : 78
6 0.811965811965812
5 0.04786324786324786
3 0.042735042735042736
7 0.03247863247863248
0 0.013675213675213675
8 0.011965811965811965
2 0.011965811965811965
1 0.010256410256410256
9 0.008547008547008548
4 0.008547008547008548
doc : 79
2 0.4293893129770992
9 0.3282442748091603
8 0.0648854961832061
4 0.05725190839694656
1 0.030534351145038167
0 0.030534351145038167
3 0.022900763358778626
7 0.015267175572519083
5 0.011450381679389313
6 0.009541984732824428
doc : 80
1 0.2796208530805687
6 0.23222748815165878
4 0.18009478672985785
7 0.06635071090047394
5 0.06161137440758294
3 0.06161137440758294
9 0.03317535545023697
0 0.03317535545023697
8 0.028436018957345974
2 0.023696682464454978
doc : 81
7 0.5629791894852135
6 0.20481927710843373
5 0.10295728368017525
3 0.07447973713033954
4 0.014238773274917852
0 0.00985761226725082
2 0.008762322015334063
9 0.007667031763417305
8 0.007667031763417305
1 0.0065717415115005475
doc : 82
5 0.8506687961668996
7 0.10700738670393292
6 0.018566580155719704
3 0.015172689159512876
1 0.0017967658215212617
8 0.001597125174685566
4 0.0013974845278498702
2 0.0013974845278498702
9 0.0011978438810141745
0 0.0011978438810141745
doc : 83
0 0.6011904761904762
9 0.07738095238095238
3 0.05357142857142857
6 0.047619047619047616
4 0.047619047619047616
5 0.041666666666666664
8 0.03571428571428571
2 0.03571428571428571
7 0.02976190476190476
1 0.02976190476190476
doc : 84
3 0.753968253968254
5 0.11616161616161616
6 0.06060606060606061
7 0.0404040404040404
8 0.005772005772005772
2 0.005772005772005772
9 0.00505050505050505
4 0.004329004329004329
0 0.004329004329004329
1 0.0036075036075036075
doc : 85
7 0.7245639534883721
5 0.14462209302325582
3 0.06322674418604651
6 0.02252906976744186
9 0.011627906976744186
0 0.00944767441860465
1 0.007994186046511628
8 0.006540697674418604
4 0.005813953488372093
2 0.003633720930232558
doc : 86
3 0.49210526315789477
6 0.3587719298245614
5 0.07280701754385965
7 0.0368421052631579
1 0.013157894736842106
8 0.0061403508771929825
4 0.0061403508771929825
9 0.005263157894736842
2 0.0043859649122807015
0 0.0043859649122807015
doc : 87
1 0.5108695652173914
3 0.11521739130434783
4 0.10217391304347827
6 0.08478260869565217
7 0.06521739130434782
5 0.05652173913043478
8 0.01956521739130435
9 0.015217391304347827
2 0.015217391304347827
0 0.015217391304347827
doc : 88
4 0.6866666666666668
0 0.04666666666666667
9 0.03333333333333333
8 0.03333333333333333
7 0.03333333333333333
6 0.03333333333333333
5 0.03333333333333333
3 0.03333333333333333
2 0.03333333333333333
1 0.03333333333333333
doc : 89
6 0.8311195445920304
3 0.06072106261859583
5 0.018975332068311195
4 0.015180265654648957
9 0.013282732447817837
7 0.013282732447817837
0 0.013282732447817837
8 0.011385199240986717
2 0.011385199240986717
1 0.011385199240986717
doc : 90
6 0.4285714285714286
7 0.08791208791208792
1 0.07692307692307693
5 0.06593406593406594
3 0.06593406593406594
9 0.05494505494505495
8 0.05494505494505495
4 0.05494505494505495
2 0.05494505494505495
0 0.05494505494505495
doc : 91
6 0.502906976744186
7 0.2645348837209302
3 0.0872093023255814
5 0.03197674418604651
2 0.023255813953488372
1 0.023255813953488372
8 0.01744186046511628
4 0.01744186046511628
0 0.01744186046511628
9 0.014534883720930232
doc : 92
7 0.5272952853598015
6 0.2729528535980149
3 0.07196029776674938
5 0.06575682382133995
1 0.017369727047146403
2 0.011166253101736972
4 0.009925558312655087
9 0.008684863523573201
0 0.008684863523573201
8 0.006203473945409429
doc : 93
7 0.6440568475452196
5 0.15051679586563307
6 0.08914728682170543
3 0.08914728682170543
1 0.005813953488372093
0 0.00516795865633075
9 0.004521963824289406
8 0.003875968992248062
4 0.003875968992248062
2 0.003875968992248062
doc : 94
1 0.753199268738574
4 0.09689213893967093
7 0.027422303473491772
6 0.021937842778793418
5 0.02010968921389397
3 0.02010968921389397
2 0.018281535648994516
8 0.016453382084095063
0 0.014625228519195612
9 0.010968921389396709
doc : 95
0 0.7797513321492008
4 0.0586145648312611
9 0.03907637655417407
2 0.03907637655417407
5 0.017761989342806393
1 0.017761989342806393
7 0.014209591474245116
8 0.012433392539964477
6 0.012433392539964477
3 0.008880994671403197
doc : 96
3 0.6288951841359773
5 0.1388101983002833
6 0.09348441926345609
7 0.08640226628895184
0 0.0113314447592068
1 0.009915014164305949
9 0.0084985835694051
4 0.0084985835694051
8 0.007082152974504249
2 0.007082152974504249
doc : 97
5 0.9139811000726921
7 0.03537678701235764
3 0.02834989096195784
6 0.011388417736854858
1 0.00242306760358614
2 0.002180760843227526
4 0.001938454082868912
9 0.001696147322510298
8 0.001453840562151684
0 0.00121153380179307
doc : 98
3 0.5408653846153847
7 0.24879807692307693
5 0.07211538461538462
6 0.058894230769230775
1 0.037259615384615384
9 0.01201923076923077
2 0.00841346153846154
8 0.007211538461538462
4 0.007211538461538462
0 0.007211538461538462
doc : 99
3 0.5345997286295794
6 0.19945725915875168
5 0.15196743554952508
7 0.059701492537313425
1 0.012211668928086838
8 0.010854816824966078
9 0.008141112618724558
4 0.008141112618724558
0 0.008141112618724558
2 0.006784260515603799
