doc : 0
2 0.7139107611548556
9 0.12335958005249344
8 0.031496062992125984
7 0.028871391076115485
1 0.023622047244094488
6 0.01837270341207349
3 0.01837270341207349
0 0.015748031496062992
5 0.013123359580052493
4 0.013123359580052493
doc : 1
1 0.21212121212121213
2 0.13636363636363635
8 0.09090909090909091
6 0.09090909090909091
0 0.09090909090909091
9 0.07575757575757576
7 0.07575757575757576
5 0.07575757575757576
4 0.07575757575757576
3 0.07575757575757576
doc : 2
9 0.8374501992031873
2 0.06294820717131475
8 0.026294820717131476
1 0.014342629482071713
0 0.01354581673306773
3 0.012749003984063745
7 0.00956175298804781
5 0.008764940239043825
6 0.007171314741035857
4 0.007171314741035857
doc : 3
9 0.8364565587734242
0 0.03747870528109029
2 0.027257240204429302
8 0.022146507666098807
7 0.018739352640545145
4 0.017035775127768313
1 0.013628620102214651
6 0.010221465076660989
5 0.008517887563884156
3 0.008517887563884156
doc : 4
8 0.9160649819494585
9 0.02075812274368231
2 0.010830324909747294
7 0.009025270758122744
6 0.00812274368231047
4 0.00812274368231047
0 0.00812274368231047
1 0.007220216606498195
3 0.006317689530685921
5 0.005415162454873647
doc : 5
7 0.9760362694300517
9 0.004317789291882556
8 0.003238341968911917
1 0.003238341968911917
6 0.003022452504317789
3 0.003022452504317789
2 0.002374784110535406
0 0.0019430051813471502
5 0.0015112262521588945
4 0.0012953367875647667
doc : 6
9 0.8994755244755245
2 0.02097902097902098
0 0.017482517482517484
8 0.016608391608391608
7 0.012237762237762238
1 0.009615384615384616
6 0.007867132867132868
5 0.006993006993006993
4 0.004370629370629371
3 0.004370629370629371
doc : 7
8 0.3488372093023256
1 0.10465116279069767
2 0.09302325581395349
7 0.06976744186046512
6 0.06976744186046512
4 0.06976744186046512
3 0.06976744186046512
9 0.05813953488372093
5 0.05813953488372093
0 0.05813953488372093
doc : 8
3 0.8927748992515833
6 0.09858952216465171
5 0.0014392630972941854
4 0.0014392630972941854
9 0.0011514104778353484
2 0.00100748416810593
1 0.00100748416810593
8 8.635578583765113E-4
7 8.635578583765113E-4
0 8.635578583765113E-4
doc : 9
3 0.8916234887737479
6 0.09974093264248705
4 0.001583189407023604
5 0.0014392630972941854
1 0.0012953367875647669
2 0.00100748416810593
0 0.00100748416810593
9 8.635578583765113E-4
8 7.196315486470927E-4
7 7.196315486470927E-4
doc : 10
9 0.7872340425531915
8 0.034574468085106384
2 0.031914893617021274
0 0.02925531914893617
1 0.026595744680851064
7 0.018617021276595744
6 0.018617021276595744
4 0.018617021276595744
3 0.018617021276595744
5 0.015957446808510637
doc : 11
2 0.8316221765913758
8 0.03285420944558522
9 0.022587268993839837
5 0.02053388090349076
3 0.02053388090349076
6 0.018480492813141684
7 0.014373716632443533
4 0.014373716632443533
1 0.014373716632443533
0 0.01026694045174538
doc : 12
2 0.2972972972972973
9 0.16216216216216217
8 0.09009009009009009
7 0.09009009009009009
0 0.09009009009009009
1 0.08108108108108109
4 0.05405405405405406
6 0.04504504504504504
5 0.04504504504504504
3 0.04504504504504504
doc : 13
8 0.4069767441860465
9 0.08139534883720931
1 0.08139534883720931
4 0.06976744186046512
3 0.06976744186046512
7 0.05813953488372093
6 0.05813953488372093
5 0.05813953488372093
2 0.05813953488372093
0 0.05813953488372093
doc : 14
8 0.38372093023255816
4 0.08139534883720931
1 0.08139534883720931
9 0.06976744186046512
6 0.06976744186046512
3 0.06976744186046512
2 0.06976744186046512
7 0.05813953488372093
5 0.05813953488372093
0 0.05813953488372093
doc : 15
4 0.47549019607843135
3 0.22058823529411764
6 0.16911764705882354
0 0.0392156862745098
7 0.0196078431372549
8 0.01715686274509804
2 0.01715686274509804
9 0.014705882352941176
5 0.014705882352941176
1 0.012254901960784314
doc : 16
0 0.785377358490566
8 0.0660377358490566
6 0.03891509433962264
9 0.03419811320754717
2 0.030660377358490566
1 0.011792452830188678
7 0.01061320754716981
3 0.008254716981132075
5 0.007075471698113208
4 0.007075471698113208
doc : 17
8 0.5123339658444023
9 0.18975332068311196
2 0.09297912713472486
0 0.06072106261859583
1 0.04933586337760911
7 0.028462998102466795
4 0.022770398481973434
5 0.018975332068311195
3 0.013282732447817837
6 0.011385199240986717
doc : 18
5 0.9631268436578171
6 0.005162241887905605
4 0.004424778761061947
3 0.004424778761061947
0 0.004424778761061947
9 0.003687315634218289
8 0.003687315634218289
7 0.003687315634218289
2 0.003687315634218289
1 0.003687315634218289
doc : 19
1 0.8752052545155993
2 0.019704433497536946
7 0.0180623973727422
6 0.016420361247947456
8 0.014778325123152709
9 0.013136288998357963
4 0.013136288998357963
0 0.011494252873563218
5 0.009852216748768473
3 0.008210180623973728
doc : 20
5 0.9367502726281353
6 0.009814612868047983
4 0.009814612868047983
9 0.0076335877862595426
8 0.0065430752453653224
7 0.0065430752453653224
1 0.0065430752453653224
3 0.0054525627044711015
2 0.0054525627044711015
0 0.0054525627044711015
doc : 21
5 0.944603629417383
3 0.007640878701050621
0 0.007640878701050621
7 0.006685768863419293
6 0.006685768863419293
4 0.006685768863419293
1 0.0057306590257879654
9 0.004775549188156638
8 0.004775549188156638
2 0.004775549188156638
doc : 22
4 0.4444444444444445
6 0.35462962962962963
3 0.14907407407407408
9 0.012037037037037037
2 0.009259259259259259
8 0.008333333333333333
1 0.007407407407407408
7 0.005555555555555556
5 0.004629629629629629
0 0.004629629629629629
doc : 23
1 0.7468879668049793
3 0.049792531120331954
6 0.03319502074688797
0 0.03319502074688797
8 0.024896265560165977
7 0.024896265560165977
4 0.024896265560165977
9 0.02074688796680498
5 0.02074688796680498
2 0.02074688796680498
doc : 24
2 0.6558139534883721
6 0.1558139534883721
3 0.08139534883720931
0 0.020930232558139535
8 0.018604651162790697
9 0.013953488372093023
7 0.013953488372093023
4 0.013953488372093023
1 0.013953488372093023
5 0.011627906976744186
doc : 25
8 0.3953488372093023
4 0.09302325581395349
9 0.06976744186046512
3 0.06976744186046512
2 0.06976744186046512
1 0.06976744186046512
7 0.05813953488372093
6 0.05813953488372093
5 0.05813953488372093
0 0.05813953488372093
doc : 26
3 0.40358744394618834
0 0.15246636771300448
4 0.11210762331838565
6 0.08071748878923767
1 0.07174887892376682
7 0.06278026905829596
5 0.03587443946188341
2 0.03139013452914798
9 0.026905829596412557
8 0.02242152466367713
doc : 27
8 0.7026378896882494
2 0.12470023980815347
7 0.04556354916067146
6 0.031175059952038366
0 0.02398081534772182
9 0.019184652278177457
3 0.014388489208633093
1 0.014388489208633093
5 0.01199040767386091
4 0.01199040767386091
doc : 28
6 0.14035087719298245
8 0.12280701754385964
3 0.12280701754385964
9 0.08771929824561403
7 0.08771929824561403
5 0.08771929824561403
4 0.08771929824561403
2 0.08771929824561403
1 0.08771929824561403
0 0.08771929824561403
doc : 29
2 0.8522875816993464
9 0.047058823529411764
7 0.027450980392156862
8 0.0130718954248366
4 0.0130718954248366
0 0.0130718954248366
1 0.01045751633986928
3 0.00915032679738562
5 0.00784313725490196
6 0.0065359477124183
doc : 30
2 0.8370221327967807
3 0.028169014084507046
9 0.022132796780684107
8 0.02012072434607646
7 0.018108651911468814
6 0.018108651911468814
4 0.018108651911468814
1 0.01609657947686117
5 0.012072434607645876
0 0.01006036217303823
doc : 31
2 0.8380281690140845
9 0.028169014084507043
0 0.028169014084507043
8 0.018779342723004695
1 0.018779342723004695
7 0.014084507042253521
6 0.014084507042253521
4 0.014084507042253521
3 0.014084507042253521
5 0.011737089201877934
doc : 32
0 0.5955056179775281
8 0.0898876404494382
2 0.06179775280898876
6 0.0449438202247191
1 0.0449438202247191
9 0.03932584269662921
7 0.03932584269662921
5 0.028089887640449437
4 0.028089887640449437
3 0.028089887640449437
doc : 33
5 0.9686346863468634
3 0.004920049200492005
9 0.003690036900369004
8 0.003690036900369004
4 0.003690036900369004
7 0.003075030750307503
6 0.003075030750307503
2 0.003075030750307503
1 0.003075030750307503
0 0.003075030750307503
doc : 34
4 0.36
1 0.268
6 0.124
3 0.08
8 0.036000000000000004
0 0.032
7 0.028
5 0.028
9 0.024
2 0.02
doc : 35
1 0.7804295942720764
3 0.06205250596658712
6 0.03818615751789976
0 0.023866348448687354
8 0.021479713603818618
2 0.01909307875894988
4 0.016706443914081145
7 0.014319809069212411
9 0.011933174224343677
5 0.011933174224343677
doc : 36
3 0.653160453808752
4 0.23338735818476497
6 0.05672609400324149
1 0.01458670988654781
0 0.011345218800648298
9 0.008914100486223663
8 0.006482982171799027
2 0.006482982171799027
5 0.00486223662884927
7 0.004051863857374392
doc : 37
1 0.7932203389830508
7 0.03389830508474576
0 0.030508474576271184
9 0.02711864406779661
8 0.023728813559322035
2 0.023728813559322035
6 0.01694915254237288
5 0.01694915254237288
4 0.01694915254237288
3 0.01694915254237288
doc : 38
6 0.6610169491525424
3 0.2309322033898305
4 0.019067796610169493
2 0.01694915254237288
1 0.014830508474576272
8 0.012711864406779662
5 0.012711864406779662
9 0.01059322033898305
7 0.01059322033898305
0 0.01059322033898305
doc : 39
6 0.6496945010183299
3 0.24439918533604885
0 0.02036659877800407
4 0.016293279022403257
1 0.016293279022403257
8 0.012219959266802444
9 0.010183299389002035
7 0.010183299389002035
5 0.010183299389002035
2 0.010183299389002035
doc : 40
4 0.680316091954023
6 0.22701149425287356
3 0.05100574712643678
1 0.010057471264367816
8 0.00646551724137931
7 0.00646551724137931
5 0.005028735632183908
2 0.005028735632183908
0 0.005028735632183908
9 0.0035919540229885057
doc : 41
0 0.80625
1 0.037500000000000006
2 0.025
9 0.021875000000000002
8 0.021875000000000002
5 0.021875000000000002
6 0.018750000000000003
7 0.015625
4 0.015625
3 0.015625
doc : 42
6 0.8217054263565892
3 0.056847545219638244
4 0.04263565891472868
1 0.01937984496124031
8 0.014211886304909561
0 0.012919896640826874
9 0.009043927648578812
7 0.007751937984496124
5 0.007751937984496124
2 0.007751937984496124
doc : 43
0 0.21238938053097345
6 0.20353982300884954
1 0.11504424778761062
4 0.07964601769911504
3 0.07964601769911504
9 0.07079646017699115
2 0.07079646017699115
8 0.061946902654867256
5 0.061946902654867256
7 0.04424778761061947
doc : 44
3 0.47244094488188976
6 0.11023622047244094
0 0.10236220472440945
4 0.0826771653543307
1 0.07086614173228346
2 0.047244094488188976
7 0.03543307086614173
8 0.027559055118110236
5 0.027559055118110236
9 0.023622047244094488
doc : 45
1 0.4775413711583924
3 0.24113475177304963
4 0.08274231678486997
0 0.061465721040189124
6 0.028368794326241134
5 0.028368794326241134
9 0.02364066193853428
8 0.018912529550827423
7 0.018912529550827423
2 0.018912529550827423
doc : 46
2 0.8420427553444181
9 0.07007125890736342
7 0.0166270783847981
4 0.014251781472684086
6 0.013064133016627079
8 0.010688836104513065
0 0.009501187648456057
3 0.00831353919239905
1 0.00831353919239905
5 0.007125890736342043
doc : 47
0 0.3842105263157895
3 0.2789473684210526
6 0.22631578947368422
4 0.03508771929824561
5 0.014035087719298246
1 0.014035087719298246
9 0.012280701754385965
8 0.012280701754385965
2 0.012280701754385965
7 0.010526315789473684
doc : 48
1 0.36531365313653136
3 0.24169741697416974
4 0.12730627306273062
6 0.11623616236162361
0 0.04059040590405904
5 0.033210332103321034
8 0.023985239852398522
9 0.02029520295202952
7 0.016605166051660517
2 0.014760147601476014
doc : 49
9 0.5919811320754716
0 0.11556603773584906
8 0.10377358490566037
7 0.0589622641509434
4 0.030660377358490566
2 0.025943396226415092
1 0.023584905660377357
5 0.02122641509433962
6 0.014150943396226415
3 0.014150943396226415
