doc : 0
4 0.2627906976744186
7 0.19883720930232557
5 0.17790697674418604
3 0.08488372093023255
1 0.06744186046511627
8 0.06395348837209303
9 0.05232558139534883
6 0.037209302325581395
0 0.033720930232558136
2 0.020930232558139535
doc : 1
2 0.3373083475298126
6 0.27030096536059056
3 0.10789324247586599
9 0.07268597387847814
0 0.056218057921635436
8 0.043725156161272004
1 0.039750141964792735
7 0.03634298693923907
4 0.021010789324247586
5 0.014764338444065873
doc : 2
2 0.36059057353776264
6 0.2668938103350369
3 0.09710391822827939
9 0.07211811470755253
0 0.06076093128904032
1 0.04940374787052811
8 0.03747870528109029
7 0.02612152186257808
5 0.018171493469619535
4 0.011357183418512209
