doc : 0
2 0.7577235772357723
0 0.04715447154471545
5 0.04227642276422764
3 0.04065040650406504
1 0.027642276422764227
4 0.026016260162601626
7 0.016260162601626015
8 0.014634146341463414
6 0.014634146341463414
9 0.013008130081300813
doc : 1
2 0.5207756232686981
3 0.08033240997229917
6 0.07479224376731301
7 0.0664819944598338
0 0.0664819944598338
8 0.055401662049861494
1 0.04709141274238227
4 0.0332409972299169
9 0.027700831024930747
5 0.027700831024930747
doc : 2
0 0.36979166666666663
2 0.16145833333333331
1 0.16145833333333331
8 0.057291666666666664
9 0.046875
6 0.046875
5 0.046875
3 0.041666666666666664
7 0.03645833333333333
4 0.03125
doc : 3
1 0.5520833333333334
2 0.13333333333333333
0 0.13125
6 0.052083333333333336
8 0.03958333333333333
3 0.03333333333333333
4 0.020833333333333332
5 0.014583333333333334
9 0.0125
7 0.010416666666666666
doc : 4
4 0.7334963325183375
3 0.0488997555012225
2 0.039119804400977995
9 0.029339853300733496
6 0.029339853300733496
0 0.029339853300733496
8 0.02689486552567237
1 0.02444987775061125
5 0.022004889975550123
7 0.017114914425427872
doc : 5
4 0.7845036319612592
3 0.031476997578692496
5 0.029055690072639227
8 0.026634382566585957
1 0.026634382566585957
6 0.02421307506053269
2 0.02421307506053269
0 0.02421307506053269
9 0.014527845036319613
7 0.014527845036319613
doc : 6
7 0.9331797235023042
2 0.035023041474654376
3 0.005990783410138249
1 0.005069124423963133
8 0.004147465437788019
5 0.003686635944700461
9 0.0032258064516129032
6 0.0032258064516129032
4 0.0032258064516129032
0 0.0032258064516129032
doc : 7
1 0.26900584795321636
2 0.19298245614035087
6 0.1871345029239766
0 0.08771929824561403
8 0.05263157894736842
4 0.05263157894736842
9 0.04678362573099415
3 0.04678362573099415
7 0.03508771929824561
5 0.029239766081871343
doc : 8
3 0.43609022556390975
8 0.13533834586466165
1 0.07518796992481203
5 0.06766917293233082
2 0.06015037593984962
9 0.05263157894736842
6 0.045112781954887216
4 0.045112781954887216
0 0.045112781954887216
7 0.03759398496240601
doc : 9
3 0.39097744360902253
8 0.15789473684210525
9 0.07518796992481203
1 0.07518796992481203
7 0.05263157894736842
6 0.05263157894736842
5 0.05263157894736842
2 0.05263157894736842
4 0.045112781954887216
0 0.045112781954887216
doc : 10
8 0.8304498269896194
1 0.02422145328719723
9 0.020761245674740483
7 0.020761245674740483
6 0.01730103806228374
5 0.01730103806228374
4 0.01730103806228374
3 0.01730103806228374
2 0.01730103806228374
0 0.01730103806228374
doc : 11
8 0.8222996515679443
4 0.024390243902439025
2 0.024390243902439025
5 0.020905923344947737
1 0.020905923344947737
9 0.017421602787456445
7 0.017421602787456445
6 0.017421602787456445
3 0.017421602787456445
0 0.017421602787456445
doc : 12
0 0.87
8 0.025
1 0.0225
6 0.01625
3 0.0125
9 0.01125
5 0.01125
2 0.01125
7 0.01
4 0.01
doc : 13
2 0.47972972972972977
0 0.12162162162162163
6 0.060810810810810814
1 0.060810810810810814
5 0.05405405405405406
9 0.0472972972972973
8 0.0472972972972973
7 0.0472972972972973
4 0.04054054054054054
3 0.04054054054054054
doc : 14
3 0.7286245353159851
7 0.08178438661710037
2 0.04460966542750929
4 0.031598513011152414
5 0.027881040892193308
9 0.022304832713754646
8 0.018587360594795536
0 0.018587360594795536
6 0.013011152416356878
1 0.013011152416356878
doc : 15
3 0.5876923076923077
7 0.1723076923076923
2 0.052307692307692305
1 0.04
9 0.033846153846153845
6 0.03076923076923077
4 0.024615384615384615
8 0.021538461538461538
5 0.021538461538461538
0 0.015384615384615385
doc : 16
8 0.823728813559322
1 0.023728813559322035
9 0.020338983050847456
5 0.020338983050847456
4 0.020338983050847456
2 0.020338983050847456
0 0.020338983050847456
7 0.01694915254237288
6 0.01694915254237288
3 0.01694915254237288
doc : 17
9 0.8016460905349794
8 0.11275720164609053
4 0.024691358024691357
3 0.012345679012345678
2 0.009876543209876543
6 0.00905349794238683
5 0.00905349794238683
7 0.00823045267489712
1 0.00823045267489712
0 0.00411522633744856
doc : 18
3 0.5885714285714285
7 0.24
5 0.02857142857142857
2 0.02857142857142857
4 0.022857142857142857
6 0.02
0 0.02
9 0.017142857142857144
8 0.017142857142857144
1 0.017142857142857144
doc : 19
6 0.43312101910828027
5 0.10191082802547771
1 0.08280254777070065
2 0.07643312101910829
3 0.07006369426751592
0 0.07006369426751592
9 0.0445859872611465
8 0.0445859872611465
4 0.0445859872611465
7 0.03184713375796178
doc : 20
1 0.5789473684210527
3 0.10068649885583524
4 0.06864988558352403
0 0.057208237986270026
6 0.054919908466819226
8 0.043478260869565216
2 0.034324942791762014
5 0.029748283752860413
9 0.018306636155606407
7 0.013729977116704806
doc : 21
7 0.9508037018996591
3 0.010228933268387726
6 0.007793472966390648
4 0.0063321967851924016
1 0.00535801266439357
8 0.004870920603994155
5 0.00438382854359474
2 0.003896736483195324
0 0.0034096444227959084
9 0.002922552362396493
doc : 22
4 0.872960372960373
8 0.02564102564102564
5 0.023310023310023312
9 0.019813519813519812
3 0.011655011655011656
2 0.011655011655011656
1 0.01048951048951049
0 0.009324009324009324
6 0.008158508158508158
7 0.006993006993006993
doc : 23
4 0.8547579298831386
1 0.038397328881469114
9 0.02003338898163606
8 0.02003338898163606
6 0.01335559265442404
3 0.01335559265442404
5 0.011686143572621035
7 0.01001669449081803
2 0.01001669449081803
0 0.008347245409015025
doc : 24
3 0.20731707317073172
4 0.14634146341463417
8 0.12195121951219512
0 0.10975609756097561
5 0.08536585365853659
9 0.07317073170731708
1 0.07317073170731708
7 0.06097560975609756
6 0.06097560975609756
2 0.06097560975609756
doc : 25
2 0.27205882352941174
1 0.19852941176470587
5 0.10294117647058823
3 0.08823529411764705
9 0.058823529411764705
7 0.058823529411764705
6 0.058823529411764705
0 0.058823529411764705
8 0.051470588235294115
4 0.051470588235294115
doc : 26
5 0.9329896907216495
6 0.01134020618556701
8 0.008247422680412371
4 0.007216494845360825
3 0.007216494845360825
2 0.007216494845360825
1 0.007216494845360825
0 0.007216494845360825
7 0.006185567010309279
9 0.005154639175257732
doc : 27
5 0.856418918918919
0 0.02533783783783784
4 0.02195945945945946
3 0.02195945945945946
6 0.016891891891891893
9 0.015202702702702704
1 0.013513513513513514
8 0.011824324324324325
7 0.008445945945945946
2 0.008445945945945946
doc : 28
7 0.8570819112627986
2 0.1113481228668942
8 0.0063993174061433445
0 0.005972696245733789
4 0.005546075085324232
9 0.0034129692832764505
3 0.0029863481228668944
5 0.002559726962457338
1 0.002559726962457338
6 0.0021331058020477816
doc : 29
0 0.8064516129032258
6 0.043010752688172046
1 0.02795698924731183
2 0.025806451612903226
3 0.021505376344086023
9 0.017204301075268817
8 0.017204301075268817
5 0.017204301075268817
7 0.012903225806451613
4 0.010752688172043012
doc : 30
3 0.1764705882352941
9 0.11764705882352941
4 0.11764705882352941
0 0.11764705882352941
5 0.10588235294117647
8 0.09411764705882353
7 0.07058823529411765
2 0.07058823529411765
1 0.07058823529411765
6 0.058823529411764705
doc : 31
4 0.7606177606177607
0 0.055984555984555984
3 0.0501930501930502
8 0.02895752895752896
7 0.019305019305019305
6 0.019305019305019305
9 0.017374517374517374
5 0.017374517374517374
2 0.017374517374517374
1 0.013513513513513514
doc : 32
1 0.282258064516129
4 0.12096774193548387
8 0.0967741935483871
5 0.0967741935483871
3 0.0967741935483871
2 0.08870967741935484
6 0.06451612903225806
9 0.056451612903225805
0 0.056451612903225805
7 0.04032258064516129
doc : 33
3 0.43037974683544306
4 0.09493670886075949
0 0.08860759493670886
9 0.0759493670886076
5 0.06329113924050633
2 0.06329113924050633
1 0.056962025316455694
8 0.05063291139240506
7 0.04430379746835443
6 0.03164556962025317
doc : 34
1 0.35135135135135137
8 0.1891891891891892
6 0.07207207207207207
9 0.06306306306306306
7 0.06306306306306306
5 0.06306306306306306
4 0.05405405405405406
3 0.05405405405405406
2 0.04504504504504504
0 0.04504504504504504
doc : 35
1 0.46428571428571425
6 0.11904761904761904
4 0.10317460317460317
8 0.06746031746031746
9 0.05952380952380952
3 0.04365079365079365
0 0.04365079365079365
2 0.03571428571428571
7 0.031746031746031744
5 0.031746031746031744
doc : 36
2 0.6891385767790262
4 0.06367041198501873
3 0.0599250936329588
9 0.04119850187265918
8 0.0299625468164794
5 0.026217228464419477
1 0.026217228464419477
0 0.026217228464419477
7 0.018726591760299626
6 0.018726591760299626
doc : 37
2 0.17142857142857143
0 0.14285714285714285
6 0.11428571428571428
9 0.09999999999999999
1 0.09999999999999999
8 0.08571428571428572
7 0.07142857142857142
5 0.07142857142857142
4 0.07142857142857142
3 0.07142857142857142
doc : 38
6 0.7899280575539569
0 0.09928057553956834
3 0.02158273381294964
8 0.01870503597122302
9 0.014388489208633094
2 0.012949640287769784
5 0.011510791366906475
1 0.011510791366906475
7 0.010071942446043166
4 0.010071942446043166
doc : 39
8 0.6389891696750902
4 0.06137184115523466
1 0.06137184115523466
9 0.05776173285198556
3 0.04693140794223827
0 0.039711191335740074
7 0.025270758122743684
6 0.025270758122743684
5 0.025270758122743684
2 0.018050541516245487
doc : 40
1 0.592326139088729
0 0.09112709832134291
2 0.07673860911270983
6 0.04556354916067146
4 0.040767386091127095
8 0.03597122302158273
5 0.031175059952038366
3 0.031175059952038366
9 0.028776978417266185
7 0.026378896882494004
doc : 41
6 0.5477707006369427
3 0.11252653927813164
1 0.08280254777070063
5 0.07430997876857749
2 0.059447983014861996
7 0.027600849256900213
0 0.027600849256900213
9 0.025477707006369428
4 0.02335456475583864
8 0.01910828025477707
doc : 42
2 0.7292418772563177
3 0.06859205776173286
1 0.036101083032490974
0 0.02888086642599278
9 0.025270758122743684
7 0.025270758122743684
5 0.025270758122743684
8 0.021660649819494587
4 0.021660649819494587
6 0.018050541516245487
doc : 43
2 0.25
0 0.14473684210526316
3 0.10526315789473684
8 0.07894736842105263
6 0.07894736842105263
1 0.07894736842105263
9 0.06578947368421052
7 0.06578947368421052
5 0.06578947368421052
4 0.06578947368421052
doc : 44
1 0.45299145299145305
6 0.11965811965811968
3 0.10256410256410257
5 0.07692307692307693
2 0.05982905982905984
9 0.05555555555555556
4 0.038461538461538464
0 0.038461538461538464
8 0.03418803418803419
7 0.021367521367521368
doc : 45
6 0.5935828877005347
2 0.0641711229946524
4 0.058823529411764705
1 0.058823529411764705
3 0.053475935828877004
8 0.0374331550802139
7 0.0374331550802139
0 0.0374331550802139
5 0.0320855614973262
9 0.026737967914438502
doc : 46
3 0.15476190476190477
0 0.14285714285714285
9 0.11904761904761904
5 0.09523809523809523
1 0.09523809523809523
8 0.08333333333333333
6 0.08333333333333333
4 0.08333333333333333
7 0.07142857142857142
2 0.07142857142857142
doc : 47
6 0.7175438596491228
1 0.0824561403508772
8 0.042105263157894736
4 0.03859649122807018
3 0.031578947368421054
5 0.02280701754385965
7 0.021052631578947368
9 0.015789473684210527
0 0.015789473684210527
2 0.012280701754385965
doc : 48
6 0.685121107266436
4 0.06228373702422146
5 0.051903114186851215
1 0.051903114186851215
3 0.03114186851211073
9 0.02768166089965398
2 0.02768166089965398
7 0.02422145328719723
8 0.020761245674740483
0 0.01730103806228374
doc : 49
6 0.685121107266436
4 0.07612456747404844
5 0.04844290657439446
8 0.03806228373702422
1 0.03806228373702422
9 0.03114186851211073
7 0.02422145328719723
0 0.02422145328719723
3 0.01730103806228374
2 0.01730103806228374
