doc : 0
5 0.3871794871794872
1 0.1564102564102564
4 0.11538461538461539
8 0.11282051282051282
9 0.09743589743589744
0 0.04358974358974359
6 0.02564102564102564
7 0.023076923076923078
2 0.023076923076923078
3 0.015384615384615385
doc : 1
8 0.4532710280373832
5 0.1526479750778816
4 0.10747663551401869
9 0.08411214953271028
7 0.06074766355140187
1 0.0529595015576324
6 0.029595015576323987
3 0.02336448598130841
0 0.020249221183800622
2 0.01557632398753894
doc : 2
1 0.44272445820433437
6 0.10835913312693499
8 0.07430340557275542
3 0.07120743034055728
9 0.06811145510835914
5 0.05572755417956657
0 0.05572755417956657
4 0.052631578947368425
2 0.04024767801857585
7 0.030959752321981428
doc : 3
2 0.8565815324165029
6 0.02848722986247544
4 0.02848722986247544
9 0.01768172888015717
8 0.014734774066797641
0 0.013752455795677798
7 0.011787819253438112
5 0.009823182711198428
3 0.009823182711198428
1 0.008840864440078585
doc : 4
5 0.5733333333333334
7 0.06666666666666667
3 0.06666666666666667
0 0.05333333333333334
9 0.04666666666666667
8 0.04
6 0.04
2 0.04
1 0.04
4 0.03333333333333333
doc : 5
6 0.6558265582655827
4 0.1913279132791328
9 0.046612466124661245
8 0.03252032520325203
1 0.018970189701897018
5 0.016802168021680216
3 0.011382113821138212
2 0.01084010840108401
0 0.01084010840108401
7 0.004878048780487805
doc : 6
5 0.6013071895424836
0 0.07189542483660132
7 0.058823529411764705
3 0.058823529411764705
6 0.0392156862745098
2 0.0392156862745098
9 0.032679738562091505
8 0.032679738562091505
4 0.032679738562091505
1 0.032679738562091505
doc : 7
8 0.23076923076923075
1 0.21474358974358973
4 0.14743589743589744
5 0.14423076923076922
0 0.060897435897435896
7 0.05769230769230769
6 0.05769230769230769
3 0.04487179487179487
2 0.022435897435897436
9 0.019230769230769232
doc : 8
5 0.8651092690278824
8 0.045968349660889224
4 0.01808590806330068
0 0.01808590806330068
9 0.010550113036925397
6 0.010550113036925397
7 0.009796533534287867
2 0.00904295403165034
1 0.006782215523737754
3 0.006028636021100226
doc : 9
8 0.4733178654292343
4 0.26450116009280744
0 0.07192575406032482
1 0.04176334106728538
9 0.03944315545243619
2 0.027842227378190254
5 0.025522041763341066
7 0.02088167053364269
3 0.02088167053364269
6 0.013921113689095127
doc : 10
1 0.5021551724137931
6 0.2672413793103448
2 0.040948275862068964
8 0.03879310344827586
4 0.03879310344827586
3 0.030172413793103446
7 0.02586206896551724
5 0.023706896551724137
9 0.01939655172413793
0 0.01293103448275862
doc : 11
4 0.4603739982190561
0 0.3134461264470169
8 0.07123775601068566
6 0.06322350845948352
2 0.025823686553873553
9 0.017809439002671415
3 0.013357079252003561
1 0.01246660730186999
5 0.01157613535173642
7 0.01068566340160285
doc : 12
2 0.8946796959826276
6 0.018458197611292075
7 0.016286644951140065
4 0.01520086862106406
1 0.013029315960912053
3 0.011943539630836048
8 0.008686210640608035
9 0.00760043431053203
5 0.00760043431053203
0 0.006514657980456026
doc : 13
9 0.727891156462585
2 0.06972789115646258
7 0.06802721088435373
6 0.03231292517006803
5 0.025510204081632654
8 0.022108843537414966
3 0.02040816326530612
1 0.011904761904761904
0 0.011904761904761904
4 0.01020408163265306
doc : 14
1 0.4834503510531595
9 0.19658976930792377
0 0.06820461384152457
4 0.0641925777331996
6 0.055165496489468405
8 0.05416248746238716
7 0.03610832497492478
2 0.01805416248746239
3 0.013039117352056168
5 0.011033099297893681
doc : 15
4 0.7146381578947368
0 0.06661184210526315
8 0.051809210526315784
6 0.04029605263157895
1 0.030427631578947366
5 0.02631578947368421
9 0.02549342105263158
3 0.018092105263157895
7 0.013157894736842105
2 0.013157894736842105
doc : 16
9 0.6875753920386006
4 0.1097708082026538
3 0.04101326899879373
6 0.03498190591073582
1 0.030156815440289503
2 0.02895054282267792
5 0.020506634499396863
8 0.016887816646562123
0 0.016887816646562123
7 0.013268998793727381
doc : 17
7 0.7037037037037037
9 0.1851851851851852
2 0.02693602693602694
4 0.015712682379349047
6 0.014590347923681258
0 0.014590347923681258
5 0.01234567901234568
1 0.010101010101010102
3 0.008978675645342313
8 0.007856341189674524
doc : 18
1 0.5005235602094241
6 0.15078534031413615
9 0.07015706806282723
0 0.06492146596858639
4 0.06387434554973823
5 0.04816753926701571
2 0.043979057591623044
8 0.03036649214659686
3 0.014659685863874347
7 0.012565445026178013
doc : 19
3 0.871900826446281
7 0.030696576151121605
9 0.023612750885478158
0 0.01829988193624557
5 0.012396694214876032
2 0.012396694214876032
4 0.01062573789846517
1 0.009445100354191263
6 0.007083825265643447
8 0.0035419126328217233
doc : 20
0 0.7773809523809525
1 0.05714285714285715
4 0.034523809523809526
8 0.030952380952380953
9 0.026190476190476195
5 0.02142857142857143
6 0.015476190476190477
2 0.014285714285714287
7 0.011904761904761906
3 0.010714285714285714
doc : 21
8 0.5115810674723061
0 0.3423967774420947
9 0.04229607250755287
7 0.023162134944612285
2 0.017119838872104734
4 0.015105740181268881
6 0.014098690835850957
3 0.013091641490433032
5 0.01107754279959718
1 0.010070493454179255
doc : 22
4 0.3900226757369615
5 0.2766439909297052
1 0.12018140589569161
7 0.05215419501133787
9 0.04308390022675737
3 0.04081632653061225
8 0.0272108843537415
0 0.020408163265306124
2 0.015873015873015872
6 0.01360544217687075
doc : 23
8 0.8222811671087533
0 0.042440318302387266
2 0.023872679045092837
6 0.021220159151193633
5 0.01856763925729443
9 0.015915119363395226
7 0.015915119363395226
4 0.01326259946949602
3 0.01326259946949602
1 0.01326259946949602
doc : 24
8 0.5044642857142857
4 0.11160714285714285
3 0.07589285714285714
5 0.05357142857142857
7 0.049107142857142856
2 0.049107142857142856
1 0.04464285714285714
6 0.040178571428571425
0 0.040178571428571425
9 0.03125
doc : 25
5 0.5933333333333334
3 0.08
0 0.060000000000000005
2 0.04666666666666667
8 0.04
7 0.04
1 0.04
9 0.03333333333333333
6 0.03333333333333333
4 0.03333333333333333
doc : 26
3 0.8520833333333333
7 0.030208333333333334
9 0.025
2 0.01875
0 0.01875
5 0.016666666666666666
1 0.014583333333333334
4 0.009375
8 0.007291666666666667
6 0.007291666666666667
doc : 27
4 0.6397849462365591
6 0.08064516129032258
8 0.07526881720430108
7 0.035842293906810034
2 0.035842293906810034
9 0.03225806451612903
5 0.03225806451612903
1 0.025089605734767026
3 0.023297491039426525
0 0.01971326164874552
doc : 28
1 0.5277246653919694
0 0.20267686424474188
6 0.05927342256214149
9 0.05353728489483747
4 0.04206500956022945
5 0.028680688336520075
3 0.024856596558317397
2 0.024856596558317397
8 0.02294455066921606
7 0.013384321223709368
doc : 29
7 0.7636003956478734
4 0.07319485657764589
9 0.04747774480712166
1 0.036597428288822946
6 0.01582591493570722
2 0.01582591493570722
3 0.013847675568743818
0 0.013847675568743818
8 0.011869436201780416
5 0.00791295746785361
doc : 30
5 0.5
1 0.08928571428571427
8 0.0625
3 0.0625
9 0.05357142857142857
2 0.05357142857142857
7 0.04464285714285714
6 0.04464285714285714
4 0.04464285714285714
0 0.04464285714285714
doc : 31
7 0.7269736842105263
4 0.05592105263157894
9 0.039473684210526314
6 0.03618421052631579
2 0.03289473684210526
3 0.02631578947368421
1 0.023026315789473683
8 0.019736842105263157
5 0.019736842105263157
0 0.019736842105263157
doc : 32
7 0.7910714285714285
4 0.05178571428571428
0 0.04107142857142857
6 0.030357142857142857
9 0.019642857142857142
3 0.019642857142857142
8 0.014285714285714285
5 0.012499999999999999
1 0.010714285714285714
2 0.008928571428571428
doc : 33
7 0.8805147058823529
6 0.058823529411764705
9 0.011029411764705881
2 0.01011029411764706
0 0.01011029411764706
3 0.007352941176470588
8 0.006433823529411764
5 0.005514705882352941
1 0.005514705882352941
4 0.004595588235294118
doc : 34
1 0.5803571428571428
0 0.11607142857142856
6 0.07142857142857142
5 0.050595238095238096
2 0.041666666666666664
8 0.03571428571428571
3 0.03273809523809523
4 0.02976190476190476
7 0.023809523809523808
9 0.017857142857142856
doc : 35
0 0.592156862745098
4 0.10980392156862745
5 0.06666666666666667
8 0.047058823529411764
7 0.041176470588235294
1 0.03725490196078431
6 0.03137254901960784
9 0.027450980392156862
2 0.027450980392156862
3 0.0196078431372549
doc : 36
2 0.7823984526112185
4 0.061895551257253385
9 0.03481624758220503
7 0.029013539651837523
0 0.027079303675048357
1 0.02127659574468085
8 0.015473887814313346
6 0.012572533849129593
5 0.008704061895551257
3 0.006769825918762089
doc : 37
6 0.3382113821138211
9 0.16422764227642275
4 0.11869918699186992
2 0.11869918699186992
3 0.07317073170731707
1 0.07317073170731707
8 0.04065040650406504
7 0.027642276422764227
0 0.027642276422764227
5 0.01788617886178862
doc : 38
6 0.8880733944954128
7 0.048318042813455656
3 0.017737003058103974
1 0.010397553516819572
9 0.007339449541284403
0 0.007339449541284403
8 0.00672782874617737
4 0.005504587155963302
5 0.004892966360856269
2 0.0036697247706422016
doc : 39
0 0.70199203187251
9 0.06215139442231076
3 0.06215139442231076
7 0.043824701195219126
4 0.03346613545816733
8 0.03187250996015936
1 0.02310756972111554
5 0.01912350597609562
2 0.01195219123505976
6 0.010358565737051793
doc : 40
2 0.8736176935229067
6 0.026856240126382307
0 0.01579778830963665
9 0.014218009478672985
7 0.014218009478672985
4 0.01263823064770932
8 0.011058451816745656
3 0.011058451816745656
1 0.011058451816745656
5 0.009478672985781991
doc : 41
2 0.8762169680111265
8 0.021557719054242003
9 0.018080667593880387
1 0.015299026425591097
0 0.015299026425591097
5 0.011821974965229486
4 0.011821974965229486
3 0.011126564673157162
6 0.010431154381084839
7 0.008344923504867872
doc : 42
3 0.8371065709552734
6 0.07840971838763115
7 0.01877415792379901
2 0.01546107123136389
1 0.014356709000552182
4 0.009387078961899505
8 0.008282716731087797
9 0.007730535615681945
0 0.006073992269464385
5 0.004417448923246825
doc : 43
9 0.8328611898016998
7 0.03541076487252125
4 0.026912181303116147
2 0.02407932011331445
3 0.0169971671388102
5 0.01558073654390935
8 0.014164305949008499
1 0.01274787535410765
6 0.0113314447592068
0 0.009915014164305949
doc : 44
1 0.48085106382978726
6 0.23829787234042554
7 0.06595744680851064
4 0.0425531914893617
0 0.03829787234042553
8 0.031914893617021274
3 0.029787234042553193
5 0.025531914893617023
2 0.025531914893617023
9 0.02127659574468085
doc : 45
5 0.12727272727272726
8 0.10909090909090909
7 0.10909090909090909
2 0.10909090909090909
9 0.09090909090909091
6 0.09090909090909091
4 0.09090909090909091
3 0.09090909090909091
1 0.09090909090909091
0 0.09090909090909091
doc : 46
5 0.16455696202531644
9 0.13924050632911392
8 0.11392405063291139
7 0.10126582278481013
2 0.10126582278481013
1 0.10126582278481013
6 0.0759493670886076
3 0.0759493670886076
4 0.06329113924050633
0 0.06329113924050633
doc : 47
7 0.6480186480186481
9 0.19114219114219114
2 0.03496503496503497
6 0.030303030303030304
4 0.023310023310023312
8 0.016317016317016316
1 0.016317016317016316
3 0.013986013986013986
0 0.013986013986013986
5 0.011655011655011656
doc : 48
3 0.820534223706177
0 0.05926544240400668
9 0.02587646076794658
2 0.02337228714524207
1 0.014190317195325543
8 0.01335559265442404
7 0.01335559265442404
5 0.011686143572621035
4 0.010851419031719533
6 0.007512520868113523
doc : 49
8 0.40734265734265734
1 0.3513986013986014
4 0.07167832167832168
6 0.03146853146853147
5 0.03146853146853147
9 0.02972027972027972
2 0.022727272727272728
0 0.022727272727272728
7 0.017482517482517484
3 0.013986013986013986
