doc : 0
8 0.9454722492697176
2 0.008763388510223954
7 0.006815968841285297
1 0.006815968841285297
9 0.005842259006815969
6 0.005842259006815969
5 0.005842259006815969
4 0.004868549172346641
3 0.004868549172346641
0 0.004868549172346641
doc : 1
5 0.7394366197183099
0 0.04225352112676056
7 0.035211267605633804
8 0.028169014084507043
6 0.028169014084507043
4 0.028169014084507043
1 0.028169014084507043
3 0.024647887323943664
2 0.024647887323943664
9 0.02112676056338028
doc : 2
2 0.896969696969697
0 0.014141414141414142
8 0.012121212121212121
6 0.012121212121212121
3 0.012121212121212121
1 0.012121212121212121
9 0.0101010101010101
7 0.0101010101010101
5 0.0101010101010101
4 0.0101010101010101
doc : 3
3 0.8788598574821853
4 0.019002375296912115
9 0.0166270783847981
0 0.014251781472684086
8 0.011876484560570073
7 0.011876484560570073
6 0.011876484560570073
5 0.011876484560570073
2 0.011876484560570073
1 0.011876484560570073
doc : 4
4 0.9043151969981238
3 0.0150093808630394
0 0.013133208255159474
2 0.01125703564727955
9 0.009380863039399626
8 0.009380863039399626
7 0.009380863039399626
6 0.009380863039399626
5 0.009380863039399626
1 0.009380863039399626
doc : 5
4 0.8197969543147208
0 0.03045685279187817
3 0.027918781725888322
2 0.025380710659898477
9 0.02030456852791878
7 0.017766497461928932
5 0.017766497461928932
8 0.015228426395939085
6 0.012690355329949238
1 0.012690355329949238
doc : 6
1 0.2191780821917808
0 0.136986301369863
3 0.1232876712328767
7 0.0958904109589041
6 0.0821917808219178
9 0.0684931506849315
8 0.0684931506849315
5 0.0684931506849315
4 0.0684931506849315
2 0.0684931506849315
doc : 7
0 0.22
9 0.16
1 0.16
4 0.09
8 0.08
5 0.07
2 0.07
7 0.05
6 0.05
3 0.05
doc : 8
1 0.1839080459770115
0 0.14942528735632182
6 0.11494252873563218
2 0.11494252873563218
9 0.08045977011494253
8 0.08045977011494253
5 0.08045977011494253
3 0.08045977011494253
7 0.05747126436781609
4 0.05747126436781609
doc : 9
9 0.5829383886255924
6 0.07109004739336494
5 0.07109004739336494
1 0.06161137440758294
0 0.05213270142180095
3 0.037914691943127965
7 0.03317535545023697
2 0.03317535545023697
8 0.028436018957345974
4 0.028436018957345974
doc : 10
1 0.48888888888888893
0 0.11111111111111112
8 0.06666666666666667
2 0.06666666666666667
6 0.05
5 0.05
3 0.05
9 0.044444444444444446
4 0.044444444444444446
7 0.02777777777777778
doc : 11
5 0.5576519916142558
6 0.24318658280922434
9 0.052410901467505246
1 0.039832285115303984
0 0.03773584905660378
4 0.016771488469601678
7 0.014675052410901468
8 0.012578616352201259
3 0.012578616352201259
2 0.012578616352201259
doc : 12
5 0.5507518796992481
6 0.2913533834586466
0 0.03383458646616541
1 0.02443609022556391
7 0.020676691729323307
3 0.018796992481203006
9 0.016917293233082706
4 0.015037593984962405
2 0.015037593984962405
8 0.013157894736842105
doc : 13
1 0.5900900900900901
0 0.07207207207207207
6 0.06756756756756757
5 0.05405405405405406
2 0.04954954954954955
9 0.04054054054054054
7 0.036036036036036036
4 0.03153153153153153
3 0.03153153153153153
8 0.02702702702702703
doc : 14
9 0.8977635782747604
5 0.01757188498402556
6 0.01437699680511182
7 0.012779552715654952
8 0.011182108626198083
1 0.011182108626198083
2 0.009584664536741214
0 0.009584664536741214
4 0.007987220447284345
3 0.007987220447284345
doc : 15
9 0.23500000000000001
0 0.23
6 0.115
5 0.105
1 0.095
7 0.06
4 0.055
2 0.045
8 0.035
3 0.025
doc : 16
2 0.8929292929292929
7 0.014141414141414142
9 0.012121212121212121
5 0.012121212121212121
4 0.012121212121212121
3 0.012121212121212121
1 0.012121212121212121
0 0.012121212121212121
8 0.0101010101010101
6 0.0101010101010101
doc : 17
3 0.8764845605700713
4 0.02137767220902613
9 0.014251781472684086
2 0.014251781472684086
1 0.014251781472684086
8 0.011876484560570073
7 0.011876484560570073
6 0.011876484560570073
5 0.011876484560570073
0 0.011876484560570073
doc : 18
5 0.7535211267605634
0 0.04929577464788733
7 0.03169014084507042
6 0.028169014084507043
2 0.028169014084507043
4 0.024647887323943664
3 0.024647887323943664
9 0.02112676056338028
8 0.02112676056338028
1 0.017605633802816902
doc : 19
2 0.8949494949494949
4 0.014141414141414142
0 0.014141414141414142
9 0.012121212121212121
8 0.012121212121212121
3 0.012121212121212121
7 0.0101010101010101
6 0.0101010101010101
5 0.0101010101010101
1 0.0101010101010101
doc : 20
4 0.8799249530956847
3 0.020637898686679174
5 0.0150093808630394
0 0.0150093808630394
7 0.013133208255159474
2 0.013133208255159474
8 0.01125703564727955
6 0.01125703564727955
1 0.01125703564727955
9 0.009380863039399626
doc : 21
4 0.8299492385786802
3 0.032994923857868015
6 0.02030456852791878
2 0.02030456852791878
5 0.017766497461928932
0 0.017766497461928932
9 0.015228426395939085
8 0.015228426395939085
7 0.015228426395939085
1 0.015228426395939085
doc : 22
8 0.9386562804284324
2 0.012658227848101266
3 0.008763388510223954
0 0.007789678675754625
7 0.005842259006815969
4 0.005842259006815969
1 0.005842259006815969
9 0.004868549172346641
6 0.004868549172346641
5 0.004868549172346641
doc : 23
6 0.6194895591647331
5 0.07192575406032482
0 0.07192575406032482
1 0.06960556844547564
9 0.037122969837587005
7 0.030162412993039442
8 0.027842227378190254
2 0.027842227378190254
3 0.025522041763341066
4 0.018561484918793503
doc : 24
6 0.845703125
2 0.02734375
1 0.025390625
4 0.017578125
5 0.015625
3 0.015625
0 0.015625
9 0.013671875
7 0.013671875
8 0.009765625
doc : 25
7 0.9228521332554062
2 0.01694915254237288
5 0.009935710111046171
0 0.009935710111046171
8 0.008766803039158387
6 0.008766803039158387
1 0.007013442431326709
9 0.0052600818234950315
4 0.0052600818234950315
3 0.0052600818234950315
doc : 26
5 0.6333830104321908
6 0.11773472429210134
1 0.06706408345752608
9 0.04769001490312966
0 0.03576751117734724
8 0.03278688524590164
2 0.02384500745156483
7 0.01639344262295082
4 0.013412816691505215
3 0.011922503725782414
doc : 27
0 0.5
7 0.3081081081081081
5 0.032432432432432434
2 0.02702702702702703
6 0.024324324324324326
4 0.024324324324324326
1 0.024324324324324326
8 0.021621621621621623
3 0.021621621621621623
9 0.016216216216216217
doc : 28
0 0.5223463687150838
7 0.26536312849162014
2 0.03910614525139665
5 0.0335195530726257
1 0.030726256983240226
6 0.025139664804469275
4 0.025139664804469275
9 0.0223463687150838
8 0.019553072625698324
3 0.01675977653631285
doc : 29
1 0.37254901960784315
0 0.09803921568627451
9 0.06862745098039216
8 0.06862745098039216
7 0.06862745098039216
6 0.06862745098039216
5 0.06862745098039216
3 0.06862745098039216
2 0.06862745098039216
4 0.049019607843137254
doc : 30
1 0.17054263565891473
0 0.16279069767441862
6 0.12403100775193798
9 0.10852713178294573
5 0.10077519379844961
7 0.08527131782945736
3 0.07751937984496124
2 0.06976744186046512
4 0.05426356589147287
8 0.046511627906976744
doc : 31
0 0.35555555555555557
1 0.1
5 0.08888888888888889
4 0.07777777777777778
9 0.06666666666666667
7 0.06666666666666667
6 0.06666666666666667
3 0.06666666666666667
8 0.05555555555555556
2 0.05555555555555556
doc : 32
2 0.901010101010101
8 0.012121212121212121
4 0.012121212121212121
3 0.012121212121212121
1 0.012121212121212121
9 0.0101010101010101
7 0.0101010101010101
6 0.0101010101010101
5 0.0101010101010101
0 0.0101010101010101
doc : 33
4 0.8893058161350844
3 0.01876172607879925
6 0.013133208255159474
1 0.013133208255159474
9 0.01125703564727955
7 0.01125703564727955
5 0.01125703564727955
2 0.01125703564727955
0 0.01125703564727955
8 0.009380863039399626
doc : 34
8 0.9386562804284324
4 0.009737098344693282
6 0.008763388510223954
1 0.008763388510223954
9 0.007789678675754625
2 0.006815968841285297
7 0.004868549172346641
5 0.004868549172346641
3 0.004868549172346641
0 0.004868549172346641
doc : 35
5 0.7605633802816901
0 0.03873239436619719
8 0.035211267605633804
2 0.035211267605633804
6 0.028169014084507043
4 0.028169014084507043
3 0.02112676056338028
9 0.017605633802816902
7 0.017605633802816902
1 0.017605633802816902
doc : 36
2 0.8888888888888888
7 0.01818181818181818
6 0.01616161616161616
9 0.012121212121212121
8 0.012121212121212121
1 0.012121212121212121
5 0.0101010101010101
4 0.0101010101010101
3 0.0101010101010101
0 0.0101010101010101
doc : 37
3 0.8788598574821853
4 0.019002375296912115
0 0.0166270783847981
8 0.014251781472684086
9 0.011876484560570073
7 0.011876484560570073
6 0.011876484560570073
5 0.011876484560570073
2 0.011876484560570073
1 0.011876484560570073
doc : 38
4 0.8930581613508443
3 0.016885553470919325
7 0.013133208255159474
6 0.013133208255159474
2 0.013133208255159474
9 0.01125703564727955
0 0.01125703564727955
8 0.009380863039399626
5 0.009380863039399626
1 0.009380863039399626
doc : 39
4 0.8350253807106598
3 0.025380710659898477
6 0.02284263959390863
5 0.02030456852791878
2 0.02030456852791878
0 0.02030456852791878
9 0.015228426395939085
8 0.015228426395939085
7 0.012690355329949238
1 0.012690355329949238
doc : 40
1 0.6244541484716157
0 0.08296943231441048
9 0.048034934497816595
6 0.048034934497816595
4 0.043668122270742356
5 0.03930131004366812
3 0.034934497816593885
8 0.026200873362445413
7 0.026200873362445413
2 0.026200873362445413
doc : 41
6 0.8262806236080178
2 0.031180400890868595
1 0.031180400890868595
9 0.020044543429844096
8 0.017817371937639197
5 0.017817371937639197
7 0.015590200445434297
0 0.015590200445434297
3 0.013363028953229397
4 0.011135857461024499
doc : 42
6 0.8575197889182058
5 0.021108179419525065
4 0.018469656992084433
2 0.018469656992084433
3 0.0158311345646438
0 0.0158311345646438
9 0.013192612137203165
8 0.013192612137203165
7 0.013192612137203165
1 0.013192612137203165
doc : 43
7 0.632183908045977
0 0.06896551724137931
6 0.05172413793103448
4 0.040229885057471264
2 0.040229885057471264
1 0.040229885057471264
9 0.034482758620689655
8 0.034482758620689655
5 0.028735632183908046
3 0.028735632183908046
doc : 44
7 0.8184357541899442
6 0.036312849162011177
0 0.030726256983240226
1 0.019553072625698324
9 0.01675977653631285
8 0.01675977653631285
5 0.01675977653631285
2 0.01675977653631285
4 0.013966480446927375
3 0.013966480446927375
doc : 45
0 0.16176470588235295
9 0.14705882352941177
2 0.10294117647058823
1 0.10294117647058823
7 0.08823529411764705
6 0.08823529411764705
5 0.08823529411764705
8 0.07352941176470588
4 0.07352941176470588
3 0.07352941176470588
doc : 46
7 0.6977152899824253
0 0.12302284710017573
9 0.056239015817223195
1 0.02636203866432337
2 0.02460456942003515
6 0.019332161687170474
8 0.017574692442882248
5 0.014059753954305799
4 0.012302284710017574
3 0.008787346221441124
doc : 47
1 0.5992438563327033
0 0.17391304347826086
2 0.03780718336483932
7 0.034026465028355386
9 0.03213610586011342
6 0.030245746691871456
5 0.02835538752362949
4 0.026465028355387523
8 0.020793950850661626
3 0.017013232514177693
doc : 48
0 0.7358078602620087
2 0.04585152838427947
1 0.03930131004366812
9 0.034934497816593885
5 0.034934497816593885
6 0.03275109170305677
7 0.024017467248908297
4 0.024017467248908297
8 0.017467248908296942
3 0.010917030567685589
doc : 49
2 0.8949494949494949
0 0.01818181818181818
7 0.012121212121212121
6 0.012121212121212121
1 0.012121212121212121
9 0.0101010101010101
8 0.0101010101010101
5 0.0101010101010101
4 0.0101010101010101
3 0.0101010101010101
