doc : 0
3 0.6544943820224719
2 0.11235955056179775
7 0.03932584269662921
8 0.03651685393258427
4 0.033707865168539325
1 0.03089887640449438
9 0.028089887640449437
6 0.025280898876404494
5 0.02247191011235955
0 0.016853932584269662
doc : 1
8 0.7467625899280576
0 0.058992805755395686
2 0.040287769784172665
4 0.03597122302158273
7 0.02733812949640288
5 0.02733812949640288
9 0.020143884892086333
1 0.01870503597122302
6 0.014388489208633094
3 0.010071942446043166
doc : 2
0 0.8506637168141593
8 0.032079646017699116
4 0.018805309734513276
5 0.0165929203539823
2 0.0165929203539823
3 0.015486725663716814
9 0.014380530973451327
7 0.01327433628318584
6 0.012168141592920354
1 0.00995575221238938
doc : 3
9 0.18232044198895025
0 0.1602209944751381
8 0.13259668508287292
1 0.1270718232044199
3 0.10497237569060773
2 0.08839779005524862
4 0.08287292817679558
7 0.049723756906077346
6 0.03867403314917127
5 0.03314917127071823
doc : 4
8 0.592255125284738
3 0.09111617312072892
0 0.0888382687927107
4 0.06150341685649202
9 0.05694760820045558
7 0.03416856492027335
2 0.02733485193621868
6 0.018223234624145785
5 0.01594533029612756
1 0.01366742596810934
doc : 5
3 0.5367483296213809
6 0.22717149220489977
4 0.044543429844097995
9 0.04008908685968819
8 0.0378619153674833
2 0.03340757238307349
1 0.028953229398663696
7 0.022271714922048998
0 0.017817371937639197
5 0.011135857461024499
doc : 6
9 0.5252525252525253
0 0.1767676767676768
4 0.08585858585858587
3 0.06313131313131314
5 0.03787878787878788
8 0.03282828282828283
7 0.022727272727272728
2 0.020202020202020204
1 0.020202020202020204
6 0.015151515151515152
doc : 7
1 0.20231213872832368
0 0.1791907514450867
3 0.15606936416184972
5 0.10404624277456646
8 0.09826589595375722
2 0.08092485549132948
7 0.057803468208092484
4 0.057803468208092484
9 0.03468208092485549
6 0.028901734104046242
doc : 8
6 0.875
9 0.01971153846153846
8 0.019230769230769232
0 0.01730769230769231
4 0.014903846153846155
5 0.013461538461538462
1 0.011057692307692308
7 0.010576923076923078
3 0.010096153846153847
2 0.008653846153846154
doc : 9
6 0.7726027397260274
4 0.0410958904109589
3 0.03561643835616438
9 0.030136986301369864
2 0.030136986301369864
8 0.0273972602739726
1 0.019178082191780823
0 0.016438356164383564
7 0.0136986301369863
5 0.0136986301369863
doc : 10
6 0.6745689655172413
9 0.09051724137931035
2 0.07112068965517242
3 0.036637931034482756
8 0.030172413793103446
4 0.030172413793103446
0 0.021551724137931036
5 0.017241379310344827
7 0.015086206896551723
1 0.01293103448275862
doc : 11
3 0.6178194607268463
5 0.07033997655334115
7 0.06096131301289566
8 0.059788980070339975
2 0.059788980070339975
9 0.041031652989449004
4 0.035169988276670575
0 0.029308323563892142
1 0.01875732708089097
6 0.007033997655334114
doc : 12
3 0.7616099071207431
2 0.04024767801857585
7 0.03405572755417957
5 0.03405572755417957
8 0.02476780185758514
6 0.021671826625386997
4 0.021671826625386997
1 0.021671826625386997
0 0.021671826625386997
9 0.018575851393188854
doc : 13
7 0.9323394495412844
5 0.009174311926605505
8 0.008027522935779817
4 0.008027522935779817
3 0.008027522935779817
0 0.008027522935779817
9 0.006880733944954129
6 0.006880733944954129
1 0.006880733944954129
2 0.005733944954128441
doc : 14
7 0.9292565947242205
8 0.015587529976019183
2 0.008393285371702638
9 0.007194244604316546
6 0.007194244604316546
5 0.007194244604316546
3 0.007194244604316546
4 0.005995203836930455
1 0.005995203836930455
0 0.005995203836930455
doc : 15
0 0.6303797468354431
8 0.13544303797468354
4 0.05569620253164557
2 0.0379746835443038
5 0.03037974683544304
3 0.027848101265822784
7 0.02278481012658228
6 0.02278481012658228
9 0.020253164556962026
1 0.016455696202531647
doc : 16
6 0.7557755775577558
9 0.056105610561056105
7 0.026402640264026403
5 0.026402640264026403
4 0.026402640264026403
8 0.023102310231023104
3 0.023102310231023104
0 0.023102310231023104
2 0.019801980198019802
1 0.019801980198019802
doc : 17
3 0.5900900900900901
0 0.07657657657657657
7 0.07207207207207207
8 0.05405405405405406
4 0.04954954954954955
2 0.04504504504504504
9 0.036036036036036036
5 0.03153153153153153
6 0.02252252252252252
1 0.02252252252252252
doc : 18
2 0.8185011709601874
3 0.040983606557377046
0 0.03395784543325527
8 0.03161592505854801
4 0.03161592505854801
5 0.01522248243559719
1 0.00936768149882904
9 0.00702576112412178
7 0.0058548009367681494
6 0.0058548009367681494
doc : 19
4 0.3310344827586207
8 0.15517241379310345
3 0.10689655172413792
9 0.09655172413793103
6 0.06896551724137931
5 0.06551724137931034
1 0.06206896551724138
2 0.04827586206896552
0 0.041379310344827586
7 0.02413793103448276
doc : 20
1 0.9290060851926978
7 0.014198782961460446
6 0.010141987829614604
8 0.009127789046653144
2 0.008113590263691683
9 0.006085192697768763
5 0.006085192697768763
4 0.006085192697768763
3 0.006085192697768763
0 0.005070993914807302
doc : 21
7 0.925
4 0.010714285714285714
5 0.009523809523809525
2 0.009523809523809525
1 0.009523809523809525
9 0.008333333333333335
8 0.0071428571428571435
3 0.0071428571428571435
0 0.0071428571428571435
6 0.005952380952380953
doc : 22
8 0.41042345276872966
9 0.241042345276873
7 0.0749185667752443
3 0.05863192182410424
0 0.055374592833876225
2 0.048859934853420196
5 0.035830618892508145
4 0.02931596091205212
6 0.026058631921824105
1 0.01954397394136808
doc : 23
5 0.49173553719008267
8 0.1115702479338843
4 0.08677685950413223
2 0.08677685950413223
1 0.06198347107438017
0 0.05785123966942149
3 0.03305785123966942
9 0.024793388429752067
6 0.024793388429752067
7 0.02066115702479339
doc : 24
5 0.22413793103448276
4 0.14655172413793102
1 0.12068965517241378
0 0.11206896551724138
3 0.10344827586206896
8 0.07758620689655173
6 0.06034482758620689
2 0.06034482758620689
7 0.05172413793103448
9 0.04310344827586207
doc : 25
6 0.7654320987654321
4 0.05246913580246913
3 0.033950617283950615
9 0.024691358024691357
8 0.024691358024691357
7 0.021604938271604937
2 0.021604938271604937
5 0.018518518518518517
1 0.018518518518518517
0 0.018518518518518517
doc : 26
8 0.2796610169491525
9 0.19491525423728814
7 0.07627118644067797
2 0.07627118644067797
0 0.07627118644067797
4 0.06779661016949153
6 0.059322033898305086
5 0.059322033898305086
1 0.059322033898305086
3 0.05084745762711865
doc : 27
7 0.9199057714958775
1 0.01177856301531213
5 0.010600706713780918
3 0.010600706713780918
9 0.009422850412249705
4 0.009422850412249705
6 0.008244994110718492
2 0.007067137809187279
0 0.007067137809187279
8 0.005889281507656065
doc : 28
7 0.9286563614744351
8 0.011890606420927466
3 0.010701545778834719
6 0.008323424494649227
1 0.008323424494649227
9 0.00713436385255648
4 0.00713436385255648
5 0.005945303210463733
2 0.005945303210463733
0 0.005945303210463733
doc : 29
7 0.2515991471215352
9 0.24946695095948826
8 0.16204690831556504
2 0.16204690831556504
4 0.053304904051172705
5 0.04051172707889126
3 0.031982942430703626
0 0.021321961620469083
1 0.017057569296375266
6 0.010660980810234541
doc : 30
4 0.5649038461538461
2 0.10576923076923078
1 0.06730769230769232
0 0.06730769230769232
5 0.06009615384615385
9 0.03605769230769231
8 0.03125
3 0.026442307692307696
6 0.02403846153846154
7 0.01682692307692308
doc : 31
4 0.33974358974358976
7 0.09615384615384615
3 0.09615384615384615
0 0.09615384615384615
9 0.08974358974358974
2 0.07692307692307693
5 0.07051282051282051
1 0.05128205128205128
8 0.04487179487179487
6 0.038461538461538464
doc : 32
9 0.8297520661157025
7 0.04132231404958678
8 0.021487603305785124
0 0.021487603305785124
6 0.01818181818181818
3 0.01818181818181818
5 0.01487603305785124
1 0.013223140495867768
4 0.011570247933884297
2 0.009917355371900825
doc : 33
9 0.14285714285714285
7 0.12605042016806722
3 0.12605042016806722
8 0.11764705882352941
5 0.11764705882352941
4 0.1092436974789916
2 0.09243697478991596
0 0.07563025210084033
6 0.05042016806722689
1 0.04201680672268907
doc : 34
1 0.7091906721536351
3 0.14951989026063098
2 0.028806584362139915
9 0.026063100137174208
8 0.01783264746227709
5 0.01783264746227709
7 0.016460905349794237
0 0.015089163237311385
6 0.009602194787379972
4 0.009602194787379972
doc : 35
2 0.3828125
4 0.109375
8 0.1015625
3 0.0703125
9 0.0625
7 0.0625
5 0.0625
1 0.0546875
0 0.0546875
6 0.0390625
doc : 36
4 0.7934537246049661
0 0.04853273137697516
8 0.03611738148984198
5 0.030474040632054174
3 0.021444695259593676
2 0.021444695259593676
9 0.020316027088036117
7 0.012415349887133182
6 0.010158013544018058
1 0.00564334085778781
doc : 37
9 0.5884476534296029
7 0.16967509025270758
3 0.05415162454873646
5 0.03249097472924188
6 0.02888086642599278
4 0.02888086642599278
8 0.025270758122743684
2 0.025270758122743684
0 0.025270758122743684
1 0.021660649819494587
doc : 38
9 0.7308970099667774
7 0.08748615725359911
5 0.05426356589147287
2 0.026578073089700997
3 0.023255813953488372
8 0.021040974529346623
4 0.019933554817275746
1 0.014396456256921373
6 0.011074197120708748
0 0.011074197120708748
doc : 39
3 0.6702557200538358
7 0.0847913862718708
9 0.05652759084791387
0 0.05652759084791387
8 0.05114401076716016
5 0.022880215343203232
2 0.021534320323014805
6 0.013458950201884253
4 0.012113055181695828
1 0.010767160161507403
doc : 40
5 0.5361596009975063
3 0.14962593516209477
2 0.057356608478802994
4 0.05486284289276808
8 0.04488778054862843
0 0.04239401496259351
9 0.032418952618453865
7 0.029925187032418952
1 0.02743142144638404
6 0.02493765586034913
doc : 41
9 0.8700361010830325
3 0.019855595667870037
0 0.018050541516245487
8 0.01624548736462094
7 0.01444043321299639
5 0.01444043321299639
6 0.012635379061371842
2 0.012635379061371842
1 0.012635379061371842
4 0.009025270758122744
doc : 42
9 0.4648829431438127
8 0.20066889632107024
7 0.1605351170568562
5 0.04013377926421405
0 0.030100334448160536
2 0.026755852842809364
6 0.020066889632107024
3 0.020066889632107024
1 0.020066889632107024
4 0.016722408026755852
doc : 43
2 0.5234657039711191
4 0.11191335740072203
0 0.07581227436823106
8 0.06859205776173286
3 0.05776173285198556
1 0.039711191335740074
5 0.036101083032490974
7 0.03249097472924188
6 0.03249097472924188
9 0.021660649819494587
doc : 44
8 0.4917127071823204
3 0.10497237569060773
5 0.09668508287292818
4 0.06629834254143646
0 0.049723756906077346
2 0.04696132596685083
1 0.04419889502762431
7 0.04143646408839779
9 0.03591160220994475
6 0.022099447513812154
doc : 45
5 0.802801724137931
0 0.04849137931034483
3 0.036637931034482756
4 0.030172413793103446
8 0.01939655172413793
2 0.016163793103448277
1 0.015086206896551723
7 0.01293103448275862
9 0.011853448275862068
6 0.00646551724137931
doc : 46
2 0.7801801801801802
7 0.032432432432432434
5 0.032432432432432434
4 0.032432432432432434
1 0.02882882882882883
9 0.025225225225225224
3 0.025225225225225224
8 0.018018018018018018
0 0.014414414414414415
6 0.010810810810810811
doc : 47
4 0.32173913043478264
5 0.11304347826086956
1 0.10434782608695653
2 0.08695652173913043
3 0.0782608695652174
0 0.0782608695652174
8 0.06086956521739131
6 0.06086956521739131
9 0.052173913043478265
7 0.043478260869565216
doc : 48
8 0.4444444444444444
9 0.09027777777777778
7 0.08333333333333333
6 0.06944444444444445
0 0.06944444444444445
4 0.0625
5 0.05555555555555555
3 0.048611111111111105
2 0.041666666666666664
1 0.034722222222222224
doc : 49
2 0.39603960396039606
8 0.09900990099009901
7 0.07920792079207921
5 0.07920792079207921
9 0.06930693069306931
1 0.06930693069306931
3 0.0594059405940594
6 0.04950495049504951
4 0.04950495049504951
0 0.04950495049504951
