doc : 0
3 0.636986301369863
9 0.0958904109589041
4 0.04794520547945205
6 0.04452054794520548
0 0.04452054794520548
2 0.03767123287671233
1 0.03424657534246575
8 0.02054794520547945
7 0.02054794520547945
5 0.017123287671232876
doc : 1
4 0.24444444444444446
6 0.11111111111111112
3 0.11111111111111112
2 0.11111111111111112
5 0.08888888888888889
7 0.07777777777777778
8 0.06666666666666667
1 0.06666666666666667
0 0.06666666666666667
9 0.05555555555555556
doc : 2
9 0.5932203389830508
6 0.05084745762711865
5 0.05084745762711865
3 0.05084745762711865
8 0.0423728813559322
7 0.0423728813559322
4 0.0423728813559322
2 0.0423728813559322
1 0.0423728813559322
0 0.0423728813559322
doc : 3
9 0.68
2 0.04
1 0.04
0 0.04
8 0.03333333333333333
7 0.03333333333333333
6 0.03333333333333333
5 0.03333333333333333
4 0.03333333333333333
3 0.03333333333333333
doc : 4
9 0.6644295302013423
0 0.04697986577181208
6 0.040268456375838924
4 0.040268456375838924
1 0.040268456375838924
8 0.03355704697986577
7 0.03355704697986577
5 0.03355704697986577
3 0.03355704697986577
2 0.03355704697986577
doc : 5
9 0.7000000000000001
8 0.03333333333333333
7 0.03333333333333333
6 0.03333333333333333
5 0.03333333333333333
4 0.03333333333333333
3 0.03333333333333333
2 0.03333333333333333
1 0.03333333333333333
0 0.03333333333333333
doc : 6
4 0.5892857142857143
2 0.12857142857142856
9 0.06428571428571428
0 0.039285714285714285
7 0.03571428571428571
3 0.03571428571428571
6 0.03214285714285714
8 0.02857142857142857
5 0.024999999999999998
1 0.02142857142857143
doc : 7
1 0.9497510185604345
3 0.012675418741511997
4 0.011317338162064282
8 0.005885015844273427
0 0.004074241738343142
9 0.0036215482118605704
7 0.0036215482118605704
6 0.003168854685377999
5 0.003168854685377999
2 0.002716161158895428
doc : 8
4 0.470059880239521
3 0.11377245508982037
1 0.09580838323353294
2 0.09281437125748504
8 0.08682634730538923
6 0.04191616766467066
7 0.029940119760479042
9 0.023952095808383235
0 0.023952095808383235
5 0.02095808383233533
doc : 9
9 0.6666666666666667
6 0.05333333333333334
0 0.04666666666666667
8 0.03333333333333333
7 0.03333333333333333
5 0.03333333333333333
4 0.03333333333333333
3 0.03333333333333333
2 0.03333333333333333
1 0.03333333333333333
doc : 10
9 0.6866666666666668
8 0.04
0 0.04
7 0.03333333333333333
6 0.03333333333333333
5 0.03333333333333333
4 0.03333333333333333
3 0.03333333333333333
2 0.03333333333333333
1 0.03333333333333333
doc : 11
9 0.6733333333333333
7 0.04666666666666667
6 0.04
0 0.04
8 0.03333333333333333
5 0.03333333333333333
4 0.03333333333333333
3 0.03333333333333333
2 0.03333333333333333
1 0.03333333333333333
doc : 12
2 0.6666666666666666
6 0.05507246376811594
4 0.0463768115942029
9 0.043478260869565216
0 0.043478260869565216
8 0.03768115942028986
3 0.034782608695652174
5 0.026086956521739132
7 0.02318840579710145
1 0.02318840579710145
doc : 13
1 0.4411764705882353
6 0.2668067226890756
9 0.06512605042016806
4 0.04831932773109243
0 0.04621848739495798
3 0.03991596638655462
8 0.031512605042016806
2 0.029411764705882353
5 0.018907563025210083
7 0.012605042016806723
doc : 14
4 0.16304347826086957
6 0.13043478260869565
0 0.11956521739130435
3 0.10869565217391304
9 0.09782608695652173
1 0.09782608695652173
5 0.08695652173913043
8 0.06521739130434782
7 0.06521739130434782
2 0.06521739130434782
doc : 15
8 0.32525951557093424
2 0.20415224913494812
4 0.17301038062283738
3 0.09688581314878893
9 0.05536332179930796
6 0.05536332179930796
1 0.02768166089965398
0 0.02422145328719723
5 0.020761245674740483
7 0.01730103806228374
doc : 16
4 0.398876404494382
2 0.1853932584269663
3 0.12359550561797752
8 0.056179775280898875
0 0.05056179775280899
7 0.0449438202247191
6 0.0449438202247191
1 0.03932584269662921
9 0.028089887640449437
5 0.028089887640449437
doc : 17
2 0.582716049382716
6 0.17037037037037037
7 0.046913580246913576
4 0.046913580246913576
9 0.03950617283950617
0 0.0345679012345679
8 0.024691358024691357
3 0.024691358024691357
5 0.01728395061728395
1 0.012345679012345678
doc : 18
6 0.8481781376518218
9 0.0465587044534413
0 0.024291497975708502
3 0.016194331983805668
8 0.012145748987854251
4 0.012145748987854251
7 0.010121457489878543
5 0.010121457489878543
2 0.010121457489878543
1 0.010121457489878543
doc : 19
5 0.48416289592760187
6 0.1900452488687783
3 0.06787330316742082
9 0.05429864253393665
8 0.05429864253393665
2 0.04524886877828055
1 0.031674208144796386
4 0.027149321266968326
7 0.022624434389140274
0 0.022624434389140274
doc : 20
2 0.5057471264367815
4 0.20498084291187738
0 0.0632183908045977
3 0.05555555555555555
8 0.038314176245210725
9 0.032567049808429116
6 0.03065134099616858
1 0.026819923371647507
7 0.021072796934865898
5 0.021072796934865898
doc : 21
3 0.75
9 0.042763157894736836
0 0.042763157894736836
7 0.03289473684210526
6 0.02631578947368421
2 0.02631578947368421
8 0.023026315789473683
4 0.019736842105263157
1 0.019736842105263157
5 0.01644736842105263
doc : 22
9 0.7320574162679425
6 0.05980861244019139
7 0.04066985645933014
2 0.03827751196172249
4 0.03110047846889952
8 0.028708133971291863
0 0.02631578947368421
5 0.014354066985645932
3 0.014354066985645932
1 0.014354066985645932
doc : 23
3 0.5603112840466926
4 0.08949416342412451
8 0.08560311284046693
7 0.058365758754863814
2 0.054474708171206226
0 0.038910505836575876
1 0.03501945525291829
6 0.0311284046692607
9 0.023346303501945526
5 0.023346303501945526
doc : 24
8 0.5523255813953488
0 0.11627906976744186
6 0.061046511627906974
2 0.04941860465116279
5 0.046511627906976744
4 0.046511627906976744
3 0.040697674418604654
7 0.03488372093023256
9 0.026162790697674417
1 0.026162790697674417
doc : 25
3 0.4077079107505071
6 0.22718052738336714
8 0.11561866125760649
2 0.0872210953346856
4 0.05070993914807302
0 0.032454361054766734
5 0.02636916835699797
9 0.02028397565922921
7 0.018255578093306288
1 0.014198782961460446
doc : 26
9 0.49321266968325794
0 0.08597285067873305
8 0.07692307692307693
6 0.05882352941176471
1 0.05882352941176471
7 0.0497737556561086
3 0.0497737556561086
2 0.0497737556561086
4 0.04524886877828055
5 0.031674208144796386
doc : 27
8 0.6711229946524063
2 0.09358288770053476
3 0.06684491978609625
5 0.0374331550802139
4 0.026737967914438502
1 0.02406417112299465
9 0.0213903743315508
6 0.0213903743315508
0 0.0213903743315508
7 0.0160427807486631
doc : 28
2 0.6750572082379863
4 0.08695652173913043
0 0.04805491990846682
3 0.043478260869565216
8 0.038901601830663615
7 0.038901601830663615
1 0.02288329519450801
5 0.018306636155606407
9 0.016018306636155607
6 0.011441647597254004
doc : 29
9 0.4785100286532951
3 0.08882521489971347
8 0.06876790830945559
4 0.06876790830945559
5 0.0659025787965616
6 0.06017191977077364
7 0.05157593123209169
2 0.04871060171919771
0 0.04297994269340974
1 0.025787965616045846
doc : 30
5 0.29239766081871343
4 0.15204678362573099
6 0.14035087719298245
9 0.11695906432748537
7 0.06432748538011696
0 0.05263157894736842
8 0.04678362573099415
3 0.04678362573099415
2 0.04678362573099415
1 0.04093567251461988
doc : 31
8 0.7101449275362319
4 0.06956521739130435
2 0.052173913043478265
3 0.04057971014492753
0 0.03768115942028986
5 0.020289855072463767
9 0.017391304347826087
7 0.017391304347826087
6 0.017391304347826087
1 0.017391304347826087
doc : 32
9 0.6134453781512604
1 0.05042016806722689
8 0.04201680672268907
7 0.04201680672268907
6 0.04201680672268907
5 0.04201680672268907
4 0.04201680672268907
3 0.04201680672268907
2 0.04201680672268907
0 0.04201680672268907
doc : 33
9 0.5932203389830508
4 0.05084745762711865
2 0.05084745762711865
0 0.05084745762711865
8 0.0423728813559322
7 0.0423728813559322
6 0.0423728813559322
5 0.0423728813559322
3 0.0423728813559322
1 0.0423728813559322
doc : 34
9 0.697986577181208
8 0.03355704697986577
7 0.03355704697986577
6 0.03355704697986577
5 0.03355704697986577
4 0.03355704697986577
3 0.03355704697986577
2 0.03355704697986577
1 0.03355704697986577
0 0.03355704697986577
doc : 35
1 0.9604519774011299
4 0.008945386064030132
3 0.005649717514124294
8 0.004708097928436911
5 0.00423728813559322
7 0.003766478342749529
2 0.003766478342749529
0 0.0032956685499058377
6 0.002824858757062147
9 0.0023540489642184556
doc : 36
0 0.4610389610389611
4 0.08441558441558442
9 0.07142857142857144
8 0.07142857142857144
6 0.06493506493506494
3 0.05844155844155845
5 0.05194805194805195
7 0.045454545454545456
2 0.045454545454545456
1 0.045454545454545456
doc : 37
0 0.8543543543543544
8 0.025525525525525526
6 0.01951951951951952
9 0.018018018018018018
4 0.018018018018018018
1 0.018018018018018018
3 0.013513513513513514
2 0.013513513513513514
7 0.01051051051051051
5 0.009009009009009009
doc : 38
0 0.6048951048951049
6 0.1258741258741259
8 0.04895104895104895
2 0.04895104895104895
1 0.04195804195804196
3 0.038461538461538464
5 0.03146853146853147
9 0.024475524475524476
7 0.017482517482517484
4 0.017482517482517484
doc : 39
0 0.842391304347826
3 0.02355072463768116
8 0.01992753623188406
6 0.018115942028985508
5 0.018115942028985508
4 0.018115942028985508
2 0.018115942028985508
9 0.014492753623188406
1 0.014492753623188406
7 0.012681159420289856
doc : 40
0 0.7833333333333333
2 0.044444444444444446
3 0.02777777777777778
4 0.025
9 0.022222222222222223
8 0.019444444444444445
7 0.019444444444444445
6 0.019444444444444445
5 0.019444444444444445
1 0.019444444444444445
doc : 41
5 0.8606921029281278
8 0.030168589174800357
3 0.026619343389529725
2 0.022182786157941437
7 0.021295474711623782
4 0.011535048802129548
9 0.00709849157054126
1 0.00709849157054126
0 0.00709849157054126
6 0.006211180124223603
doc : 42
0 0.5625
8 0.10576923076923078
2 0.0889423076923077
3 0.0625
6 0.04326923076923077
4 0.04326923076923077
9 0.03125
5 0.026442307692307696
7 0.021634615384615384
1 0.014423076923076924
doc : 43
4 0.8263772954924875
3 0.05676126878130217
8 0.02671118530884808
2 0.021702838063439065
9 0.01335559265442404
5 0.01335559265442404
6 0.011686143572621035
1 0.011686143572621035
7 0.01001669449081803
0 0.008347245409015025
doc : 44
7 0.7773722627737226
6 0.0364963503649635
4 0.029197080291970802
8 0.025547445255474453
2 0.025547445255474453
0 0.025547445255474453
9 0.021897810218978103
1 0.021897810218978103
5 0.01824817518248175
3 0.01824817518248175
doc : 45
7 0.7913907284768212
6 0.033112582781456956
3 0.026490066225165563
9 0.023178807947019868
4 0.023178807947019868
2 0.023178807947019868
0 0.023178807947019868
8 0.019867549668874173
5 0.019867549668874173
1 0.016556291390728478
doc : 46
7 0.793002915451895
8 0.03206997084548105
2 0.03206997084548105
5 0.023323615160349854
1 0.023323615160349854
4 0.02040816326530612
3 0.02040816326530612
0 0.02040816326530612
9 0.01749271137026239
6 0.01749271137026239
doc : 47
7 0.9049295774647887
9 0.01584507042253521
6 0.012323943661971832
0 0.012323943661971832
8 0.01056338028169014
5 0.008802816901408451
4 0.008802816901408451
3 0.008802816901408451
2 0.008802816901408451
1 0.008802816901408451
doc : 48
7 0.8610108303249098
5 0.025270758122743684
4 0.019855595667870037
6 0.018050541516245487
3 0.018050541516245487
9 0.01444043321299639
2 0.012635379061371842
0 0.012635379061371842
8 0.009025270758122744
1 0.009025270758122744
doc : 49
7 0.9098786828422877
9 0.012131715771230503
6 0.012131715771230503
5 0.010398613518197573
4 0.010398613518197573
0 0.010398613518197573
8 0.008665511265164644
3 0.008665511265164644
2 0.008665511265164644
1 0.008665511265164644
