doc : 0
4 0.8579881656804734
5 0.025641025641025644
2 0.01972386587771203
1 0.01972386587771203
7 0.01775147928994083
3 0.015779092702169626
6 0.013806706114398423
9 0.009861932938856016
8 0.009861932938856016
0 0.009861932938856016
doc : 1
1 0.9731853906611188
7 0.0036985668053629217
8 0.0032362459546925564
5 0.0032362459546925564
0 0.0032362459546925564
9 0.002773925104022191
4 0.002773925104022191
3 0.002773925104022191
2 0.002773925104022191
6 0.002311604253351826
doc : 2
4 0.8426395939086294
1 0.025380710659898477
2 0.02284263959390863
7 0.017766497461928932
6 0.017766497461928932
5 0.017766497461928932
9 0.015228426395939085
3 0.015228426395939085
8 0.012690355329949238
0 0.012690355329949238
doc : 3
2 0.9428838951310862
4 0.010299625468164795
9 0.006554307116104869
7 0.006554307116104869
3 0.006554307116104869
1 0.006554307116104869
8 0.0056179775280898875
0 0.0056179775280898875
6 0.0046816479400749065
5 0.0046816479400749065
doc : 4
7 0.8711217183770883
2 0.01909307875894988
1 0.01909307875894988
9 0.016706443914081145
3 0.014319809069212411
8 0.011933174224343677
6 0.011933174224343677
5 0.011933174224343677
4 0.011933174224343677
0 0.011933174224343677
doc : 5
3 0.9265850945494994
2 0.014460511679644048
4 0.012235817575083427
7 0.00778642936596218
5 0.00778642936596218
1 0.00778642936596218
9 0.006674082313681868
8 0.0055617352614015575
6 0.0055617352614015575
0 0.0055617352614015575
doc : 6
4 0.7838479809976248
3 0.07600950118764846
2 0.026128266033254157
1 0.023752969121140145
5 0.019002375296912115
8 0.0166270783847981
6 0.0166270783847981
7 0.014251781472684086
9 0.011876484560570073
0 0.011876484560570073
doc : 7
9 0.6984615384615385
5 0.06153846153846154
0 0.052307692307692305
8 0.04
7 0.04
3 0.033846153846153845
4 0.021538461538461538
6 0.01846153846153846
2 0.01846153846153846
1 0.015384615384615385
doc : 8
9 0.3434343434343435
4 0.10101010101010102
8 0.08080808080808081
5 0.08080808080808081
7 0.07070707070707072
6 0.07070707070707072
2 0.07070707070707072
3 0.06060606060606061
1 0.06060606060606061
0 0.06060606060606061
doc : 9
5 0.6390977443609023
7 0.06766917293233082
8 0.06578947368421052
4 0.06203007518796992
2 0.046992481203007516
9 0.039473684210526314
6 0.02631578947368421
0 0.018796992481203006
3 0.016917293233082706
1 0.016917293233082706
doc : 10
8 0.669187145557656
9 0.06616257088846882
7 0.04914933837429112
5 0.04725897920604915
2 0.034026465028355386
6 0.02835538752362949
1 0.02835538752362949
3 0.026465028355387523
0 0.026465028355387523
4 0.02457466918714556
doc : 11
6 0.7977839335180056
5 0.0443213296398892
3 0.024930747922437674
2 0.024930747922437674
9 0.0221606648199446
8 0.019390581717451522
4 0.019390581717451522
1 0.01662049861495845
0 0.01662049861495845
7 0.013850415512465374
doc : 12
6 0.5009416195856874
7 0.16572504708097927
2 0.09227871939736346
4 0.08662900188323917
5 0.05649717514124294
1 0.02824858757062147
9 0.020715630885122408
0 0.020715630885122408
8 0.018832391713747645
3 0.009416195856873822
doc : 13
9 0.2885906040268456
0 0.174496644295302
5 0.14093959731543623
6 0.06711409395973154
3 0.06711409395973154
4 0.060402684563758385
1 0.060402684563758385
7 0.053691275167785234
2 0.04697986577181208
8 0.040268456375838924
doc : 14
8 0.5537974683544303
9 0.14240506329113925
7 0.09177215189873418
5 0.04746835443037974
3 0.04588607594936709
2 0.03955696202531646
0 0.03164556962025317
6 0.02373417721518987
4 0.015822784810126583
1 0.007911392405063292
doc : 15
8 0.8257456828885401
5 0.05023547880690738
9 0.02197802197802198
6 0.020408163265306124
3 0.01883830455259027
0 0.0141287284144427
7 0.012558869701726845
4 0.012558869701726845
1 0.012558869701726845
2 0.01098901098901099
doc : 16
9 0.11538461538461539
6 0.11538461538461539
8 0.09615384615384616
7 0.09615384615384616
5 0.09615384615384616
4 0.09615384615384616
3 0.09615384615384616
2 0.09615384615384616
1 0.09615384615384616
0 0.09615384615384616
doc : 17
2 0.947565543071161
3 0.010299625468164795
5 0.006554307116104869
1 0.006554307116104869
4 0.0056179775280898875
9 0.0046816479400749065
8 0.0046816479400749065
7 0.0046816479400749065
6 0.0046816479400749065
0 0.0046816479400749065
doc : 18
7 0.8735083532219571
3 0.021479713603818618
4 0.016706443914081145
6 0.014319809069212411
1 0.014319809069212411
9 0.011933174224343677
8 0.011933174224343677
5 0.011933174224343677
2 0.011933174224343677
0 0.011933174224343677
doc : 19
4 0.8717948717948718
5 0.02366863905325444
2 0.015779092702169626
7 0.013806706114398423
6 0.013806706114398423
3 0.013806706114398423
0 0.013806706114398423
8 0.01183431952662722
1 0.01183431952662722
9 0.009861932938856016
doc : 20
1 0.9725225225225226
3 0.004054054054054054
5 0.0036036036036036037
9 0.003153153153153153
4 0.003153153153153153
2 0.003153153153153153
8 0.002702702702702703
7 0.002702702702702703
6 0.002702702702702703
0 0.0022522522522522522
doc : 21
4 0.8426395939086294
2 0.03045685279187817
3 0.025380710659898477
5 0.017766497461928932
1 0.017766497461928932
6 0.015228426395939085
9 0.012690355329949238
8 0.012690355329949238
7 0.012690355329949238
0 0.012690355329949238
doc : 22
2 0.9447565543071161
3 0.012172284644194757
8 0.006554307116104869
7 0.006554307116104869
9 0.0056179775280898875
4 0.0056179775280898875
6 0.0046816479400749065
5 0.0046816479400749065
1 0.0046816479400749065
0 0.0046816479400749065
doc : 23
7 0.8663484486873508
4 0.023866348448687354
5 0.01909307875894988
3 0.016706443914081145
2 0.014319809069212411
9 0.011933174224343677
8 0.011933174224343677
6 0.011933174224343677
1 0.011933174224343677
0 0.011933174224343677
doc : 24
3 0.92880978865406
2 0.013348164627363737
7 0.008898776418242492
5 0.008898776418242492
8 0.00778642936596218
4 0.00778642936596218
6 0.006674082313681868
1 0.006674082313681868
9 0.0055617352614015575
0 0.0055617352614015575
doc : 25
9 0.5744680851063829
4 0.06382978723404255
0 0.06382978723404255
6 0.05673758865248227
3 0.04964539007092199
5 0.0425531914893617
2 0.0425531914893617
8 0.035460992907801414
7 0.035460992907801414
1 0.035460992907801414
doc : 26
9 0.4083333333333333
5 0.10833333333333334
7 0.08333333333333333
3 0.075
1 0.06666666666666667
4 0.058333333333333334
2 0.058333333333333334
8 0.05
0 0.05
6 0.041666666666666664
doc : 27
0 0.8505747126436782
9 0.03239289446185998
7 0.025078369905956115
5 0.02298850574712644
6 0.013584117032392895
8 0.01149425287356322
4 0.01149425287356322
1 0.01149425287356322
3 0.01044932079414838
2 0.01044932079414838
doc : 28
9 0.626984126984127
2 0.047619047619047616
0 0.047619047619047616
8 0.03968253968253968
7 0.03968253968253968
6 0.03968253968253968
5 0.03968253968253968
4 0.03968253968253968
3 0.03968253968253968
1 0.03968253968253968
doc : 29
9 0.6097560975609757
6 0.04878048780487805
2 0.04878048780487805
0 0.04878048780487805
8 0.04065040650406505
7 0.04065040650406505
5 0.04065040650406505
4 0.04065040650406505
3 0.04065040650406505
1 0.04065040650406505
doc : 30
0 0.7692307692307693
5 0.046153846153846156
7 0.04195804195804196
8 0.03076923076923077
9 0.026573426573426574
3 0.019580419580419582
2 0.01818181818181818
6 0.016783216783216783
4 0.016783216783216783
1 0.013986013986013986
doc : 31
9 0.45965770171149145
0 0.16381418092909536
1 0.15158924205378974
7 0.05623471882640587
4 0.05378973105134474
8 0.02689486552567237
5 0.02689486552567237
3 0.02444987775061125
2 0.022004889975550123
6 0.014669926650366748
doc : 32
5 0.8983050847457626
1 0.01955671447196871
7 0.014341590612777053
8 0.011734028683181226
2 0.010430247718383311
0 0.010430247718383311
9 0.009126466753585397
6 0.009126466753585397
4 0.009126466753585397
3 0.007822685788787483
doc : 33
5 0.6106719367588932
9 0.08102766798418971
7 0.05731225296442687
0 0.05731225296442687
3 0.04545454545454545
4 0.04150197628458498
2 0.04150197628458498
1 0.023715415019762844
6 0.021739130434782608
8 0.01976284584980237
doc : 34
8 0.8864864864864864
4 0.024624624624624624
5 0.01921921921921922
2 0.016816816816816817
3 0.013813813813813813
1 0.012012012012012012
9 0.0072072072072072065
0 0.0072072072072072065
6 0.006606606606606606
7 0.006006006006006006
doc : 35
2 0.9447565543071161
3 0.010299625468164795
5 0.00749063670411985
8 0.006554307116104869
4 0.006554307116104869
1 0.0056179775280898875
9 0.0046816479400749065
7 0.0046816479400749065
6 0.0046816479400749065
0 0.0046816479400749065
doc : 36
7 0.8639618138424822
3 0.021479713603818618
4 0.01909307875894988
2 0.016706443914081145
1 0.016706443914081145
5 0.014319809069212411
9 0.011933174224343677
8 0.011933174224343677
6 0.011933174224343677
0 0.011933174224343677
doc : 37
1 0.9753717472118959
7 0.0032527881040892194
3 0.0032527881040892194
9 0.0027881040892193307
6 0.0027881040892193307
5 0.0027881040892193307
0 0.0027881040892193307
8 0.002323420074349442
4 0.002323420074349442
2 0.002323420074349442
doc : 38
4 0.8299492385786802
2 0.03045685279187817
3 0.02284263959390863
1 0.02284263959390863
6 0.02030456852791878
9 0.015228426395939085
8 0.015228426395939085
5 0.015228426395939085
0 0.015228426395939085
7 0.012690355329949238
doc : 39
2 0.9466292134831461
3 0.010299625468164795
4 0.009363295880149813
7 0.0056179775280898875
9 0.0046816479400749065
8 0.0046816479400749065
6 0.0046816479400749065
5 0.0046816479400749065
1 0.0046816479400749065
0 0.0046816479400749065
doc : 40
7 0.847255369928401
1 0.023866348448687354
4 0.021479713603818618
9 0.01909307875894988
3 0.01909307875894988
5 0.016706443914081145
8 0.014319809069212411
2 0.014319809069212411
6 0.011933174224343677
0 0.011933174224343677
doc : 41
3 0.9243604004449388
2 0.020022246941045607
7 0.011123470522803115
1 0.008898776418242492
5 0.006674082313681868
4 0.006674082313681868
9 0.0055617352614015575
8 0.0055617352614015575
6 0.0055617352614015575
0 0.0055617352614015575
doc : 42
6 0.8035714285714285
5 0.03214285714285714
2 0.024999999999999998
1 0.024999999999999998
8 0.02142857142857143
0 0.02142857142857143
9 0.017857142857142856
7 0.017857142857142856
4 0.017857142857142856
3 0.017857142857142856
doc : 43
6 0.801418439716312
5 0.028368794326241134
1 0.028368794326241134
3 0.024822695035460994
2 0.024822695035460994
8 0.02127659574468085
9 0.017730496453900707
7 0.017730496453900707
4 0.017730496453900707
0 0.017730496453900707
doc : 44
6 0.7715582450832073
9 0.04236006051437216
5 0.039334341906202726
0 0.028744326777609682
7 0.024205748865355523
8 0.0226928895612708
4 0.0226928895612708
1 0.0226928895612708
3 0.015128593040847202
2 0.01059001512859304
doc : 45
0 0.6206896551724138
8 0.10789766407119021
5 0.07897664071190211
2 0.053392658509454946
6 0.03781979977753059
9 0.02335928809788654
3 0.02224694104560623
4 0.021134593993325918
1 0.017797552836484983
7 0.01668520578420467
doc : 46
9 0.8267477203647416
4 0.034954407294832825
8 0.02735562310030395
0 0.025835866261398176
5 0.019756838905775075
7 0.016717325227963525
1 0.015197568389057751
2 0.013677811550151976
3 0.0121580547112462
6 0.007598784194528876
doc : 47
7 0.6404399323181049
8 0.1209813874788494
5 0.06429780033840947
9 0.048223350253807105
2 0.04653130287648054
0 0.026226734348561757
4 0.02284263959390863
6 0.01353637901861252
3 0.010998307952622672
1 0.005922165820642978
doc : 48
6 0.9386712095400341
0 0.010221465076660989
9 0.007666098807495741
3 0.007666098807495741
7 0.0068143100511073255
4 0.0068143100511073255
2 0.00596252129471891
1 0.00596252129471891
8 0.0051107325383304945
5 0.0051107325383304945
doc : 49
5 0.8550531914893617
2 0.02925531914893617
1 0.023936170212765957
4 0.014627659574468085
0 0.014627659574468085
9 0.013297872340425532
6 0.013297872340425532
3 0.013297872340425532
8 0.011968085106382979
7 0.010638297872340425
