doc : 0
6 0.9438877755511021
8 0.008016032064128256
2 0.008016032064128256
9 0.007014028056112224
7 0.0060120240480961915
4 0.0060120240480961915
1 0.0060120240480961915
5 0.00501002004008016
3 0.00501002004008016
0 0.00501002004008016
doc : 1
9 0.960591133004926
8 0.0063335679099225895
7 0.005629838142153413
6 0.0049261083743842365
2 0.00422237860661506
1 0.00422237860661506
5 0.003518648838845883
4 0.003518648838845883
3 0.003518648838845883
0 0.003518648838845883
doc : 2
1 0.9631449631449631
4 0.006142506142506142
0 0.004914004914004914
9 0.0042997542997543
6 0.0042997542997543
2 0.0042997542997543
8 0.0036855036855036856
7 0.003071253071253071
5 0.003071253071253071
3 0.003071253071253071
doc : 3
2 0.3941605839416058
3 0.15328467153284672
8 0.10218978102189781
0 0.06569343065693431
7 0.058394160583941604
5 0.058394160583941604
9 0.051094890510948905
4 0.043795620437956206
6 0.0364963503649635
1 0.0364963503649635
doc : 4
2 0.44258373205741625
8 0.19138755980861244
3 0.1770334928229665
1 0.043062200956937795
0 0.03110047846889952
7 0.028708133971291863
4 0.028708133971291863
9 0.021531100478468897
5 0.019138755980861243
6 0.01674641148325359
doc : 5
8 0.5580524344569289
1 0.07116104868913858
3 0.06367041198501873
2 0.0599250936329588
9 0.056179775280898875
7 0.0449438202247191
6 0.0449438202247191
5 0.033707865168539325
4 0.033707865168539325
0 0.033707865168539325
doc : 6
5 0.2323943661971831
3 0.19014084507042253
2 0.09859154929577466
8 0.08450704225352113
7 0.08450704225352113
0 0.08450704225352113
4 0.07746478873239437
1 0.06338028169014084
9 0.04225352112676056
6 0.04225352112676056
doc : 7
2 0.2537313432835821
6 0.08955223880597014
5 0.08955223880597014
4 0.08955223880597014
3 0.08955223880597014
0 0.08955223880597014
9 0.07462686567164178
8 0.07462686567164178
7 0.07462686567164178
1 0.07462686567164178
doc : 8
5 0.5343915343915344
8 0.12169312169312169
9 0.05291005291005291
6 0.05291005291005291
2 0.047619047619047616
7 0.042328042328042326
3 0.042328042328042326
1 0.042328042328042326
4 0.031746031746031744
0 0.031746031746031744
doc : 9
8 0.8329853862212943
2 0.04801670146137787
1 0.020876826722338204
6 0.016701461377870562
3 0.016701461377870562
5 0.014613778705636741
0 0.014613778705636741
9 0.012526096033402922
4 0.012526096033402922
7 0.010438413361169102
doc : 10
2 0.6396226415094339
0 0.21320754716981133
9 0.05660377358490566
7 0.016981132075471698
5 0.016981132075471698
3 0.01509433962264151
4 0.013207547169811321
8 0.009433962264150943
6 0.009433962264150943
1 0.009433962264150943
doc : 11
0 0.7266514806378132
3 0.06378132118451024
2 0.04100227790432802
5 0.03644646924829157
7 0.03416856492027335
8 0.03189066059225512
4 0.02277904328018223
6 0.018223234624145785
9 0.01366742596810934
1 0.011389521640091115
doc : 12
9 0.9641097818437719
1 0.005629838142153413
7 0.00422237860661506
6 0.00422237860661506
3 0.00422237860661506
8 0.003518648838845883
5 0.003518648838845883
4 0.003518648838845883
2 0.003518648838845883
0 0.003518648838845883
doc : 13
1 0.9637592137592137
2 0.006756756756756756
5 0.004914004914004914
9 0.0042997542997543
4 0.0042997542997543
0 0.0036855036855036856
8 0.003071253071253071
7 0.003071253071253071
6 0.003071253071253071
3 0.003071253071253071
doc : 14
6 0.944223107569721
1 0.00796812749003984
2 0.0069721115537848604
0 0.0069721115537848604
9 0.00597609561752988
5 0.00597609561752988
4 0.00597609561752988
3 0.00597609561752988
8 0.0049800796812749
7 0.0049800796812749
doc : 15
9 0.9648135116115412
4 0.0049261083743842365
8 0.00422237860661506
2 0.00422237860661506
1 0.00422237860661506
7 0.003518648838845883
6 0.003518648838845883
5 0.003518648838845883
3 0.003518648838845883
0 0.003518648838845883
doc : 16
1 0.9619164619164619
6 0.005528255528255528
9 0.004914004914004914
2 0.004914004914004914
5 0.0042997542997543
4 0.0042997542997543
0 0.0042997542997543
8 0.0036855036855036856
7 0.003071253071253071
3 0.003071253071253071
doc : 17
8 0.22916666666666666
3 0.18055555555555555
2 0.11805555555555555
5 0.09722222222222221
6 0.06944444444444445
0 0.06944444444444445
9 0.0625
4 0.0625
7 0.05555555555555555
1 0.05555555555555555
doc : 18
2 0.6422182468694096
0 0.19856887298747763
1 0.03756708407871199
3 0.03041144901610018
8 0.01967799642218247
5 0.016100178890876567
4 0.016100178890876567
7 0.014311270125223614
9 0.012522361359570662
6 0.012522361359570662
doc : 19
7 0.9095402867029164
5 0.02125556104794859
8 0.01631240731586752
3 0.014829461196243201
2 0.012357884330202669
0 0.007909045971329708
9 0.005931784478497281
4 0.004448838358872961
1 0.003954522985664854
6 0.003460207612456747
doc : 20
2 0.9352051835853132
8 0.012958963282937365
3 0.00755939524838013
1 0.00755939524838013
7 0.0064794816414686825
6 0.0064794816414686825
5 0.0064794816414686825
4 0.0064794816414686825
9 0.005399568034557236
0 0.005399568034557236
doc : 21
8 0.8617511520737328
2 0.03225806451612903
5 0.016129032258064516
3 0.016129032258064516
4 0.013824884792626727
1 0.013824884792626727
9 0.01152073732718894
7 0.01152073732718894
6 0.01152073732718894
0 0.01152073732718894
doc : 22
5 0.7414330218068536
8 0.056074766355140186
0 0.04361370716510903
4 0.03115264797507788
3 0.028037383177570093
2 0.024922118380062305
7 0.021806853582554516
6 0.018691588785046728
1 0.018691588785046728
9 0.01557632398753894
doc : 23
5 0.5818181818181818
3 0.07272727272727272
2 0.07272727272727272
4 0.05454545454545454
6 0.048484848484848485
0 0.04242424242424243
8 0.03636363636363636
9 0.030303030303030304
7 0.030303030303030304
1 0.030303030303030304
doc : 24
4 0.9219308700834327
2 0.014302741358760428
1 0.013706793802145411
6 0.01072705601907032
3 0.00834326579261025
9 0.007747318235995232
8 0.007747318235995232
5 0.0059594755661501785
7 0.00536352800953516
0 0.004171632896305125
doc : 25
2 0.19130434782608696
4 0.1565217391304348
3 0.13043478260869565
8 0.12173913043478261
9 0.09565217391304348
5 0.0782608695652174
7 0.06956521739130435
6 0.06086956521739131
1 0.052173913043478265
0 0.043478260869565216
doc : 26
7 0.11764705882352941
9 0.09803921568627451
8 0.09803921568627451
6 0.09803921568627451
5 0.09803921568627451
4 0.09803921568627451
3 0.09803921568627451
2 0.09803921568627451
1 0.09803921568627451
0 0.09803921568627451
doc : 27
9 0.9641097818437719
8 0.0049261083743842365
7 0.00422237860661506
6 0.00422237860661506
5 0.00422237860661506
2 0.00422237860661506
4 0.003518648838845883
3 0.003518648838845883
1 0.003518648838845883
0 0.003518648838845883
doc : 28
1 0.96007371007371
4 0.009213759213759214
8 0.004914004914004914
9 0.0042997542997543
2 0.0042997542997543
5 0.0036855036855036856
3 0.0036855036855036856
0 0.0036855036855036856
7 0.003071253071253071
6 0.003071253071253071
doc : 29
6 0.9481037924151696
9 0.006986027944111775
3 0.006986027944111775
7 0.005988023952095808
2 0.005988023952095808
0 0.005988023952095808
8 0.00499001996007984
5 0.00499001996007984
4 0.00499001996007984
1 0.00499001996007984
doc : 30
9 0.9591836734693877
1 0.0063335679099225895
6 0.005629838142153413
8 0.00422237860661506
7 0.00422237860661506
4 0.00422237860661506
3 0.00422237860661506
2 0.00422237860661506
0 0.00422237860661506
5 0.003518648838845883
doc : 31
1 0.9625307125307125
9 0.005528255528255528
5 0.005528255528255528
2 0.004914004914004914
3 0.0042997542997543
8 0.0036855036855036856
6 0.0036855036855036856
0 0.0036855036855036856
7 0.003071253071253071
4 0.003071253071253071
doc : 32
8 0.5484496124031008
1 0.09496124031007752
3 0.06976744186046512
6 0.06782945736434108
2 0.05426356589147287
4 0.05232558139534883
5 0.036821705426356585
9 0.025193798449612403
7 0.025193798449612403
0 0.025193798449612403
doc : 33
0 0.768
5 0.050666666666666665
3 0.04533333333333333
2 0.029333333333333333
4 0.024
8 0.018666666666666665
7 0.018666666666666665
9 0.016
1 0.016
6 0.013333333333333332
doc : 34
0 0.8483606557377049
2 0.026639344262295084
8 0.022540983606557378
1 0.020491803278688527
5 0.018442622950819672
3 0.01639344262295082
9 0.012295081967213115
7 0.012295081967213115
6 0.012295081967213115
4 0.010245901639344263
doc : 35
0 0.41472868217054265
5 0.35271317829457366
2 0.050387596899224806
8 0.03875968992248062
6 0.031007751937984496
9 0.023255813953488372
7 0.023255813953488372
4 0.023255813953488372
3 0.023255813953488372
1 0.01937984496124031
doc : 36
2 0.5463917525773195
8 0.18041237113402062
3 0.05412371134020619
5 0.04639175257731959
0 0.04381443298969072
7 0.03350515463917526
1 0.028350515463917526
9 0.02577319587628866
6 0.020618556701030927
4 0.020618556701030927
doc : 37
3 0.6618497109826589
1 0.0953757225433526
0 0.06936416184971098
2 0.04335260115606936
4 0.026011560693641616
6 0.023121387283236993
9 0.02023121387283237
8 0.02023121387283237
7 0.02023121387283237
5 0.02023121387283237
doc : 38
9 0.960591133004926
4 0.007741027445460943
8 0.005629838142153413
2 0.00422237860661506
1 0.00422237860661506
7 0.003518648838845883
6 0.003518648838845883
5 0.003518648838845883
3 0.003518648838845883
0 0.003518648838845883
doc : 39
1 0.9606879606879607
9 0.007371007371007371
2 0.004914004914004914
8 0.0042997542997543
6 0.0042997542997543
5 0.0042997542997543
4 0.0036855036855036856
3 0.0036855036855036856
0 0.0036855036855036856
7 0.003071253071253071
doc : 40
6 0.9340659340659341
3 0.00999000999000999
4 0.008991008991008992
2 0.008991008991008992
1 0.007992007992007992
5 0.006993006993006993
0 0.006993006993006993
9 0.005994005994005994
8 0.004995004995004995
7 0.004995004995004995
doc : 41
9 0.9634060520760028
4 0.0063335679099225895
1 0.0049261083743842365
3 0.00422237860661506
8 0.003518648838845883
7 0.003518648838845883
6 0.003518648838845883
5 0.003518648838845883
2 0.003518648838845883
0 0.003518648838845883
doc : 42
1 0.96007371007371
2 0.006756756756756756
9 0.006142506142506142
4 0.005528255528255528
6 0.0042997542997543
8 0.0036855036855036856
3 0.0036855036855036856
0 0.0036855036855036856
7 0.003071253071253071
5 0.003071253071253071
doc : 43
2 0.5024390243902439
0 0.32926829268292684
4 0.03902439024390244
3 0.029268292682926828
5 0.02195121951219512
9 0.01951219512195122
8 0.01707317073170732
7 0.014634146341463414
6 0.014634146341463414
1 0.012195121951219513
doc : 44
0 0.5441176470588235
5 0.12867647058823528
3 0.07720588235294118
2 0.06985294117647059
7 0.03676470588235294
4 0.03676470588235294
8 0.03308823529411765
6 0.029411764705882353
1 0.025735294117647058
9 0.01838235294117647
doc : 45
0 0.7065217391304348
2 0.06159420289855073
7 0.050724637681159424
3 0.04710144927536232
5 0.036231884057971016
9 0.021739130434782608
8 0.021739130434782608
6 0.018115942028985508
4 0.018115942028985508
1 0.018115942028985508
doc : 46
3 0.8020247469066367
0 0.1361079865016873
4 0.008998875140607425
2 0.008998875140607425
8 0.007874015748031496
7 0.007874015748031496
5 0.007874015748031496
9 0.006749156355455569
6 0.006749156355455569
1 0.006749156355455569
doc : 47
0 0.5727554179566564
3 0.11145510835913314
2 0.07739938080495357
8 0.05572755417956657
4 0.052631578947368425
6 0.04024767801857585
1 0.027863777089783284
5 0.02476780185758514
9 0.021671826625386997
7 0.015479876160990714
doc : 48
0 0.814317673378076
5 0.040268456375838924
2 0.03355704697986577
3 0.026845637583892617
8 0.020134228187919462
7 0.015659955257270694
6 0.013422818791946308
1 0.013422818791946308
9 0.011185682326621923
4 0.011185682326621923
doc : 49
5 0.7569296375266524
0 0.05543710021321961
4 0.042643923240938165
8 0.029850746268656716
1 0.029850746268656716
7 0.023454157782515993
9 0.017057569296375266
2 0.017057569296375266
6 0.014925373134328358
3 0.01279317697228145
