doc : 0
6 0.8290155440414508
7 0.02849740932642487
3 0.023316062176165803
1 0.023316062176165803
9 0.018134715025906738
2 0.018134715025906738
0 0.018134715025906738
5 0.015544041450777202
8 0.01295336787564767
4 0.01295336787564767
doc : 1
6 0.8390501319261213
9 0.029023746701846966
7 0.029023746701846966
2 0.021108179419525065
5 0.0158311345646438
8 0.013192612137203165
4 0.013192612137203165
3 0.013192612137203165
1 0.013192612137203165
0 0.013192612137203165
doc : 2
3 0.7921998781230957
6 0.16697135892748324
1 0.008531383302864107
0 0.005484460694698355
9 0.004875076173065204
7 0.004875076173065204
5 0.004875076173065204
2 0.004875076173065204
8 0.0036563071297989035
4 0.0036563071297989035
doc : 3
6 0.8597560975609757
3 0.026422764227642278
2 0.024390243902439025
7 0.016260162601626018
5 0.016260162601626018
8 0.014227642276422765
9 0.012195121951219513
4 0.010162601626016262
1 0.010162601626016262
0 0.010162601626016262
doc : 4
3 0.5665914221218961
6 0.35778781038374713
5 0.01693002257336343
1 0.012415349887133182
8 0.009029345372460496
4 0.009029345372460496
2 0.007900677200902933
9 0.006772009029345372
7 0.006772009029345372
0 0.006772009029345372
doc : 5
4 0.9434579439252336
6 0.0294392523364486
1 0.0051401869158878505
3 0.003738317757009346
2 0.003738317757009346
8 0.0032710280373831778
7 0.0032710280373831778
9 0.0028037383177570096
5 0.0028037383177570096
0 0.0023364485981308414
doc : 6
1 0.38557213930348255
7 0.34328358208955223
8 0.05223880597014925
3 0.05223880597014925
0 0.0472636815920398
9 0.03482587064676617
6 0.02736318407960199
2 0.02487562189054726
4 0.01990049751243781
5 0.01243781094527363
doc : 7
3 0.846815834767642
1 0.02925989672977625
6 0.027538726333907058
0 0.022375215146299483
2 0.01549053356282272
4 0.013769363166953529
9 0.012048192771084338
7 0.012048192771084338
5 0.012048192771084338
8 0.008605851979345956
doc : 8
2 0.512
0 0.3333333333333333
5 0.04
8 0.024
6 0.018666666666666665
9 0.016
7 0.016
4 0.013333333333333332
3 0.013333333333333332
1 0.013333333333333332
doc : 9
1 0.6767485822306238
3 0.15689981096408318
8 0.04725897920604915
9 0.020793950850661626
6 0.01890359168241966
5 0.01890359168241966
2 0.017013232514177693
7 0.015122873345935728
0 0.015122873345935728
4 0.013232514177693762
doc : 10
6 0.8142493638676845
3 0.035623409669211195
1 0.025445292620865142
7 0.02290076335877863
5 0.02290076335877863
8 0.020356234096692113
9 0.015267175572519085
2 0.015267175572519085
0 0.015267175572519085
4 0.012722646310432571
doc : 11
3 0.4635658914728682
6 0.4449612403100775
8 0.013953488372093023
2 0.013953488372093023
7 0.010852713178294573
5 0.010852713178294573
4 0.010852713178294573
1 0.010852713178294573
0 0.010852713178294573
9 0.009302325581395349
doc : 12
2 0.5481239804241436
5 0.36704730831973903
9 0.016313213703099513
0 0.013050570962479609
6 0.011419249592169658
7 0.009787928221859707
3 0.009787928221859707
8 0.008156606851549756
4 0.008156606851549756
1 0.008156606851549756
doc : 13
9 0.6648199445983379
6 0.24238227146814403
8 0.0221606648199446
3 0.015235457063711912
1 0.0110803324099723
7 0.009695290858725761
2 0.009695290858725761
5 0.008310249307479225
4 0.008310249307479225
0 0.008310249307479225
doc : 14
2 0.44093178036605657
0 0.3976705490848586
6 0.051580698835274545
5 0.029950083194675542
1 0.018302828618968387
7 0.014975041597337771
9 0.013311148086522463
8 0.013311148086522463
3 0.011647254575707155
4 0.008319467554076539
doc : 15
7 0.8927789934354485
4 0.015317286652078774
9 0.01312910284463895
3 0.01312910284463895
8 0.010940919037199124
6 0.010940919037199124
5 0.010940919037199124
2 0.010940919037199124
1 0.010940919037199124
0 0.010940919037199124
doc : 16
9 0.2465753424657534
7 0.1232876712328767
0 0.1095890410958904
1 0.0958904109589041
8 0.0821917808219178
6 0.0684931506849315
5 0.0684931506849315
4 0.0684931506849315
3 0.0684931506849315
2 0.0684931506849315
doc : 17
8 0.58125
3 0.08750000000000001
7 0.05
9 0.043750000000000004
6 0.043750000000000004
2 0.043750000000000004
5 0.037500000000000006
4 0.037500000000000006
1 0.037500000000000006
0 0.037500000000000006
doc : 18
9 0.4025974025974026
1 0.07792207792207792
8 0.06493506493506494
7 0.06493506493506494
6 0.06493506493506494
5 0.06493506493506494
4 0.06493506493506494
3 0.06493506493506494
2 0.06493506493506494
0 0.06493506493506494
doc : 19
1 0.5206611570247934
6 0.12672176308539945
7 0.12396694214876033
9 0.06336088154269973
8 0.046831955922865015
4 0.03581267217630854
2 0.024793388429752067
5 0.02203856749311295
3 0.01928374655647383
0 0.01652892561983471
doc : 20
9 0.1607142857142857
2 0.125
8 0.08928571428571427
7 0.08928571428571427
6 0.08928571428571427
5 0.08928571428571427
4 0.08928571428571427
3 0.08928571428571427
1 0.08928571428571427
0 0.08928571428571427
doc : 21
9 0.41463414634146345
8 0.07317073170731708
6 0.07317073170731708
0 0.07317073170731708
7 0.06097560975609756
5 0.06097560975609756
4 0.06097560975609756
3 0.06097560975609756
2 0.06097560975609756
1 0.06097560975609756
doc : 22
8 0.4382022471910112
3 0.07865168539325842
9 0.06741573033707865
7 0.06741573033707865
6 0.06741573033707865
5 0.056179775280898875
4 0.056179775280898875
2 0.056179775280898875
1 0.056179775280898875
0 0.056179775280898875
doc : 23
8 0.36250000000000004
6 0.1
3 0.08750000000000001
7 0.07500000000000001
9 0.0625
5 0.0625
4 0.0625
2 0.0625
1 0.0625
0 0.0625
doc : 24
1 0.6184397163120567
7 0.12624113475177307
6 0.11914893617021277
8 0.03120567375886525
9 0.028368794326241138
4 0.024113475177304965
3 0.01843971631205674
2 0.015602836879432626
0 0.009929078014184398
5 0.00851063829787234
doc : 25
8 0.9261603375527425
1 0.012658227848101264
7 0.010548523206751054
5 0.009493670886075948
9 0.008438818565400843
6 0.0073839662447257376
3 0.0073839662447257376
4 0.006329113924050632
0 0.006329113924050632
2 0.005274261603375527
doc : 26
7 0.8439716312056738
6 0.026004728132387706
4 0.026004728132387706
2 0.018912529550827423
0 0.018912529550827423
8 0.016548463356973995
3 0.014184397163120567
9 0.01182033096926714
5 0.01182033096926714
1 0.01182033096926714
doc : 27
4 0.9659635666347075
6 0.00862895493767977
8 0.0052732502396931925
7 0.003355704697986577
0 0.003355704697986577
9 0.0028763183125599234
5 0.0028763183125599234
2 0.0028763183125599234
3 0.002396931927133269
1 0.002396931927133269
doc : 28
4 0.9569313593539703
6 0.007178106774338268
3 0.007178106774338268
1 0.006729475100942127
8 0.004486316733961417
7 0.004037685060565276
5 0.003589053387169134
0 0.003589053387169134
9 0.003140421713772992
2 0.003140421713772992
doc : 29
8 0.7456896551724138
3 0.04310344827586207
2 0.034482758620689655
6 0.030172413793103446
9 0.02586206896551724
5 0.02586206896551724
4 0.02586206896551724
1 0.02586206896551724
7 0.021551724137931036
0 0.021551724137931036
doc : 30
8 0.32098765432098764
6 0.13580246913580246
3 0.08641975308641975
7 0.07407407407407407
0 0.07407407407407407
9 0.06172839506172839
5 0.06172839506172839
4 0.06172839506172839
2 0.06172839506172839
1 0.06172839506172839
doc : 31
9 0.14545454545454545
6 0.10909090909090909
2 0.10909090909090909
8 0.09090909090909091
7 0.09090909090909091
5 0.09090909090909091
4 0.09090909090909091
3 0.09090909090909091
1 0.09090909090909091
0 0.09090909090909091
doc : 32
6 0.8480392156862745
2 0.031862745098039214
7 0.0196078431372549
5 0.0196078431372549
9 0.01715686274509804
8 0.014705882352941176
4 0.012254901960784314
3 0.012254901960784314
1 0.012254901960784314
0 0.012254901960784314
doc : 33
6 0.7873210633946831
3 0.07157464212678938
1 0.02862985685071575
7 0.022494887525562373
9 0.02044989775051125
2 0.02044989775051125
8 0.016359918200409
0 0.01226993865030675
5 0.010224948875255624
4 0.010224948875255624
doc : 34
1 0.8388888888888889
3 0.02777777777777778
9 0.02592592592592593
7 0.018518518518518517
6 0.018518518518518517
2 0.016666666666666666
8 0.014814814814814815
5 0.014814814814814815
4 0.012962962962962964
0 0.011111111111111112
doc : 35
7 0.7214611872146118
1 0.045662100456621
8 0.0410958904109589
6 0.0319634703196347
3 0.0319634703196347
5 0.0273972602739726
4 0.0273972602739726
2 0.0273972602739726
9 0.0228310502283105
0 0.0228310502283105
doc : 36
5 0.8159156279961649
2 0.16833310505410218
0 0.00397205862210656
3 0.002739350773866594
9 0.0020545130803999454
6 0.0020545130803999454
8 0.001780578003013286
1 0.0015066429256266264
7 8.218052321599781E-4
4 8.218052321599781E-4
doc : 37
7 0.6881720430107527
6 0.06451612903225806
1 0.03763440860215054
0 0.03763440860215054
9 0.03225806451612903
8 0.03225806451612903
5 0.02688172043010753
4 0.02688172043010753
3 0.02688172043010753
2 0.02688172043010753
doc : 38
9 0.44696969696969696
7 0.08333333333333334
1 0.08333333333333334
8 0.06818181818181818
6 0.06060606060606061
4 0.06060606060606061
0 0.06060606060606061
3 0.05303030303030303
2 0.045454545454545456
5 0.03787878787878788
doc : 39
8 0.3493975903614458
3 0.12048192771084337
9 0.07228915662650603
5 0.07228915662650603
1 0.07228915662650603
0 0.07228915662650603
7 0.060240963855421686
6 0.060240963855421686
4 0.060240963855421686
2 0.060240963855421686
doc : 40
8 0.4222222222222222
6 0.08888888888888889
3 0.07777777777777778
7 0.06666666666666667
1 0.06666666666666667
9 0.05555555555555556
5 0.05555555555555556
4 0.05555555555555556
2 0.05555555555555556
0 0.05555555555555556
doc : 41
8 0.46875
3 0.09375
6 0.07291666666666666
9 0.05208333333333333
7 0.05208333333333333
5 0.05208333333333333
4 0.05208333333333333
2 0.05208333333333333
1 0.05208333333333333
0 0.05208333333333333
doc : 42
8 0.6428571428571429
2 0.06593406593406594
6 0.049450549450549455
3 0.04395604395604396
7 0.038461538461538464
0 0.038461538461538464
5 0.03296703296703297
4 0.03296703296703297
9 0.027472527472527476
1 0.027472527472527476
doc : 43
6 0.6301075268817204
3 0.18924731182795698
9 0.03870967741935484
1 0.034408602150537634
2 0.023655913978494623
7 0.021505376344086023
8 0.01935483870967742
4 0.01935483870967742
5 0.012903225806451613
0 0.010752688172043012
doc : 44
7 0.7315270935960592
1 0.10098522167487685
8 0.029556650246305417
0 0.027093596059113302
4 0.024630541871921183
6 0.022167487684729065
5 0.022167487684729065
3 0.014778325123152709
2 0.014778325123152709
9 0.012315270935960592
doc : 45
4 0.9511638521223186
0 0.016430853491556367
5 0.007759014148790507
1 0.005020538566864446
6 0.004564125969876769
8 0.003651300775901415
7 0.003194888178913738
3 0.003194888178913738
9 0.002738475581926061
2 0.0022820629849383844
doc : 46
2 0.54995499549955
0 0.32673267326732675
5 0.062106210621062106
6 0.021602160216021602
1 0.009900990099009901
8 0.0063006300630063005
4 0.0063006300630063005
3 0.0063006300630063005
9 0.0054005400540054005
7 0.0054005400540054005
doc : 47
5 0.4604535925290642
0 0.4141414141414141
2 0.08423861254049933
3 0.025347817800647987
8 0.004574042309891366
7 0.002858776443682104
1 0.002858776443682104
9 0.0024776062511911567
6 0.0019058509624547359
4 0.0011435105774728416
doc : 48
7 0.685
6 0.07
1 0.045
8 0.03
5 0.03
3 0.03
2 0.03
0 0.03
9 0.025
4 0.025
doc : 49
7 0.7166666666666667
6 0.05
4 0.0375
8 0.03333333333333333
3 0.03333333333333333
2 0.03333333333333333
0 0.03333333333333333
9 0.020833333333333332
5 0.020833333333333332
1 0.020833333333333332
