doc : 0
8 0.28289473684210525
6 0.1513157894736842
4 0.1513157894736842
5 0.08552631578947367
7 0.06578947368421052
3 0.06578947368421052
0 0.05921052631578947
2 0.05263157894736842
9 0.046052631578947366
1 0.039473684210526314
doc : 1
9 0.5530759951749095
3 0.36248492159227985
0 0.027744270205066344
6 0.01447527141133896
8 0.01085645355850422
4 0.009650180940892641
2 0.006634499396863691
5 0.00542822677925211
7 0.0048250904704463205
1 0.0048250904704463205
doc : 2
8 0.3953488372093023
4 0.13023255813953488
6 0.10232558139534884
7 0.08372093023255814
9 0.06511627906976744
3 0.06511627906976744
0 0.06511627906976744
2 0.04186046511627907
5 0.027906976744186046
1 0.023255813953488372
doc : 3
6 0.606425702811245
8 0.11646586345381525
4 0.08032128514056225
0 0.040160642570281124
7 0.0321285140562249
5 0.028112449799196783
2 0.028112449799196783
1 0.028112449799196783
9 0.020080321285140562
3 0.020080321285140562
doc : 4
7 0.319078947368421
8 0.22368421052631576
2 0.15789473684210525
1 0.07894736842105263
4 0.06907894736842105
9 0.046052631578947366
0 0.039473684210526314
3 0.02631578947368421
6 0.023026315789473683
5 0.01644736842105263
doc : 5
7 0.32732732732732733
2 0.2882882882882883
1 0.23123123123123124
8 0.04504504504504504
4 0.024024024024024024
0 0.02102102102102102
5 0.018018018018018018
9 0.015015015015015015
6 0.015015015015015015
3 0.015015015015015015
doc : 6
7 0.32432432432432434
1 0.2552552552552553
2 0.24024024024024024
0 0.04804804804804805
8 0.03303303303303303
4 0.02702702702702703
5 0.02102102102102102
6 0.018018018018018018
3 0.018018018018018018
9 0.015015015015015015
doc : 7
7 0.34534534534534533
2 0.26426426426426425
1 0.23123123123123124
0 0.04504504504504504
8 0.02702702702702703
4 0.02702702702702703
9 0.015015015015015015
6 0.015015015015015015
5 0.015015015015015015
3 0.015015015015015015
doc : 8
7 0.3153153153153153
1 0.27927927927927926
2 0.2552552552552553
0 0.03003003003003003
4 0.024024024024024024
9 0.02102102102102102
8 0.02102102102102102
6 0.018018018018018018
5 0.018018018018018018
3 0.018018018018018018
doc : 9
7 0.3153153153153153
1 0.2822822822822823
2 0.2552552552552553
0 0.03903903903903904
8 0.024024024024024024
4 0.02102102102102102
3 0.018018018018018018
9 0.015015015015015015
6 0.015015015015015015
5 0.015015015015015015
doc : 10
7 0.3813813813813814
2 0.2552552552552553
1 0.22822822822822822
8 0.02702702702702703
0 0.024024024024024024
6 0.018018018018018018
5 0.018018018018018018
4 0.018018018018018018
9 0.015015015015015015
3 0.015015015015015015
doc : 11
7 0.3153153153153153
1 0.27927927927927926
2 0.22822822822822822
4 0.03303303303303303
0 0.03303303303303303
8 0.03003003003003003
6 0.024024024024024024
5 0.02102102102102102
9 0.018018018018018018
3 0.018018018018018018
doc : 12
7 0.3123123123123123
1 0.27627627627627627
2 0.2552552552552553
0 0.03903903903903904
8 0.03303303303303303
4 0.02102102102102102
5 0.018018018018018018
9 0.015015015015015015
6 0.015015015015015015
3 0.015015015015015015
doc : 13
7 0.3483483483483483
2 0.2702702702702703
1 0.24024024024024024
8 0.03303303303303303
0 0.024024024024024024
4 0.02102102102102102
9 0.018018018018018018
6 0.015015015015015015
5 0.015015015015015015
3 0.015015015015015015
doc : 14
7 0.3483483483483483
1 0.25825825825825827
2 0.2222222222222222
0 0.04504504504504504
8 0.03303303303303303
6 0.02702702702702703
5 0.018018018018018018
4 0.018018018018018018
9 0.015015015015015015
3 0.015015015015015015
doc : 15
1 0.2852852852852853
2 0.27927927927927926
7 0.27627627627627627
8 0.036036036036036036
4 0.03003003003003003
0 0.02702702702702703
9 0.02102102102102102
6 0.015015015015015015
5 0.015015015015015015
3 0.015015015015015015
doc : 16
7 0.3183183183183183
2 0.26426426426426425
1 0.25225225225225223
8 0.036036036036036036
0 0.036036036036036036
4 0.02702702702702703
6 0.018018018018018018
5 0.018018018018018018
9 0.015015015015015015
3 0.015015015015015015
doc : 17
7 0.32432432432432434
2 0.3033033033033033
1 0.2222222222222222
4 0.03303303303303303
0 0.03003003003003003
9 0.02102102102102102
8 0.02102102102102102
6 0.015015015015015015
5 0.015015015015015015
3 0.015015015015015015
doc : 18
0 0.558974358974359
7 0.08717948717948718
8 0.06666666666666667
6 0.05641025641025641
2 0.05128205128205128
5 0.041025641025641026
1 0.041025641025641026
4 0.035897435897435895
3 0.035897435897435895
9 0.02564102564102564
doc : 19
6 0.5691056910569107
4 0.06504065040650407
0 0.06504065040650407
9 0.04878048780487805
2 0.04878048780487805
8 0.04065040650406505
7 0.04065040650406505
5 0.04065040650406505
3 0.04065040650406505
1 0.04065040650406505
doc : 20
7 0.3183183183183183
2 0.25825825825825827
1 0.24324324324324323
0 0.04204204204204204
8 0.03303303303303303
4 0.03003003003003003
6 0.024024024024024024
5 0.02102102102102102
9 0.015015015015015015
3 0.015015015015015015
doc : 21
7 0.35135135135135137
2 0.2552552552552553
1 0.25225225225225223
8 0.03303303303303303
0 0.02702702702702703
5 0.018018018018018018
4 0.018018018018018018
9 0.015015015015015015
6 0.015015015015015015
3 0.015015015015015015
doc : 22
7 0.2912912912912913
2 0.2852852852852853
1 0.23723723723723725
8 0.04504504504504504
4 0.036036036036036036
0 0.036036036036036036
9 0.018018018018018018
6 0.018018018018018018
5 0.018018018018018018
3 0.015015015015015015
doc : 23
7 0.3363363363363363
1 0.2552552552552553
2 0.25225225225225223
8 0.036036036036036036
0 0.03003003003003003
4 0.024024024024024024
9 0.018018018018018018
5 0.018018018018018018
6 0.015015015015015015
3 0.015015015015015015
doc : 24
7 0.3183183183183183
1 0.26426426426426425
2 0.25825825825825827
8 0.03303303303303303
0 0.03303303303303303
4 0.02702702702702703
6 0.018018018018018018
5 0.018018018018018018
9 0.015015015015015015
3 0.015015015015015015
doc : 25
7 0.29429429429429427
1 0.27927927927927926
2 0.23723723723723725
8 0.057057057057057055
0 0.04204204204204204
4 0.024024024024024024
6 0.02102102102102102
9 0.015015015015015015
5 0.015015015015015015
3 0.015015015015015015
doc : 26
7 0.3213213213213213
1 0.2852852852852853
2 0.24924924924924924
0 0.03003003003003003
8 0.024024024024024024
6 0.02102102102102102
9 0.018018018018018018
5 0.018018018018018018
3 0.018018018018018018
4 0.015015015015015015
doc : 27
7 0.3213213213213213
1 0.27927927927927926
2 0.24024024024024024
0 0.04204204204204204
8 0.02702702702702703
6 0.02102102102102102
4 0.02102102102102102
5 0.018018018018018018
9 0.015015015015015015
3 0.015015015015015015
doc : 28
7 0.32432432432432434
1 0.2702702702702703
2 0.26426426426426425
4 0.03003003003003003
8 0.02702702702702703
6 0.018018018018018018
5 0.018018018018018018
0 0.018018018018018018
9 0.015015015015015015
3 0.015015015015015015
doc : 29
5 0.5714285714285714
0 0.08270676691729323
6 0.07518796992481203
8 0.05263157894736842
1 0.045112781954887216
3 0.041353383458646614
9 0.03759398496240601
4 0.03759398496240601
7 0.03383458646616541
2 0.022556390977443608
doc : 30
7 0.3123123123123123
2 0.2882882882882883
1 0.24624624624624625
8 0.036036036036036036
0 0.03003003003003003
6 0.02102102102102102
5 0.018018018018018018
4 0.018018018018018018
9 0.015015015015015015
3 0.015015015015015015
doc : 31
7 0.36036036036036034
1 0.25225225225225223
2 0.22822822822822822
0 0.04804804804804805
4 0.024024024024024024
5 0.02102102102102102
8 0.018018018018018018
3 0.018018018018018018
9 0.015015015015015015
6 0.015015015015015015
doc : 32
7 0.3153153153153153
1 0.26426426426426425
2 0.25825825825825827
0 0.036036036036036036
4 0.03303303303303303
8 0.03003003003003003
6 0.018018018018018018
9 0.015015015015015015
5 0.015015015015015015
3 0.015015015015015015
doc : 33
7 0.36036036036036034
2 0.27627627627627627
1 0.2132132132132132
0 0.036036036036036036
8 0.02702702702702703
9 0.02102102102102102
5 0.018018018018018018
4 0.018018018018018018
6 0.015015015015015015
3 0.015015015015015015
doc : 34
7 0.3303303303303303
2 0.29429429429429427
1 0.23123123123123124
8 0.02702702702702703
0 0.02702702702702703
4 0.02102102102102102
9 0.018018018018018018
6 0.018018018018018018
5 0.018018018018018018
3 0.015015015015015015
doc : 35
7 0.3333333333333333
2 0.26426426426426425
1 0.24324324324324323
8 0.04204204204204204
0 0.03303303303303303
6 0.018018018018018018
5 0.018018018018018018
4 0.018018018018018018
9 0.015015015015015015
3 0.015015015015015015
doc : 36
8 0.26506024096385544
6 0.16867469879518074
4 0.0963855421686747
5 0.08433734939759037
0 0.08433734939759037
9 0.060240963855421686
7 0.060240963855421686
3 0.060240963855421686
2 0.060240963855421686
1 0.060240963855421686
doc : 37
3 0.5204991087344029
9 0.41087344028520495
6 0.013368983957219251
0 0.013368983957219251
8 0.01158645276292335
1 0.00802139037433155
2 0.0071301247771836
7 0.006238859180035651
5 0.00445632798573975
4 0.00445632798573975
doc : 38
6 0.4714285714285714
0 0.15
5 0.06428571428571428
9 0.049999999999999996
4 0.049999999999999996
3 0.049999999999999996
7 0.04285714285714286
2 0.04285714285714286
1 0.04285714285714286
8 0.03571428571428571
doc : 39
5 0.8317535545023698
2 0.026066350710900476
6 0.023696682464454978
1 0.023696682464454978
0 0.02132701421800948
9 0.016587677725118485
8 0.014218009478672987
7 0.014218009478672987
4 0.014218009478672987
3 0.014218009478672987
doc : 40
7 0.3063063063063063
2 0.2882882882882883
1 0.2552552552552553
4 0.03003003003003003
8 0.02702702702702703
6 0.02102102102102102
0 0.02102102102102102
5 0.018018018018018018
3 0.018018018018018018
9 0.015015015015015015
doc : 41
7 0.3303303303303303
2 0.2972972972972973
1 0.23423423423423423
0 0.024024024024024024
8 0.02102102102102102
4 0.02102102102102102
9 0.018018018018018018
6 0.018018018018018018
5 0.018018018018018018
3 0.018018018018018018
doc : 42
7 0.30930930930930933
2 0.2732732732732733
1 0.2552552552552553
8 0.03903903903903904
0 0.036036036036036036
4 0.02102102102102102
6 0.018018018018018018
5 0.018018018018018018
9 0.015015015015015015
3 0.015015015015015015
doc : 43
7 0.33933933933933935
2 0.2852852852852853
1 0.2012012012012012
8 0.04804804804804805
0 0.03003003003003003
4 0.02702702702702703
6 0.02102102102102102
5 0.018018018018018018
9 0.015015015015015015
3 0.015015015015015015
doc : 44
7 0.3303303303303303
1 0.27927927927927926
2 0.23423423423423423
8 0.036036036036036036
0 0.03303303303303303
5 0.02102102102102102
4 0.02102102102102102
9 0.015015015015015015
6 0.015015015015015015
3 0.015015015015015015
doc : 45
7 0.32432432432432434
1 0.26726726726726724
2 0.25225225225225223
0 0.04204204204204204
8 0.02702702702702703
4 0.024024024024024024
5 0.018018018018018018
9 0.015015015015015015
6 0.015015015015015015
3 0.015015015015015015
doc : 46
7 0.32732732732732733
2 0.2732732732732733
1 0.24024024024024024
8 0.03303303303303303
4 0.03003003003003003
6 0.024024024024024024
0 0.024024024024024024
5 0.018018018018018018
9 0.015015015015015015
3 0.015015015015015015
doc : 47
7 0.3183183183183183
2 0.2702702702702703
1 0.25225225225225223
0 0.04204204204204204
8 0.036036036036036036
6 0.018018018018018018
5 0.018018018018018018
9 0.015015015015015015
4 0.015015015015015015
3 0.015015015015015015
doc : 48
9 0.4776517678452301
3 0.46631087391594395
0 0.01000667111407605
1 0.00867244829886591
8 0.00733822548365577
2 0.00733822548365577
6 0.0066711140760507
7 0.00600400266844563
5 0.00533689126084056
4 0.00466977985323549
doc : 49
4 0.7639553429027113
7 0.06220095693779904
6 0.0430622009569378
8 0.03349282296650718
2 0.023923444976076555
0 0.022328548644338118
9 0.014354066985645933
3 0.014354066985645933
5 0.012759170653907496
1 0.009569377990430622
