doc : 0
9 0.8172413793103448
8 0.02413793103448276
3 0.02413793103448276
2 0.02413793103448276
4 0.020689655172413793
0 0.020689655172413793
7 0.017241379310344827
6 0.017241379310344827
5 0.017241379310344827
1 0.017241379310344827
doc : 1
2 0.5630252100840336
4 0.06722689075630252
3 0.06722689075630252
8 0.05042016806722689
9 0.04201680672268907
7 0.04201680672268907
6 0.04201680672268907
5 0.04201680672268907
1 0.04201680672268907
0 0.04201680672268907
doc : 2
2 0.6906077348066298
8 0.049723756906077346
7 0.04419889502762431
1 0.03867403314917127
4 0.03314917127071823
3 0.03314917127071823
9 0.027624309392265192
6 0.027624309392265192
5 0.027624309392265192
0 0.027624309392265192
doc : 3
4 0.5731543624161074
2 0.2308724832214765
3 0.06308724832214765
7 0.0348993288590604
9 0.03221476510067114
6 0.01610738255033557
0 0.01610738255033557
8 0.013422818791946308
1 0.012080536912751677
5 0.008053691275167784
doc : 4
0 0.2441860465116279
6 0.12790697674418605
9 0.10465116279069767
8 0.10465116279069767
1 0.09302325581395349
7 0.08139534883720931
3 0.06976744186046512
5 0.05813953488372093
4 0.05813953488372093
2 0.05813953488372093
doc : 5
2 0.6571428571428571
1 0.05142857142857143
0 0.05142857142857143
6 0.045714285714285714
9 0.03428571428571429
8 0.03428571428571429
5 0.03428571428571429
3 0.03428571428571429
7 0.02857142857142857
4 0.02857142857142857
doc : 6
0 0.46428571428571425
4 0.08333333333333333
5 0.07539682539682539
8 0.06349206349206349
7 0.06349206349206349
3 0.05952380952380952
2 0.05952380952380952
9 0.051587301587301584
1 0.051587301587301584
6 0.027777777777777776
doc : 7
9 0.8310344827586207
6 0.02413793103448276
7 0.020689655172413793
4 0.020689655172413793
8 0.017241379310344827
5 0.017241379310344827
3 0.017241379310344827
2 0.017241379310344827
1 0.017241379310344827
0 0.017241379310344827
doc : 8
8 0.6951871657754011
2 0.0677361853832442
9 0.0516934046345811
3 0.049910873440285206
4 0.0338680926916221
0 0.0338680926916221
7 0.0285204991087344
5 0.0160427807486631
1 0.012477718360071301
6 0.0106951871657754
doc : 9
1 0.9626654064272212
6 0.007561436672967864
9 0.004725897920604915
7 0.004253308128544423
4 0.004253308128544423
3 0.003780718336483932
0 0.003780718336483932
2 0.0033081285444234404
8 0.002835538752362949
5 0.002835538752362949
doc : 10
2 0.6558441558441559
7 0.05844155844155845
8 0.045454545454545456
4 0.03896103896103896
3 0.03896103896103896
9 0.03246753246753247
6 0.03246753246753247
5 0.03246753246753247
1 0.03246753246753247
0 0.03246753246753247
doc : 11
2 0.5867768595041323
3 0.0743801652892562
8 0.049586776859504134
9 0.04132231404958678
7 0.04132231404958678
6 0.04132231404958678
5 0.04132231404958678
4 0.04132231404958678
1 0.04132231404958678
0 0.04132231404958678
doc : 12
2 0.5853658536585367
3 0.05691056910569106
9 0.04878048780487805
8 0.04878048780487805
7 0.04878048780487805
4 0.04878048780487805
6 0.04065040650406505
5 0.04065040650406505
1 0.04065040650406505
0 0.04065040650406505
doc : 13
0 0.3676470588235294
1 0.29411764705882354
9 0.09705882352941177
6 0.058823529411764705
5 0.044117647058823525
8 0.03529411764705882
4 0.032352941176470584
3 0.029411764705882353
2 0.023529411764705882
7 0.01764705882352941
doc : 14
4 0.24761904761904763
2 0.18095238095238098
5 0.09523809523809525
3 0.09523809523809525
7 0.0761904761904762
9 0.06666666666666668
8 0.06666666666666668
1 0.06666666666666668
0 0.05714285714285715
6 0.04761904761904762
doc : 15
0 0.3814814814814815
1 0.18888888888888888
9 0.11851851851851852
5 0.05925925925925926
3 0.05555555555555556
6 0.04814814814814815
4 0.04814814814814815
7 0.037037037037037035
2 0.03333333333333333
8 0.02962962962962963
doc : 16
5 0.9653291780288275
7 0.006622516556291391
4 0.004674717569146864
9 0.004285157771717959
8 0.004285157771717959
2 0.0038955979742890533
6 0.0031164783794312427
3 0.0027269185820023374
1 0.0027269185820023374
0 0.002337358784573432
doc : 17
9 0.8241379310344827
3 0.027586206896551724
8 0.02413793103448276
2 0.020689655172413793
7 0.017241379310344827
6 0.017241379310344827
5 0.017241379310344827
4 0.017241379310344827
1 0.017241379310344827
0 0.017241379310344827
doc : 18
8 0.10909090909090909
6 0.10909090909090909
2 0.10909090909090909
1 0.10909090909090909
0 0.10909090909090909
9 0.09090909090909091
7 0.09090909090909091
5 0.09090909090909091
4 0.09090909090909091
3 0.09090909090909091
doc : 19
0 0.3909465020576132
6 0.2880658436213992
9 0.07407407407407408
5 0.05349794238683128
2 0.041152263374485604
1 0.041152263374485604
4 0.03292181069958848
3 0.02880658436213992
8 0.02469135802469136
7 0.02469135802469136
doc : 20
1 0.856054836252856
0 0.060167555217060166
6 0.021325209444021324
2 0.011424219345011425
9 0.010662604722010662
5 0.009900990099009901
3 0.00913937547600914
4 0.007616146230007616
8 0.006854531607006855
7 0.006854531607006855
doc : 21
2 0.5583333333333333
3 0.08333333333333333
5 0.058333333333333334
9 0.05
8 0.041666666666666664
7 0.041666666666666664
6 0.041666666666666664
4 0.041666666666666664
1 0.041666666666666664
0 0.041666666666666664
doc : 22
8 0.8435374149659863
9 0.04081632653061224
6 0.02040816326530612
3 0.02040816326530612
2 0.01768707482993197
1 0.014965986394557823
5 0.013605442176870748
4 0.012244897959183673
7 0.009523809523809523
0 0.006802721088435374
doc : 23
4 0.7457044673539519
8 0.05326460481099656
7 0.044673539518900345
5 0.037800687285223365
2 0.024054982817869414
9 0.020618556701030927
3 0.020618556701030927
6 0.018900343642611683
1 0.01718213058419244
0 0.01718213058419244
doc : 24
4 0.6748582230623819
5 0.13232514177693763
7 0.045368620037807186
3 0.030245746691871456
0 0.030245746691871456
9 0.026465028355387523
8 0.01890359168241966
6 0.017013232514177693
2 0.013232514177693762
1 0.011342155009451797
doc : 25
6 0.9565217391304348
2 0.005434782608695652
1 0.005434782608695652
0 0.005434782608695652
9 0.004528985507246377
8 0.004528985507246377
7 0.004528985507246377
5 0.004528985507246377
4 0.004528985507246377
3 0.004528985507246377
doc : 26
6 0.9528985507246377
1 0.008152173913043478
8 0.005434782608695652
2 0.005434782608695652
0 0.005434782608695652
9 0.004528985507246377
7 0.004528985507246377
5 0.004528985507246377
4 0.004528985507246377
3 0.004528985507246377
doc : 27
4 0.22105263157894736
3 0.1368421052631579
9 0.10526315789473684
7 0.10526315789473684
8 0.09473684210526316
0 0.08421052631578947
5 0.07368421052631578
2 0.07368421052631578
6 0.05263157894736842
1 0.05263157894736842
doc : 28
9 0.8241379310344827
8 0.02413793103448276
7 0.020689655172413793
6 0.020689655172413793
5 0.020689655172413793
2 0.020689655172413793
4 0.017241379310344827
3 0.017241379310344827
1 0.017241379310344827
0 0.017241379310344827
doc : 29
5 0.9340659340659341
2 0.018722018722018723
7 0.017908017908017906
3 0.006919006919006918
8 0.004884004884004884
0 0.004477004477004476
9 0.00407000407000407
4 0.003663003663003663
6 0.0028490028490028487
1 0.002442002442002442
doc : 30
3 0.8347826086956522
5 0.02826086956521739
7 0.02391304347826087
8 0.017391304347826087
4 0.017391304347826087
2 0.017391304347826087
1 0.017391304347826087
9 0.015217391304347827
6 0.015217391304347827
0 0.013043478260869566
doc : 31
3 0.6271637816245007
7 0.1611185086551265
5 0.1304926764314248
8 0.01997336884154461
2 0.014647137150466047
9 0.010652463382157125
6 0.009320905459387484
4 0.009320905459387484
0 0.009320905459387484
1 0.007989347536617843
doc : 32
2 0.575
5 0.075
9 0.05
8 0.05
7 0.041666666666666664
6 0.041666666666666664
4 0.041666666666666664
3 0.041666666666666664
1 0.041666666666666664
0 0.041666666666666664
doc : 33
8 0.8464730290456431
2 0.029045643153526972
7 0.01867219917012448
3 0.01867219917012448
1 0.01867219917012448
6 0.016597510373443983
4 0.016597510373443983
5 0.012448132780082988
0 0.012448132780082988
9 0.01037344398340249
doc : 34
4 0.2624113475177305
9 0.15602836879432624
0 0.11347517730496454
3 0.09219858156028368
8 0.0851063829787234
6 0.07092198581560283
7 0.06382978723404255
2 0.06382978723404255
5 0.05673758865248227
1 0.035460992907801414
doc : 35
0 0.9109159347553324
6 0.015056461731493099
7 0.012547051442910915
4 0.011292346298619823
5 0.010037641154328732
9 0.00878293601003764
8 0.00878293601003764
3 0.0075282308657465494
2 0.0075282308657465494
1 0.0075282308657465494
doc : 36
7 0.9210526315789473
3 0.011278195488721804
2 0.010338345864661654
0 0.010338345864661654
5 0.009398496240601503
4 0.009398496240601503
9 0.007518796992481203
1 0.007518796992481203
8 0.006578947368421052
6 0.006578947368421052
doc : 37
2 0.7708779443254818
9 0.0556745182012848
8 0.05139186295503212
6 0.032119914346895075
1 0.019271948608137045
0 0.017130620985010708
7 0.014989293361884369
4 0.014989293361884369
5 0.01284796573875803
3 0.010706638115631693
doc : 38
6 0.27906976744186046
0 0.27906976744186046
9 0.12209302325581395
4 0.05813953488372093
8 0.046511627906976744
7 0.046511627906976744
5 0.046511627906976744
3 0.046511627906976744
1 0.046511627906976744
2 0.029069767441860465
doc : 39
2 0.5655737704918034
5 0.07377049180327869
7 0.05737704918032787
4 0.05737704918032787
9 0.04098360655737705
8 0.04098360655737705
6 0.04098360655737705
3 0.04098360655737705
1 0.04098360655737705
0 0.04098360655737705
doc : 40
2 0.5901639344262295
5 0.06557377049180328
3 0.04918032786885246
0 0.04918032786885246
9 0.04098360655737705
8 0.04098360655737705
7 0.04098360655737705
6 0.04098360655737705
4 0.04098360655737705
1 0.04098360655737705
doc : 41
8 0.8471953578336557
2 0.025145067698259187
4 0.02321083172147002
6 0.02127659574468085
3 0.017408123791102514
9 0.015473887814313346
7 0.013539651837524178
0 0.013539651837524178
5 0.01160541586073501
1 0.01160541586073501
doc : 42
0 0.44329896907216493
1 0.3230240549828179
6 0.054982817869415807
9 0.037800687285223365
5 0.027491408934707903
2 0.027491408934707903
8 0.024054982817869414
7 0.024054982817869414
4 0.020618556701030927
3 0.01718213058419244
doc : 43
2 0.38848920863309355
3 0.17266187050359713
6 0.07913669064748202
9 0.07194244604316546
5 0.05755395683453238
0 0.05755395683453238
8 0.05035971223021583
4 0.05035971223021583
7 0.03597122302158273
1 0.03597122302158273
doc : 44
1 0.9578286227007626
0 0.008972633467922835
9 0.0076267384477344095
4 0.004934948407357559
2 0.004486316733961417
3 0.004037685060565276
6 0.003589053387169134
5 0.003589053387169134
7 0.0026917900403768506
8 0.0022431583669807087
doc : 45
7 0.9135802469135802
5 0.023809523809523808
3 0.018518518518518517
6 0.009700176366843033
2 0.007054673721340388
1 0.007054673721340388
9 0.005291005291005291
8 0.005291005291005291
0 0.005291005291005291
4 0.004409171075837742
doc : 46
7 0.927579365079365
5 0.015873015873015872
2 0.010912698412698412
3 0.00992063492063492
0 0.008928571428571428
4 0.005952380952380952
1 0.005952380952380952
9 0.00496031746031746
8 0.00496031746031746
6 0.00496031746031746
doc : 47
9 0.8275862068965517
8 0.02413793103448276
3 0.02413793103448276
6 0.020689655172413793
7 0.017241379310344827
5 0.017241379310344827
4 0.017241379310344827
2 0.017241379310344827
1 0.017241379310344827
0 0.017241379310344827
doc : 48
1 0.9640427599611272
9 0.0058309037900874635
7 0.005344995140913508
6 0.004859086491739553
8 0.004373177842565598
5 0.003887269193391642
0 0.003401360544217687
3 0.0029154518950437317
2 0.0029154518950437317
4 0.0024295432458697765
doc : 49
8 0.6127167630057803
7 0.0722543352601156
2 0.06647398843930635
4 0.06069364161849711
0 0.04335260115606936
9 0.03468208092485549
1 0.03468208092485549
6 0.028901734104046242
5 0.028901734104046242
3 0.017341040462427744
