doc : 0
0 0.8367003367003366
8 0.037037037037037035
5 0.025252525252525252
1 0.021885521885521883
6 0.0202020202020202
9 0.013468013468013467
3 0.013468013468013467
2 0.013468013468013467
4 0.0101010101010101
7 0.008417508417508417
doc : 1
0 0.8535262206148282
2 0.03074141048824593
8 0.023508137432188065
9 0.018083182640144666
5 0.014466546112115732
7 0.012658227848101266
4 0.012658227848101266
3 0.012658227848101266
6 0.0108499095840868
1 0.0108499095840868
doc : 2
1 0.6600496277915633
2 0.07692307692307693
8 0.04962779156327543
9 0.04466501240694789
6 0.03722084367245657
4 0.03722084367245657
0 0.03225806451612903
7 0.02729528535980149
5 0.017369727047146403
3 0.017369727047146403
doc : 3
7 0.7512953367875648
1 0.036269430051813475
8 0.031088082901554404
9 0.02590673575129534
6 0.02590673575129534
5 0.02590673575129534
4 0.02590673575129534
3 0.02590673575129534
2 0.02590673575129534
0 0.02590673575129534
doc : 4
7 0.7074235807860262
6 0.074235807860262
8 0.03930131004366812
0 0.03056768558951965
9 0.026200873362445413
4 0.026200873362445413
2 0.026200873362445413
1 0.026200873362445413
5 0.021834061135371178
3 0.021834061135371178
doc : 5
4 0.8179705654531372
7 0.033307513555383424
2 0.030983733539891558
8 0.027110766847405113
5 0.02246320681642138
0 0.019364833462432226
3 0.013942680092951201
1 0.013168086754453913
6 0.012393493415956624
9 0.009295120061967468
doc : 6
5 0.9123117803365811
8 0.026572187776793623
9 0.013286093888396812
6 0.011514614703277236
2 0.0070859167404783
7 0.006200177147918512
4 0.006200177147918512
0 0.006200177147918512
3 0.005314437555358724
1 0.005314437555358724
doc : 7
3 0.7490683229813665
5 0.06459627329192547
8 0.062111801242236024
4 0.062111801242236024
6 0.017391304347826087
9 0.012422360248447206
1 0.011180124223602485
2 0.010559006211180125
0 0.006832298136645963
7 0.0037267080745341614
doc : 8
8 0.698992443324937
0 0.0818639798488665
2 0.04785894206549118
4 0.04659949622166247
1 0.04408060453400504
5 0.020151133501259445
3 0.020151133501259445
9 0.015113350125944584
6 0.015113350125944584
7 0.010075566750629723
doc : 9
1 0.15894039735099338
8 0.1390728476821192
2 0.1390728476821192
0 0.1390728476821192
4 0.10596026490066225
3 0.09271523178807947
9 0.0728476821192053
6 0.059602649006622516
5 0.052980132450331126
7 0.039735099337748346
doc : 10
2 0.16346153846153846
8 0.125
4 0.11538461538461539
7 0.10576923076923078
6 0.09615384615384616
9 0.08653846153846154
0 0.08653846153846154
5 0.07692307692307693
1 0.07692307692307693
3 0.06730769230769232
doc : 11
0 0.6013363028953229
5 0.10244988864142539
9 0.060133630289532294
6 0.05345211581291759
8 0.04008908685968819
4 0.035634743875278395
3 0.03340757238307349
2 0.031180400890868595
7 0.022271714922048998
1 0.020044543429844096
doc : 12
7 0.9036363636363637
6 0.012727272727272728
3 0.012727272727272728
4 0.01090909090909091
2 0.01090909090909091
1 0.01090909090909091
0 0.01090909090909091
9 0.00909090909090909
8 0.00909090909090909
5 0.00909090909090909
doc : 13
5 0.43018867924528303
8 0.14339622641509434
2 0.09433962264150944
0 0.08679245283018867
1 0.07924528301886792
6 0.04905660377358491
4 0.03773584905660377
9 0.033962264150943396
3 0.026415094339622643
7 0.018867924528301886
doc : 14
1 0.9006211180124223
0 0.017080745341614904
2 0.015527950310559004
4 0.013975155279503104
7 0.010869565217391304
3 0.010869565217391304
9 0.007763975155279502
8 0.007763975155279502
6 0.007763975155279502
5 0.007763975155279502
doc : 15
1 0.88659793814433
0 0.016494845360824743
9 0.01443298969072165
2 0.01443298969072165
5 0.012371134020618558
4 0.012371134020618558
3 0.012371134020618558
8 0.010309278350515464
7 0.010309278350515464
6 0.010309278350515464
doc : 16
9 0.8100558659217877
2 0.036312849162011177
0 0.0335195530726257
4 0.0223463687150838
7 0.019553072625698324
8 0.01675977653631285
5 0.01675977653631285
1 0.01675977653631285
6 0.013966480446927375
3 0.013966480446927375
doc : 17
9 0.8240223463687151
0 0.025139664804469275
2 0.0223463687150838
1 0.0223463687150838
8 0.019553072625698324
4 0.019553072625698324
7 0.01675977653631285
6 0.01675977653631285
5 0.01675977653631285
3 0.01675977653631285
doc : 18
2 0.8780487804878049
6 0.019817073170731708
0 0.01676829268292683
8 0.01524390243902439
5 0.01524390243902439
1 0.013719512195121951
9 0.012195121951219513
4 0.012195121951219513
3 0.009146341463414635
7 0.007621951219512195
doc : 19
1 0.7774798927613941
2 0.03485254691689008
4 0.032171581769437
9 0.02680965147453083
8 0.02680965147453083
6 0.021447721179624665
5 0.021447721179624665
3 0.021447721179624665
7 0.01876675603217158
0 0.01876675603217158
doc : 20
9 0.7919999999999999
0 0.048
8 0.03733333333333333
5 0.024
4 0.018666666666666665
1 0.018666666666666665
7 0.016
6 0.016
2 0.016
3 0.013333333333333332
doc : 21
9 0.853448275862069
0 0.07142857142857142
2 0.014778325123152709
8 0.009852216748768473
7 0.008620689655172414
6 0.008620689655172414
5 0.008620689655172414
4 0.008620689655172414
1 0.008620689655172414
3 0.007389162561576354
doc : 22
9 0.20930232558139533
5 0.10465116279069767
2 0.10465116279069767
1 0.10465116279069767
0 0.10465116279069767
4 0.09302325581395349
8 0.08139534883720931
3 0.08139534883720931
7 0.05813953488372093
6 0.05813953488372093
doc : 23
0 0.8351648351648352
9 0.046153846153846156
5 0.017582417582417582
1 0.017582417582417582
3 0.015384615384615385
2 0.015384615384615385
8 0.013186813186813187
7 0.013186813186813187
6 0.013186813186813187
4 0.013186813186813187
doc : 24
2 0.891218872870249
9 0.01834862385321101
0 0.01834862385321101
8 0.015727391874180867
1 0.01310615989515072
4 0.010484927916120577
7 0.009174311926605505
6 0.007863695937090433
5 0.007863695937090433
3 0.007863695937090433
doc : 25
2 0.8954041204437402
6 0.026148969889064975
4 0.02377179080824089
7 0.01664025356576862
1 0.009508716323296355
0 0.008716323296354992
8 0.0071315372424722665
5 0.004754358161648178
9 0.003961965134706815
3 0.003961965134706815
doc : 26
8 0.4962686567164179
0 0.12313432835820895
5 0.07835820895522388
2 0.07835820895522388
3 0.055970149253731345
4 0.04477611940298507
9 0.041044776119402986
7 0.033582089552238806
1 0.026119402985074626
6 0.022388059701492536
doc : 27
7 0.8597883597883598
4 0.023809523809523808
5 0.018518518518518517
1 0.015873015873015872
0 0.015873015873015872
9 0.013227513227513227
8 0.013227513227513227
6 0.013227513227513227
3 0.013227513227513227
2 0.013227513227513227
doc : 28
0 0.3879781420765027
4 0.10382513661202186
2 0.08743169398907104
1 0.08196721311475409
5 0.07103825136612021
9 0.06557377049180328
8 0.060109289617486336
3 0.0546448087431694
7 0.04371584699453552
6 0.04371584699453552
doc : 29
7 0.7922535211267606
4 0.03873239436619719
6 0.03169014084507042
2 0.028169014084507043
5 0.02112676056338028
9 0.017605633802816902
8 0.017605633802816902
3 0.017605633802816902
1 0.017605633802816902
0 0.017605633802816902
doc : 30
9 0.19767441860465115
0 0.13953488372093023
2 0.12790697674418605
1 0.12790697674418605
8 0.08139534883720931
7 0.06976744186046512
6 0.06976744186046512
3 0.06976744186046512
5 0.05813953488372093
4 0.05813953488372093
doc : 31
9 0.6309523809523809
2 0.05952380952380952
0 0.05952380952380952
1 0.047619047619047616
8 0.03571428571428571
6 0.03571428571428571
5 0.03571428571428571
3 0.03571428571428571
7 0.02976190476190476
4 0.02976190476190476
doc : 32
9 0.19767441860465115
2 0.12790697674418605
3 0.11627906976744186
1 0.10465116279069767
0 0.09302325581395349
8 0.08139534883720931
5 0.08139534883720931
7 0.06976744186046512
4 0.06976744186046512
6 0.05813953488372093
doc : 33
7 0.8749999999999999
4 0.017857142857142856
5 0.015306122448979591
1 0.015306122448979591
9 0.012755102040816325
8 0.012755102040816325
6 0.012755102040816325
3 0.012755102040816325
2 0.012755102040816325
0 0.012755102040816325
doc : 34
7 0.8575581395348837
4 0.020348837209302327
8 0.01744186046511628
3 0.01744186046511628
9 0.014534883720930232
6 0.014534883720930232
5 0.014534883720930232
2 0.014534883720930232
1 0.014534883720930232
0 0.014534883720930232
doc : 35
7 0.8439490445859873
4 0.02229299363057325
3 0.019108280254777073
2 0.019108280254777073
9 0.01592356687898089
8 0.01592356687898089
6 0.01592356687898089
5 0.01592356687898089
1 0.01592356687898089
0 0.01592356687898089
doc : 36
7 0.8523316062176166
4 0.031088082901554404
8 0.018134715025906738
6 0.018134715025906738
1 0.015544041450777202
9 0.01295336787564767
5 0.01295336787564767
3 0.01295336787564767
2 0.01295336787564767
0 0.01295336787564767
doc : 37
0 0.8747433264887065
2 0.022587268993839837
9 0.02053388090349076
1 0.014373716632443533
5 0.012320328542094456
4 0.012320328542094456
3 0.012320328542094456
8 0.01026694045174538
7 0.01026694045174538
6 0.01026694045174538
doc : 38
0 0.8707360861759426
2 0.02333931777378815
9 0.02154398563734291
1 0.02154398563734291
8 0.012567324955116697
5 0.010771992818671455
4 0.010771992818671455
3 0.010771992818671455
7 0.008976660682226212
6 0.008976660682226212
doc : 39
6 0.7723577235772359
8 0.03658536585365854
5 0.03658536585365854
9 0.024390243902439025
2 0.024390243902439025
1 0.024390243902439025
7 0.020325203252032523
4 0.020325203252032523
3 0.020325203252032523
0 0.020325203252032523
doc : 40
1 0.6096866096866097
7 0.05982905982905983
8 0.05698005698005698
2 0.05698005698005698
5 0.04843304843304844
4 0.04843304843304844
3 0.03418803418803419
9 0.03133903133903134
6 0.03133903133903134
0 0.022792022792022793
doc : 41
6 0.7655172413793103
8 0.05172413793103448
2 0.03793103448275862
4 0.03103448275862069
5 0.020689655172413793
3 0.020689655172413793
0 0.020689655172413793
9 0.017241379310344827
7 0.017241379310344827
1 0.017241379310344827
doc : 42
0 0.46619217081850534
2 0.11743772241992882
4 0.08540925266903915
9 0.06761565836298931
5 0.06405693950177936
6 0.05338078291814946
3 0.046263345195729534
1 0.046263345195729534
8 0.03202846975088968
7 0.021352313167259787
doc : 43
8 0.7512953367875648
5 0.06217616580310881
4 0.04145077720207253
7 0.031088082901554404
3 0.031088082901554404
6 0.024179620034542312
2 0.018998272884283247
1 0.015544041450777202
9 0.012089810017271156
0 0.012089810017271156
doc : 44
7 0.8695652173913043
4 0.021739130434782608
1 0.01932367149758454
9 0.014492753623188404
8 0.014492753623188404
6 0.012077294685990338
5 0.012077294685990338
3 0.012077294685990338
2 0.012077294685990338
0 0.012077294685990338
doc : 45
7 0.8317460317460318
6 0.031746031746031744
4 0.025396825396825397
9 0.015873015873015872
8 0.015873015873015872
5 0.015873015873015872
3 0.015873015873015872
2 0.015873015873015872
1 0.015873015873015872
0 0.015873015873015872
doc : 46
4 0.13559322033898305
9 0.1016949152542373
8 0.1016949152542373
6 0.1016949152542373
3 0.1016949152542373
2 0.1016949152542373
1 0.1016949152542373
7 0.0847457627118644
5 0.0847457627118644
0 0.0847457627118644
doc : 47
0 0.5437956204379562
9 0.1094890510948905
1 0.06204379562043796
2 0.05474452554744525
8 0.04744525547445255
4 0.04744525547445255
3 0.040145985401459854
6 0.0364963503649635
5 0.032846715328467155
7 0.025547445255474453
doc : 48
6 0.8974008207934336
5 0.025991792065663474
4 0.019151846785225718
8 0.016415868673050615
3 0.01094391244870041
2 0.007523939808481532
7 0.006839945280437756
9 0.005471956224350205
1 0.005471956224350205
0 0.0047879616963064295
doc : 49
1 0.8914405010438412
2 0.020876826722338204
4 0.014613778705636741
9 0.010438413361169102
8 0.010438413361169102
7 0.010438413361169102
6 0.010438413361169102
5 0.010438413361169102
3 0.010438413361169102
0 0.010438413361169102
