doc : 0
5 0.9010840108401084
9 0.018970189701897018
8 0.013550135501355014
4 0.012195121951219513
2 0.012195121951219513
1 0.01084010840108401
0 0.01084010840108401
7 0.006775067750677507
6 0.006775067750677507
3 0.006775067750677507
doc : 1
5 0.9005681818181819
2 0.015625
9 0.01278409090909091
4 0.01278409090909091
1 0.011363636363636364
7 0.009943181818181818
6 0.009943181818181818
3 0.009943181818181818
8 0.008522727272727272
0 0.008522727272727272
doc : 2
5 0.8625498007968128
4 0.02390438247011952
2 0.021912350597609563
7 0.01792828685258964
6 0.013944223107569721
1 0.013944223107569721
9 0.01195219123505976
3 0.01195219123505976
0 0.01195219123505976
8 0.0099601593625498
doc : 3
5 0.8346153846153846
1 0.025
6 0.023076923076923078
9 0.021153846153846155
4 0.021153846153846155
0 0.019230769230769232
7 0.01730769230769231
2 0.01730769230769231
3 0.011538461538461539
8 0.009615384615384616
doc : 4
6 0.28187919463087246
5 0.13758389261744966
2 0.13758389261744966
1 0.1342281879194631
8 0.087248322147651
0 0.06375838926174497
7 0.04697986577181208
4 0.0436241610738255
9 0.03691275167785235
3 0.030201342281879193
doc : 5
8 0.3425692695214106
6 0.3148614609571788
1 0.11838790931989925
5 0.0579345088161209
3 0.03778337531486146
4 0.0327455919395466
2 0.0327455919395466
0 0.025188916876574305
7 0.020151133501259445
9 0.017632241813602016
doc : 6
5 0.5232067510548523
2 0.14135021097046413
6 0.11392405063291139
1 0.04852320675105485
7 0.03797468354430379
0 0.03375527426160337
9 0.02953586497890295
4 0.02742616033755274
8 0.02320675105485232
3 0.02109704641350211
doc : 7
2 0.9043570669500531
5 0.025504782146652496
4 0.013815090329436768
6 0.012221041445270987
7 0.010095642933049946
0 0.009032943676939426
8 0.007970244420828904
1 0.007438894792773645
9 0.006907545164718384
3 0.0026567481402763014
doc : 8
2 0.6659751037344398
5 0.1887966804979253
6 0.029045643153526972
3 0.02074688796680498
1 0.02074688796680498
0 0.01867219917012448
9 0.014522821576763486
8 0.014522821576763486
4 0.014522821576763486
7 0.012448132780082988
doc : 9
2 0.6535269709543569
5 0.2053941908713693
6 0.026970954356846474
7 0.02074688796680498
3 0.01867219917012448
1 0.016597510373443983
0 0.016597510373443983
9 0.014522821576763486
4 0.014522821576763486
8 0.012448132780082988
doc : 10
2 0.75
6 0.04679144385026738
5 0.040106951871657755
1 0.040106951871657755
9 0.02406417112299465
7 0.022727272727272724
0 0.022727272727272724
3 0.0213903743315508
4 0.017379679144385027
8 0.014705882352941176
doc : 11
9 0.9527809307604994
2 0.016572077185017027
4 0.0061293984108967085
8 0.004540295119182747
6 0.004540295119182747
7 0.004086265607264473
1 0.0036322360953461976
0 0.0029511918274687855
5 0.0027241770715096484
3 0.0020431328036322363
doc : 12
5 0.903430749682338
3 0.01397712833545108
2 0.012706480304955529
0 0.012706480304955529
8 0.011435832274459976
6 0.010165184243964422
4 0.010165184243964422
9 0.008894536213468869
7 0.008894536213468869
1 0.007623888182973317
doc : 13
5 0.8747390396659707
2 0.018789144050104383
7 0.016701461377870562
0 0.016701461377870562
6 0.014613778705636741
3 0.014613778705636741
1 0.012526096033402922
9 0.010438413361169102
8 0.010438413361169102
4 0.010438413361169102
doc : 14
5 0.4330708661417323
6 0.11614173228346457
1 0.10826771653543307
2 0.10039370078740158
0 0.07677165354330709
8 0.06299212598425197
7 0.033464566929133854
3 0.031496062992125984
4 0.01968503937007874
9 0.017716535433070866
doc : 15
4 0.9603174603174603
2 0.006105006105006105
6 0.004884004884004884
3 0.004884004884004884
1 0.004884004884004884
8 0.004273504273504274
5 0.004273504273504274
7 0.003663003663003663
0 0.003663003663003663
9 0.0030525030525030525
doc : 16
1 0.17880794701986755
8 0.16556291390728478
9 0.10596026490066225
6 0.10596026490066225
5 0.10596026490066225
2 0.09933774834437085
7 0.0728476821192053
3 0.06622516556291391
4 0.059602649006622516
0 0.039735099337748346
doc : 17
6 0.8467614533965244
5 0.030015797788309637
3 0.022116903633491312
1 0.018957345971563982
8 0.017377567140600316
7 0.017377567140600316
4 0.01579778830963665
2 0.014218009478672985
0 0.009478672985781991
9 0.007898894154818325
doc : 18
3 0.8341553637484587
1 0.040690505548705305
6 0.029593094944512947
5 0.02527743526510481
0 0.017879161528976572
2 0.016646115906288533
7 0.012946979038224414
8 0.010480887792848335
9 0.006165228113440197
4 0.006165228113440197
doc : 19
6 0.8784596871239471
3 0.025270758122743684
2 0.01684717208182912
1 0.01684717208182912
7 0.012033694344163659
0 0.012033694344163659
9 0.010830324909747294
8 0.010830324909747294
5 0.010830324909747294
4 0.006016847172081829
doc : 20
1 0.5038759689922481
3 0.10077519379844961
2 0.06201550387596899
7 0.05426356589147287
6 0.05426356589147287
4 0.05426356589147287
9 0.046511627906976744
8 0.046511627906976744
5 0.03875968992248062
0 0.03875968992248062
doc : 21
1 0.543956043956044
3 0.08791208791208792
2 0.08241758241758243
6 0.06593406593406594
8 0.049450549450549455
4 0.049450549450549455
9 0.03296703296703297
5 0.03296703296703297
7 0.027472527472527476
0 0.027472527472527476
doc : 22
1 0.6463414634146342
4 0.04878048780487805
9 0.042682926829268296
8 0.042682926829268296
6 0.042682926829268296
5 0.042682926829268296
2 0.042682926829268296
7 0.03048780487804878
3 0.03048780487804878
0 0.03048780487804878
doc : 23
1 0.5684931506849314
2 0.0821917808219178
8 0.0547945205479452
5 0.0547945205479452
3 0.0547945205479452
6 0.04794520547945205
9 0.03424657534246575
7 0.03424657534246575
4 0.03424657534246575
0 0.03424657534246575
doc : 24
5 0.8959537572254335
2 0.019267822736030827
3 0.01348747591522158
8 0.011560693641618497
7 0.011560693641618497
9 0.009633911368015413
6 0.009633911368015413
4 0.009633911368015413
1 0.009633911368015413
0 0.009633911368015413
doc : 25
0 0.9107806691449813
5 0.022304832713754646
7 0.012745618693574084
6 0.011683483802442909
1 0.011152416356877323
2 0.010621348911311735
8 0.005841741901221454
4 0.005841741901221454
9 0.005310674455655868
3 0.0037174721189591076
doc : 26
1 0.3253012048192771
5 0.3052208835341365
2 0.10441767068273092
4 0.056224899598393566
3 0.05220883534136546
9 0.040160642570281124
8 0.0321285140562249
7 0.028112449799196783
6 0.028112449799196783
0 0.028112449799196783
doc : 27
8 0.913151364764268
0 0.01488833746898263
4 0.014061207609594707
5 0.013234077750206782
7 0.011579818031430935
1 0.010752688172043012
2 0.008271298593879239
3 0.005789909015715467
9 0.0041356492969396195
6 0.0041356492969396195
doc : 28
8 0.4794007490636704
0 0.09737827715355805
4 0.08239700374531836
6 0.06741573033707865
2 0.06741573033707865
7 0.0599250936329588
5 0.052434456928838954
1 0.033707865168539325
9 0.0299625468164794
3 0.0299625468164794
doc : 29
3 0.8002171552660152
1 0.07166123778501629
2 0.04451682953311618
6 0.018458197611292075
4 0.018458197611292075
8 0.013029315960912053
7 0.00977198697068404
0 0.00977198697068404
5 0.008686210640608035
9 0.005428881650380022
doc : 30
3 0.8209562563580874
4 0.03153611393692777
8 0.028484231943031534
2 0.022380467955239063
1 0.022380467955239063
0 0.022380467955239063
7 0.01525940996948118
6 0.01525940996948118
5 0.011190233977619531
9 0.01017293997965412
doc : 31
3 0.86875
1 0.02
7 0.01875
6 0.015
5 0.015
0 0.015
8 0.01375
2 0.0125
4 0.01125
9 0.01
doc : 32
3 0.8758344459279038
1 0.022696929238985312
9 0.016021361815754337
0 0.016021361815754337
6 0.014686248331108143
2 0.014686248331108143
4 0.012016021361815754
7 0.010680907877169559
8 0.009345794392523364
5 0.008010680907877168
doc : 33
5 0.8622754491017963
9 0.02395209580838323
2 0.021956087824351295
7 0.01397205588822355
6 0.01397205588822355
4 0.01397205588822355
0 0.01397205588822355
8 0.011976047904191616
3 0.011976047904191616
1 0.011976047904191616
doc : 34
5 0.8674463937621832
1 0.023391812865497075
9 0.01949317738791423
3 0.015594541910331383
7 0.01364522417153996
6 0.01364522417153996
0 0.01364522417153996
8 0.011695906432748537
2 0.011695906432748537
4 0.009746588693957114
doc : 35
7 0.6675438596491228
0 0.10789473684210527
2 0.10438596491228071
6 0.031578947368421054
5 0.021929824561403508
1 0.01842105263157895
4 0.014912280701754385
9 0.012280701754385965
3 0.011403508771929825
8 0.009649122807017544
doc : 36
6 0.8555667001003009
2 0.034102306920762285
1 0.020060180541624874
5 0.01905717151454363
4 0.01905717151454363
7 0.0160481444332999
0 0.011033099297893681
8 0.010030090270812437
3 0.00802407221664995
9 0.007021063189568706
doc : 37
6 0.26666666666666666
5 0.1696969696969697
2 0.12727272727272726
3 0.10909090909090909
1 0.09090909090909091
8 0.06666666666666667
9 0.048484848484848485
7 0.048484848484848485
4 0.03636363636363636
0 0.03636363636363636
doc : 38
6 0.2641509433962264
5 0.2358490566037736
8 0.11320754716981132
9 0.0660377358490566
2 0.0660377358490566
4 0.05660377358490566
1 0.05660377358490566
7 0.04716981132075471
3 0.04716981132075471
0 0.04716981132075471
doc : 39
5 0.11940298507462686
4 0.11940298507462686
3 0.11940298507462686
8 0.1044776119402985
2 0.1044776119402985
7 0.08955223880597014
6 0.08955223880597014
1 0.08955223880597014
0 0.08955223880597014
9 0.07462686567164178
doc : 40
5 0.22147651006711408
1 0.18120805369127516
6 0.10067114093959731
7 0.09395973154362416
8 0.087248322147651
0 0.08053691275167785
3 0.06711409395973154
2 0.060402684563758385
9 0.053691275167785234
4 0.053691275167785234
doc : 41
1 0.7461439588688945
3 0.18573264781491
7 0.014781491002570693
5 0.014138817480719794
9 0.008997429305912595
8 0.007069408740359897
0 0.007069408740359897
2 0.006426735218508997
4 0.005141388174807198
6 0.0044987146529562975
doc : 42
3 0.8691322901849218
8 0.01849217638691323
7 0.017069701280227598
4 0.017069701280227598
1 0.017069701280227598
6 0.015647226173541962
5 0.01422475106685633
2 0.011379800853485065
9 0.00995732574679943
0 0.00995732574679943
doc : 43
3 0.8858603066439523
7 0.02385008517887564
6 0.013628620102214651
1 0.013628620102214651
0 0.013628620102214651
5 0.01192504258943782
9 0.010221465076660989
8 0.010221465076660989
4 0.008517887563884156
2 0.008517887563884156
doc : 44
3 0.889751552795031
2 0.017080745341614904
6 0.015527950310559004
4 0.015527950310559004
0 0.015527950310559004
5 0.010869565217391304
9 0.009316770186335404
8 0.009316770186335404
7 0.009316770186335404
1 0.007763975155279502
doc : 45
3 0.8854166666666666
8 0.01909722222222222
6 0.013888888888888888
5 0.013888888888888888
1 0.013888888888888888
7 0.012152777777777776
4 0.012152777777777776
2 0.010416666666666666
0 0.010416666666666666
9 0.008680555555555556
doc : 46
1 0.5178571428571428
3 0.21785714285714286
5 0.06428571428571428
2 0.03571428571428571
9 0.03214285714285714
6 0.03214285714285714
4 0.03214285714285714
7 0.02857142857142857
8 0.02142857142857143
0 0.017857142857142856
doc : 47
6 0.7588495575221239
5 0.11283185840707964
3 0.024336283185840708
7 0.01991150442477876
1 0.01991150442477876
8 0.01327433628318584
4 0.01327433628318584
2 0.01327433628318584
0 0.01327433628318584
9 0.011061946902654867
doc : 48
7 0.9034726309593878
1 0.01883460859329017
2 0.017657445556209534
8 0.014125956444967627
3 0.01353737492642731
4 0.009417304296645085
5 0.007651559741024131
6 0.007062978222483814
0 0.004708652148322542
9 0.003531489111241907
doc : 49
7 0.7632311977715878
3 0.05013927576601671
8 0.033426183844011144
5 0.027855153203342618
1 0.027855153203342618
4 0.022284122562674095
9 0.019498607242339833
2 0.019498607242339833
0 0.019498607242339833
6 0.016713091922005572
