doc : 0
5 0.6056782334384858
9 0.08832807570977917
6 0.06309148264984227
3 0.0473186119873817
0 0.044164037854889586
8 0.04100946372239748
1 0.03470031545741325
7 0.031545741324921134
4 0.022082018927444793
2 0.022082018927444793
doc : 1
5 0.359375
9 0.2734375
6 0.078125
4 0.0625
0 0.0625
7 0.05859375
1 0.03125
8 0.02734375
3 0.02734375
2 0.01953125
doc : 2
1 0.5795454545454546
5 0.0625
0 0.0625
8 0.05113636363636364
7 0.05113636363636364
3 0.05113636363636364
6 0.03977272727272727
9 0.03409090909090909
4 0.03409090909090909
2 0.03409090909090909
doc : 3
9 0.8328611898016998
7 0.0509915014164306
4 0.02407932011331445
3 0.021246458923512748
8 0.0169971671388102
0 0.01558073654390935
6 0.01274787535410765
5 0.0113314447592068
2 0.007082152974504249
1 0.007082152974504249
doc : 4
9 0.8986111111111111
4 0.019444444444444445
0 0.018055555555555557
5 0.011111111111111112
3 0.011111111111111112
7 0.009722222222222222
8 0.008333333333333333
6 0.008333333333333333
2 0.008333333333333333
1 0.006944444444444445
doc : 5
1 0.8067796610169491
5 0.03389830508474576
8 0.023728813559322035
2 0.023728813559322035
7 0.020338983050847456
3 0.020338983050847456
0 0.020338983050847456
9 0.01694915254237288
6 0.01694915254237288
4 0.01694915254237288
doc : 6
1 0.8156028368794326
2 0.028368794326241134
8 0.02127659574468085
4 0.02127659574468085
3 0.02127659574468085
0 0.02127659574468085
9 0.017730496453900707
7 0.017730496453900707
6 0.017730496453900707
5 0.017730496453900707
doc : 7
1 0.8524743230625584
2 0.07469654528478058
5 0.017740429505135387
6 0.01027077497665733
4 0.009337068160597572
0 0.009337068160597572
9 0.007469654528478058
7 0.007469654528478058
8 0.006535947712418301
3 0.004668534080298786
doc : 8
2 0.7340510366826156
1 0.23564593301435408
5 0.007575757575757576
3 0.004784688995215311
8 0.0035885167464114833
6 0.0035885167464114833
0 0.003189792663476874
4 0.0027910685805422647
9 0.0023923444976076554
7 0.0023923444976076554
doc : 9
9 0.8195592286501377
4 0.046831955922865015
8 0.03856749311294766
7 0.03168044077134986
3 0.015151515151515152
0 0.013774104683195593
6 0.011019283746556474
5 0.008264462809917356
1 0.008264462809917356
2 0.006887052341597796
doc : 10
7 0.3195187165775401
8 0.24331550802139035
9 0.15641711229946523
0 0.1016042780748663
4 0.09759358288770052
3 0.03609625668449198
6 0.01871657754010695
5 0.013368983957219251
2 0.0066844919786096255
1 0.0066844919786096255
doc : 11
8 0.7697841726618705
9 0.08093525179856116
0 0.03237410071942446
7 0.030575539568345324
4 0.023381294964028777
3 0.01618705035971223
5 0.014388489208633094
1 0.012589928057553958
6 0.01079136690647482
2 0.008992805755395683
doc : 12
9 0.5384615384615384
8 0.12955465587044535
7 0.06072874493927126
6 0.05668016194331984
4 0.048582995951417005
3 0.048582995951417005
5 0.04048582995951417
2 0.02834008097165992
0 0.02834008097165992
1 0.020242914979757085
doc : 13
6 0.9306640625
4 0.009765625
9 0.0087890625
8 0.0087890625
7 0.0087890625
3 0.0087890625
0 0.0068359375
5 0.005859375
2 0.005859375
1 0.005859375
doc : 14
9 0.6651376146788991
8 0.05504587155963303
4 0.05045871559633028
3 0.04128440366972477
0 0.04128440366972477
7 0.03669724770642202
5 0.03211009174311927
1 0.03211009174311927
6 0.022935779816513763
2 0.022935779816513763
doc : 15
9 0.40789473684210525
8 0.19407894736842105
7 0.12171052631578946
4 0.08881578947368421
3 0.05427631578947368
5 0.046052631578947366
0 0.039473684210526314
6 0.024671052631578948
1 0.014802631578947368
2 0.008223684210526315
doc : 16
9 0.7376811594202899
4 0.06521739130434782
3 0.052173913043478265
8 0.04565217391304348
7 0.03695652173913044
5 0.02391304347826087
0 0.02318840579710145
1 0.007246376811594203
6 0.004347826086956522
2 0.0036231884057971015
doc : 17
4 0.7486187845303867
7 0.058011049723756904
9 0.04143646408839779
8 0.03591160220994475
6 0.03038674033149171
3 0.022099447513812154
0 0.019337016574585635
1 0.016574585635359115
5 0.013812154696132596
2 0.013812154696132596
doc : 18
8 0.39740820734341253
4 0.20950323974082075
3 0.1263498920086393
7 0.0982721382289417
0 0.055075593952483806
9 0.04535637149028078
6 0.03455723542116631
5 0.012958963282937365
2 0.011879049676025918
1 0.008639308855291577
doc : 19
3 0.677211482132396
0 0.1060339777387229
7 0.08963093145869948
4 0.03925014645577036
8 0.03046280023432923
9 0.028119507908611598
6 0.013473930872876391
5 0.008201523140011716
1 0.0046865846514352666
2 0.0029291154071470417
doc : 20
9 0.5134529147982063
7 0.14349775784753363
5 0.10089686098654709
0 0.08520179372197309
3 0.04708520179372197
4 0.033632286995515695
6 0.026905829596412557
8 0.02466367713004484
2 0.013452914798206279
1 0.011210762331838564
doc : 21
9 0.7489711934156379
8 0.03703703703703704
7 0.03703703703703704
4 0.03703703703703704
0 0.03292181069958848
2 0.02469135802469136
6 0.020576131687242802
5 0.020576131687242802
3 0.020576131687242802
1 0.020576131687242802
doc : 22
4 0.6872509960159362
9 0.15737051792828685
7 0.045816733067729085
6 0.0199203187250996
0 0.0199203187250996
8 0.01792828685258964
3 0.01792828685258964
2 0.01195219123505976
1 0.01195219123505976
5 0.0099601593625498
doc : 23
0 0.84357316087308
4 0.12206952303961195
7 0.008488278092158448
3 0.0064672594987873885
8 0.004446240905416329
6 0.004446240905416329
9 0.0040420371867421175
1 0.0024252223120452706
5 0.0020210185933710587
2 0.0020210185933710587
doc : 24
0 0.854669887278583
4 0.10950080515297907
3 0.008051529790660225
9 0.006843800322061192
8 0.00644122383252818
7 0.004025764895330112
6 0.0036231884057971015
2 0.0024154589371980675
1 0.0024154589371980675
5 0.002012882447665056
doc : 25
5 0.5232974910394266
9 0.13261648745519714
6 0.07526881720430108
8 0.06451612903225806
3 0.05017921146953405
7 0.04659498207885305
4 0.03225806451612903
0 0.02867383512544803
1 0.025089605734767026
2 0.021505376344086023
doc : 26
8 0.7805486284289277
4 0.034912718204488775
9 0.029925187032418952
5 0.029925187032418952
3 0.029925187032418952
1 0.022443890274314215
0 0.022443890274314215
7 0.017456359102244388
6 0.017456359102244388
2 0.014962593516209476
doc : 27
3 0.543046357615894
4 0.10596026490066225
7 0.0706401766004415
0 0.059602649006622516
8 0.05739514348785872
5 0.052980132450331126
6 0.039735099337748346
9 0.037527593818984545
1 0.017660044150110375
2 0.015452538631346577
doc : 28
7 0.8357294994675187
0 0.04472843450479234
9 0.033546325878594255
4 0.028221512247071354
8 0.02582534611288605
3 0.017571884984025562
6 0.006389776357827477
5 0.004259850905218318
2 0.002129925452609159
1 0.0015974440894568692
doc : 29
4 0.35333333333333333
9 0.27599999999999997
8 0.15866666666666665
7 0.09066666666666666
3 0.058666666666666666
6 0.021333333333333333
0 0.014666666666666666
5 0.010666666666666666
2 0.009333333333333332
1 0.006666666666666666
doc : 30
5 0.3449612403100775
9 0.14728682170542634
8 0.13565891472868216
7 0.08527131782945736
6 0.08527131782945736
0 0.07364341085271317
3 0.05813953488372093
2 0.027131782945736434
4 0.023255813953488372
1 0.01937984496124031
doc : 31
3 0.5611672278338945
9 0.250280583613917
8 0.04938271604938272
4 0.046015712682379355
7 0.03367003367003367
0 0.019079685746352416
5 0.01346801346801347
6 0.010101010101010102
2 0.008978675645342313
1 0.007856341189674524
doc : 32
5 0.8654708520179372
9 0.02242152466367713
3 0.020179372197309416
6 0.01569506726457399
8 0.013452914798206279
7 0.013452914798206279
1 0.013452914798206279
0 0.013452914798206279
4 0.011210762331838564
2 0.011210762331838564
doc : 33
9 0.31386861313868614
5 0.20072992700729927
4 0.12773722627737225
8 0.0948905109489051
7 0.06934306569343066
3 0.05474452554744525
6 0.04744525547445255
0 0.043795620437956206
1 0.029197080291970802
2 0.01824817518248175
doc : 34
9 0.8771929824561403
4 0.024291497975708502
7 0.021592442645074223
3 0.017543859649122806
0 0.014844804318488529
5 0.010796221322537112
8 0.009446693657219972
2 0.009446693657219972
6 0.008097165991902834
1 0.0067476383265856945
doc : 35
4 0.7348314606741574
9 0.058426966292134834
0 0.05393258426966292
7 0.040449438202247195
8 0.029213483146067417
3 0.02696629213483146
6 0.017977528089887642
5 0.01348314606741573
1 0.01348314606741573
2 0.011235955056179777
doc : 36
4 0.5949926362297496
7 0.1767304860088365
3 0.06332842415316642
0 0.039764359351988215
9 0.03829160530191458
6 0.03829160530191458
8 0.016200294550810013
5 0.014727540500736377
1 0.010309278350515464
2 0.007363770250368188
doc : 37
4 0.7868852459016393
9 0.0546448087431694
7 0.03825136612021858
3 0.02459016393442623
8 0.01912568306010929
6 0.01912568306010929
0 0.01639344262295082
5 0.01366120218579235
2 0.01366120218579235
1 0.01366120218579235
doc : 38
4 0.7795275590551181
7 0.045275590551181105
9 0.04330708661417323
3 0.03740157480314961
8 0.01968503937007874
6 0.01968503937007874
0 0.015748031496062992
5 0.013779527559055118
1 0.013779527559055118
2 0.011811023622047244
doc : 39
9 0.7490494296577946
8 0.04182509505703422
7 0.03802281368821293
2 0.034220532319391636
4 0.026615969581749048
0 0.026615969581749048
3 0.022813688212927757
1 0.022813688212927757
6 0.019011406844106463
5 0.019011406844106463
doc : 40
9 0.648
8 0.076
4 0.048
7 0.044
3 0.044
0 0.036000000000000004
2 0.032
5 0.028
6 0.024
1 0.02
doc : 41
8 0.680628272251309
0 0.08027923211169284
7 0.07242582897033159
9 0.0462478184991274
4 0.04363001745200698
3 0.037521815008726006
6 0.018324607329842934
5 0.010471204188481676
2 0.006108202443280977
1 0.004363001745200698
doc : 42
5 0.3383084577114428
9 0.1990049751243781
7 0.10945273631840796
8 0.0845771144278607
3 0.06467661691542288
0 0.05970149253731343
4 0.05472636815920398
2 0.03482587064676617
1 0.029850746268656716
6 0.02487562189054726
doc : 43
7 0.6473029045643154
3 0.11120331950207468
6 0.07634854771784232
0 0.05560165975103734
4 0.03734439834024896
9 0.027385892116182572
8 0.025726141078838173
2 0.007468879668049792
5 0.006639004149377593
1 0.004979253112033195
doc : 44
6 0.5344418052256532
5 0.18527315914489312
8 0.052256532066508314
0 0.052256532066508314
4 0.04750593824228029
3 0.03800475059382423
9 0.035629453681710214
1 0.023752969121140145
2 0.0166270783847981
7 0.014251781472684086
doc : 45
4 0.37037037037037035
8 0.2561728395061728
9 0.1419753086419753
7 0.06172839506172839
3 0.05246913580246913
0 0.037037037037037035
5 0.024691358024691357
2 0.021604938271604937
6 0.018518518518518517
1 0.015432098765432098
doc : 46
8 0.7458471760797343
9 0.07308970099667775
4 0.04318936877076412
7 0.03820598006644518
0 0.03322259136212625
3 0.023255813953488372
6 0.014950166112956811
5 0.009966777408637873
1 0.009966777408637873
2 0.008305647840531562
doc : 47
8 0.6
5 0.08695652173913043
9 0.06086956521739131
4 0.052173913043478265
3 0.04782608695652174
6 0.0391304347826087
2 0.030434782608695653
1 0.030434782608695653
7 0.026086956521739132
0 0.026086956521739132
doc : 48
5 0.5530973451327433
7 0.09734513274336283
9 0.07964601769911504
6 0.0752212389380531
4 0.048672566371681415
8 0.03982300884955752
3 0.030973451327433628
2 0.02654867256637168
1 0.02654867256637168
0 0.022123893805309734
doc : 49
5 0.4351851851851852
9 0.10648148148148148
4 0.08796296296296297
0 0.07407407407407407
8 0.06944444444444445
6 0.06481481481481481
3 0.06481481481481481
7 0.037037037037037035
2 0.032407407407407406
1 0.027777777777777776
