doc : 0
6 0.22674418604651161
0 0.16279069767441862
5 0.13372093023255813
3 0.12790697674418605
4 0.0755813953488372
2 0.0755813953488372
9 0.05813953488372093
7 0.05813953488372093
1 0.05232558139534883
8 0.029069767441860465
doc : 1
6 0.4532871972318339
4 0.1384083044982699
2 0.11072664359861592
1 0.07958477508650519
0 0.058823529411764705
8 0.04152249134948097
3 0.03460207612456748
5 0.03114186851211073
7 0.02768166089965398
9 0.02422145328719723
doc : 2
0 0.24814814814814815
1 0.16296296296296298
5 0.14814814814814814
3 0.0962962962962963
9 0.08888888888888889
6 0.08518518518518518
4 0.05555555555555556
2 0.04814814814814815
8 0.037037037037037035
7 0.02962962962962963
doc : 3
6 0.38436482084690554
2 0.19543973941368079
4 0.11726384364820848
0 0.08143322475570033
1 0.05211726384364821
5 0.04560260586319218
9 0.042345276872964174
3 0.03257328990228013
7 0.026058631921824105
8 0.02280130293159609
doc : 4
6 0.46862745098039216
8 0.3
9 0.052941176470588235
0 0.041176470588235294
5 0.03529411764705882
2 0.03137254901960784
1 0.03137254901960784
3 0.01764705882352941
4 0.011764705882352941
7 0.00980392156862745
doc : 5
1 0.8992042440318302
3 0.01856763925729443
5 0.015915119363395226
2 0.01326259946949602
0 0.011936339522546418
9 0.010610079575596816
8 0.007957559681697613
7 0.007957559681697613
6 0.007957559681697613
4 0.00663129973474801
doc : 6
5 0.8781575037147102
0 0.033432392273402674
1 0.02674591381872214
3 0.017830609212481426
9 0.01188707280832095
6 0.008915304606240713
2 0.007429420505200594
4 0.006686478454680535
7 0.005200594353640416
8 0.003714710252600297
doc : 7
3 0.21818181818181817
6 0.18181818181818182
1 0.1409090909090909
0 0.09545454545454544
5 0.08636363636363636
7 0.07727272727272727
2 0.06818181818181818
4 0.05909090909090909
9 0.045454545454545456
8 0.02727272727272727
doc : 8
3 0.8901098901098902
0 0.0260989010989011
6 0.016483516483516484
9 0.01098901098901099
7 0.01098901098901099
8 0.009615384615384616
5 0.009615384615384616
1 0.009615384615384616
4 0.008241758241758242
2 0.008241758241758242
doc : 9
3 0.8956043956043956
0 0.01785714285714286
1 0.016483516483516484
6 0.015109890109890112
5 0.015109890109890112
4 0.009615384615384616
8 0.008241758241758242
7 0.008241758241758242
9 0.006868131868131869
2 0.006868131868131869
doc : 10
3 0.9064665127020785
0 0.016166281755196306
5 0.015011547344110854
6 0.012702078521939953
9 0.010392609699769052
4 0.010392609699769052
7 0.008083140877598153
2 0.008083140877598153
1 0.0069284064665127015
8 0.005773672055427252
doc : 11
6 0.6764705882352942
9 0.0625
0 0.051470588235294115
8 0.044117647058823525
5 0.04044117647058824
2 0.029411764705882353
1 0.029411764705882353
7 0.025735294117647058
3 0.022058823529411763
4 0.01838235294117647
doc : 12
6 0.7470881863560732
1 0.05324459234608985
4 0.04326123128119801
5 0.04159733777038269
2 0.029950083194675542
9 0.02329450915141431
3 0.019966722129783693
0 0.016638935108153077
7 0.014975041597337771
8 0.009983361064891847
doc : 13
0 0.6751269035532994
3 0.09644670050761421
4 0.050761421319796954
1 0.03807106598984771
6 0.035532994923857864
5 0.035532994923857864
2 0.02284263959390863
9 0.017766497461928932
7 0.015228426395939085
8 0.012690355329949238
doc : 14
9 0.9433748584371462
3 0.007927519818799548
5 0.006795016987542469
1 0.006795016987542469
0 0.006795016987542469
8 0.005662514156285391
7 0.005662514156285391
6 0.005662514156285391
4 0.005662514156285391
2 0.005662514156285391
doc : 15
4 0.6473282442748092
1 0.13893129770992366
0 0.06564885496183206
6 0.03969465648854962
3 0.022900763358778626
5 0.01984732824427481
9 0.0183206106870229
8 0.0183206106870229
2 0.016793893129770993
7 0.012213740458015267
doc : 16
1 0.7894736842105263
3 0.05034324942791762
5 0.04805491990846682
2 0.029748283752860413
7 0.016018306636155607
0 0.016018306636155607
8 0.013729977116704806
4 0.013729977116704806
9 0.011441647597254004
6 0.011441647597254004
doc : 17
6 0.5882352941176471
4 0.06470588235294117
3 0.06470588235294117
9 0.061764705882352944
5 0.052941176470588235
2 0.041176470588235294
8 0.03529411764705882
1 0.03529411764705882
0 0.029411764705882353
7 0.026470588235294117
doc : 18
0 0.5190476190476191
5 0.12380952380952381
6 0.08571428571428572
1 0.07142857142857144
4 0.05714285714285715
8 0.04285714285714286
9 0.028571428571428574
7 0.02380952380952381
3 0.02380952380952381
2 0.02380952380952381
doc : 19
0 0.7914614121510672
9 0.04433497536945813
5 0.03940886699507389
3 0.026272577996715927
8 0.02134646962233169
4 0.019704433497536946
1 0.0180623973727422
6 0.016420361247947456
7 0.011494252873563218
2 0.011494252873563218
doc : 20
3 0.6533090467516698
4 0.16514875531268974
0 0.05160898603521555
2 0.049180327868852465
6 0.03278688524590164
1 0.017000607164541593
5 0.012750455373406194
9 0.009107468123861567
8 0.004857316332726169
7 0.004250151791135398
doc : 21
3 0.892416225749559
0 0.021164021164021163
8 0.014109347442680775
5 0.014109347442680775
1 0.014109347442680775
9 0.008818342151675485
7 0.008818342151675485
6 0.008818342151675485
4 0.008818342151675485
2 0.008818342151675485
doc : 22
3 0.9130434782608695
5 0.014025245441795231
0 0.012622720897615708
1 0.011220196353436185
6 0.009817671809256662
4 0.009817671809256662
9 0.008415147265077139
8 0.0070126227208976155
7 0.0070126227208976155
2 0.0070126227208976155
doc : 23
3 0.6
4 0.2779783393501805
5 0.034657039711191336
1 0.031046931407942235
2 0.015162454873646208
0 0.015162454873646208
6 0.007942238267148015
8 0.007220216606498194
9 0.006498194945848375
7 0.004332129963898917
doc : 24
1 0.8975903614457832
5 0.01957831325301205
3 0.01807228915662651
0 0.012048192771084338
7 0.010542168674698796
6 0.010542168674698796
4 0.009036144578313254
9 0.007530120481927711
8 0.007530120481927711
2 0.007530120481927711
doc : 25
1 0.8975535168195719
5 0.024464831804281346
8 0.010703363914373088
3 0.010703363914373088
2 0.010703363914373088
0 0.010703363914373088
9 0.009174311926605505
7 0.009174311926605505
4 0.009174311926605505
6 0.00764525993883792
doc : 26
7 0.9358552631578947
1 0.02357456140350877
0 0.008771929824561403
3 0.00712719298245614
5 0.005482456140350877
6 0.004934210526315789
8 0.003837719298245614
2 0.003837719298245614
9 0.003289473684210526
4 0.003289473684210526
doc : 27
0 0.44163424124513617
5 0.13618677042801558
1 0.09727626459143969
2 0.08171206225680934
4 0.07198443579766536
6 0.06420233463035019
3 0.04669260700389105
9 0.03501945525291829
8 0.01556420233463035
7 0.009727626459143969
doc : 28
1 0.8135593220338984
5 0.04930662557781202
3 0.044684129429892146
2 0.01848998459167951
9 0.015408320493066256
0 0.01386748844375963
7 0.012326656394453005
6 0.012326656394453005
4 0.012326656394453005
8 0.007704160246533128
doc : 29
0 0.5480769230769231
5 0.11538461538461539
4 0.07692307692307693
9 0.057692307692307696
6 0.05048076923076923
1 0.040865384615384616
8 0.03125
7 0.028846153846153848
3 0.028846153846153848
2 0.021634615384615384
doc : 30
2 0.9527458492975734
4 0.007024265644955301
0 0.007024265644955301
5 0.005747126436781609
9 0.005108556832694764
6 0.005108556832694764
3 0.005108556832694764
1 0.005108556832694764
7 0.003831417624521073
8 0.0031928480204342275
doc : 31
6 0.5555555555555556
4 0.0992063492063492
1 0.07539682539682539
0 0.07142857142857142
3 0.03968253968253968
9 0.03571428571428571
5 0.03571428571428571
7 0.031746031746031744
8 0.027777777777777776
2 0.027777777777777776
doc : 32
2 0.9527458492975734
5 0.008939974457215838
0 0.007024265644955301
1 0.006385696040868455
4 0.005747126436781609
6 0.004469987228607919
9 0.003831417624521073
8 0.003831417624521073
3 0.003831417624521073
7 0.0031928480204342275
doc : 33
5 0.8938756428237494
1 0.03459560542309491
0 0.014492753623188406
3 0.01262272089761571
4 0.010752688172043012
6 0.009817671809256662
9 0.008415147265077139
2 0.007012622720897616
7 0.004675081813931744
8 0.0037400654511453952
doc : 34
3 0.9295612009237875
9 0.013856812933025403
1 0.010392609699769052
6 0.008083140877598153
2 0.008083140877598153
0 0.0069284064665127015
8 0.005773672055427252
7 0.005773672055427252
5 0.005773672055427252
4 0.005773672055427252
doc : 35
9 0.9256756756756757
2 0.01463963963963964
1 0.010135135135135136
5 0.009009009009009009
6 0.007882882882882882
0 0.007882882882882882
8 0.006756756756756757
3 0.006756756756756757
7 0.00563063063063063
4 0.00563063063063063
doc : 36
0 0.1728395061728395
9 0.13580246913580246
8 0.12345679012345678
1 0.1111111111111111
6 0.08641975308641975
3 0.08641975308641975
2 0.08641975308641975
7 0.07407407407407407
5 0.06172839506172839
4 0.06172839506172839
doc : 37
0 0.7266666666666667
3 0.06
1 0.04666666666666667
4 0.042222222222222223
5 0.028888888888888888
6 0.026666666666666665
9 0.02
2 0.02
7 0.015555555555555555
8 0.013333333333333332
doc : 38
0 0.6650485436893203
9 0.05339805825242718
3 0.05339805825242718
4 0.04368932038834951
6 0.038834951456310676
1 0.038834951456310676
5 0.029126213592233007
2 0.029126213592233007
8 0.02427184466019417
7 0.02427184466019417
doc : 39
7 0.15151515151515152
6 0.12121212121212122
4 0.12121212121212122
0 0.10606060606060606
9 0.09090909090909091
8 0.09090909090909091
1 0.09090909090909091
5 0.07575757575757576
3 0.07575757575757576
2 0.07575757575757576
doc : 40
9 0.8811728395061728
6 0.021604938271604937
2 0.015432098765432098
1 0.015432098765432098
0 0.015432098765432098
5 0.013888888888888888
3 0.010802469135802469
8 0.009259259259259259
7 0.009259259259259259
4 0.007716049382716049
doc : 41
9 0.935005701254276
0 0.011402508551881414
6 0.009122006841505131
3 0.009122006841505131
1 0.0068415051311288486
8 0.005701254275940707
7 0.005701254275940707
5 0.005701254275940707
4 0.005701254275940707
2 0.005701254275940707
doc : 42
9 0.9016393442622951
6 0.014754098360655738
3 0.013114754098360656
0 0.013114754098360656
2 0.011475409836065573
8 0.009836065573770491
4 0.009836065573770491
1 0.009836065573770491
7 0.00819672131147541
5 0.00819672131147541
doc : 43
9 0.8807749627421758
5 0.019374068554396422
3 0.01788375558867362
6 0.01639344262295082
2 0.01639344262295082
4 0.011922503725782414
0 0.011922503725782414
1 0.010432190760059613
8 0.007451564828614009
7 0.007451564828614009
doc : 44
3 0.9214586255259467
5 0.012622720897615708
9 0.009817671809256662
1 0.009817671809256662
0 0.009817671809256662
6 0.008415147265077139
8 0.0070126227208976155
7 0.0070126227208976155
4 0.0070126227208976155
2 0.0070126227208976155
doc : 45
8 0.9066901408450705
6 0.025528169014084508
0 0.013204225352112676
9 0.012764084507042254
4 0.011883802816901408
7 0.010123239436619719
5 0.008802816901408451
1 0.004841549295774648
3 0.003961267605633803
2 0.0022007042253521128
doc : 46
9 0.8968903436988543
0 0.01800327332242226
6 0.014729950900163666
5 0.014729950900163666
1 0.01309328968903437
2 0.009819967266775777
8 0.008183306055646482
7 0.008183306055646482
4 0.008183306055646482
3 0.008183306055646482
doc : 47
9 0.9356659142212189
2 0.009029345372460496
5 0.007900677200902933
3 0.007900677200902933
1 0.007900677200902933
8 0.006772009029345372
6 0.006772009029345372
0 0.006772009029345372
7 0.00564334085778781
4 0.00564334085778781
doc : 48
4 0.331151832460733
1 0.3298429319371728
3 0.13612565445026178
0 0.06675392670157068
5 0.04712041884816754
9 0.02486910994764398
7 0.022251308900523563
2 0.01963350785340314
6 0.013089005235602094
8 0.009162303664921467
doc : 49
4 0.2708333333333333
9 0.1388888888888889
6 0.10416666666666666
0 0.10416666666666666
1 0.09722222222222221
8 0.09027777777777778
5 0.05555555555555555
7 0.048611111111111105
3 0.048611111111111105
2 0.041666666666666664
