doc : 0
6 0.8405797101449275
9 0.02318840579710145
8 0.02318840579710145
2 0.020289855072463767
5 0.017391304347826087
4 0.017391304347826087
7 0.014492753623188406
3 0.014492753623188406
1 0.014492753623188406
0 0.014492753623188406
doc : 1
6 0.9041095890410958
5 0.0197869101978691
9 0.015220700152207
0 0.015220700152207
8 0.0076103500761035
7 0.0076103500761035
4 0.0076103500761035
3 0.0076103500761035
2 0.0076103500761035
1 0.0076103500761035
doc : 2
6 0.9142480211081794
4 0.0158311345646438
7 0.010554089709762533
5 0.010554089709762533
9 0.009234828496042216
1 0.009234828496042216
0 0.009234828496042216
3 0.0079155672823219
8 0.0065963060686015824
2 0.0065963060686015824
doc : 3
6 0.40712468193384227
8 0.3994910941475827
5 0.04580152671755726
4 0.04071246819338423
9 0.035623409669211195
0 0.017811704834605598
2 0.015267175572519085
7 0.012722646310432571
3 0.012722646310432571
1 0.012722646310432571
doc : 4
6 0.8388429752066116
4 0.028925619834710745
5 0.024793388429752067
9 0.022727272727272728
7 0.01859504132231405
8 0.01652892561983471
3 0.014462809917355372
1 0.012396694214876033
0 0.012396694214876033
2 0.010330578512396695
doc : 5
6 0.7467248908296943
5 0.034934497816593885
4 0.034934497816593885
8 0.03056768558951965
2 0.03056768558951965
1 0.03056768558951965
9 0.026200873362445413
7 0.021834061135371178
3 0.021834061135371178
0 0.021834061135371178
doc : 6
6 0.9669327251995439
1 0.005131128848346636
4 0.004561003420752566
8 0.003990877993158495
2 0.003990877993158495
5 0.0034207525655644243
3 0.0034207525655644243
9 0.0028506271379703536
7 0.0028506271379703536
0 0.0028506271379703536
doc : 7
6 0.9704209328782707
9 0.004550625711035267
4 0.003981797497155859
8 0.00341296928327645
5 0.00341296928327645
7 0.002844141069397042
3 0.002844141069397042
2 0.002844141069397042
1 0.002844141069397042
0 0.002844141069397042
doc : 8
6 0.48630136986301364
9 0.11643835616438356
4 0.09931506849315068
8 0.06164383561643835
5 0.06164383561643835
0 0.0547945205479452
2 0.04452054794520548
1 0.0273972602739726
7 0.023972602739726026
3 0.023972602739726026
doc : 9
9 0.1
8 0.1
7 0.1
6 0.1
5 0.1
4 0.1
3 0.1
2 0.1
1 0.1
0 0.1
doc : 10
6 0.8423236514522822
4 0.03112033195020747
5 0.024896265560165977
7 0.022821576763485476
9 0.01867219917012448
2 0.016597510373443983
8 0.012448132780082988
3 0.01037344398340249
1 0.01037344398340249
0 0.01037344398340249
doc : 11
6 0.41483516483516486
8 0.2884615384615385
9 0.1043956043956044
4 0.07142857142857144
5 0.041208791208791215
0 0.024725274725274728
7 0.013736263736263738
3 0.013736263736263738
2 0.013736263736263738
1 0.013736263736263738
doc : 12
9 0.1
8 0.1
7 0.1
6 0.1
5 0.1
4 0.1
3 0.1
2 0.1
1 0.1
0 0.1
doc : 13
6 0.7791164658634537
4 0.0321285140562249
9 0.028112449799196783
3 0.028112449799196783
8 0.024096385542168672
5 0.024096385542168672
0 0.024096385542168672
7 0.020080321285140562
2 0.020080321285140562
1 0.020080321285140562
doc : 14
9 0.5129032258064516
5 0.2129032258064516
6 0.13225806451612904
2 0.03225806451612903
3 0.02258064516129032
4 0.01935483870967742
0 0.01935483870967742
8 0.016129032258064516
7 0.016129032258064516
1 0.016129032258064516
doc : 15
6 0.5390625
5 0.09375
4 0.078125
9 0.0546875
8 0.0390625
7 0.0390625
3 0.0390625
2 0.0390625
1 0.0390625
0 0.0390625
doc : 16
6 0.6367924528301887
4 0.08018867924528301
5 0.0660377358490566
8 0.03773584905660377
2 0.03773584905660377
9 0.0330188679245283
7 0.02830188679245283
3 0.02830188679245283
0 0.02830188679245283
1 0.023584905660377357
doc : 17
9 0.45806451612903226
5 0.23548387096774193
6 0.1774193548387097
2 0.025806451612903226
8 0.01935483870967742
0 0.01935483870967742
7 0.016129032258064516
4 0.016129032258064516
3 0.016129032258064516
1 0.016129032258064516
doc : 18
6 0.9435483870967742
4 0.008064516129032258
9 0.006912442396313364
7 0.006912442396313364
8 0.00576036866359447
5 0.00576036866359447
3 0.00576036866359447
2 0.00576036866359447
1 0.00576036866359447
0 0.00576036866359447
doc : 19
6 0.9637978142076503
4 0.006147540983606557
0 0.0047814207650273225
9 0.004098360655737705
3 0.004098360655737705
8 0.0034153005464480873
7 0.0034153005464480873
5 0.0034153005464480873
2 0.0034153005464480873
1 0.0034153005464480873
doc : 20
9 0.1
8 0.1
7 0.1
6 0.1
5 0.1
4 0.1
3 0.1
2 0.1
1 0.1
0 0.1
doc : 21
6 0.9034369885433715
9 0.019639934533551555
5 0.014729950900163666
8 0.009819967266775777
4 0.009819967266775777
3 0.009819967266775777
7 0.008183306055646482
2 0.008183306055646482
1 0.008183306055646482
0 0.008183306055646482
doc : 22
6 0.905511811023622
2 0.011811023622047244
1 0.011811023622047244
0 0.011811023622047244
9 0.00984251968503937
8 0.00984251968503937
7 0.00984251968503937
5 0.00984251968503937
4 0.00984251968503937
3 0.00984251968503937
doc : 23
9 0.1
8 0.1
7 0.1
6 0.1
5 0.1
4 0.1
3 0.1
2 0.1
1 0.1
0 0.1
doc : 24
4 0.7146892655367232
5 0.1497175141242938
6 0.02824858757062147
9 0.019774011299435026
7 0.01694915254237288
8 0.014124293785310734
3 0.014124293785310734
2 0.014124293785310734
1 0.014124293785310734
0 0.014124293785310734
doc : 25
6 0.7942238267148015
9 0.03249097472924188
5 0.03249097472924188
1 0.025270758122743684
2 0.021660649819494587
0 0.021660649819494587
8 0.018050541516245487
7 0.018050541516245487
4 0.018050541516245487
3 0.018050541516245487
doc : 26
9 0.5880398671096345
5 0.1461794019933555
8 0.06312292358803986
6 0.06312292358803986
4 0.03322259136212625
3 0.026578073089700997
0 0.023255813953488372
7 0.019933554817275746
2 0.019933554817275746
1 0.016611295681063124
doc : 27
5 0.6787709497206704
4 0.08659217877094973
6 0.08100558659217877
9 0.02793296089385475
8 0.02793296089385475
1 0.025139664804469275
0 0.0223463687150838
7 0.019553072625698324
2 0.01675977653631285
3 0.013966480446927375
doc : 28
6 0.8881987577639752
9 0.014492753623188408
5 0.014492753623188408
2 0.014492753623188408
4 0.012422360248447206
1 0.012422360248447206
0 0.012422360248447206
8 0.010351966873706004
7 0.010351966873706004
3 0.010351966873706004
doc : 29
6 0.59375
4 0.18055555555555555
1 0.05381944444444444
0 0.03819444444444444
3 0.03298611111111111
8 0.024305555555555552
7 0.024305555555555552
5 0.024305555555555552
9 0.013888888888888888
2 0.013888888888888888
doc : 30
8 0.5126050420168067
5 0.18607442977190874
6 0.15486194477791115
9 0.057623049219687875
2 0.030012004801920768
1 0.01920768307322929
4 0.014405762304921969
7 0.009603841536614645
0 0.008403361344537815
3 0.007202881152460984
doc : 31
9 0.1
8 0.1
7 0.1
6 0.1
5 0.1
4 0.1
3 0.1
2 0.1
1 0.1
0 0.1
doc : 32
6 0.9380053908355795
4 0.008086253369272238
9 0.006738544474393531
8 0.006738544474393531
7 0.006738544474393531
5 0.006738544474393531
3 0.006738544474393531
2 0.006738544474393531
1 0.006738544474393531
0 0.006738544474393531
doc : 33
5 0.672926447574335
6 0.15336463223787167
9 0.06259780907668232
4 0.02190923317683881
0 0.020344287949921755
8 0.018779342723004695
2 0.01564945226917058
3 0.014084507042253521
7 0.010954616588419406
1 0.009389671361502348
doc : 34
6 0.6895674300254453
5 0.09923664122137406
9 0.050890585241730284
4 0.03053435114503817
8 0.027989821882951654
0 0.025445292620865142
1 0.02290076335877863
3 0.020356234096692113
7 0.017811704834605598
2 0.015267175572519085
doc : 35
5 0.5427509293680297
4 0.1486988847583643
6 0.10780669144981413
1 0.040892193308550186
9 0.03345724907063197
0 0.03345724907063197
8 0.02973977695167286
2 0.026022304832713755
7 0.018587360594795536
3 0.018587360594795536
doc : 36
5 0.6271870794078062
9 0.19784656796769853
6 0.08344549125168237
4 0.028263795423956933
1 0.018842530282637954
0 0.012113055181695828
8 0.010767160161507403
3 0.008075370121130552
7 0.006729475100942127
2 0.006729475100942127
doc : 37
5 0.6336206896551724
9 0.09482758620689655
6 0.09051724137931035
4 0.04310344827586207
0 0.030172413793103446
8 0.021551724137931036
7 0.021551724137931036
3 0.021551724137931036
2 0.021551724137931036
1 0.021551724137931036
doc : 38
9 0.5600814663951119
5 0.21181262729124234
6 0.05906313645621181
0 0.03665987780040733
2 0.032586558044806514
7 0.026476578411405292
3 0.024439918533604887
4 0.018329938900203666
1 0.016293279022403257
8 0.01425661914460285
doc : 39
6 0.49723756906077343
5 0.14917127071823205
4 0.0718232044198895
9 0.06629834254143646
2 0.06629834254143646
8 0.03314917127071823
3 0.03314917127071823
7 0.027624309392265192
1 0.027624309392265192
0 0.027624309392265192
doc : 40
9 0.8180592991913747
6 0.03638814016172507
5 0.03234501347708895
4 0.02560646900269542
1 0.0215633423180593
0 0.01752021563342318
8 0.013477088948787063
7 0.013477088948787063
3 0.01078167115902965
2 0.01078167115902965
doc : 41
5 0.6744186046511628
8 0.05581395348837209
6 0.046511627906976744
2 0.04186046511627907
9 0.037209302325581395
3 0.03255813953488372
1 0.03255813953488372
4 0.027906976744186046
0 0.027906976744186046
7 0.023255813953488372
doc : 42
5 0.41379310344827586
6 0.2629310344827586
9 0.08620689655172414
4 0.06034482758620689
8 0.03879310344827586
0 0.03879310344827586
3 0.030172413793103446
2 0.02586206896551724
7 0.021551724137931036
1 0.021551724137931036
doc : 43
5 0.8635907723169508
9 0.031093279839518557
6 0.026078234704112337
4 0.022066198595787363
8 0.015045135406218655
1 0.011033099297893681
2 0.009027081243731194
0 0.009027081243731194
7 0.007021063189568706
3 0.006018054162487463
doc : 44
2 0.427536231884058
5 0.08695652173913043
0 0.07971014492753624
8 0.07246376811594203
6 0.07246376811594203
9 0.06521739130434782
1 0.057971014492753624
3 0.050724637681159424
7 0.043478260869565216
4 0.043478260869565216
doc : 45
4 0.9825174825174825
0 0.0024475524475524478
5 0.002097902097902098
3 0.002097902097902098
1 0.002097902097902098
9 0.0017482517482517483
8 0.0017482517482517483
7 0.0017482517482517483
6 0.0017482517482517483
2 0.0017482517482517483
doc : 46
4 0.969679955081415
5 0.004491858506457047
7 0.003930376193149916
6 0.003930376193149916
9 0.003368893879842785
8 0.003368893879842785
3 0.0028074115665356544
2 0.0028074115665356544
1 0.0028074115665356544
0 0.0028074115665356544
doc : 47
6 0.8871681415929203
8 0.015486725663716814
9 0.01327433628318584
5 0.01327433628318584
4 0.01327433628318584
3 0.01327433628318584
7 0.011061946902654867
2 0.011061946902654867
1 0.011061946902654867
0 0.011061946902654867
doc : 48
4 0.9713644020213364
0 0.003930376193149916
9 0.003368893879842785
7 0.003368893879842785
6 0.003368893879842785
1 0.003368893879842785
8 0.0028074115665356544
5 0.0028074115665356544
3 0.0028074115665356544
2 0.0028074115665356544
doc : 49
5 0.6122448979591837
6 0.18796992481203006
9 0.06015037593984962
4 0.05907626208378088
1 0.02685284640171858
2 0.018259935553168634
8 0.010741138560687433
3 0.00966702470461869
7 0.007518796992481203
0 0.007518796992481203
doc : 50
5 0.75
9 0.11351351351351352
6 0.041891891891891894
8 0.02027027027027027
1 0.014864864864864866
4 0.013513513513513514
2 0.013513513513513514
0 0.013513513513513514
7 0.010810810810810811
3 0.008108108108108109
doc : 51
8 0.5782608695652174
4 0.10434782608695653
6 0.10217391304347827
9 0.09782608695652174
5 0.058695652173913045
3 0.013043478260869566
1 0.013043478260869566
7 0.010869565217391304
2 0.010869565217391304
0 0.010869565217391304
doc : 52
5 0.7268722466960353
6 0.048458149779735685
4 0.039647577092511016
9 0.03524229074889868
2 0.030837004405286347
7 0.026431718061674013
1 0.026431718061674013
8 0.022026431718061675
3 0.022026431718061675
0 0.022026431718061675
doc : 53
5 0.7660455486542443
1 0.051759834368530024
6 0.041407867494824016
9 0.037267080745341616
8 0.026915113871635612
4 0.02484472049689441
0 0.016563146997929608
2 0.014492753623188408
7 0.010351966873706004
3 0.010351966873706004
doc : 54
9 0.943474646716542
5 0.020227209753394294
4 0.011637572734829594
8 0.006095871432529787
0 0.004987531172069826
6 0.0038791909116098647
1 0.002770850651149903
7 0.002493765586034913
3 0.0022166805209199226
2 0.0022166805209199226
doc : 55
5 0.9037940379403794
9 0.028906955736224028
6 0.023486901535682024
4 0.017163504968383016
1 0.008581752484191508
7 0.004968383017163505
8 0.004516711833785004
0 0.003161698283649503
3 0.0027100271002710027
2 0.0027100271002710027
doc : 56
4 0.6605504587155964
6 0.14678899082568808
5 0.05963302752293578
8 0.03211009174311927
9 0.02522935779816514
0 0.020642201834862386
1 0.016055045871559634
7 0.013761467889908258
2 0.013761467889908258
3 0.011467889908256881
doc : 57
5 0.6911575148234081
2 0.1840680587780356
0 0.06496519721577726
9 0.02500644496004125
8 0.020108275328692964
4 0.0041247744263985565
6 0.003609177623098737
1 0.0030935808197989174
3 0.0020623872131992783
7 0.0018045888115493685
doc : 58
6 0.8807947019867549
9 0.017660044150110375
8 0.017660044150110375
5 0.015452538631346577
0 0.013245033112582781
7 0.011037527593818985
4 0.011037527593818985
3 0.011037527593818985
2 0.011037527593818985
1 0.011037527593818985
doc : 59
7 0.3580968280467446
1 0.19282136894824708
9 0.14524207011686144
5 0.09432387312186978
0 0.06844741235392321
8 0.0659432387312187
3 0.0325542570951586
2 0.022537562604340568
6 0.011686143572621035
4 0.008347245409015025
doc : 60
6 0.7012048192771085
5 0.14698795180722893
8 0.033734939759036145
9 0.024096385542168676
4 0.024096385542168676
0 0.01927710843373494
2 0.014457831325301207
7 0.012048192771084338
3 0.012048192771084338
1 0.012048192771084338
doc : 61
9 0.920299727520436
6 0.027929155313351498
5 0.012261580381471389
4 0.007493188010899182
2 0.006811989100817439
0 0.006130790190735694
1 0.005449591280653951
8 0.004768392370572207
7 0.004768392370572207
3 0.004087193460490463
doc : 62
6 0.5775862068965517
9 0.05172413793103448
3 0.05172413793103448
2 0.05172413793103448
1 0.05172413793103448
8 0.04310344827586207
7 0.04310344827586207
5 0.04310344827586207
4 0.04310344827586207
0 0.04310344827586207
doc : 63
6 0.5603448275862069
9 0.06896551724137931
5 0.06034482758620689
4 0.05172413793103448
8 0.04310344827586207
7 0.04310344827586207
3 0.04310344827586207
2 0.04310344827586207
1 0.04310344827586207
0 0.04310344827586207
doc : 64
6 0.5948275862068966
9 0.05172413793103448
0 0.05172413793103448
8 0.04310344827586207
7 0.04310344827586207
5 0.04310344827586207
4 0.04310344827586207
3 0.04310344827586207
2 0.04310344827586207
1 0.04310344827586207
doc : 65
9 0.8312133072407044
5 0.1159491193737769
4 0.011741682974559686
6 0.008806262230919765
7 0.008317025440313111
1 0.008317025440313111
0 0.005870841487279843
8 0.003913894324853229
3 0.0029354207436399216
2 0.0029354207436399216
doc : 66
6 0.7065420560747664
8 0.06542056074766356
5 0.05420560747663552
4 0.041121495327102804
1 0.03364485981308411
0 0.029906542056074768
9 0.028037383177570093
7 0.020560747663551402
2 0.011214953271028038
3 0.009345794392523366
doc : 67
5 0.5964467005076142
4 0.19289340101522842
8 0.04568527918781726
6 0.04568527918781726
1 0.03807106598984771
9 0.025380710659898477
3 0.017766497461928932
7 0.012690355329949238
2 0.012690355329949238
0 0.012690355329949238
doc : 68
6 0.7701325178389399
9 0.08460754332313966
8 0.06574923547400612
5 0.039755351681957186
2 0.01325178389398573
0 0.009174311926605505
4 0.0056065239551478085
7 0.004077471967380225
1 0.004077471967380225
3 0.0035677879714576966
doc : 69
5 0.7690476190476191
6 0.045238095238095244
9 0.04285714285714286
4 0.03333333333333334
1 0.028571428571428574
2 0.02142857142857143
7 0.01904761904761905
3 0.014285714285714287
0 0.014285714285714287
8 0.011904761904761906
doc : 70
6 0.3333333333333333
8 0.3157894736842105
9 0.08771929824561403
5 0.05263157894736842
4 0.04678362573099415
2 0.04093567251461988
0 0.03508771929824561
7 0.029239766081871343
3 0.029239766081871343
1 0.029239766081871343
doc : 71
9 0.8781847133757962
6 0.023089171974522295
2 0.018312101910828025
7 0.01751592356687898
8 0.015127388535031847
0 0.012738853503184714
1 0.01194267515923567
5 0.01035031847133758
4 0.00875796178343949
3 0.003980891719745223
doc : 72
4 0.9714285714285713
8 0.00392156862745098
0 0.00392156862745098
6 0.003361344537815126
5 0.003361344537815126
9 0.0028011204481792713
7 0.0028011204481792713
3 0.0028011204481792713
2 0.0028011204481792713
1 0.0028011204481792713
doc : 73
4 0.9725870930896631
1 0.003997715591090805
3 0.003426613363792119
9 0.0028555111364934323
8 0.0028555111364934323
7 0.0028555111364934323
6 0.0028555111364934323
5 0.0028555111364934323
2 0.0028555111364934323
0 0.0028555111364934323
doc : 74
1 0.9843652282676673
7 0.0050031269543464665
0 0.0020846362309776944
2 0.001459245361684386
8 0.0012507817385866166
5 0.0012507817385866166
4 0.0012507817385866166
3 0.0012507817385866166
9 0.0010423181154888472
6 0.0010423181154888472
doc : 75
9 0.5710691823899371
4 0.1811320754716981
5 0.08176100628930817
6 0.06289308176100629
8 0.025157232704402514
1 0.021383647798742137
7 0.01509433962264151
2 0.01509433962264151
0 0.01509433962264151
3 0.011320754716981131
doc : 76
4 0.7277147487844408
6 0.16693679092382496
5 0.03241491085899514
3 0.01458670988654781
9 0.011345218800648298
8 0.00972447325769854
7 0.00972447325769854
2 0.00972447325769854
0 0.00972447325769854
1 0.008103727714748784
doc : 77
5 0.8602150537634409
6 0.026881720430107527
4 0.021505376344086023
9 0.01971326164874552
2 0.016129032258064516
0 0.016129032258064516
8 0.012544802867383513
7 0.008960573476702509
3 0.008960573476702509
1 0.008960573476702509
doc : 78
7 0.9676849584520895
1 0.014933162056922645
0 0.014411304243105456
8 6.422865400826944E-4
3 5.218578138171892E-4
9 4.8171490506202083E-4
5 4.415719963068524E-4
4 4.01429087551684E-4
6 2.810003612861788E-4
2 2.00714543775842E-4
doc : 79
6 0.6069057104913678
5 0.22310756972111553
4 0.07569721115537847
1 0.027888446215139442
9 0.014608233731739707
0 0.014608233731739707
8 0.01195219123505976
7 0.01195219123505976
3 0.0066401062416998665
2 0.0066401062416998665
doc : 80
8 0.9056256572029442
1 0.014984227129337538
4 0.013406940063091483
5 0.013144058885383806
2 0.012355415352260778
7 0.012092534174553101
0 0.008675078864353312
6 0.007886435331230283
9 0.006309148264984227
3 0.005520504731861198
doc : 81
3 0.8284653707140763
7 0.15668652925661813
1 0.009182377649702061
0 0.0015629578978216274
2 0.0011722184233662206
6 7.814789489108137E-4
9 6.837940802969619E-4
8 4.884243430692585E-4
5 4.884243430692585E-4
4 4.884243430692585E-4
doc : 82
6 0.3271604938271605
8 0.16666666666666666
4 0.16358024691358025
5 0.13580246913580246
9 0.05864197530864197
2 0.037037037037037035
3 0.030864197530864196
1 0.030864197530864196
0 0.027777777777777776
7 0.021604938271604937
doc : 83
6 0.5603448275862069
8 0.06034482758620689
5 0.06034482758620689
7 0.05172413793103448
2 0.05172413793103448
9 0.04310344827586207
4 0.04310344827586207
3 0.04310344827586207
1 0.04310344827586207
0 0.04310344827586207
doc : 84
9 0.9171894604767878
6 0.022584692597239647
5 0.01631116687578419
8 0.00878293601003764
1 0.0075282308657465494
7 0.006900878293601003
4 0.006900878293601003
2 0.006273525721455457
0 0.00439146800501882
3 0.0031367628607277286
doc : 85
6 0.75139146567718
5 0.06307977736549165
9 0.04081632653061225
4 0.03153988868274583
8 0.027829313543599257
7 0.025974025974025976
0 0.022263450834879406
1 0.014842300556586271
3 0.011131725417439703
2 0.011131725417439703
doc : 86
5 0.9052631578947369
4 0.01804511278195489
6 0.01654135338345865
8 0.010526315789473686
1 0.010526315789473686
2 0.009022556390977444
9 0.0075187969924812035
7 0.0075187969924812035
3 0.0075187969924812035
0 0.0075187969924812035
doc : 87
6 0.7185430463576159
9 0.057947019867549666
8 0.057947019867549666
5 0.039735099337748346
2 0.03642384105960265
4 0.028145695364238412
1 0.02152317880794702
0 0.02152317880794702
7 0.009933774834437087
3 0.008278145695364239
doc : 88
1 0.6509572901325479
7 0.31840942562592045
0 0.00706921944035346
9 0.00471281296023564
8 0.004418262150220913
5 0.003829160530191458
3 0.00353460972017673
2 0.0029455081001472753
6 0.002061855670103093
4 0.002061855670103093
doc : 89
1 0.773976153447382
7 0.20671332296526698
0 0.005702436495593571
5 0.003110419906687403
9 0.002592016588906169
3 0.002073613271124935
6 0.0018144116122343183
2 0.0014256091238983928
8 0.0012960082944530845
4 0.0012960082944530845
doc : 90
0 0.9832231825114387
1 0.005719369598373157
6 0.002287747839349263
9 0.0021606507371631925
7 0.0019064565327910523
5 0.0017793594306049821
8 7.62582613116421E-4
4 7.62582613116421E-4
3 7.62582613116421E-4
2 6.354855109303508E-4
doc : 91
5 0.7857948139797069
4 0.04622322435174746
6 0.030439684329199548
0 0.02705749718151071
8 0.02593010146561443
1 0.02367531003382187
9 0.02254791431792559
2 0.015783540022547914
7 0.014656144306651634
3 0.007891770011273957
doc : 92
4 0.9727582292849035
9 0.00340522133938706
7 0.00340522133938706
0 0.00340522133938706
8 0.0028376844494892167
6 0.0028376844494892167
5 0.0028376844494892167
3 0.0028376844494892167
2 0.0028376844494892167
1 0.0028376844494892167
doc : 93
2 0.9661266568483063
9 0.011328877308258751
1 0.007250481477285601
7 0.0029455081001472753
5 0.0029455081001472753
0 0.0022657754616517505
6 0.0020391979154865754
8 0.0018126203693214003
4 0.0018126203693214003
3 0.0014727540500736377
doc : 94
8 0.3953488372093023
5 0.09302325581395349
9 0.08139534883720931
6 0.06976744186046512
1 0.06976744186046512
7 0.05813953488372093
4 0.05813953488372093
3 0.05813953488372093
2 0.05813953488372093
0 0.05813953488372093
doc : 95
4 0.9720159908623643
5 0.003997715591090805
9 0.003426613363792119
1 0.003426613363792119
8 0.0028555111364934323
7 0.0028555111364934323
6 0.0028555111364934323
3 0.0028555111364934323
2 0.0028555111364934323
0 0.0028555111364934323
doc : 96
4 0.8221052631578947
1 0.03894736842105263
8 0.034736842105263156
5 0.026842105263157893
7 0.024210526315789474
0 0.01631578947368421
6 0.012105263157894737
9 0.01
2 0.007894736842105263
3 0.006842105263157894
doc : 97
4 0.6920583468395461
6 0.1280388978930308
5 0.0486223662884927
8 0.02917341977309562
9 0.027552674230145867
7 0.022690437601296597
3 0.012965964343598054
2 0.012965964343598054
1 0.012965964343598054
0 0.012965964343598054
doc : 98
1 0.7270648372343287
7 0.26163572773742266
0 0.003766478342749529
4 0.0016142050040355124
3 0.0014796879203658863
8 0.0013451708366962604
5 9.416195856873823E-4
9 8.071025020177562E-4
6 6.725854183481302E-4
2 6.725854183481302E-4
doc : 99
6 0.4646175839885633
8 0.39599714081486775
4 0.08220157255182273
5 0.020014295925661188
9 0.010721944245889922
3 0.006433166547533953
2 0.005718370264474625
1 0.005718370264474625
7 0.004288777698355969
0 0.004288777698355969
