doc : 0
9 0.6493150684931507
3 0.17534246575342466
5 0.049315068493150684
1 0.024657534246575342
4 0.021917808219178082
0 0.021917808219178082
2 0.016438356164383564
8 0.0136986301369863
7 0.0136986301369863
6 0.0136986301369863
doc : 1
9 0.7725631768953068
2 0.04693140794223827
6 0.02888086642599278
1 0.02888086642599278
7 0.025270758122743684
4 0.021660649819494587
3 0.021660649819494587
8 0.018050541516245487
5 0.018050541516245487
0 0.018050541516245487
doc : 2
0 0.7015281757402101
1 0.21203438395415472
8 0.04297994269340974
7 0.011461318051575931
3 0.009551098376313277
5 0.007640878701050621
4 0.0052531041069723014
9 0.004775549188156638
6 0.002387774594078319
2 0.002387774594078319
doc : 3
0 0.7111563932755985
1 0.2251655629139073
8 0.025471217524197655
7 0.010697911360163015
9 0.0056036678553234845
3 0.0056036678553234845
4 0.005094243504839531
5 0.004075394803871625
2 0.004075394803871625
6 0.003056546102903719
doc : 4
7 0.8329718004338396
8 0.04121475054229935
3 0.02819956616052061
1 0.019522776572668113
0 0.019522776572668113
9 0.013015184381778743
4 0.013015184381778743
6 0.010845986984815618
5 0.010845986984815618
2 0.010845986984815618
doc : 5
5 0.6565349544072948
4 0.0729483282674772
9 0.06990881458966565
3 0.04559270516717325
6 0.03951367781155015
2 0.03343465045592705
7 0.0243161094224924
1 0.0243161094224924
8 0.0182370820668693
0 0.015197568389057751
doc : 6
8 0.8324022346368716
7 0.04189944134078213
0 0.019553072625698324
6 0.01675977653631285
5 0.01675977653631285
3 0.01675977653631285
9 0.013966480446927375
4 0.013966480446927375
2 0.013966480446927375
1 0.013966480446927375
doc : 7
6 0.9465500485908649
9 0.008746355685131196
8 0.006802721088435374
3 0.006802721088435374
7 0.0058309037900874635
4 0.0058309037900874635
5 0.004859086491739553
2 0.004859086491739553
1 0.004859086491739553
0 0.004859086491739553
doc : 8
6 0.9387755102040816
9 0.011661807580174927
8 0.007774538386783284
0 0.007774538386783284
4 0.006802721088435374
7 0.0058309037900874635
5 0.0058309037900874635
2 0.0058309037900874635
3 0.004859086491739553
1 0.004859086491739553
doc : 9
3 0.21774193548387097
9 0.20161290322580644
4 0.11693548387096774
6 0.09274193548387097
1 0.0846774193548387
2 0.06451612903225806
7 0.06048387096774194
5 0.06048387096774194
8 0.05241935483870967
0 0.04838709677419355
doc : 10
3 0.8858075040783034
9 0.021207177814029365
5 0.017944535073409464
2 0.013050570962479609
8 0.011419249592169658
4 0.011419249592169658
7 0.009787928221859707
6 0.009787928221859707
1 0.009787928221859707
0 0.009787928221859707
doc : 11
3 0.43103448275862066
2 0.2206896551724138
9 0.07241379310344828
5 0.07241379310344828
4 0.05862068965517241
6 0.03793103448275862
8 0.034482758620689655
7 0.03103448275862069
1 0.02413793103448276
0 0.017241379310344827
doc : 12
8 0.8176470588235294
3 0.029411764705882353
0 0.026470588235294117
9 0.020588235294117647
1 0.020588235294117647
6 0.01764705882352941
5 0.01764705882352941
4 0.01764705882352941
2 0.01764705882352941
7 0.014705882352941176
doc : 13
3 0.5108695652173914
4 0.11956521739130435
6 0.08695652173913043
5 0.07971014492753624
9 0.03985507246376812
7 0.03985507246376812
1 0.036231884057971016
2 0.03260869565217391
0 0.03260869565217391
8 0.021739130434782608
doc : 14
4 0.527363184079602
9 0.1044776119402985
3 0.08955223880597014
6 0.05970149253731343
7 0.04477611940298507
2 0.04477611940298507
5 0.03482587064676617
0 0.03482587064676617
8 0.029850746268656716
1 0.029850746268656716
doc : 15
5 0.5967741935483871
9 0.06451612903225806
6 0.06451612903225806
2 0.056451612903225805
4 0.05241935483870967
3 0.05241935483870967
1 0.04032258064516129
7 0.028225806451612902
8 0.024193548387096774
0 0.020161290322580645
doc : 16
7 0.8299180327868853
8 0.07172131147540985
9 0.014344262295081968
3 0.014344262295081968
4 0.012295081967213115
2 0.012295081967213115
1 0.012295081967213115
0 0.012295081967213115
6 0.010245901639344263
5 0.010245901639344263
doc : 17
9 0.7725321888412017
7 0.034334763948497854
2 0.030042918454935622
8 0.02575107296137339
6 0.02575107296137339
3 0.02575107296137339
5 0.02145922746781116
4 0.02145922746781116
1 0.02145922746781116
0 0.02145922746781116
doc : 18
9 0.7815126050420168
4 0.03361344537815126
8 0.025210084033613446
6 0.025210084033613446
5 0.025210084033613446
3 0.025210084033613446
7 0.021008403361344536
2 0.021008403361344536
1 0.021008403361344536
0 0.021008403361344536
doc : 19
9 0.7665198237885463
2 0.03524229074889868
7 0.030837004405286347
4 0.030837004405286347
3 0.026431718061674013
8 0.022026431718061675
6 0.022026431718061675
5 0.022026431718061675
1 0.022026431718061675
0 0.022026431718061675
doc : 20
9 0.8131578947368421
3 0.03684210526315789
5 0.034210526315789476
4 0.02368421052631579
8 0.018421052631578946
2 0.018421052631578946
6 0.015789473684210527
7 0.013157894736842105
1 0.013157894736842105
0 0.013157894736842105
doc : 21
7 0.8653846153846154
8 0.02777777777777778
9 0.017094017094017096
2 0.017094017094017096
5 0.012820512820512822
3 0.012820512820512822
1 0.012820512820512822
0 0.012820512820512822
6 0.010683760683760684
4 0.010683760683760684
doc : 22
7 0.8466386554621849
8 0.044117647058823525
1 0.018907563025210083
4 0.01680672268907563
2 0.01680672268907563
5 0.012605042016806723
0 0.012605042016806723
9 0.010504201680672268
6 0.010504201680672268
3 0.010504201680672268
doc : 23
7 0.8636363636363636
8 0.03896103896103896
0 0.015151515151515152
6 0.012987012987012988
4 0.012987012987012988
1 0.012987012987012988
9 0.010822510822510822
5 0.010822510822510822
3 0.010822510822510822
2 0.010822510822510822
doc : 24
7 0.8824786324786326
8 0.021367521367521368
6 0.012820512820512822
4 0.012820512820512822
3 0.012820512820512822
1 0.012820512820512822
0 0.012820512820512822
9 0.010683760683760684
5 0.010683760683760684
2 0.010683760683760684
doc : 25
7 0.8565310492505354
8 0.023554603854389723
0 0.023554603854389723
9 0.019271948608137045
4 0.017130620985010708
6 0.01284796573875803
5 0.01284796573875803
2 0.01284796573875803
3 0.010706638115631693
1 0.010706638115631693
doc : 26
4 0.7563451776649746
3 0.06091370558375634
2 0.04060913705583756
8 0.025380710659898477
1 0.025380710659898477
6 0.02284263959390863
9 0.02030456852791878
5 0.017766497461928932
7 0.015228426395939085
0 0.015228426395939085
doc : 27
8 0.8136645962732919
7 0.040372670807453416
6 0.021739130434782608
1 0.021739130434782608
0 0.021739130434782608
9 0.018633540372670808
5 0.015527950310559004
4 0.015527950310559004
3 0.015527950310559004
2 0.015527950310559004
doc : 28
7 0.8333333333333334
8 0.0449438202247191
0 0.0299625468164794
9 0.0149812734082397
5 0.013108614232209739
4 0.013108614232209739
3 0.013108614232209739
2 0.013108614232209739
1 0.013108614232209739
6 0.011235955056179775
doc : 29
8 0.7961783439490446
7 0.054140127388535034
0 0.028662420382165606
9 0.019108280254777073
4 0.019108280254777073
1 0.019108280254777073
6 0.01592356687898089
5 0.01592356687898089
3 0.01592356687898089
2 0.01592356687898089
doc : 30
8 0.8253968253968254
7 0.03492063492063492
0 0.025396825396825397
1 0.01904761904761905
9 0.015873015873015872
6 0.015873015873015872
5 0.015873015873015872
4 0.015873015873015872
3 0.015873015873015872
2 0.015873015873015872
doc : 31
8 0.8438356164383561
7 0.03287671232876713
2 0.021917808219178082
5 0.016438356164383564
0 0.016438356164383564
9 0.0136986301369863
6 0.0136986301369863
4 0.0136986301369863
3 0.0136986301369863
1 0.0136986301369863
doc : 32
8 0.8076923076923077
7 0.04487179487179487
0 0.022435897435897436
9 0.019230769230769232
5 0.019230769230769232
2 0.019230769230769232
1 0.019230769230769232
6 0.016025641025641024
4 0.016025641025641024
3 0.016025641025641024
doc : 33
8 0.8528610354223433
0 0.024523160762942777
2 0.01907356948228883
9 0.01634877384196185
5 0.01634877384196185
1 0.01634877384196185
7 0.013623978201634877
6 0.013623978201634877
4 0.013623978201634877
3 0.013623978201634877
doc : 34
8 0.7206349206349206
7 0.10476190476190476
9 0.02857142857142857
0 0.02857142857142857
2 0.022222222222222223
1 0.022222222222222223
6 0.01904761904761905
4 0.01904761904761905
3 0.01904761904761905
5 0.015873015873015872
doc : 35
8 0.7968253968253968
7 0.050793650793650794
0 0.031746031746031744
9 0.01904761904761905
3 0.01904761904761905
1 0.01904761904761905
6 0.015873015873015872
5 0.015873015873015872
4 0.015873015873015872
2 0.015873015873015872
doc : 36
8 0.8333333333333334
7 0.03763440860215054
0 0.024193548387096777
9 0.01881720430107527
6 0.016129032258064516
2 0.016129032258064516
5 0.013440860215053765
4 0.013440860215053765
3 0.013440860215053765
1 0.013440860215053765
doc : 37
5 0.6985815602836879
4 0.04964539007092199
7 0.03900709219858156
2 0.03900709219858156
9 0.031914893617021274
8 0.031914893617021274
6 0.028368794326241134
1 0.028368794326241134
0 0.028368794326241134
3 0.024822695035460994
doc : 38
9 0.8058252427184467
5 0.02912621359223301
3 0.02912621359223301
4 0.025889967637540454
1 0.022653721682847898
7 0.01941747572815534
2 0.01941747572815534
8 0.016181229773462785
6 0.016181229773462785
0 0.016181229773462785
doc : 39
9 0.7655677655677655
6 0.03663003663003663
7 0.029304029304029304
3 0.029304029304029304
2 0.029304029304029304
4 0.02564102564102564
0 0.02564102564102564
5 0.021978021978021976
8 0.018315018315018316
1 0.018315018315018316
doc : 40
2 0.8398950131233596
9 0.023622047244094488
5 0.023622047244094488
7 0.01837270341207349
3 0.01837270341207349
8 0.015748031496062992
6 0.015748031496062992
1 0.015748031496062992
0 0.015748031496062992
4 0.013123359580052493
doc : 41
7 0.8675213675213677
8 0.023504273504273508
9 0.017094017094017096
6 0.01495726495726496
4 0.01495726495726496
2 0.01495726495726496
1 0.012820512820512822
0 0.012820512820512822
5 0.010683760683760684
3 0.010683760683760684
doc : 42
4 0.8014059753954306
2 0.03339191564147627
5 0.03163444639718805
3 0.03163444639718805
9 0.022847100175746923
6 0.0210896309314587
7 0.017574692442882248
8 0.015817223198594025
1 0.012302284710017574
0 0.012302284710017574
doc : 43
6 0.9
5 0.0136986301369863
9 0.012328767123287671
8 0.012328767123287671
2 0.012328767123287671
3 0.010958904109589041
1 0.010958904109589041
4 0.009589041095890411
0 0.009589041095890411
7 0.008219178082191782
doc : 44
5 0.6875
2 0.05514705882352941
8 0.03676470588235294
4 0.03676470588235294
1 0.03676470588235294
6 0.03308823529411765
9 0.029411764705882353
7 0.029411764705882353
3 0.029411764705882353
0 0.025735294117647058
doc : 45
2 0.8293963254593175
9 0.026246719160104987
6 0.023622047244094488
4 0.023622047244094488
3 0.02099737532808399
1 0.01837270341207349
0 0.01837270341207349
8 0.013123359580052493
7 0.013123359580052493
5 0.013123359580052493
doc : 46
5 0.5072463768115941
3 0.14492753623188406
4 0.07246376811594203
1 0.05797101449275362
9 0.04830917874396135
2 0.04830917874396135
8 0.03864734299516908
6 0.02898550724637681
0 0.02898550724637681
7 0.024154589371980676
doc : 47
0 0.7098255280073462
1 0.22451790633608815
8 0.03076216712580349
7 0.011937557392102846
3 0.005968778696051423
9 0.00505050505050505
2 0.0036730945821854912
6 0.0032139577594123047
5 0.0027548209366391185
4 0.002295684113865932
doc : 48
5 0.8047493403693932
2 0.03430079155672823
6 0.029023746701846966
4 0.02638522427440633
3 0.023746701846965697
8 0.021108179419525065
9 0.018469656992084433
1 0.0158311345646438
7 0.013192612137203165
0 0.013192612137203165
doc : 49
5 0.6385542168674698
6 0.07630522088353413
4 0.056224899598393566
3 0.04417670682730923
1 0.04417670682730923
2 0.03614457831325301
9 0.028112449799196783
0 0.028112449799196783
8 0.024096385542168672
7 0.024096385542168672
