doc : 0
2 0.8950892857142857
9 0.013392857142857142
7 0.013392857142857142
8 0.011160714285714284
6 0.011160714285714284
5 0.011160714285714284
4 0.011160714285714284
3 0.011160714285714284
1 0.011160714285714284
0 0.011160714285714284
doc : 1
9 0.7351190476190476
7 0.0625
6 0.04464285714285714
5 0.03571428571428571
8 0.026785714285714284
3 0.023809523809523808
4 0.020833333333333332
1 0.017857142857142856
0 0.017857142857142856
2 0.01488095238095238
doc : 2
9 0.6995073891625616
3 0.04433497536945813
0 0.04433497536945813
7 0.03940886699507389
1 0.034482758620689655
8 0.029556650246305417
6 0.029556650246305417
5 0.029556650246305417
4 0.024630541871921183
2 0.024630541871921183
doc : 3
8 0.8296943231441047
6 0.034934497816593885
1 0.03056768558951965
0 0.01965065502183406
3 0.017467248908296942
7 0.015283842794759825
5 0.015283842794759825
9 0.013100436681222707
2 0.013100436681222707
4 0.010917030567685589
doc : 4
6 0.37163814180929094
1 0.2787286063569682
8 0.1784841075794621
5 0.04645476772616137
9 0.034229828850855744
0 0.03178484107579462
3 0.019559902200488997
7 0.014669926650366748
4 0.012224938875305624
2 0.012224938875305624
doc : 5
1 0.8267045454545455
0 0.03409090909090909
6 0.022727272727272728
8 0.019886363636363636
5 0.019886363636363636
9 0.017045454545454544
7 0.017045454545454544
4 0.014204545454545456
3 0.014204545454545456
2 0.014204545454545456
doc : 6
0 0.5186035829122646
5 0.24023886081763896
4 0.14056040422599908
9 0.048690858980248046
1 0.017914561322921452
8 0.012861736334405145
7 0.007349563619660083
3 0.006430868167202572
6 0.004134129536058797
2 0.003215434083601286
doc : 7
0 0.5612770339855818
5 0.25025746652935116
4 0.15190525231719876
1 0.01132852729145211
9 0.006694129763130793
8 0.005664263645726055
6 0.004634397528321318
7 0.003089598352214212
3 0.0025746652935118436
2 0.0025746652935118436
doc : 8
0 0.5531486146095718
5 0.2508816120906801
4 0.14659949622166246
1 0.017632241813602016
8 0.008060453400503778
9 0.007052896725440806
6 0.007052896725440806
2 0.003526448362720403
7 0.003022670025188917
3 0.003022670025188917
doc : 9
6 0.31862745098039214
9 0.22549019607843138
8 0.09313725490196079
3 0.09313725490196079
7 0.06372549019607843
4 0.05392156862745098
5 0.044117647058823525
0 0.044117647058823525
1 0.03431372549019608
2 0.029411764705882353
doc : 10
3 0.21428571428571427
9 0.15178571428571427
8 0.125
7 0.09821428571428571
4 0.08928571428571427
6 0.08035714285714285
2 0.07142857142857142
5 0.0625
1 0.0625
0 0.04464285714285714
doc : 11
2 0.8950892857142857
7 0.013392857142857142
3 0.013392857142857142
9 0.011160714285714284
8 0.011160714285714284
6 0.011160714285714284
5 0.011160714285714284
4 0.011160714285714284
1 0.011160714285714284
0 0.011160714285714284
doc : 12
2 0.8973214285714285
1 0.013392857142857142
9 0.011160714285714284
8 0.011160714285714284
7 0.011160714285714284
6 0.011160714285714284
5 0.011160714285714284
4 0.011160714285714284
3 0.011160714285714284
0 0.011160714285714284
doc : 13
3 0.7171532846715328
9 0.12773722627737225
6 0.051094890510948905
7 0.03102189781021898
8 0.020072992700729927
2 0.014598540145985401
1 0.010948905109489052
5 0.009124087591240875
4 0.009124087591240875
0 0.009124087591240875
doc : 14
9 0.7478260869565218
8 0.0391304347826087
7 0.030434782608695653
6 0.030434782608695653
1 0.030434782608695653
0 0.030434782608695653
3 0.026086956521739132
5 0.021739130434782608
4 0.021739130434782608
2 0.021739130434782608
doc : 15
5 0.5255658005029338
6 0.2514668901927913
8 0.08466051969823973
1 0.07711651299245599
0 0.01592623637887678
9 0.013411567476948869
4 0.012573344509639563
7 0.0075440067057837385
3 0.006705783738474434
2 0.005029337803855826
doc : 16
8 0.7258382642998028
6 0.11439842209072978
5 0.037475345167652864
1 0.03353057199211046
7 0.01775147928994083
0 0.015779092702169626
9 0.013806706114398423
4 0.013806706114398423
3 0.013806706114398423
2 0.013806706114398423
doc : 17
8 0.8674157303370787
1 0.02696629213483146
0 0.017977528089887642
5 0.015730337078651686
6 0.01348314606741573
4 0.01348314606741573
9 0.011235955056179777
7 0.011235955056179777
3 0.011235955056179777
2 0.011235955056179777
doc : 18
8 0.8728323699421965
5 0.02697495183044316
4 0.015414258188824663
2 0.01348747591522158
1 0.01348747591522158
0 0.01348747591522158
9 0.011560693641618497
6 0.011560693641618497
3 0.011560693641618497
7 0.009633911368015413
doc : 19
3 0.7365853658536585
9 0.04390243902439024
1 0.03902439024390244
8 0.029268292682926828
6 0.029268292682926828
7 0.024390243902439025
5 0.024390243902439025
4 0.024390243902439025
2 0.024390243902439025
0 0.024390243902439025
doc : 20
0 0.5545750116117046
5 0.25592196934509986
4 0.15281003251277286
8 0.008824895494658615
1 0.006502554575011612
9 0.006038086391082211
6 0.006038086391082211
3 0.003251277287505806
2 0.003251277287505806
7 0.002786809103576405
doc : 21
9 0.5233160621761658
1 0.2452504317789292
3 0.0690846286701209
6 0.03626943005181347
0 0.031088082901554404
7 0.027633851468048358
5 0.024179620034542312
8 0.018998272884283247
4 0.012089810017271156
2 0.012089810017271156
doc : 22
3 0.22058823529411764
8 0.14705882352941177
2 0.11029411764705882
1 0.10294117647058823
7 0.08823529411764705
6 0.08823529411764705
9 0.07352941176470588
5 0.07352941176470588
0 0.051470588235294115
4 0.044117647058823525
doc : 23
2 0.8928571428571428
8 0.015625
1 0.013392857142857142
9 0.011160714285714284
7 0.011160714285714284
6 0.011160714285714284
5 0.011160714285714284
4 0.011160714285714284
3 0.011160714285714284
0 0.011160714285714284
doc : 24
2 0.8883928571428571
8 0.017857142857142856
3 0.013392857142857142
1 0.013392857142857142
9 0.011160714285714284
7 0.011160714285714284
6 0.011160714285714284
5 0.011160714285714284
4 0.011160714285714284
0 0.011160714285714284
doc : 25
8 0.8603696098562629
1 0.028747433264887066
5 0.018480492813141684
4 0.014373716632443533
2 0.014373716632443533
0 0.014373716632443533
9 0.012320328542094456
7 0.012320328542094456
6 0.012320328542094456
3 0.012320328542094456
doc : 26
8 0.8688524590163935
5 0.026639344262295084
1 0.020491803278688527
6 0.014344262295081968
0 0.014344262295081968
9 0.012295081967213115
3 0.012295081967213115
7 0.010245901639344263
4 0.010245901639344263
2 0.010245901639344263
doc : 27
8 0.8554216867469878
1 0.038152610441767064
5 0.020080321285140562
0 0.018072289156626505
6 0.014056224899598391
9 0.012048192771084336
3 0.012048192771084336
7 0.010040160642570281
4 0.010040160642570281
2 0.010040160642570281
doc : 28
8 0.8504464285714285
1 0.03571428571428571
6 0.017857142857142856
5 0.017857142857142856
0 0.017857142857142856
9 0.013392857142857142
2 0.013392857142857142
7 0.011160714285714284
4 0.011160714285714284
3 0.011160714285714284
doc : 29
8 0.8767967145790555
0 0.02053388090349076
1 0.018480492813141684
5 0.01642710472279261
9 0.014373716632443533
3 0.012320328542094456
7 0.01026694045174538
6 0.01026694045174538
4 0.01026694045174538
2 0.01026694045174538
doc : 30
8 0.86875
1 0.027083333333333334
6 0.016666666666666666
4 0.014583333333333334
0 0.014583333333333334
7 0.0125
5 0.0125
3 0.0125
9 0.010416666666666666
2 0.010416666666666666
doc : 31
8 0.8179775280898877
5 0.038202247191011236
1 0.035955056179775284
4 0.022471910112359553
0 0.020224719101123598
3 0.015730337078651686
7 0.01348314606741573
6 0.01348314606741573
9 0.011235955056179777
2 0.011235955056179777
doc : 32
8 0.8771186440677966
1 0.019067796610169493
5 0.01694915254237288
4 0.014830508474576272
0 0.014830508474576272
7 0.012711864406779662
6 0.012711864406779662
9 0.01059322033898305
3 0.01059322033898305
2 0.01059322033898305
doc : 33
8 0.8866171003717471
0 0.018587360594795536
5 0.016728624535315983
4 0.016728624535315983
1 0.01486988847583643
9 0.009293680297397768
7 0.009293680297397768
6 0.009293680297397768
3 0.009293680297397768
2 0.009293680297397768
doc : 34
0 0.5380910683012259
5 0.2530647985989492
4 0.16243432574430824
1 0.013572679509632224
6 0.010070052539404553
8 0.006129597197898424
2 0.006129597197898424
7 0.00394045534150613
3 0.00394045534150613
9 0.002626970227670753
doc : 35
2 0.8950892857142857
8 0.013392857142857142
1 0.013392857142857142
9 0.011160714285714284
7 0.011160714285714284
6 0.011160714285714284
5 0.011160714285714284
4 0.011160714285714284
3 0.011160714285714284
0 0.011160714285714284
doc : 36
2 0.890625
9 0.013392857142857142
8 0.013392857142857142
3 0.013392857142857142
1 0.013392857142857142
7 0.011160714285714284
6 0.011160714285714284
5 0.011160714285714284
4 0.011160714285714284
0 0.011160714285714284
doc : 37
8 0.8789571694599627
1 0.027932960893854747
5 0.0186219739292365
9 0.0111731843575419
7 0.0111731843575419
6 0.0111731843575419
4 0.0111731843575419
3 0.0111731843575419
2 0.00931098696461825
0 0.00931098696461825
doc : 38
8 0.8047619047619048
6 0.05396825396825397
1 0.05396825396825397
9 0.020634920634920634
7 0.014285714285714285
5 0.012698412698412698
2 0.012698412698412698
4 0.009523809523809525
0 0.009523809523809525
3 0.007936507936507936
doc : 39
8 0.891745602165088
6 0.02300405953991881
5 0.014884979702300407
1 0.014884979702300407
0 0.012178619756427606
9 0.009472259810554804
4 0.009472259810554804
3 0.009472259810554804
7 0.008119079837618403
2 0.006765899864682004
doc : 40
7 0.8866719872306464
3 0.031125299281723865
9 0.030327214684756586
6 0.018355945730247406
5 0.006384676775738229
4 0.006384676775738229
8 0.00558659217877095
1 0.00558659217877095
2 0.004788507581803671
0 0.004788507581803671
doc : 41
1 0.8495821727019499
8 0.022284122562674095
0 0.022284122562674095
5 0.019498607242339833
4 0.016713091922005572
9 0.013927576601671309
7 0.013927576601671309
6 0.013927576601671309
3 0.013927576601671309
2 0.013927576601671309
doc : 42
1 0.7817589576547231
5 0.035830618892508145
3 0.02931596091205212
2 0.026058631921824105
8 0.02280130293159609
6 0.02280130293159609
4 0.02280130293159609
0 0.02280130293159609
9 0.01954397394136808
7 0.016286644951140065
doc : 43
1 0.8551532033426184
0 0.025069637883008356
8 0.019498607242339833
6 0.016713091922005572
9 0.013927576601671309
7 0.013927576601671309
5 0.013927576601671309
4 0.013927576601671309
3 0.013927576601671309
2 0.013927576601671309
doc : 44
1 0.8429752066115703
8 0.024793388429752067
0 0.024793388429752067
6 0.01928374655647383
5 0.01652892561983471
3 0.01652892561983471
9 0.013774104683195593
7 0.013774104683195593
4 0.013774104683195593
2 0.013774104683195593
doc : 45
1 0.817174515235457
6 0.027700831024930747
5 0.027700831024930747
8 0.024930747922437674
4 0.019390581717451522
9 0.01662049861495845
7 0.01662049861495845
3 0.01662049861495845
2 0.01662049861495845
0 0.01662049861495845
doc : 46
1 0.8393351800554016
8 0.024930747922437674
3 0.0221606648199446
6 0.019390581717451522
5 0.019390581717451522
0 0.019390581717451522
9 0.013850415512465374
7 0.013850415512465374
4 0.013850415512465374
2 0.013850415512465374
doc : 47
2 0.8995535714285714
9 0.011160714285714284
8 0.011160714285714284
7 0.011160714285714284
6 0.011160714285714284
5 0.011160714285714284
4 0.011160714285714284
3 0.011160714285714284
1 0.011160714285714284
0 0.011160714285714284
doc : 48
2 0.8973214285714285
4 0.013392857142857142
9 0.011160714285714284
8 0.011160714285714284
7 0.011160714285714284
6 0.011160714285714284
5 0.011160714285714284
3 0.011160714285714284
1 0.011160714285714284
0 0.011160714285714284
doc : 49
0 0.5407026563838904
5 0.23436161096829478
4 0.16709511568123395
6 0.015852613538988862
1 0.012425021422450729
8 0.010282776349614397
9 0.006426735218508998
7 0.005569837189374465
3 0.004712939160239932
2 0.0025706940874035992
