doc : 0
8 0.8975791433891992
0 0.0186219739292365
6 0.0111731843575419
5 0.0111731843575419
4 0.0111731843575419
3 0.0111731843575419
1 0.0111731843575419
9 0.00931098696461825
7 0.00931098696461825
2 0.00931098696461825
doc : 1
8 0.45840407470288624
4 0.4567062818336163
1 0.013582342954159592
0 0.013582342954159592
2 0.011884550084889643
6 0.010186757215619693
5 0.010186757215619693
9 0.008488964346349746
7 0.008488964346349746
3 0.008488964346349746
doc : 2
5 0.8321995464852608
8 0.04761904761904762
0 0.018140589569160998
9 0.015873015873015872
7 0.015873015873015872
6 0.015873015873015872
4 0.015873015873015872
3 0.015873015873015872
2 0.011337868480725623
1 0.011337868480725623
doc : 3
5 0.7849223946784922
9 0.044345898004434586
8 0.026607538802660754
0 0.024390243902439025
7 0.022172949002217293
6 0.022172949002217293
4 0.019955654101995565
3 0.019955654101995565
1 0.019955654101995565
2 0.015521064301552107
doc : 4
5 0.8012820512820513
8 0.057692307692307696
6 0.03418803418803419
0 0.025641025641025644
4 0.019230769230769232
7 0.01495726495726496
2 0.01495726495726496
9 0.010683760683760684
3 0.010683760683760684
1 0.010683760683760684
doc : 5
5 0.790356394129979
4 0.03773584905660378
6 0.031446540880503145
3 0.029350104821802937
8 0.025157232704402517
9 0.020964360587002098
7 0.01886792452830189
0 0.016771488469601678
2 0.014675052410901468
1 0.014675052410901468
doc : 6
9 0.8648648648648649
8 0.04864864864864865
5 0.014414414414414415
3 0.014414414414414415
1 0.012612612612612612
7 0.009009009009009009
6 0.009009009009009009
4 0.009009009009009009
2 0.009009009009009009
0 0.009009009009009009
doc : 7
1 0.9553956834532374
8 0.015827338129496403
0 0.006235011990407674
4 0.0038369304556354917
9 0.0033573141486810554
6 0.0033573141486810554
5 0.0033573141486810554
3 0.0033573141486810554
7 0.0028776978417266188
2 0.002398081534772182
doc : 8
1 0.8962425277540563
8 0.07685738684884715
0 0.005550811272416738
6 0.005123825789923143
3 0.0034158838599487617
5 0.0029888983774551663
4 0.0029888983774551663
2 0.0025619128949615714
9 0.002134927412467976
7 0.002134927412467976
doc : 9
8 0.8916030534351145
0 0.024427480916030534
4 0.01984732824427481
1 0.013740458015267175
7 0.00916030534351145
6 0.00916030534351145
5 0.00916030534351145
9 0.007633587786259542
3 0.007633587786259542
2 0.007633587786259542
doc : 10
5 0.8210526315789474
3 0.04421052631578947
8 0.027368421052631577
6 0.027368421052631577
4 0.01894736842105263
9 0.01263157894736842
7 0.01263157894736842
2 0.01263157894736842
1 0.01263157894736842
0 0.010526315789473684
doc : 11
5 0.8206185567010309
3 0.07010309278350516
8 0.020618556701030927
4 0.016494845360824743
6 0.01443298969072165
0 0.01443298969072165
1 0.012371134020618558
9 0.010309278350515464
7 0.010309278350515464
2 0.010309278350515464
doc : 12
9 0.6911564625850339
8 0.18367346938775508
4 0.02857142857142857
0 0.021768707482993196
5 0.016326530612244896
3 0.016326530612244896
6 0.012244897959183673
1 0.012244897959183673
7 0.009523809523809523
2 0.008163265306122448
doc : 13
8 0.8508158508158508
9 0.04195804195804196
3 0.016317016317016316
6 0.013986013986013986
5 0.013986013986013986
4 0.013986013986013986
1 0.013986013986013986
7 0.011655011655011656
2 0.011655011655011656
0 0.011655011655011656
doc : 14
8 0.8628428927680798
4 0.0199501246882793
0 0.017456359102244388
6 0.014962593516209476
5 0.014962593516209476
3 0.014962593516209476
2 0.014962593516209476
1 0.014962593516209476
9 0.012468827930174564
7 0.012468827930174564
doc : 15
8 0.8245125348189415
0 0.04456824512534819
6 0.022284122562674095
5 0.019498607242339833
4 0.019498607242339833
9 0.013927576601671309
7 0.013927576601671309
3 0.013927576601671309
2 0.013927576601671309
1 0.013927576601671309
doc : 16
6 0.4429012345679012
8 0.4104938271604938
0 0.037037037037037035
3 0.030864197530864196
5 0.016975308641975308
9 0.015432098765432098
7 0.013888888888888888
4 0.012345679012345678
2 0.012345679012345678
1 0.007716049382716049
doc : 17
0 0.6991869918699187
8 0.15447154471544716
1 0.03252032520325203
6 0.018970189701897018
5 0.018970189701897018
4 0.018970189701897018
3 0.016260162601626015
9 0.013550135501355014
7 0.013550135501355014
2 0.013550135501355014
doc : 18
0 0.6873065015479877
4 0.1130030959752322
8 0.0804953560371517
6 0.03869969040247678
5 0.026315789473684213
7 0.013931888544891642
1 0.013931888544891642
9 0.009287925696594427
2 0.009287925696594427
3 0.007739938080495357
doc : 19
4 0.492836676217765
9 0.11174785100286533
2 0.09169054441260745
0 0.06876790830945559
8 0.0659025787965616
5 0.04871060171919771
7 0.03724928366762178
6 0.03151862464183381
1 0.028653295128939826
3 0.022922636103151862
doc : 20
8 0.8121693121693121
0 0.09656084656084656
6 0.021164021164021163
3 0.01455026455026455
4 0.011904761904761904
5 0.010582010582010581
9 0.009259259259259259
7 0.007936507936507936
2 0.007936507936507936
1 0.007936507936507936
doc : 21
8 0.5312066574202496
4 0.3883495145631068
0 0.015256588072122053
1 0.012482662968099861
7 0.011095700416088766
9 0.008321775312066574
6 0.008321775312066574
5 0.008321775312066574
3 0.008321775312066574
2 0.008321775312066574
doc : 22
3 0.500503524672709
8 0.16717019133937563
6 0.16515609264853978
0 0.07653575025176233
4 0.03323262839879154
7 0.017119838872104734
5 0.012084592145015106
2 0.01107754279959718
9 0.00906344410876133
1 0.008056394763343404
doc : 23
9 0.6844850065189048
8 0.23728813559322035
3 0.01694915254237288
6 0.011734028683181226
4 0.011734028683181226
5 0.009126466753585397
1 0.007822685788787483
0 0.007822685788787483
7 0.00651890482398957
2 0.00651890482398957
doc : 24
4 0.3727810650887574
0 0.20118343195266272
3 0.08875739644970414
8 0.07100591715976332
6 0.0650887573964497
9 0.05917159763313609
1 0.04142011834319526
7 0.03550295857988166
2 0.03550295857988166
5 0.029585798816568046
doc : 25
0 0.7087087087087087
8 0.09009009009009009
1 0.03903903903903904
2 0.03303303303303303
5 0.02702702702702703
6 0.024024024024024024
7 0.02102102102102102
4 0.02102102102102102
3 0.02102102102102102
9 0.015015015015015015
doc : 26
5 0.8039647577092511
4 0.03303964757709251
0 0.030837004405286347
8 0.02863436123348018
9 0.022026431718061675
3 0.022026431718061675
7 0.015418502202643174
6 0.015418502202643174
1 0.015418502202643174
2 0.013215859030837006
doc : 27
4 0.5976154992548435
0 0.18032786885245902
6 0.05812220566318927
8 0.043219076005961254
3 0.043219076005961254
9 0.022354694485842028
2 0.014903129657228018
7 0.013412816691505215
5 0.013412816691505215
1 0.013412816691505215
doc : 28
0 0.8139963167587477
8 0.05156537753222836
4 0.03314917127071823
6 0.022099447513812154
5 0.01841620626151013
7 0.014732965009208104
3 0.01289134438305709
1 0.01289134438305709
2 0.011049723756906077
9 0.009208103130755065
doc : 29
3 0.9036939313984168
5 0.014511873350923483
4 0.014511873350923483
6 0.013192612137203165
9 0.010554089709762533
8 0.010554089709762533
7 0.010554089709762533
1 0.0079155672823219
0 0.0079155672823219
2 0.0065963060686015824
doc : 30
5 0.8312757201646092
6 0.02674897119341564
4 0.02674897119341564
3 0.02263374485596708
0 0.02263374485596708
8 0.020576131687242802
9 0.01440329218106996
7 0.01234567901234568
1 0.01234567901234568
2 0.010288065843621401
doc : 31
5 0.8314350797266514
9 0.03189066059225512
8 0.025056947608200455
1 0.025056947608200455
4 0.018223234624145785
2 0.01594533029612756
7 0.01366742596810934
3 0.01366742596810934
0 0.01366742596810934
6 0.011389521640091115
doc : 32
5 0.7815126050420168
0 0.04201680672268907
9 0.03361344537815126
7 0.029411764705882353
3 0.025210084033613446
2 0.021008403361344536
6 0.018907563025210083
4 0.018907563025210083
8 0.01680672268907563
1 0.012605042016806723
doc : 33
0 0.7813455657492355
8 0.0764525993883792
3 0.03058103975535168
6 0.024464831804281346
1 0.022935779816513763
4 0.016819571865443424
7 0.01529051987767584
9 0.010703363914373088
5 0.010703363914373088
2 0.010703363914373088
doc : 34
7 0.9330601092896175
0 0.01092896174863388
1 0.00819672131147541
9 0.006830601092896175
8 0.006830601092896175
6 0.006830601092896175
5 0.006830601092896175
4 0.006830601092896175
3 0.006830601092896175
2 0.006830601092896175
doc : 35
7 0.9347826086956522
9 0.007246376811594203
8 0.007246376811594203
6 0.007246376811594203
5 0.007246376811594203
4 0.007246376811594203
3 0.007246376811594203
2 0.007246376811594203
1 0.007246376811594203
0 0.007246376811594203
doc : 36
9 0.9423728813559322
4 0.007909604519774011
7 0.006779661016949153
6 0.006779661016949153
3 0.006779661016949153
2 0.006779661016949153
8 0.005649717514124294
5 0.005649717514124294
1 0.005649717514124294
0 0.005649717514124294
doc : 37
3 0.9030144167758847
9 0.01703800786369594
5 0.014416775884665793
4 0.01310615989515072
6 0.011795543905635648
8 0.009174311926605505
7 0.009174311926605505
0 0.009174311926605505
2 0.00655307994757536
1 0.00655307994757536
doc : 38
0 0.7794759825327511
4 0.05240174672489083
9 0.043668122270742356
8 0.03275109170305677
3 0.021834061135371178
6 0.017467248908296942
1 0.015283842794759825
5 0.013100436681222707
2 0.013100436681222707
7 0.010917030567685589
doc : 39
2 0.9097472924187726
8 0.0368746776689015
9 0.011346054667354307
0 0.010314595152140279
7 0.009798865394533264
1 0.006704486848891181
4 0.004899432697266632
6 0.0041258380608561115
3 0.0041258380608561115
5 0.0020629190304280558
doc : 40
8 0.933289731850883
0 0.012426422498364946
3 0.010464355788096796
6 0.009156311314584697
4 0.009156311314584697
7 0.007194244604316547
5 0.005886200130804447
2 0.005232177894048398
1 0.003924133420536298
9 0.003270111183780249
doc : 41
6 0.8043073100020708
8 0.13998757506730172
0 0.014909919237937462
3 0.011803686063367156
4 0.010975357216815076
9 0.005591219714226548
7 0.005384137502588528
2 0.002899150962932284
5 0.002692068751294264
1 0.001449575481466142
doc : 42
5 0.8330134357005757
4 0.03262955854126679
1 0.026871401151631478
6 0.019193857965451054
8 0.01727447216890595
7 0.01727447216890595
9 0.015355086372360844
3 0.015355086372360844
2 0.013435700575815739
0 0.009596928982725527
doc : 43
5 0.8305489260143198
3 0.023866348448687354
1 0.021479713603818618
0 0.021479713603818618
8 0.01909307875894988
6 0.01909307875894988
2 0.01909307875894988
4 0.016706443914081145
9 0.014319809069212411
7 0.014319809069212411
doc : 44
5 0.8487394957983193
8 0.02310924369747899
6 0.021008403361344536
4 0.018907563025210083
0 0.018907563025210083
7 0.01680672268907563
3 0.01680672268907563
9 0.014705882352941176
2 0.010504201680672268
1 0.010504201680672268
doc : 45
5 0.7649667405764967
6 0.05321507760532151
8 0.03991130820399113
9 0.03547671840354767
0 0.028824833702882482
3 0.019955654101995565
2 0.017738359201773836
7 0.015521064301552107
4 0.013303769401330377
1 0.011086474501108647
doc : 46
5 0.7772925764192139
0 0.03930131004366812
7 0.034934497816593885
4 0.03275109170305677
3 0.02838427947598253
8 0.024017467248908297
6 0.01965065502183406
1 0.017467248908296942
9 0.013100436681222707
2 0.013100436681222707
doc : 47
6 0.6958698372966208
5 0.09762202753441802
0 0.0688360450563204
8 0.04005006257822278
4 0.04005006257822278
1 0.022528160200250315
3 0.011264080100125157
7 0.008760951188986232
2 0.008760951188986232
9 0.006257822277847309
doc : 48
8 0.8600746268656716
0 0.024253731343283583
4 0.022388059701492536
6 0.020522388059701493
9 0.016791044776119403
5 0.013059701492537313
7 0.011194029850746268
2 0.011194029850746268
1 0.011194029850746268
3 0.009328358208955223
doc : 49
4 0.8640000000000001
9 0.028571428571428574
0 0.024
6 0.018285714285714287
8 0.014857142857142859
3 0.014857142857142859
2 0.01142857142857143
7 0.009142857142857144
5 0.008
1 0.006857142857142858
