doc : 0
4 0.43042071197411
6 0.1262135922330097
3 0.10032362459546926
0 0.09061488673139159
9 0.05177993527508091
7 0.05177993527508091
2 0.045307443365695796
5 0.03883495145631068
8 0.03559870550161812
1 0.02912621359223301
doc : 1
7 0.6761133603238867
0 0.06477732793522267
8 0.05263157894736842
5 0.04453441295546559
9 0.03643724696356275
6 0.032388663967611336
4 0.02834008097165992
2 0.024291497975708502
3 0.020242914979757085
1 0.020242914979757085
doc : 2
7 0.6718146718146718
0 0.08494208494208494
9 0.0501930501930502
6 0.04633204633204634
8 0.03474903474903475
5 0.02702702702702703
2 0.02702702702702703
4 0.019305019305019305
3 0.019305019305019305
1 0.019305019305019305
doc : 3
9 0.8769751693002257
4 0.02257336343115124
3 0.021444695259593676
1 0.01805869074492099
6 0.014672686230248306
5 0.01128668171557562
8 0.009029345372460496
7 0.009029345372460496
0 0.009029345372460496
2 0.007900677200902933
doc : 4
0 0.9243902439024391
3 0.012195121951219513
5 0.00975609756097561
9 0.009268292682926829
8 0.009268292682926829
6 0.009268292682926829
2 0.00878048780487805
7 0.007804878048780488
4 0.004878048780487805
1 0.004390243902439025
doc : 5
9 0.6977715877437326
4 0.08217270194986072
6 0.06267409470752089
3 0.034818941504178275
1 0.03064066852367688
0 0.026462395543175487
5 0.022284122562674095
8 0.01532033426183844
7 0.01532033426183844
2 0.012534818941504178
doc : 6
5 0.9374369323915237
9 0.009081735620585268
6 0.008072653884964682
2 0.008072653884964682
0 0.008072653884964682
3 0.007063572149344097
8 0.006054490413723511
1 0.006054490413723511
7 0.005045408678102927
4 0.005045408678102927
doc : 7
5 0.8715953307392996
2 0.021400778210116732
8 0.01556420233463035
7 0.01556420233463035
6 0.01556420233463035
3 0.013618677042801557
9 0.011673151750972763
4 0.011673151750972763
1 0.011673151750972763
0 0.011673151750972763
doc : 8
6 0.867237687366167
5 0.021413276231263385
9 0.017130620985010708
3 0.017130620985010708
1 0.014989293361884369
8 0.01284796573875803
7 0.01284796573875803
4 0.01284796573875803
0 0.01284796573875803
2 0.010706638115631693
doc : 9
6 0.8619246861924685
0 0.02092050209205021
9 0.018828451882845185
7 0.018828451882845185
4 0.014644351464435145
3 0.014644351464435145
1 0.014644351464435145
5 0.012552301255230124
2 0.012552301255230124
8 0.010460251046025104
doc : 10
3 0.34959349593495936
2 0.0975609756097561
6 0.0894308943089431
5 0.0894308943089431
9 0.0813008130081301
7 0.07317073170731708
8 0.05691056910569106
4 0.05691056910569106
0 0.05691056910569106
1 0.04878048780487805
doc : 11
2 0.5880281690140845
6 0.07394366197183098
9 0.06338028169014084
5 0.05985915492957747
3 0.0528169014084507
8 0.045774647887323945
0 0.03873239436619719
7 0.028169014084507043
4 0.028169014084507043
1 0.02112676056338028
doc : 12
7 0.5859030837004405
3 0.10572687224669605
6 0.07048458149779736
5 0.048458149779735685
9 0.03524229074889868
8 0.03524229074889868
4 0.03524229074889868
2 0.030837004405286347
1 0.026431718061674013
0 0.026431718061674013
doc : 13
1 0.9363336992316137
8 0.009879253567508232
9 0.008781558726673985
5 0.007683863885839737
3 0.007683863885839737
7 0.006586169045005488
4 0.006586169045005488
6 0.005488474204171241
2 0.005488474204171241
0 0.005488474204171241
doc : 14
1 0.9383938393839384
6 0.0088008800880088
8 0.007700770077007701
3 0.007700770077007701
2 0.007700770077007701
9 0.006600660066006601
5 0.006600660066006601
7 0.0055005500550055
4 0.0055005500550055
0 0.0055005500550055
doc : 15
7 0.6692607003891051
8 0.054474708171206226
6 0.054474708171206226
4 0.05058365758754864
3 0.03501945525291829
9 0.0311284046692607
1 0.0311284046692607
5 0.027237354085603113
2 0.027237354085603113
0 0.019455252918287938
doc : 16
6 0.20382165605095542
0 0.1337579617834395
9 0.11464968152866242
2 0.11464968152866242
4 0.10191082802547771
8 0.08280254777070065
5 0.08280254777070065
1 0.07643312101910829
7 0.050955414012738856
3 0.038216560509554146
doc : 17
9 0.5412087912087913
3 0.1043956043956044
1 0.09340659340659341
6 0.05494505494505495
5 0.046703296703296704
4 0.041208791208791215
8 0.038461538461538464
2 0.03571428571428572
7 0.02197802197802198
0 0.02197802197802198
doc : 18
7 0.9141981613891726
5 0.02655771195097038
6 0.01634320735444331
3 0.007150153217568948
9 0.006128702757916242
4 0.006128702757916242
2 0.006128702757916242
1 0.006128702757916242
0 0.006128702757916242
8 0.005107252298263534
doc : 19
6 0.8184615384615385
3 0.04
1 0.021538461538461538
9 0.01846153846153846
8 0.01846153846153846
4 0.01846153846153846
0 0.01846153846153846
7 0.015384615384615385
5 0.015384615384615385
2 0.015384615384615385
doc : 20
6 0.7997347480106101
2 0.05835543766578249
9 0.04907161803713528
4 0.01989389920424403
7 0.017241379310344827
5 0.015915119363395226
8 0.01326259946949602
1 0.010610079575596816
3 0.009283819628647215
0 0.00663129973474801
doc : 21
5 0.8548387096774194
6 0.020161290322580645
4 0.020161290322580645
9 0.01814516129032258
8 0.01814516129032258
3 0.016129032258064516
2 0.016129032258064516
7 0.012096774193548387
1 0.012096774193548387
0 0.012096774193548387
doc : 22
5 0.8623655913978494
9 0.023655913978494623
3 0.017204301075268817
2 0.017204301075268817
4 0.015053763440860214
0 0.015053763440860214
7 0.012903225806451613
6 0.012903225806451613
1 0.012903225806451613
8 0.010752688172043012
doc : 23
4 0.9260715690129767
9 0.014549744396382226
5 0.009830908375933936
3 0.009830908375933936
2 0.009437672040896579
6 0.008651199370821863
0 0.005898545025560362
8 0.005505308690523004
1 0.005505308690523004
7 0.0047188360204482895
doc : 24
8 0.4576271186440678
5 0.11299435028248588
3 0.0847457627118644
7 0.05649717514124294
6 0.05649717514124294
9 0.05084745762711865
4 0.05084745762711865
1 0.05084745762711865
2 0.03954802259887005
0 0.03954802259887005
doc : 25
8 0.47783251231527096
5 0.12807881773399016
3 0.07881773399014778
9 0.059113300492610835
6 0.059113300492610835
1 0.054187192118226604
7 0.03940886699507389
2 0.03940886699507389
4 0.034482758620689655
0 0.029556650246305417
doc : 26
1 0.9411764705882353
9 0.008088235294117646
8 0.008088235294117646
5 0.008088235294117646
3 0.007352941176470588
6 0.006617647058823529
4 0.006617647058823529
0 0.005147058823529412
7 0.004411764705882353
2 0.004411764705882353
doc : 27
6 0.7899159663865546
8 0.03361344537815126
0 0.029411764705882353
9 0.021008403361344536
7 0.021008403361344536
5 0.021008403361344536
4 0.021008403361344536
3 0.021008403361344536
2 0.021008403361344536
1 0.021008403361344536
doc : 28
6 0.816
9 0.026666666666666665
3 0.026666666666666665
8 0.024
4 0.021333333333333333
2 0.021333333333333333
7 0.016
5 0.016
1 0.016
0 0.016
doc : 29
3 0.26262626262626265
6 0.21212121212121213
5 0.08080808080808081
8 0.07070707070707072
4 0.07070707070707072
1 0.07070707070707072
9 0.06060606060606061
2 0.06060606060606061
0 0.06060606060606061
7 0.05050505050505051
doc : 30
3 0.5
5 0.08064516129032258
9 0.07258064516129031
1 0.07258064516129031
4 0.056451612903225805
8 0.04838709677419355
6 0.04838709677419355
7 0.04032258064516129
2 0.04032258064516129
0 0.04032258064516129
doc : 31
2 0.9133489461358314
5 0.0156128024980484
9 0.01405152224824356
7 0.011709601873536299
8 0.01092896174863388
6 0.01014832162373146
3 0.00936768149882904
0 0.00624512099921936
4 0.00468384074941452
1 0.0039032006245121
doc : 32
4 0.5930232558139534
9 0.24127906976744184
6 0.04796511627906977
2 0.03343023255813953
5 0.026162790697674417
7 0.015988372093023256
1 0.014534883720930232
8 0.010174418604651164
3 0.00872093023255814
0 0.00872093023255814
doc : 33
5 0.5555555555555556
6 0.06790123456790123
1 0.06790123456790123
3 0.06172839506172839
9 0.05555555555555555
8 0.04938271604938271
0 0.04938271604938271
7 0.030864197530864196
4 0.030864197530864196
2 0.030864197530864196
doc : 34
8 0.9502332814930016
6 0.0077760497667185065
9 0.006998444790046656
5 0.006998444790046656
4 0.005443234836702955
0 0.005443234836702955
7 0.004665629860031105
1 0.004665629860031105
3 0.0038880248833592533
2 0.0038880248833592533
doc : 35
8 0.9489164086687307
5 0.010835913312693499
9 0.005417956656346749
6 0.005417956656346749
4 0.005417956656346749
1 0.005417956656346749
7 0.0046439628482972135
3 0.0046439628482972135
2 0.0046439628482972135
0 0.0046439628482972135
doc : 36
2 0.5698529411764706
9 0.1636029411764706
3 0.04595588235294117
5 0.04044117647058824
7 0.03860294117647059
6 0.03860294117647059
4 0.027573529411764705
1 0.027573529411764705
8 0.02389705882352941
0 0.02389705882352941
doc : 37
3 0.7727272727272727
9 0.08225108225108226
5 0.025974025974025976
6 0.023809523809523808
0 0.01948051948051948
8 0.017316017316017316
4 0.017316017316017316
1 0.015151515151515152
7 0.012987012987012988
2 0.012987012987012988
doc : 38
3 0.8379446640316205
5 0.029644268774703556
9 0.02569169960474308
7 0.01976284584980237
6 0.017786561264822132
4 0.015810276679841896
1 0.015810276679841896
8 0.01383399209486166
2 0.011857707509881422
0 0.011857707509881422
doc : 39
6 0.8461538461538461
8 0.021538461538461538
5 0.021538461538461538
4 0.01846153846153846
9 0.015384615384615385
7 0.015384615384615385
3 0.015384615384615385
2 0.015384615384615385
1 0.015384615384615385
0 0.015384615384615385
doc : 40
6 0.8374233128834356
2 0.02147239263803681
9 0.018404907975460124
8 0.018404907975460124
5 0.018404907975460124
4 0.018404907975460124
3 0.018404907975460124
1 0.018404907975460124
7 0.015337423312883436
0 0.015337423312883436
doc : 41
6 0.824773413897281
8 0.030211480362537763
3 0.02416918429003021
7 0.01812688821752266
5 0.01812688821752266
4 0.01812688821752266
2 0.01812688821752266
0 0.01812688821752266
9 0.015105740181268881
1 0.015105740181268881
doc : 42
6 0.8203592814371258
9 0.02694610778443114
7 0.02694610778443114
8 0.023952095808383235
5 0.017964071856287428
4 0.017964071856287428
3 0.017964071856287428
0 0.017964071856287428
2 0.014970059880239521
1 0.014970059880239521
doc : 43
3 0.6229508196721312
5 0.060109289617486336
9 0.04371584699453552
8 0.04371584699453552
6 0.04371584699453552
1 0.04371584699453552
7 0.03825136612021858
2 0.03825136612021858
0 0.03825136612021858
4 0.0273224043715847
doc : 44
5 0.5517241379310345
2 0.06321839080459771
1 0.06321839080459771
3 0.05747126436781609
7 0.05172413793103448
6 0.05172413793103448
9 0.04597701149425287
8 0.04597701149425287
4 0.034482758620689655
0 0.034482758620689655
doc : 45
3 0.34239130434782605
9 0.18478260869565216
6 0.09782608695652173
8 0.07608695652173914
5 0.07608695652173914
2 0.06521739130434782
1 0.048913043478260865
7 0.03804347826086957
0 0.03804347826086957
4 0.03260869565217391
doc : 46
9 0.8621700879765396
5 0.021994134897360705
4 0.020527859237536656
8 0.016129032258064516
0 0.016129032258064516
3 0.01466275659824047
1 0.013196480938416423
7 0.011730205278592375
6 0.011730205278592375
2 0.011730205278592375
doc : 47
6 0.8322981366459626
9 0.024844720496894408
8 0.021739130434782608
2 0.021739130434782608
3 0.018633540372670808
1 0.018633540372670808
7 0.015527950310559004
5 0.015527950310559004
4 0.015527950310559004
0 0.015527950310559004
doc : 48
6 0.8162650602409639
8 0.03313253012048193
3 0.024096385542168676
5 0.021084337349397592
4 0.021084337349397592
1 0.021084337349397592
9 0.01807228915662651
7 0.015060240963855422
2 0.015060240963855422
0 0.015060240963855422
doc : 49
6 0.8447204968944099
9 0.021739130434782608
8 0.018633540372670808
7 0.018633540372670808
4 0.018633540372670808
5 0.015527950310559004
3 0.015527950310559004
2 0.015527950310559004
1 0.015527950310559004
0 0.015527950310559004
