doc : 0
3 0.8827751196172249
1 0.01674641148325359
6 0.014354066985645932
2 0.014354066985645932
9 0.011961722488038277
8 0.011961722488038277
7 0.011961722488038277
5 0.011961722488038277
4 0.011961722488038277
0 0.011961722488038277
doc : 1
6 0.49635036496350365
0 0.3722627737226277
1 0.024330900243309004
9 0.019464720194647202
8 0.0170316301703163
4 0.0170316301703163
5 0.014598540145985401
2 0.014598540145985401
7 0.012165450121654502
3 0.012165450121654502
doc : 2
9 0.4177777777777778
7 0.16444444444444445
4 0.13333333333333333
6 0.08888888888888889
0 0.04888888888888889
1 0.042222222222222223
3 0.04
8 0.03333333333333333
2 0.017777777777777778
5 0.013333333333333332
doc : 3
6 0.8022813688212928
4 0.026615969581749048
9 0.022813688212927757
8 0.022813688212927757
7 0.022813688212927757
3 0.022813688212927757
2 0.022813688212927757
5 0.019011406844106463
1 0.019011406844106463
0 0.019011406844106463
doc : 4
6 0.24752475247524752
9 0.19801980198019803
7 0.09900990099009901
1 0.0891089108910891
8 0.06930693069306931
3 0.06930693069306931
2 0.06930693069306931
4 0.0594059405940594
5 0.04950495049504951
0 0.04950495049504951
doc : 5
6 0.5517241379310345
7 0.25862068965517243
9 0.034482758620689655
4 0.027586206896551724
1 0.027586206896551724
3 0.02413793103448276
2 0.020689655172413793
0 0.020689655172413793
8 0.017241379310344827
5 0.017241379310344827
doc : 6
6 0.71875
1 0.057291666666666664
7 0.03125
4 0.03125
0 0.03125
9 0.026041666666666664
8 0.026041666666666664
5 0.026041666666666664
3 0.026041666666666664
2 0.026041666666666664
doc : 7
6 0.7447916666666666
7 0.03645833333333333
8 0.03125
0 0.03125
9 0.026041666666666664
5 0.026041666666666664
4 0.026041666666666664
3 0.026041666666666664
2 0.026041666666666664
1 0.026041666666666664
doc : 8
5 0.8043190832966065
2 0.17827236668135743
8 0.005949757602468048
7 0.0026443367122080215
1 0.0022036139268400176
0 0.0017628911414720142
3 0.0015425297487880124
9 0.0011018069634200088
6 0.0011018069634200088
4 0.0011018069634200088
doc : 9
8 0.41666666666666663
5 0.24122807017543857
2 0.09210526315789473
0 0.07456140350877193
7 0.05263157894736842
4 0.03070175438596491
3 0.02631578947368421
9 0.021929824561403508
6 0.021929824561403508
1 0.021929824561403508
doc : 10
8 0.8290441176470588
3 0.03125
0 0.025735294117647058
4 0.022058823529411763
6 0.01838235294117647
1 0.01838235294117647
9 0.014705882352941176
7 0.014705882352941176
5 0.012867647058823529
2 0.012867647058823529
doc : 11
3 0.8779904306220095
7 0.01674641148325359
9 0.014354066985645932
8 0.014354066985645932
4 0.014354066985645932
1 0.014354066985645932
6 0.011961722488038277
5 0.011961722488038277
2 0.011961722488038277
0 0.011961722488038277
doc : 12
6 0.71875
4 0.041666666666666664
1 0.03645833333333333
8 0.03125
7 0.03125
3 0.03125
0 0.03125
9 0.026041666666666664
5 0.026041666666666664
2 0.026041666666666664
doc : 13
6 0.75
9 0.03125
5 0.03125
0 0.03125
8 0.026041666666666664
7 0.026041666666666664
4 0.026041666666666664
3 0.026041666666666664
2 0.026041666666666664
1 0.026041666666666664
doc : 14
6 0.75
9 0.03125
1 0.03125
0 0.03125
8 0.026041666666666664
7 0.026041666666666664
5 0.026041666666666664
4 0.026041666666666664
3 0.026041666666666664
2 0.026041666666666664
doc : 15
6 0.7239583333333333
4 0.03645833333333333
3 0.03645833333333333
1 0.03645833333333333
8 0.03125
7 0.03125
9 0.026041666666666664
5 0.026041666666666664
2 0.026041666666666664
0 0.026041666666666664
doc : 16
6 0.6746411483253588
0 0.08133971291866028
8 0.043062200956937795
9 0.03349282296650718
7 0.03349282296650718
1 0.03349282296650718
4 0.028708133971291863
5 0.023923444976076555
3 0.023923444976076555
2 0.023923444976076555
doc : 17
6 0.71875
1 0.05208333333333333
9 0.03645833333333333
2 0.03125
0 0.03125
8 0.026041666666666664
7 0.026041666666666664
5 0.026041666666666664
4 0.026041666666666664
3 0.026041666666666664
doc : 18
1 0.5521739130434783
2 0.08695652173913043
5 0.07391304347826087
7 0.05652173913043478
3 0.04782608695652174
4 0.043478260869565216
0 0.043478260869565216
6 0.0391304347826087
8 0.030434782608695653
9 0.026086956521739132
doc : 19
1 0.7937219730941704
6 0.0695067264573991
0 0.02914798206278027
9 0.02242152466367713
3 0.017937219730941704
8 0.01569506726457399
7 0.01569506726457399
4 0.013452914798206279
5 0.011210762331838564
2 0.011210762331838564
doc : 20
3 0.8827751196172249
7 0.014354066985645932
6 0.014354066985645932
4 0.014354066985645932
0 0.014354066985645932
9 0.011961722488038277
8 0.011961722488038277
5 0.011961722488038277
2 0.011961722488038277
1 0.011961722488038277
doc : 21
6 0.7863636363636364
9 0.02727272727272727
3 0.02727272727272727
8 0.022727272727272728
7 0.022727272727272728
5 0.022727272727272728
4 0.022727272727272728
2 0.022727272727272728
1 0.022727272727272728
0 0.022727272727272728
doc : 22
6 0.7777777777777779
7 0.038461538461538464
4 0.025641025641025644
1 0.025641025641025644
0 0.025641025641025644
9 0.021367521367521368
8 0.021367521367521368
5 0.021367521367521368
3 0.021367521367521368
2 0.021367521367521368
doc : 23
6 0.7657657657657657
3 0.036036036036036036
8 0.03153153153153153
7 0.03153153153153153
9 0.02252252252252252
5 0.02252252252252252
4 0.02252252252252252
2 0.02252252252252252
1 0.02252252252252252
0 0.02252252252252252
doc : 24
6 0.7666666666666666
1 0.041666666666666664
0 0.029166666666666667
9 0.025
8 0.025
7 0.025
5 0.025
4 0.020833333333333332
3 0.020833333333333332
2 0.020833333333333332
doc : 25
6 0.757847533632287
7 0.04932735426008968
9 0.026905829596412557
5 0.026905829596412557
1 0.026905829596412557
8 0.02242152466367713
4 0.02242152466367713
3 0.02242152466367713
2 0.02242152466367713
0 0.02242152466367713
doc : 26
6 0.7395833333333333
7 0.03645833333333333
9 0.03125
2 0.03125
0 0.03125
8 0.026041666666666664
5 0.026041666666666664
4 0.026041666666666664
3 0.026041666666666664
1 0.026041666666666664
doc : 27
0 0.5158730158730158
6 0.10317460317460317
3 0.06349206349206349
9 0.05555555555555555
8 0.047619047619047616
5 0.047619047619047616
4 0.047619047619047616
7 0.03968253968253968
2 0.03968253968253968
1 0.03968253968253968
doc : 28
6 0.634703196347032
7 0.1141552511415525
9 0.0410958904109589
4 0.0365296803652968
3 0.0365296803652968
8 0.0319634703196347
5 0.0273972602739726
2 0.0273972602739726
0 0.0273972602739726
1 0.0228310502283105
doc : 29
4 0.6748740906547287
9 0.2786793508673755
1 0.008393956351426974
8 0.006715165081141578
7 0.006715165081141578
0 0.006155567991046447
6 0.005595970900951316
5 0.004476776720761052
3 0.004476776720761052
2 0.003917179630665921
doc : 30
3 0.8779904306220095
9 0.01674641148325359
7 0.01674641148325359
8 0.014354066985645932
1 0.014354066985645932
6 0.011961722488038277
5 0.011961722488038277
4 0.011961722488038277
2 0.011961722488038277
0 0.011961722488038277
doc : 31
6 0.7702702702702703
4 0.03153153153153153
9 0.02702702702702703
8 0.02702702702702703
2 0.02702702702702703
0 0.02702702702702703
7 0.02252252252252252
5 0.02252252252252252
3 0.02252252252252252
1 0.02252252252252252
doc : 32
6 0.4085365853658537
1 0.3231707317073171
7 0.04878048780487805
8 0.04573170731707317
0 0.042682926829268296
9 0.039634146341463415
3 0.03048780487804878
5 0.021341463414634148
4 0.021341463414634148
2 0.01829268292682927
doc : 33
6 0.56
7 0.12727272727272726
0 0.06909090909090909
8 0.05454545454545454
4 0.04727272727272727
3 0.04
1 0.03636363636363636
9 0.02181818181818182
5 0.02181818181818182
2 0.02181818181818182
doc : 34
6 0.7104072398190046
1 0.0497737556561086
0 0.04072398190045249
9 0.031674208144796386
7 0.031674208144796386
4 0.031674208144796386
2 0.031674208144796386
8 0.027149321266968326
5 0.022624434389140274
3 0.022624434389140274
doc : 35
6 0.7571428571428572
1 0.0380952380952381
7 0.03333333333333334
4 0.028571428571428574
9 0.02380952380952381
8 0.02380952380952381
5 0.02380952380952381
3 0.02380952380952381
2 0.02380952380952381
0 0.02380952380952381
doc : 36
7 0.30303030303030304
6 0.2545454545454545
9 0.10909090909090909
0 0.07878787878787878
8 0.05454545454545454
1 0.05454545454545454
3 0.048484848484848485
5 0.03636363636363636
4 0.030303030303030304
2 0.030303030303030304
doc : 37
6 0.7194570135746607
9 0.05882352941176471
3 0.03619909502262444
0 0.031674208144796386
8 0.027149321266968326
7 0.027149321266968326
5 0.027149321266968326
4 0.027149321266968326
2 0.022624434389140274
1 0.022624434389140274
doc : 38
6 0.7820512820512822
4 0.02991452991452992
0 0.02991452991452992
8 0.025641025641025644
1 0.025641025641025644
9 0.021367521367521368
7 0.021367521367521368
5 0.021367521367521368
3 0.021367521367521368
2 0.021367521367521368
doc : 39
4 0.6264518546272012
9 0.2757587111277632
1 0.030348445110528286
0 0.019857624578493816
8 0.015361558636193332
7 0.011989509179467965
6 0.008242787560884226
3 0.005620082427875608
2 0.004121393780442113
5 0.0022480329711502436
doc : 40
6 0.7681818181818182
0 0.03636363636363636
7 0.031818181818181815
9 0.02727272727272727
8 0.022727272727272728
5 0.022727272727272728
4 0.022727272727272728
3 0.022727272727272728
2 0.022727272727272728
1 0.022727272727272728
doc : 41
3 0.8732057416267942
7 0.021531100478468897
8 0.019138755980861243
4 0.014354066985645932
9 0.011961722488038277
6 0.011961722488038277
5 0.011961722488038277
2 0.011961722488038277
1 0.011961722488038277
0 0.011961722488038277
doc : 42
6 0.6356877323420074
9 0.11152416356877323
4 0.040892193308550186
3 0.03717472118959107
1 0.03717472118959107
7 0.03345724907063197
0 0.03345724907063197
2 0.02973977695167286
8 0.022304832713754646
5 0.018587360594795536
doc : 43
9 0.25333333333333335
6 0.21333333333333335
0 0.16
7 0.12000000000000001
1 0.06666666666666667
8 0.04666666666666667
3 0.04
5 0.03333333333333333
4 0.03333333333333333
2 0.03333333333333333
doc : 44
6 0.5569105691056911
0 0.23170731707317074
3 0.03658536585365854
1 0.032520325203252036
7 0.02845528455284553
9 0.024390243902439025
5 0.024390243902439025
4 0.024390243902439025
8 0.020325203252032523
2 0.020325203252032523
doc : 45
6 0.6698564593301435
0 0.06698564593301436
7 0.05263157894736842
4 0.03827751196172249
3 0.03827751196172249
1 0.03349282296650718
9 0.028708133971291863
8 0.023923444976076555
5 0.023923444976076555
2 0.023923444976076555
doc : 46
7 0.5633528265107213
6 0.2962962962962963
3 0.03898635477582846
9 0.017543859649122806
2 0.017543859649122806
4 0.015594541910331383
8 0.01364522417153996
1 0.01364522417153996
0 0.01364522417153996
5 0.009746588693957114
doc : 47
6 0.4
7 0.1142857142857143
1 0.0761904761904762
0 0.0761904761904762
9 0.06666666666666668
8 0.05714285714285715
4 0.05714285714285715
3 0.05714285714285715
5 0.04761904761904762
2 0.04761904761904762
doc : 48
0 0.5555555555555556
3 0.08148148148148149
6 0.06666666666666667
8 0.05185185185185186
9 0.044444444444444446
4 0.044444444444444446
2 0.044444444444444446
7 0.037037037037037035
5 0.037037037037037035
1 0.037037037037037035
doc : 49
6 0.6270491803278689
9 0.09016393442622951
4 0.06557377049180328
7 0.05327868852459017
1 0.03278688524590164
8 0.028688524590163935
0 0.028688524590163935
5 0.02459016393442623
3 0.02459016393442623
2 0.02459016393442623
