doc : 0
8 0.34465534465534464
7 0.15084915084915085
1 0.14585414585414586
5 0.0989010989010989
6 0.07692307692307693
0 0.05094905094905095
3 0.04295704295704296
2 0.03996003996003996
9 0.028971028971028972
4 0.01998001998001998
doc : 1
1 0.8897196261682243
7 0.03364485981308411
6 0.0161993769470405
0 0.014330218068535827
2 0.013707165109034268
4 0.00809968847352025
3 0.00809968847352025
8 0.006230529595015577
5 0.005607476635514019
9 0.004361370716510903
doc : 2
3 0.6167846309403439
7 0.20728008088978767
1 0.046511627906976744
4 0.03033367037411527
6 0.024266936299292215
0 0.023255813953488372
5 0.016177957532861477
9 0.015166835187057635
8 0.01314459049544995
2 0.007077856420626897
doc : 3
8 0.38571428571428573
7 0.22142857142857145
1 0.10833333333333334
6 0.05714285714285715
5 0.05238095238095239
9 0.048809523809523817
0 0.045238095238095244
2 0.0380952380952381
3 0.030952380952380953
4 0.011904761904761906
doc : 4
7 0.46
1 0.3225
6 0.04
4 0.035
2 0.0325
8 0.025
0 0.025
3 0.0225
5 0.02
9 0.0175
doc : 5
7 0.455
1 0.305
6 0.0625
4 0.04
2 0.0325
0 0.03
5 0.0225
8 0.02
3 0.02
9 0.0125
doc : 6
1 0.6276243093922652
9 0.11933701657458565
0 0.10386740331491713
6 0.029834254143646412
4 0.027624309392265196
3 0.027624309392265196
7 0.022099447513812157
5 0.022099447513812157
8 0.00994475138121547
2 0.00994475138121547
doc : 7
1 0.6719077568134172
9 0.1278825995807128
7 0.0870020964360587
6 0.02830188679245283
8 0.02410901467505241
0 0.017819706498951784
3 0.015723270440251572
5 0.013626834381551364
4 0.007337526205450734
2 0.006289308176100629
doc : 8
8 0.42857142857142855
7 0.09999999999999999
0 0.09285714285714286
6 0.08571428571428572
9 0.06428571428571428
1 0.060714285714285714
5 0.049999999999999996
3 0.049999999999999996
2 0.03571428571428571
4 0.03214285714285714
doc : 9
7 0.5544217687074829
3 0.13605442176870747
6 0.057823129251700675
0 0.05442176870748299
4 0.05102040816326531
8 0.03741496598639456
2 0.030612244897959183
5 0.027210884353741496
1 0.027210884353741496
9 0.023809523809523808
doc : 10
7 0.7946799667497922
1 0.07481296758104738
3 0.025768911055694097
8 0.024106400665004156
0 0.022443890274314215
6 0.015793848711554447
5 0.014131338320864505
9 0.011637572734829594
4 0.00914380714879468
2 0.007481296758104738
doc : 11
6 0.8282387190684134
1 0.06986899563318777
7 0.029112081513828242
0 0.01601164483260553
4 0.014556040756914121
2 0.011644832605531296
8 0.008733624454148471
9 0.0072780203784570605
5 0.0072780203784570605
3 0.0072780203784570605
doc : 12
3 0.8974025974025974
6 0.016883116883116882
5 0.016883116883116882
7 0.014285714285714285
0 0.012987012987012988
4 0.011688311688311689
1 0.00909090909090909
9 0.007792207792207792
8 0.006493506493506494
2 0.006493506493506494
doc : 13
4 0.8617571059431525
3 0.046511627906976744
7 0.018087855297157625
6 0.015503875968992248
9 0.011627906976744186
8 0.0103359173126615
0 0.0103359173126615
5 0.009043927648578812
2 0.009043927648578812
1 0.007751937984496124
doc : 14
4 0.8811369509043928
3 0.03488372093023256
7 0.016795865633074936
6 0.011627906976744186
0 0.011627906976744186
5 0.0103359173126615
2 0.0103359173126615
9 0.009043927648578812
1 0.007751937984496124
8 0.006459948320413437
doc : 15
6 0.9202453987730062
9 0.010736196319018405
8 0.009202453987730062
7 0.009202453987730062
2 0.009202453987730062
1 0.009202453987730062
0 0.009202453987730062
5 0.007668711656441718
4 0.007668711656441718
3 0.007668711656441718
doc : 16
6 0.9015151515151515
1 0.016666666666666666
8 0.013636363636363636
7 0.013636363636363636
3 0.012121212121212121
4 0.010606060606060607
9 0.00909090909090909
5 0.007575757575757576
2 0.007575757575757576
0 0.007575757575757576
doc : 17
6 0.9110429447852761
7 0.013803680981595092
8 0.010736196319018405
2 0.010736196319018405
1 0.010736196319018405
0 0.010736196319018405
4 0.009202453987730062
9 0.007668711656441718
5 0.007668711656441718
3 0.007668711656441718
doc : 18
6 0.9071856287425151
1 0.016467065868263474
8 0.011976047904191617
4 0.011976047904191617
7 0.010479041916167666
5 0.008982035928143714
3 0.008982035928143714
2 0.008982035928143714
9 0.0074850299401197605
0 0.0074850299401197605
doc : 19
6 0.9176646706586827
8 0.011976047904191617
7 0.010479041916167666
3 0.010479041916167666
4 0.008982035928143714
2 0.008982035928143714
1 0.008982035928143714
9 0.0074850299401197605
5 0.0074850299401197605
0 0.0074850299401197605
doc : 20
6 0.9027355623100304
7 0.0182370820668693
8 0.013677811550151976
4 0.0121580547112462
1 0.010638297872340425
5 0.00911854103343465
2 0.00911854103343465
0 0.00911854103343465
9 0.007598784194528876
3 0.007598784194528876
doc : 21
1 0.4442508710801394
7 0.3519163763066202
6 0.0975609756097561
2 0.020905923344947737
0 0.020905923344947737
8 0.0156794425087108
4 0.013937282229965157
9 0.012195121951219513
3 0.012195121951219513
5 0.010452961672473868
doc : 22
9 0.4083333333333333
1 0.09166666666666666
6 0.08333333333333333
2 0.08333333333333333
8 0.075
3 0.06666666666666667
7 0.05
4 0.05
0 0.05
5 0.041666666666666664
doc : 23
7 0.8011363636363636
1 0.053571428571428575
0 0.044642857142857144
8 0.03327922077922078
3 0.030844155844155847
5 0.008116883116883118
4 0.008116883116883118
6 0.007305194805194806
2 0.007305194805194806
9 0.005681818181818182
doc : 24
7 0.22509225092250923
1 0.18081180811808117
5 0.11808118081180811
2 0.1033210332103321
3 0.08118081180811808
4 0.07749077490774907
6 0.06642066420664207
8 0.05904059040590406
9 0.055350553505535055
0 0.033210332103321034
doc : 25
3 0.40212264150943394
6 0.2205188679245283
1 0.15566037735849056
7 0.0589622641509434
4 0.04952830188679245
0 0.0330188679245283
5 0.025943396226415092
9 0.023584905660377357
2 0.018867924528301886
8 0.011792452830188678
doc : 26
2 0.9335006273525721
7 0.00878293601003764
3 0.00878293601003764
9 0.0075282308657465494
8 0.0075282308657465494
5 0.0075282308657465494
0 0.0075282308657465494
6 0.006273525721455457
4 0.006273525721455457
1 0.006273525721455457
doc : 27
3 0.6834910620399579
7 0.22712933753943218
8 0.022082018927444793
6 0.014721345951629862
0 0.012618296529968454
4 0.010515247108307046
1 0.010515247108307046
9 0.006309148264984227
5 0.006309148264984227
2 0.006309148264984227
doc : 28
6 0.908256880733945
8 0.013761467889908258
1 0.013761467889908258
7 0.010703363914373088
3 0.010703363914373088
0 0.010703363914373088
4 0.009174311926605505
9 0.00764525993883792
5 0.00764525993883792
2 0.00764525993883792
doc : 29
6 0.91324200913242
8 0.0121765601217656
4 0.0121765601217656
1 0.0121765601217656
7 0.0106544901065449
9 0.0091324200913242
5 0.0076103500761035
3 0.0076103500761035
2 0.0076103500761035
0 0.0076103500761035
doc : 30
6 0.9156441717791411
3 0.013803680981595092
4 0.010736196319018405
7 0.009202453987730062
5 0.009202453987730062
2 0.009202453987730062
0 0.009202453987730062
9 0.007668711656441718
8 0.007668711656441718
1 0.007668711656441718
doc : 31
4 0.8727524204702628
3 0.02351313969571231
1 0.020746887966804982
7 0.019363762102351315
8 0.01521438450899032
2 0.012448132780082988
9 0.011065006915629323
6 0.008298755186721992
5 0.008298755186721992
0 0.008298755186721992
doc : 32
4 0.8713692946058091
3 0.024896265560165977
7 0.020746887966804982
2 0.016597510373443983
1 0.013831258644536654
8 0.012448132780082988
6 0.011065006915629323
9 0.009681881051175657
5 0.009681881051175657
0 0.009681881051175657
doc : 33
4 0.8145009416195856
5 0.07250470809792843
9 0.03766478342749529
8 0.014124293785310734
3 0.013182674199623351
1 0.013182674199623351
2 0.011299435028248588
6 0.00847457627118644
0 0.00847457627118644
7 0.0065913370998116755
doc : 34
6 0.9174174174174174
7 0.013513513513513514
3 0.01051051051051051
1 0.01051051051051051
4 0.009009009009009009
0 0.009009009009009009
9 0.0075075075075075074
8 0.0075075075075075074
5 0.0075075075075075074
2 0.0075075075075075074
doc : 35
6 0.9110429447852761
1 0.013803680981595092
8 0.010736196319018405
5 0.010736196319018405
4 0.010736196319018405
3 0.010736196319018405
7 0.009202453987730062
9 0.007668711656441718
2 0.007668711656441718
0 0.007668711656441718
doc : 36
3 0.8922413793103449
6 0.015804597701149427
4 0.015804597701149427
1 0.015804597701149427
8 0.01293103448275862
7 0.010057471264367816
5 0.010057471264367816
0 0.010057471264367816
9 0.008620689655172414
2 0.008620689655172414
doc : 37
3 0.8708751793400288
4 0.02582496413199426
0 0.02295552367288379
6 0.01865136298421808
5 0.01291248206599713
9 0.011477761836441894
7 0.011477761836441894
1 0.010043041606886658
2 0.008608321377331422
8 0.007173601147776184
doc : 38
1 0.9073514602215509
7 0.04682779456193353
0 0.010070493454179255
8 0.009566968781470292
9 0.00553877139979859
2 0.00553877139979859
5 0.004028197381671702
4 0.004028197381671702
3 0.004028197381671702
6 0.0030211480362537764
doc : 39
2 0.9317319848293301
5 0.010113780025284451
7 0.008849557522123894
6 0.008849557522123894
4 0.007585335018963338
3 0.007585335018963338
9 0.006321112515802782
8 0.006321112515802782
1 0.006321112515802782
0 0.006321112515802782
doc : 40
2 0.9278606965174129
8 0.011194029850746268
4 0.009950248756218905
1 0.008706467661691543
0 0.008706467661691543
7 0.007462686567164179
6 0.007462686567164179
9 0.006218905472636815
5 0.006218905472636815
3 0.006218905472636815
doc : 41
4 0.803473491773309
9 0.11791590493601463
5 0.019195612431444242
8 0.010968921389396709
6 0.010968921389396709
3 0.009140767824497258
7 0.008226691042047532
1 0.007312614259597806
0 0.007312614259597806
2 0.005484460694698354
doc : 42
4 0.7264875239923224
5 0.16410748560460653
9 0.030710172744721688
8 0.022072936660268713
3 0.01439539347408829
1 0.01055662188099808
0 0.009596928982725527
7 0.008637236084452975
6 0.007677543186180422
2 0.005758157389635317
doc : 43
4 0.8193236714975846
9 0.08115942028985507
5 0.033816425120772944
3 0.017391304347826087
7 0.012560386473429951
6 0.011594202898550725
8 0.006763285024154589
0 0.006763285024154589
2 0.005797101449275362
1 0.004830917874396135
doc : 44
4 0.8365758754863813
9 0.07879377431906615
3 0.019455252918287938
0 0.01556420233463035
6 0.011673151750972763
5 0.009727626459143969
2 0.008754863813229572
8 0.007782101167315175
1 0.006809338521400778
7 0.0048638132295719845
doc : 45
4 0.8215962441314554
9 0.05164319248826291
5 0.04131455399061033
8 0.018779342723004695
3 0.014084507042253521
0 0.012206572769953052
7 0.011267605633802816
6 0.011267605633802816
1 0.010328638497652582
2 0.007511737089201878
doc : 46
4 0.8309608540925266
5 0.07740213523131673
9 0.03202846975088968
0 0.012455516014234875
3 0.009786476868327402
1 0.009786476868327402
8 0.00800711743772242
7 0.00800711743772242
6 0.0071174377224199285
2 0.004448398576512455
doc : 47
4 0.8796561604584527
7 0.020057306590257878
3 0.01862464183381089
2 0.017191977077363897
8 0.011461318051575931
6 0.011461318051575931
1 0.011461318051575931
0 0.011461318051575931
5 0.010028653295128939
9 0.008595988538681949
doc : 48
4 0.8404118404118404
1 0.0296010296010296
3 0.028314028314028312
7 0.02059202059202059
0 0.019305019305019305
8 0.018018018018018018
9 0.014157014157014156
5 0.011583011583011582
6 0.010296010296010296
2 0.007722007722007722
doc : 49
4 0.9093432007400556
9 0.01757631822386679
8 0.01572617946345976
5 0.01572617946345976
2 0.010175763182238668
0 0.008325624421831638
6 0.0074005550416281225
3 0.006475485661424607
7 0.004625346901017576
1 0.004625346901017576
doc : 50
1 0.9174463401210786
7 0.023665382498624106
0 0.013208585580627407
8 0.011557512383048982
3 0.008805723720418272
6 0.00825536598789213
2 0.0049532195927352776
4 0.004402861860209136
9 0.003852504127682994
5 0.003852504127682994
doc : 51
4 0.5465465465465466
7 0.2082082082082082
1 0.1871871871871872
6 0.015015015015015015
2 0.01001001001001001
8 0.008008008008008008
5 0.007007007007007007
0 0.007007007007007007
3 0.006006006006006006
9 0.005005005005005005
doc : 52
1 0.627807486631016
7 0.24759358288770053
0 0.033689839572192515
6 0.024598930481283424
8 0.01818181818181818
3 0.016577540106951873
4 0.011229946524064172
2 0.010695187165775402
5 0.005347593582887701
9 0.0042780748663101605
doc : 53
9 0.6846038863976084
3 0.08520179372197309
7 0.043348281016442454
2 0.04185351270553064
5 0.034379671150971604
6 0.028400597907324365
8 0.026905829596412557
1 0.02391629297458894
4 0.017937219730941704
0 0.013452914798206279
doc : 54
9 0.6960985626283368
0 0.07392197125256673
3 0.05749486652977413
8 0.034907597535934295
7 0.034907597535934295
4 0.03080082135523614
5 0.022587268993839837
6 0.018480492813141684
1 0.01642710472279261
2 0.014373716632443533
doc : 55
7 0.7902397260273972
5 0.052226027397260275
3 0.03767123287671233
1 0.02910958904109589
0 0.023116438356164382
9 0.01797945205479452
8 0.016267123287671232
6 0.016267123287671232
4 0.011986301369863013
2 0.005136986301369863
doc : 56
0 0.8621964097148891
8 0.044878563885955645
3 0.02375923970432946
6 0.014255543822597676
1 0.012143611404435057
9 0.01003167898627244
7 0.009503695881731784
4 0.00897571277719113
5 0.007391763463569165
2 0.006863780359028511
doc : 57
7 0.4904330312185297
1 0.29103726082578046
6 0.05840886203423968
4 0.04632426988922457
8 0.03625377643504532
3 0.02416918429003021
0 0.023162134944612285
5 0.012084592145015106
2 0.010070493454179255
9 0.008056394763343404
doc : 58
5 0.44764795144157815
3 0.1866464339908953
0 0.1441578148710167
4 0.06525037936267071
8 0.048558421851289835
1 0.03793626707132018
7 0.022761760242792112
6 0.022761760242792112
2 0.015174506828528073
9 0.009104704097116844
doc : 59
7 0.5565293602103418
1 0.2927256792287467
6 0.04119193689745837
0 0.02366345311130587
8 0.02278702892199825
4 0.02278702892199825
9 0.012269938650306749
5 0.010517090271691499
2 0.009640666082383873
3 0.007887817703768625
doc : 60
7 0.5527876631079478
1 0.31435349940688023
6 0.04033214709371293
8 0.02372479240806643
4 0.020166073546856466
0 0.01542111506524318
3 0.011862396204033215
2 0.008303677342823251
5 0.007117437722419929
9 0.005931198102016607
doc : 61
0 0.9169346195069668
3 0.014469453376205787
9 0.012861736334405145
7 0.00964630225080386
1 0.00964630225080386
6 0.009110396570203644
8 0.006966773847802787
4 0.006966773847802787
2 0.006966773847802787
5 0.006430868167202572
doc : 62
0 0.9062667380824853
9 0.020353508302088912
3 0.016604177825388325
8 0.013926084627745045
6 0.011783610069630423
1 0.008034279592929834
4 0.006963042313872523
7 0.0058918050348152114
2 0.0058918050348152114
5 0.004284949116229245
doc : 63
0 0.9152991000529381
3 0.015881418740074114
9 0.01482265749073584
8 0.01111699311805188
1 0.010058231868713605
7 0.008470089994706194
2 0.00741132874536792
5 0.006881948120698783
4 0.005823186871360508
6 0.004235044997353097
doc : 64
8 0.7729580064605445
0 0.17904937701892015
3 0.015689893862482696
1 0.007844946931241348
7 0.005999077065066913
9 0.004153207198892478
4 0.004153207198892478
2 0.004153207198892478
6 0.0036917397323488694
5 0.0023073373327180432
doc : 65
0 0.944206008583691
8 0.014484978540772532
6 0.009656652360515022
7 0.006437768240343348
4 0.005901287553648068
2 0.00536480686695279
5 0.0037553648068669528
3 0.0037553648068669528
1 0.0037553648068669528
9 0.002682403433476395
doc : 66
1 0.5284450063211126
7 0.36283185840707965
0 0.022756005056890016
6 0.02149178255372946
2 0.017699115044247787
8 0.012642225031605564
3 0.011378002528445008
4 0.008849557522123894
5 0.007585335018963338
9 0.006321112515802782
doc : 67
1 0.5284450063211126
7 0.35145385587863465
6 0.020227560050568902
0 0.020227560050568902
5 0.016434892541087234
8 0.015170670037926676
3 0.015170670037926676
2 0.015170670037926676
4 0.011378002528445008
9 0.006321112515802782
doc : 68
8 0.7780341485925242
0 0.17258883248730963
3 0.012921089063221043
7 0.01015228426395939
1 0.006460544531610522
9 0.0055376095985233045
6 0.0046146746654360865
4 0.004153207198892478
5 0.0027688047992616522
2 0.0027688047992616522
doc : 69
0 0.9431330472103004
8 0.018240343347639486
7 0.005901287553648068
1 0.00536480686695279
9 0.004828326180257511
4 0.004828326180257511
3 0.004828326180257511
6 0.004291845493562232
5 0.004291845493562232
2 0.004291845493562232
doc : 70
0 0.9281970649895178
8 0.011530398322851153
7 0.011530398322851153
1 0.009958071278825996
9 0.009433962264150945
5 0.009433962264150945
6 0.005765199161425576
2 0.005241090146750524
3 0.004716981132075472
4 0.0041928721174004195
doc : 71
0 0.9268817204301075
8 0.012365591397849462
1 0.01129032258064516
9 0.010752688172043012
4 0.008064516129032258
3 0.008064516129032258
6 0.006989247311827957
5 0.005913978494623656
2 0.005913978494623656
7 0.0037634408602150535
doc : 72
0 0.8830128205128206
8 0.03311965811965812
5 0.01495726495726496
9 0.01388888888888889
3 0.013354700854700856
7 0.01014957264957265
4 0.008547008547008548
1 0.008012820512820514
6 0.00747863247863248
2 0.00747863247863248
doc : 73
7 0.49158249158249157
1 0.19696969696969696
4 0.12457912457912457
6 0.06397306397306397
8 0.0303030303030303
3 0.025252525252525252
0 0.025252525252525252
2 0.0202020202020202
5 0.011784511784511785
9 0.0101010101010101
doc : 74
6 0.2906178489702517
7 0.2654462242562929
1 0.14645308924485126
9 0.07780320366132723
3 0.057208237986270026
4 0.041189931350114416
2 0.041189931350114416
5 0.029748283752860413
0 0.027459954233409613
8 0.02288329519450801
doc : 75
4 0.8676171079429734
9 0.030549898167006106
5 0.02342158859470468
6 0.01425661914460285
2 0.013238289205702646
1 0.012219959266802444
0 0.01120162932790224
7 0.010183299389002035
8 0.009164969450101833
3 0.008146639511201629
doc : 76
4 0.8744142455482662
9 0.026241799437675725
2 0.022492970946579195
8 0.018744142455482664
3 0.01499531396438613
5 0.013120899718837863
6 0.009372071227741332
7 0.008434864104967198
0 0.007497656982193065
1 0.004686035613870666
doc : 77
4 0.7726396917148363
9 0.11560693641618497
3 0.02697495183044316
0 0.017341040462427744
6 0.015414258188824663
8 0.014450867052023121
5 0.01348747591522158
2 0.008670520231213872
1 0.008670520231213872
7 0.00674373795761079
doc : 78
4 0.9171717171717172
8 0.013131313131313131
3 0.011111111111111112
9 0.0101010101010101
5 0.0101010101010101
6 0.00909090909090909
1 0.00909090909090909
7 0.00808080808080808
2 0.007070707070707071
0 0.00505050505050505
doc : 79
4 0.9104908565928778
0 0.020211742059672765
9 0.01154956689124158
1 0.01154956689124158
5 0.010587102983638115
3 0.010587102983638115
8 0.0067372473532242546
7 0.0067372473532242546
6 0.00577478344562079
2 0.00577478344562079
doc : 80
1 0.6962264150943396
6 0.12830188679245283
7 0.0660377358490566
5 0.02830188679245283
8 0.020754716981132074
2 0.01509433962264151
4 0.013207547169811321
3 0.013207547169811321
9 0.009433962264150943
0 0.009433962264150943
doc : 81
7 0.8032345013477089
1 0.05660377358490566
3 0.025157232704402517
6 0.02425876010781671
0 0.02336028751123091
4 0.017969451931716084
8 0.017070979335130278
2 0.014375561545372867
5 0.012578616352201259
9 0.005390835579514825
doc : 82
1 0.7605118829981719
7 0.13528336380255943
3 0.03016453382084095
6 0.01736745886654479
0 0.01736745886654479
8 0.012797074954296161
4 0.009140767824497258
9 0.006398537477148081
5 0.005484460694698354
2 0.005484460694698354
doc : 83
1 0.925965097831835
7 0.022739291380222106
3 0.01269169751454257
0 0.008461131676361713
4 0.007403490216816499
6 0.006874669487043892
8 0.004759386567953464
9 0.0037017451084082496
5 0.0037017451084082496
2 0.0037017451084082496
doc : 84
0 0.9035476718403548
9 0.02383592017738359
8 0.018292682926829267
1 0.015521064301552107
4 0.007760532150776054
5 0.007206208425720621
6 0.0066518847006651885
3 0.006097560975609756
7 0.005543237250554323
2 0.005543237250554323
doc : 85
1 0.6902485659655831
6 0.11281070745697896
7 0.06692160611854685
4 0.024856596558317397
8 0.02294455066921606
5 0.02294455066921606
3 0.021032504780114723
9 0.013384321223709368
0 0.013384321223709368
2 0.01147227533460803
doc : 86
4 0.9292929292929293
8 0.0101010101010101
2 0.0101010101010101
9 0.00909090909090909
6 0.00808080808080808
1 0.00808080808080808
5 0.007070707070707071
3 0.007070707070707071
7 0.006060606060606061
0 0.00505050505050505
doc : 87
4 0.8989412897016362
0 0.02117420596727623
5 0.013474494706448509
3 0.012512030798845044
1 0.012512030798845044
7 0.010587102983638115
9 0.008662175168431185
6 0.008662175168431185
2 0.007699711260827719
8 0.00577478344562079
doc : 88
0 0.8943044906900328
8 0.03231106243154436
6 0.012048192771084338
9 0.01095290251916758
3 0.01095290251916758
1 0.009309967141292442
5 0.008214676889375685
2 0.007667031763417305
7 0.007119386637458926
4 0.007119386637458926
doc : 89
1 0.7787934186471663
7 0.1170018281535649
6 0.027422303473491772
3 0.022851919561243144
8 0.013711151736745886
2 0.010968921389396709
9 0.008226691042047532
4 0.007312614259597806
0 0.007312614259597806
5 0.006398537477148081
doc : 90
1 0.9338974087784241
7 0.01956636700158646
0 0.00898995240613432
3 0.007403490216816499
8 0.006874669487043892
4 0.006345848757271285
6 0.005288207297726071
9 0.004230565838180857
2 0.004230565838180857
5 0.0031729243786356425
doc : 91
2 0.9293059125964009
7 0.010282776349614395
6 0.008997429305912595
3 0.008997429305912595
8 0.007712082262210797
5 0.007712082262210797
0 0.007712082262210797
9 0.006426735218508997
4 0.006426735218508997
1 0.006426735218508997
doc : 92
5 0.7945945945945946
3 0.08648648648648648
4 0.03003003003003003
8 0.025825825825825825
0 0.018618618618618618
1 0.012012012012012012
6 0.01021021021021021
9 0.009009009009009009
7 0.006606606606606606
2 0.006606606606606606
doc : 93
3 0.8330893118594437
6 0.029282576866764276
9 0.024890190336749635
5 0.02342606149341142
1 0.021961932650073207
4 0.017569546120058566
0 0.014641288433382138
7 0.013177159590043924
2 0.01171303074670571
8 0.010248901903367497
doc : 94
9 0.4224137931034483
2 0.11206896551724138
3 0.07758620689655173
1 0.07758620689655173
6 0.06896551724137931
4 0.06034482758620689
5 0.05172413793103448
8 0.04310344827586207
7 0.04310344827586207
0 0.04310344827586207
doc : 95
9 0.26153846153846155
8 0.09230769230769231
4 0.09230769230769231
2 0.09230769230769231
7 0.07692307692307693
6 0.07692307692307693
5 0.07692307692307693
3 0.07692307692307693
1 0.07692307692307693
0 0.07692307692307693
doc : 96
3 0.8760064412238325
5 0.02576489533011272
7 0.01932367149758454
6 0.01610305958132045
1 0.014492753623188406
8 0.011272141706924315
4 0.00966183574879227
2 0.00966183574879227
0 0.00966183574879227
9 0.008051529790660225
doc : 97
3 0.8663967611336032
0 0.02294197031039136
4 0.017543859649122806
1 0.017543859649122806
7 0.016194331983805668
6 0.016194331983805668
5 0.014844804318488529
8 0.010796221322537112
9 0.009446693657219972
2 0.008097165991902834
doc : 98
7 0.584037558685446
1 0.3004694835680751
2 0.01784037558685446
8 0.016901408450704224
6 0.015023474178403756
3 0.015023474178403756
0 0.015023474178403756
4 0.013145539906103286
5 0.012206572769953052
9 0.010328638497652582
doc : 99
9 0.6014319809069213
6 0.07159904534606205
2 0.06682577565632458
5 0.057279236276849645
3 0.04534606205250597
1 0.04534606205250597
8 0.03579952267303103
7 0.03579952267303103
4 0.023866348448687354
0 0.016706443914081145
