doc : 0
7 0.7446393762183235
8 0.09746588693957114
5 0.031189083820662766
4 0.029239766081871343
1 0.021442495126705652
0 0.021442495126705652
9 0.017543859649122806
6 0.01364522417153996
3 0.01364522417153996
2 0.009746588693957114
doc : 1
7 0.9585280373831775
4 0.006425233644859813
0 0.006425233644859813
8 0.004672897196261682
2 0.004672897196261682
1 0.004672897196261682
3 0.0040887850467289715
9 0.003504672897196261
6 0.003504672897196261
5 0.003504672897196261
doc : 2
4 0.9886193471099132
2 0.0020215633423180594
8 0.0017969451931716084
5 0.0013477088948787063
7 0.001272836178496556
3 0.0011979634621144056
1 0.0011979634621144056
0 8.984725965858042E-4
9 8.235998802036538E-4
6 8.235998802036538E-4
doc : 3
8 0.9123711340206185
7 0.015463917525773196
2 0.014604810996563574
5 0.011168384879725086
0 0.010309278350515464
9 0.009450171821305841
6 0.007731958762886598
1 0.006872852233676976
4 0.006013745704467353
3 0.006013745704467353
doc : 4
8 0.903052064631957
2 0.024236983842010774
7 0.01526032315978456
1 0.013464991023339319
5 0.010771992818671455
3 0.00807899461400359
9 0.00718132854578097
0 0.00718132854578097
6 0.005385996409335727
4 0.005385996409335727
doc : 5
8 0.9176688251618872
7 0.024976873265494914
2 0.012950971322849215
5 0.010175763182238668
9 0.006475485661424607
3 0.006475485661424607
0 0.006475485661424607
1 0.005550416281221092
6 0.004625346901017576
4 0.004625346901017576
doc : 6
2 0.41860465116279066
8 0.09302325581395349
9 0.06976744186046512
7 0.06976744186046512
6 0.05813953488372093
5 0.05813953488372093
4 0.05813953488372093
3 0.05813953488372093
1 0.05813953488372093
0 0.05813953488372093
doc : 7
2 0.45348837209302323
8 0.06976744186046512
7 0.06976744186046512
9 0.05813953488372093
6 0.05813953488372093
5 0.05813953488372093
4 0.05813953488372093
3 0.05813953488372093
1 0.05813953488372093
0 0.05813953488372093
doc : 8
5 0.9267734553775744
8 0.011441647597254004
2 0.009153318077803204
9 0.008009153318077803
7 0.008009153318077803
6 0.008009153318077803
1 0.008009153318077803
4 0.006864988558352403
3 0.006864988558352403
0 0.006864988558352403
doc : 9
5 0.9302059496567505
8 0.011441647597254004
7 0.008009153318077803
6 0.008009153318077803
3 0.008009153318077803
2 0.008009153318077803
1 0.008009153318077803
4 0.006864988558352403
9 0.005720823798627002
0 0.005720823798627002
doc : 10
6 0.7680577849117175
9 0.0666131621187801
1 0.04253611556982344
2 0.040930979133226325
0 0.024077046548956663
7 0.015248796147672551
5 0.015248796147672551
8 0.014446227929373997
3 0.00882825040128411
4 0.0040128410914927765
doc : 11
0 0.4792332268370607
2 0.15654952076677314
7 0.08626198083067092
1 0.07028753993610223
9 0.05750798722044728
5 0.04472843450479233
8 0.038338658146964855
6 0.03194888178913738
4 0.019169329073482427
3 0.01597444089456869
doc : 12
7 0.9453167298321603
0 0.018408229561451002
9 0.005414185165132647
6 0.004872766648619383
4 0.004872766648619383
3 0.004872766648619383
1 0.004872766648619383
8 0.0037899296155928536
5 0.0037899296155928536
2 0.0037899296155928536
doc : 13
2 0.4069767441860465
8 0.11627906976744186
0 0.06976744186046512
9 0.05813953488372093
7 0.05813953488372093
6 0.05813953488372093
5 0.05813953488372093
4 0.05813953488372093
3 0.05813953488372093
1 0.05813953488372093
doc : 14
2 0.45348837209302323
0 0.08139534883720931
9 0.05813953488372093
8 0.05813953488372093
7 0.05813953488372093
6 0.05813953488372093
5 0.05813953488372093
4 0.05813953488372093
3 0.05813953488372093
1 0.05813953488372093
doc : 15
8 0.8667287977632805
7 0.034482758620689655
1 0.024231127679403542
5 0.015843429636533086
2 0.012115563839701771
0 0.011183597390493943
6 0.010251630941286113
9 0.009319664492078284
4 0.008387698042870456
3 0.007455731593662628
doc : 16
5 0.5256410256410257
2 0.11538461538461539
7 0.07692307692307693
4 0.07692307692307693
8 0.05555555555555556
9 0.042735042735042736
1 0.038461538461538464
6 0.025641025641025644
3 0.021367521367521368
0 0.021367521367521368
doc : 17
8 0.8908659549228944
2 0.027283511269276396
7 0.020166073546856466
5 0.013048635824436538
0 0.009489916963226572
9 0.008303677342823251
6 0.008303677342823251
4 0.008303677342823251
1 0.008303677342823251
3 0.005931198102016607
doc : 18
8 0.5069075451647184
7 0.33156216790648246
5 0.06269925611052071
4 0.02125398512221041
9 0.01912858660998937
2 0.01594048884165781
1 0.012752391073326248
6 0.010626992561105206
3 0.009564293304994686
0 0.009564293304994686
doc : 19
5 0.5299145299145299
2 0.11965811965811968
4 0.06837606837606838
7 0.05982905982905984
8 0.047008547008547015
9 0.042735042735042736
6 0.042735042735042736
1 0.03418803418803419
0 0.03418803418803419
3 0.021367521367521368
doc : 20
2 0.4069767441860465
7 0.09302325581395349
9 0.06976744186046512
8 0.06976744186046512
0 0.06976744186046512
6 0.05813953488372093
5 0.05813953488372093
4 0.05813953488372093
3 0.05813953488372093
1 0.05813953488372093
doc : 21
9 0.9006439742410304
6 0.02207911683532659
2 0.01839926402943882
8 0.011959521619135235
1 0.011959521619135235
0 0.011039558417663294
3 0.00827966881324747
7 0.005519779208831647
5 0.005519779208831647
4 0.004599816007359705
doc : 22
9 0.8244348244348245
6 0.06830206830206831
2 0.05098605098605099
1 0.01443001443001443
0 0.012987012987012988
5 0.010582010582010583
8 0.008658008658008658
7 0.003848003848003848
4 0.002886002886002886
3 0.002886002886002886
doc : 23
9 0.4377952755905512
6 0.34960629921259845
1 0.08346456692913386
0 0.028346456692913385
5 0.023622047244094488
2 0.02204724409448819
8 0.02047244094488189
7 0.014173228346456693
4 0.012598425196850394
3 0.007874015748031496
doc : 24
0 0.877643504531722
8 0.021148036253776436
6 0.01812688821752266
3 0.01812688821752266
7 0.01661631419939577
2 0.013595166163141994
1 0.010574018126888218
5 0.00906344410876133
9 0.007552870090634441
4 0.007552870090634441
doc : 25
9 0.8804347826086957
6 0.034420289855072464
5 0.014492753623188406
8 0.010869565217391304
4 0.010869565217391304
3 0.010869565217391304
0 0.010869565217391304
7 0.009057971014492754
2 0.009057971014492754
1 0.009057971014492754
doc : 26
2 0.8717948717948718
8 0.04504504504504504
9 0.02564102564102564
6 0.013167013167013167
1 0.013167013167013167
0 0.007623007623007623
5 0.006237006237006237
3 0.006237006237006237
7 0.005544005544005544
4 0.005544005544005544
doc : 27
5 0.8282828282828284
0 0.03282828282828283
2 0.022727272727272728
9 0.020202020202020204
8 0.020202020202020204
4 0.01767676767676768
1 0.01767676767676768
3 0.015151515151515152
7 0.012626262626262628
6 0.012626262626262628
doc : 28
3 0.9858836815358554
8 0.00282326369282891
2 0.0018351214003387915
6 0.001693958215697346
7 0.0015527950310559005
9 0.001411631846414455
4 0.0012704686617730095
1 0.0012704686617730095
5 0.001129305477131564
0 0.001129305477131564
doc : 29
7 0.6908023483365948
8 0.1350293542074364
0 0.04500978473581213
4 0.025440313111545987
9 0.019569471624266144
5 0.019569471624266144
2 0.019569471624266144
3 0.015655577299412915
1 0.015655577299412915
6 0.0136986301369863
doc : 30
1 0.6188870151770657
5 0.12478920741989881
8 0.062394603709949405
7 0.05902192242833052
2 0.050590219224283306
9 0.02023608768971332
4 0.02023608768971332
0 0.02023608768971332
6 0.013490725126475547
3 0.01011804384485666
doc : 31
2 0.41860465116279066
0 0.09302325581395349
9 0.06976744186046512
7 0.06976744186046512
8 0.05813953488372093
6 0.05813953488372093
5 0.05813953488372093
4 0.05813953488372093
3 0.05813953488372093
1 0.05813953488372093
doc : 32
0 0.8338028169014085
5 0.02535211267605634
8 0.022535211267605635
9 0.01971830985915493
2 0.01971830985915493
6 0.016901408450704227
4 0.016901408450704227
1 0.016901408450704227
7 0.014084507042253521
3 0.014084507042253521
doc : 33
6 0.9403735632183908
9 0.011494252873563218
2 0.009339080459770114
8 0.008620689655172414
0 0.005747126436781609
7 0.005028735632183908
4 0.005028735632183908
3 0.005028735632183908
1 0.005028735632183908
5 0.004310344827586207
doc : 34
6 0.8084210526315789
0 0.035789473684210524
8 0.029473684210526315
9 0.027368421052631577
5 0.023157894736842106
1 0.01894736842105263
3 0.016842105263157894
7 0.014736842105263158
4 0.01263157894736842
2 0.01263157894736842
doc : 35
5 0.2835820895522388
0 0.1828358208955224
2 0.16791044776119401
8 0.10074626865671642
1 0.06343283582089553
6 0.05223880597014925
7 0.048507462686567165
9 0.03731343283582089
4 0.03731343283582089
3 0.026119402985074626
doc : 36
0 0.8621307072515667
8 0.06087735004476276
7 0.01521933751119069
2 0.01342882721575649
3 0.010743061772605193
1 0.008952551477170993
9 0.008057296329453895
6 0.007162041181736795
5 0.007162041181736795
4 0.006266786034019696
doc : 37
1 0.7101669195751138
2 0.09256449165402125
7 0.04704097116843703
9 0.03490136570561457
6 0.024279210925644917
5 0.024279210925644917
8 0.019726858877086494
4 0.018209408194233688
0 0.016691957511380882
3 0.012139605462822459
doc : 38
6 0.9298584298584298
9 0.02445302445302445
2 0.008365508365508366
8 0.007722007722007722
4 0.005791505791505791
3 0.005791505791505791
5 0.005148005148005148
7 0.0045045045045045045
1 0.0045045045045045045
0 0.003861003861003861
doc : 39
1 0.9338662790697674
6 0.015261627906976744
2 0.010174418604651164
9 0.00944767441860465
8 0.007267441860465116
3 0.005813953488372093
0 0.005087209302325582
7 0.00436046511627907
5 0.00436046511627907
4 0.00436046511627907
doc : 40
0 0.6986301369863014
2 0.10136986301369863
8 0.038356164383561646
6 0.03287671232876713
9 0.030136986301369864
1 0.0273972602739726
5 0.024657534246575342
4 0.019178082191780823
7 0.0136986301369863
3 0.0136986301369863
doc : 41
5 0.8009049773755657
8 0.062217194570135755
0 0.047511312217194575
2 0.028280542986425343
9 0.014705882352941178
1 0.014705882352941178
6 0.011312217194570137
4 0.007918552036199096
7 0.006787330316742082
3 0.005656108597285069
doc : 42
6 0.7456279809220986
9 0.10492845786963435
1 0.03656597774244833
7 0.022257551669316377
0 0.020667726550079493
2 0.01907790143084261
8 0.015898251192368842
5 0.015898251192368842
4 0.009538950715421305
3 0.009538950715421305
doc : 43
9 0.8947652455477604
6 0.030221262817053427
2 0.017269293038316244
5 0.01457096600107933
1 0.01457096600107933
0 0.008634646519158122
8 0.0064759848893685915
7 0.005396654074473826
3 0.004856988667026444
4 0.0032379924446842958
doc : 44
0 0.391304347826087
6 0.2572463768115942
2 0.07971014492753624
3 0.07246376811594203
8 0.050724637681159424
7 0.03985507246376812
1 0.03985507246376812
9 0.025362318840579712
4 0.025362318840579712
5 0.018115942028985508
doc : 45
6 0.8128342245989304
0 0.0427807486631016
9 0.024955436720142603
5 0.024955436720142603
8 0.0231729055258467
2 0.0196078431372549
7 0.0142602495543672
3 0.0142602495543672
1 0.012477718360071301
4 0.0106951871657754
doc : 46
8 0.8959608323133414
7 0.017135862913096694
2 0.017135862913096694
5 0.012239902080783353
0 0.011015911872705017
9 0.009791921664626682
4 0.009791921664626682
1 0.009791921664626682
6 0.008567931456548347
3 0.008567931456548347
doc : 47
0 0.2773109243697479
7 0.11764705882352941
2 0.11764705882352941
6 0.10084033613445378
1 0.10084033613445378
5 0.06722689075630252
9 0.058823529411764705
8 0.058823529411764705
4 0.058823529411764705
3 0.04201680672268907
doc : 48
2 0.658273381294964
6 0.10791366906474821
5 0.046762589928057555
0 0.04316546762589928
1 0.02877697841726619
9 0.025179856115107917
8 0.025179856115107917
7 0.02158273381294964
4 0.02158273381294964
3 0.02158273381294964
doc : 49
0 0.8268156424581006
5 0.030726256983240226
8 0.0223463687150838
7 0.0223463687150838
6 0.019553072625698324
2 0.019553072625698324
9 0.01675977653631285
4 0.013966480446927375
3 0.013966480446927375
1 0.013966480446927375
