doc : 0
4 0.621414913957935
0 0.1950286806883365
9 0.06118546845124283
7 0.024856596558317397
5 0.024856596558317397
8 0.017208413001912046
2 0.017208413001912046
3 0.013384321223709368
1 0.013384321223709368
6 0.01147227533460803
doc : 1
4 0.6780303030303031
0 0.1534090909090909
5 0.030303030303030304
9 0.02840909090909091
7 0.026515151515151516
8 0.01893939393939394
6 0.01893939393939394
3 0.017045454545454544
1 0.015151515151515152
2 0.013257575757575758
doc : 2
4 0.6634615384615385
0 0.20384615384615384
9 0.021153846153846155
6 0.021153846153846155
8 0.019230769230769232
2 0.019230769230769232
5 0.015384615384615385
7 0.013461538461538462
1 0.013461538461538462
3 0.009615384615384616
doc : 3
9 0.35000000000000003
1 0.21875
7 0.08125
0 0.07500000000000001
5 0.06875
8 0.05625
4 0.043750000000000004
6 0.037500000000000006
3 0.037500000000000006
2 0.03125
doc : 4
6 0.38534278959810875
8 0.1867612293144208
1 0.11583924349881797
7 0.09219858156028368
4 0.04964539007092199
9 0.04728132387706856
5 0.0425531914893617
0 0.04018912529550828
3 0.02127659574468085
2 0.018912529550827423
doc : 5
8 0.5693581780538303
7 0.2008281573498965
6 0.04554865424430642
4 0.039337474120082816
5 0.033126293995859216
0 0.02484472049689441
9 0.02277432712215321
1 0.02277432712215321
3 0.020703933747412008
2 0.020703933747412008
doc : 6
5 0.7068493150684931
8 0.04657534246575343
6 0.0410958904109589
1 0.0410958904109589
4 0.038356164383561646
7 0.03287671232876713
0 0.030136986301369864
9 0.024657534246575342
3 0.024657534246575342
2 0.0136986301369863
doc : 7
0 0.29292929292929293
7 0.15151515151515152
6 0.12121212121212122
2 0.08080808080808081
4 0.07070707070707072
8 0.06060606060606061
5 0.06060606060606061
3 0.06060606060606061
9 0.05050505050505051
1 0.05050505050505051
doc : 8
1 0.7940379403794038
7 0.037940379403794036
6 0.02981029810298103
9 0.02710027100271003
2 0.024390243902439025
8 0.02168021680216802
0 0.02168021680216802
3 0.016260162601626015
5 0.013550135501355014
4 0.013550135501355014
doc : 9
1 0.7913279132791328
9 0.04065040650406504
7 0.03252032520325203
6 0.02710027100271003
8 0.02168021680216802
3 0.02168021680216802
0 0.018970189701897018
4 0.016260162601626015
2 0.016260162601626015
5 0.013550135501355014
doc : 10
8 0.11320754716981132
7 0.11320754716981132
5 0.11320754716981132
9 0.09433962264150943
6 0.09433962264150943
4 0.09433962264150943
3 0.09433962264150943
2 0.09433962264150943
1 0.09433962264150943
0 0.09433962264150943
doc : 11
6 0.4
1 0.10277777777777779
4 0.09722222222222222
8 0.08055555555555556
7 0.075
9 0.06944444444444445
3 0.0638888888888889
0 0.044444444444444446
5 0.04166666666666667
2 0.025
doc : 12
4 0.7456521739130435
0 0.14130434782608695
6 0.01956521739130435
1 0.01956521739130435
7 0.015217391304347827
5 0.013043478260869566
3 0.013043478260869566
9 0.010869565217391304
8 0.010869565217391304
2 0.010869565217391304
doc : 13
0 0.3434343434343435
7 0.13131313131313133
3 0.09090909090909091
2 0.07070707070707072
9 0.06060606060606061
8 0.06060606060606061
6 0.06060606060606061
5 0.06060606060606061
4 0.06060606060606061
1 0.06060606060606061
doc : 14
7 0.35416666666666663
6 0.21354166666666666
8 0.0625
3 0.0625
1 0.0625
2 0.057291666666666664
9 0.05208333333333333
4 0.05208333333333333
0 0.05208333333333333
5 0.03125
doc : 15
3 0.7465181058495822
7 0.07242339832869081
6 0.036211699164345405
1 0.027855153203342618
9 0.025069637883008356
0 0.022284122562674095
8 0.019498607242339833
2 0.019498607242339833
5 0.016713091922005572
4 0.013927576601671309
doc : 16
7 0.3333333333333333
6 0.10185185185185185
5 0.10185185185185185
1 0.09259259259259259
9 0.08333333333333333
3 0.07407407407407407
0 0.06481481481481481
2 0.05555555555555555
8 0.046296296296296294
4 0.046296296296296294
doc : 17
2 0.6204379562043796
4 0.051094890510948905
0 0.051094890510948905
9 0.043795620437956206
8 0.043795620437956206
6 0.043795620437956206
7 0.0364963503649635
5 0.0364963503649635
3 0.0364963503649635
1 0.0364963503649635
doc : 18
2 0.6496350364963503
0 0.051094890510948905
8 0.043795620437956206
9 0.0364963503649635
7 0.0364963503649635
6 0.0364963503649635
5 0.0364963503649635
4 0.0364963503649635
3 0.0364963503649635
1 0.0364963503649635
doc : 19
2 0.656934306569343
4 0.051094890510948905
9 0.0364963503649635
8 0.0364963503649635
7 0.0364963503649635
6 0.0364963503649635
5 0.0364963503649635
3 0.0364963503649635
1 0.0364963503649635
0 0.0364963503649635
doc : 20
2 0.6423357664233577
9 0.043795620437956206
8 0.043795620437956206
5 0.043795620437956206
3 0.043795620437956206
7 0.0364963503649635
6 0.0364963503649635
4 0.0364963503649635
1 0.0364963503649635
0 0.0364963503649635
doc : 21
2 0.6423357664233577
4 0.058394160583941604
3 0.043795620437956206
9 0.0364963503649635
8 0.0364963503649635
7 0.0364963503649635
6 0.0364963503649635
5 0.0364963503649635
1 0.0364963503649635
0 0.0364963503649635
doc : 22
2 0.6204379562043796
4 0.058394160583941604
7 0.051094890510948905
8 0.043795620437956206
0 0.043795620437956206
9 0.0364963503649635
6 0.0364963503649635
5 0.0364963503649635
3 0.0364963503649635
1 0.0364963503649635
doc : 23
2 0.656934306569343
4 0.043795620437956206
1 0.043795620437956206
9 0.0364963503649635
8 0.0364963503649635
7 0.0364963503649635
6 0.0364963503649635
5 0.0364963503649635
3 0.0364963503649635
0 0.0364963503649635
doc : 24
2 0.6423357664233577
0 0.058394160583941604
4 0.043795620437956206
9 0.0364963503649635
8 0.0364963503649635
7 0.0364963503649635
6 0.0364963503649635
5 0.0364963503649635
3 0.0364963503649635
1 0.0364963503649635
doc : 25
2 0.6642335766423357
4 0.043795620437956206
9 0.0364963503649635
8 0.0364963503649635
7 0.0364963503649635
6 0.0364963503649635
5 0.0364963503649635
3 0.0364963503649635
1 0.0364963503649635
0 0.0364963503649635
doc : 26
2 0.6423357664233577
4 0.051094890510948905
9 0.043795620437956206
8 0.043795620437956206
7 0.0364963503649635
6 0.0364963503649635
5 0.0364963503649635
3 0.0364963503649635
1 0.0364963503649635
0 0.0364963503649635
doc : 27
2 0.635036496350365
0 0.051094890510948905
9 0.043795620437956206
4 0.043795620437956206
3 0.043795620437956206
8 0.0364963503649635
7 0.0364963503649635
6 0.0364963503649635
5 0.0364963503649635
1 0.0364963503649635
doc : 28
4 0.6851851851851852
0 0.15555555555555556
5 0.03333333333333333
7 0.02777777777777778
8 0.022222222222222223
3 0.018518518518518517
6 0.016666666666666666
2 0.016666666666666666
1 0.012962962962962964
9 0.011111111111111112
doc : 29
2 0.6496350364963503
4 0.051094890510948905
7 0.043795620437956206
9 0.0364963503649635
8 0.0364963503649635
6 0.0364963503649635
5 0.0364963503649635
3 0.0364963503649635
1 0.0364963503649635
0 0.0364963503649635
doc : 30
2 0.6423357664233577
0 0.051094890510948905
6 0.043795620437956206
4 0.043795620437956206
9 0.0364963503649635
8 0.0364963503649635
7 0.0364963503649635
5 0.0364963503649635
3 0.0364963503649635
1 0.0364963503649635
doc : 31
2 0.6496350364963503
4 0.051094890510948905
9 0.043795620437956206
8 0.0364963503649635
7 0.0364963503649635
6 0.0364963503649635
5 0.0364963503649635
3 0.0364963503649635
1 0.0364963503649635
0 0.0364963503649635
doc : 32
2 0.635036496350365
4 0.051094890510948905
9 0.043795620437956206
3 0.043795620437956206
0 0.043795620437956206
8 0.0364963503649635
7 0.0364963503649635
6 0.0364963503649635
5 0.0364963503649635
1 0.0364963503649635
doc : 33
2 0.656934306569343
3 0.043795620437956206
0 0.043795620437956206
9 0.0364963503649635
8 0.0364963503649635
7 0.0364963503649635
6 0.0364963503649635
5 0.0364963503649635
4 0.0364963503649635
1 0.0364963503649635
doc : 34
2 0.635036496350365
4 0.06569343065693431
0 0.043795620437956206
9 0.0364963503649635
8 0.0364963503649635
7 0.0364963503649635
6 0.0364963503649635
5 0.0364963503649635
3 0.0364963503649635
1 0.0364963503649635
doc : 35
2 0.6428571428571428
9 0.06428571428571428
4 0.04285714285714286
8 0.03571428571428571
7 0.03571428571428571
6 0.03571428571428571
5 0.03571428571428571
3 0.03571428571428571
1 0.03571428571428571
0 0.03571428571428571
doc : 36
2 0.6423357664233577
1 0.051094890510948905
9 0.043795620437956206
5 0.043795620437956206
8 0.0364963503649635
7 0.0364963503649635
6 0.0364963503649635
4 0.0364963503649635
3 0.0364963503649635
0 0.0364963503649635
doc : 37
2 0.635036496350365
0 0.051094890510948905
9 0.043795620437956206
8 0.043795620437956206
1 0.043795620437956206
7 0.0364963503649635
6 0.0364963503649635
5 0.0364963503649635
4 0.0364963503649635
3 0.0364963503649635
doc : 38
9 0.7749077490774907
1 0.03690036900369004
6 0.02952029520295203
0 0.02952029520295203
7 0.025830258302583026
5 0.02214022140221402
4 0.02214022140221402
3 0.02214022140221402
8 0.01845018450184502
2 0.01845018450184502
doc : 39
2 0.635036496350365
4 0.051094890510948905
8 0.043795620437956206
7 0.043795620437956206
0 0.043795620437956206
9 0.0364963503649635
6 0.0364963503649635
5 0.0364963503649635
3 0.0364963503649635
1 0.0364963503649635
doc : 40
2 0.6277372262773723
4 0.06569343065693431
7 0.043795620437956206
0 0.043795620437956206
9 0.0364963503649635
8 0.0364963503649635
6 0.0364963503649635
5 0.0364963503649635
3 0.0364963503649635
1 0.0364963503649635
doc : 41
2 0.635036496350365
4 0.058394160583941604
8 0.043795620437956206
0 0.043795620437956206
9 0.0364963503649635
7 0.0364963503649635
6 0.0364963503649635
5 0.0364963503649635
3 0.0364963503649635
1 0.0364963503649635
doc : 42
8 0.6384039900249376
5 0.08977556109725686
7 0.05236907730673317
1 0.04987531172069826
6 0.04239401496259351
9 0.032418952618453865
3 0.02743142144638404
0 0.02493765586034913
2 0.022443890274314215
4 0.0199501246882793
doc : 43
9 0.7802197802197802
6 0.029304029304029304
3 0.029304029304029304
0 0.029304029304029304
7 0.02564102564102564
2 0.02564102564102564
5 0.021978021978021976
4 0.021978021978021976
8 0.018315018315018316
1 0.018315018315018316
doc : 44
4 0.6940639269406392
0 0.1415525114155251
2 0.03424657534246575
6 0.02968036529680365
9 0.0182648401826484
3 0.0182648401826484
8 0.01598173515981735
7 0.01598173515981735
5 0.01598173515981735
1 0.01598173515981735
doc : 45
4 0.6971677559912854
0 0.14814814814814817
6 0.028322440087145972
3 0.028322440087145972
2 0.02396514161220044
5 0.017429193899782137
1 0.017429193899782137
9 0.01525054466230937
8 0.013071895424836603
7 0.010893246187363835
doc : 46
4 0.6708074534161491
0 0.17598343685300208
3 0.02277432712215321
2 0.02277432712215321
1 0.02277432712215321
7 0.020703933747412008
6 0.018633540372670808
5 0.016563146997929608
9 0.014492753623188408
8 0.014492753623188408
doc : 47
4 0.6965648854961832
0 0.16221374045801526
9 0.026717557251908396
6 0.02480916030534351
1 0.019083969465648856
8 0.015267175572519083
7 0.015267175572519083
5 0.015267175572519083
3 0.013358778625954198
2 0.011450381679389313
doc : 48
4 0.6915113871635611
0 0.16770186335403728
3 0.02484472049689441
2 0.02484472049689441
6 0.016563146997929608
5 0.016563146997929608
1 0.016563146997929608
8 0.014492753623188408
7 0.014492753623188408
9 0.012422360248447206
doc : 49
4 0.6636690647482014
0 0.1960431654676259
3 0.02158273381294964
9 0.019784172661870505
8 0.019784172661870505
5 0.017985611510791366
7 0.01618705035971223
1 0.01618705035971223
6 0.014388489208633094
2 0.014388489208633094
