doc : 0
1 0.47468354430379744
7 0.08227848101265822
6 0.06329113924050633
3 0.06329113924050633
5 0.056962025316455694
2 0.056962025316455694
0 0.056962025316455694
9 0.05063291139240506
4 0.05063291139240506
8 0.04430379746835443
doc : 1
6 0.21518987341772153
8 0.11392405063291139
3 0.11392405063291139
1 0.10126582278481013
4 0.08860759493670886
0 0.08860759493670886
7 0.0759493670886076
5 0.0759493670886076
9 0.06329113924050633
2 0.06329113924050633
doc : 2
9 0.2698412698412698
0 0.15873015873015872
8 0.15079365079365079
7 0.09523809523809523
5 0.06349206349206349
2 0.06349206349206349
6 0.05555555555555555
4 0.05555555555555555
1 0.047619047619047616
3 0.03968253968253968
doc : 3
8 0.6815286624203822
0 0.07961783439490447
7 0.04777070063694268
1 0.04140127388535032
9 0.03503184713375796
3 0.03503184713375796
5 0.02229299363057325
6 0.019108280254777073
4 0.019108280254777073
2 0.019108280254777073
doc : 4
8 0.6790450928381963
6 0.08222811671087532
1 0.03978779840848806
3 0.03713527851458886
9 0.034482758620689655
5 0.034482758620689655
2 0.029177718832891244
0 0.029177718832891244
7 0.01856763925729443
4 0.015915119363395226
doc : 5
8 0.8117647058823529
0 0.032352941176470584
9 0.026470588235294117
1 0.023529411764705882
7 0.020588235294117647
4 0.020588235294117647
2 0.020588235294117647
6 0.014705882352941176
5 0.014705882352941176
3 0.014705882352941176
doc : 6
9 0.8576449912126537
5 0.0210896309314587
6 0.019332161687170474
3 0.019332161687170474
1 0.019332161687170474
0 0.019332161687170474
8 0.012302284710017574
2 0.012302284710017574
7 0.01054481546572935
4 0.008787346221441124
doc : 7
9 0.2554744525547445
8 0.145985401459854
6 0.1386861313868613
3 0.0948905109489051
1 0.08759124087591241
0 0.072992700729927
2 0.06569343065693431
5 0.051094890510948905
4 0.051094890510948905
7 0.0364963503649635
doc : 8
2 0.7191358024691358
6 0.06481481481481481
1 0.043209876543209874
3 0.033950617283950615
8 0.030864197530864196
5 0.027777777777777776
7 0.021604938271604937
4 0.021604938271604937
0 0.021604938271604937
9 0.015432098765432098
doc : 9
6 0.3394495412844037
0 0.13761467889908258
9 0.10091743119266056
8 0.07339449541284404
7 0.07339449541284404
5 0.07339449541284404
3 0.06422018348623854
1 0.06422018348623854
2 0.04128440366972477
4 0.03211009174311927
doc : 10
4 0.8033763654419066
3 0.05958291956305859
6 0.03475670307845084
2 0.033763654419066536
9 0.017874875868917575
1 0.012909632571996028
5 0.010923535253227408
0 0.010923535253227408
8 0.009930486593843098
7 0.005958291956305858
doc : 11
1 0.7435897435897436
0 0.054945054945054944
6 0.04395604395604395
8 0.029304029304029304
2 0.029304029304029304
9 0.021978021978021976
7 0.021978021978021976
5 0.018315018315018316
4 0.018315018315018316
3 0.018315018315018316
doc : 12
8 0.8176470588235294
1 0.032352941176470584
0 0.029411764705882353
9 0.020588235294117647
7 0.01764705882352941
5 0.01764705882352941
4 0.01764705882352941
3 0.01764705882352941
6 0.014705882352941176
2 0.014705882352941176
doc : 13
8 0.6998420221169036
2 0.052132701421800945
1 0.044233807266982623
7 0.036334913112164295
3 0.036334913112164295
6 0.03475513428120063
4 0.030015797788309637
0 0.026856240126382307
9 0.02527646129541864
5 0.014218009478672985
doc : 14
6 0.7595238095238096
5 0.05476190476190477
1 0.04285714285714286
8 0.028571428571428574
0 0.02380952380952381
3 0.02142857142857143
9 0.01904761904761905
7 0.01666666666666667
4 0.01666666666666667
2 0.01666666666666667
doc : 15
7 0.644345238095238
1 0.22470238095238093
8 0.02827380952380952
0 0.02232142857142857
9 0.019345238095238096
6 0.016369047619047616
5 0.013392857142857142
2 0.013392857142857142
4 0.008928571428571428
3 0.008928571428571428
doc : 16
2 0.717391304347826
0 0.08478260869565217
1 0.05
8 0.034782608695652174
3 0.02826086956521739
4 0.02391304347826087
6 0.017391304347826087
7 0.015217391304347827
5 0.015217391304347827
9 0.013043478260869566
doc : 17
6 0.427536231884058
0 0.11594202898550725
1 0.09420289855072464
8 0.07246376811594203
5 0.057971014492753624
9 0.050724637681159424
7 0.050724637681159424
3 0.050724637681159424
2 0.043478260869565216
4 0.036231884057971016
doc : 18
1 0.16666666666666666
9 0.1
8 0.1
7 0.1
5 0.1
0 0.1
6 0.08333333333333333
4 0.08333333333333333
3 0.08333333333333333
2 0.08333333333333333
doc : 19
0 0.5734265734265734
2 0.06993006993006994
1 0.06993006993006994
8 0.055944055944055944
9 0.04195804195804196
7 0.04195804195804196
6 0.04195804195804196
5 0.03496503496503497
4 0.03496503496503497
3 0.03496503496503497
doc : 20
0 0.5594405594405595
8 0.07692307692307693
1 0.07692307692307693
7 0.04895104895104895
2 0.04895104895104895
4 0.04195804195804196
3 0.04195804195804196
9 0.03496503496503497
6 0.03496503496503497
5 0.03496503496503497
doc : 21
0 0.5454545454545454
8 0.0979020979020979
2 0.06993006993006994
7 0.04895104895104895
9 0.04195804195804196
6 0.04195804195804196
3 0.04195804195804196
1 0.04195804195804196
5 0.03496503496503497
4 0.03496503496503497
doc : 22
2 0.47921225382932164
7 0.19474835886214442
8 0.0787746170678337
6 0.05032822757111597
1 0.05032822757111597
5 0.03938730853391685
0 0.037199124726477024
9 0.0262582056892779
4 0.02188183807439825
3 0.02188183807439825
doc : 23
6 0.4507042253521127
0 0.16901408450704225
1 0.07746478873239437
5 0.056338028169014086
9 0.04929577464788733
3 0.04929577464788733
8 0.04225352112676056
7 0.035211267605633804
4 0.035211267605633804
2 0.035211267605633804
doc : 24
6 0.4230769230769231
1 0.10256410256410256
0 0.10256410256410256
9 0.0641025641025641
8 0.0641025641025641
3 0.0641025641025641
4 0.05769230769230769
2 0.04487179487179487
7 0.038461538461538464
5 0.038461538461538464
doc : 25
7 0.8702623906705539
6 0.04081632653061224
8 0.016034985422740525
0 0.016034985422740525
9 0.011661807580174927
4 0.011661807580174927
3 0.01020408163265306
1 0.008746355685131196
5 0.007288629737609329
2 0.007288629737609329
doc : 26
7 0.7577002053388091
1 0.07802874743326489
8 0.034907597535934295
0 0.024640657084188913
9 0.02053388090349076
5 0.02053388090349076
3 0.02053388090349076
4 0.01642710472279261
2 0.01642710472279261
6 0.01026694045174538
doc : 27
6 0.6468842729970327
7 0.08011869436201781
4 0.04896142433234422
2 0.0370919881305638
0 0.0370919881305638
5 0.03560830860534125
3 0.03560830860534125
1 0.02967359050445104
9 0.026706231454005934
8 0.02225519287833828
doc : 28
7 0.8635682158920539
1 0.029985007496251874
0 0.019490254872563718
8 0.017991004497751123
9 0.013493253373313342
5 0.013493253373313342
3 0.013493253373313342
6 0.01199400299850075
2 0.008995502248875561
4 0.0074962518740629685
doc : 29
7 0.8922610015174507
0 0.019726858877086494
8 0.013657056145675266
6 0.013657056145675266
9 0.012139605462822459
5 0.010622154779969651
4 0.010622154779969651
2 0.010622154779969651
1 0.009104704097116844
3 0.007587253414264037
doc : 30
7 0.8856682769726248
1 0.01932367149758454
5 0.01610305958132045
9 0.01288244766505636
8 0.01288244766505636
0 0.01288244766505636
3 0.011272141706924315
6 0.00966183574879227
4 0.00966183574879227
2 0.00966183574879227
doc : 31
7 0.9034267912772586
5 0.014018691588785047
1 0.014018691588785047
9 0.012461059190031152
0 0.012461059190031152
4 0.009345794392523364
3 0.009345794392523364
2 0.009345794392523364
8 0.00778816199376947
6 0.00778816199376947
doc : 32
7 0.8787878787878788
0 0.022328548644338118
8 0.017543859649122806
9 0.01594896331738437
3 0.014354066985645933
5 0.012759170653907496
1 0.012759170653907496
6 0.009569377990430622
4 0.007974481658692184
2 0.007974481658692184
doc : 33
7 0.8987138263665595
8 0.01607717041800643
1 0.014469453376205787
6 0.012861736334405145
0 0.012861736334405145
9 0.011254019292604502
4 0.00964630225080386
5 0.008038585209003215
3 0.008038585209003215
2 0.008038585209003215
doc : 34
7 0.8650793650793651
8 0.025396825396825397
5 0.01904761904761905
0 0.01746031746031746
3 0.015873015873015872
2 0.015873015873015872
9 0.011111111111111112
6 0.011111111111111112
1 0.011111111111111112
4 0.007936507936507936
doc : 35
0 0.42585551330798477
1 0.20912547528517111
5 0.10266159695817491
9 0.053231939163498096
3 0.049429657794676805
8 0.034220532319391636
2 0.034220532319391636
7 0.030418250950570342
6 0.030418250950570342
4 0.030418250950570342
doc : 36
4 0.7760290556900726
0 0.059322033898305086
6 0.053268765133171914
8 0.031476997578692496
5 0.01937046004842615
9 0.018159806295399518
2 0.013317191283292978
1 0.01089588377723971
7 0.009685230024213076
3 0.00847457627118644
doc : 37
7 0.8805031446540881
8 0.020440251572327046
9 0.01886792452830189
3 0.014150943396226415
2 0.014150943396226415
0 0.014150943396226415
1 0.012578616352201259
6 0.009433962264150945
5 0.007861635220125786
4 0.007861635220125786
doc : 38
7 0.8954545454545455
1 0.016666666666666666
0 0.013636363636363636
9 0.012121212121212121
6 0.012121212121212121
4 0.010606060606060607
3 0.010606060606060607
2 0.010606060606060607
8 0.00909090909090909
5 0.00909090909090909
doc : 39
7 0.8883720930232558
0 0.020155038759689922
8 0.018604651162790697
9 0.013953488372093023
6 0.010852713178294573
5 0.010852713178294573
2 0.010852713178294573
3 0.009302325581395349
1 0.009302325581395349
4 0.007751937984496124
doc : 40
7 0.824207492795389
5 0.034582132564841495
8 0.03314121037463977
0 0.02881844380403458
1 0.020172910662824207
9 0.01585014409221902
6 0.01296829971181556
2 0.01296829971181556
3 0.010086455331412104
4 0.007204610951008645
doc : 41
7 0.8880368098159509
1 0.019938650306748466
9 0.01687116564417178
8 0.01687116564417178
5 0.012269938650306749
0 0.012269938650306749
6 0.009202453987730062
2 0.009202453987730062
4 0.007668711656441718
3 0.007668711656441718
doc : 42
5 0.7162162162162162
8 0.07335907335907337
1 0.07142857142857142
6 0.0250965250965251
3 0.0250965250965251
7 0.019305019305019305
0 0.019305019305019305
9 0.017374517374517374
2 0.017374517374517374
4 0.015444015444015444
doc : 43
3 0.7798165137614679
9 0.03363914373088685
8 0.03363914373088685
0 0.03058103975535168
7 0.027522935779816515
1 0.027522935779816515
6 0.01834862385321101
4 0.01834862385321101
5 0.01529051987767584
2 0.01529051987767584
doc : 44
3 0.7823343848580442
8 0.0473186119873817
9 0.025236593059936908
7 0.022082018927444793
4 0.022082018927444793
2 0.022082018927444793
0 0.022082018927444793
6 0.01892744479495268
5 0.01892744479495268
1 0.01892744479495268
doc : 45
6 0.35220125786163525
0 0.11949685534591195
7 0.09433962264150944
3 0.09433962264150944
1 0.06918238993710692
9 0.05660377358490566
8 0.05660377358490566
2 0.05660377358490566
5 0.050314465408805034
4 0.050314465408805034
doc : 46
0 0.6869009584664536
1 0.06070287539936102
8 0.05750798722044728
3 0.038338658146964855
7 0.03194888178913738
6 0.03194888178913738
9 0.025559105431309903
4 0.025559105431309903
5 0.022364217252396165
2 0.019169329073482427
doc : 47
0 0.756007393715342
1 0.053604436229205174
8 0.04621072088724584
7 0.031423290203327174
6 0.022181146025878003
2 0.022181146025878003
9 0.018484288354898334
5 0.0166358595194085
4 0.0166358595194085
3 0.0166358595194085
doc : 48
0 0.6271186440677966
1 0.08474576271186442
6 0.0774818401937046
2 0.04600484261501211
5 0.03389830508474576
9 0.031476997578692496
3 0.031476997578692496
8 0.026634382566585957
4 0.02421307506053269
7 0.01694915254237288
doc : 49
3 0.8044692737430168
8 0.0335195530726257
0 0.025139664804469275
9 0.0223463687150838
6 0.0223463687150838
7 0.019553072625698324
5 0.019553072625698324
1 0.019553072625698324
4 0.01675977653631285
2 0.01675977653631285
