doc : 0
6 0.7829181494661921
7 0.054270462633451956
3 0.046263345195729534
5 0.029359430604982206
4 0.027580071174377222
1 0.01779359430604982
8 0.013345195729537365
2 0.010676156583629894
9 0.00889679715302491
0 0.00889679715302491
doc : 1
1 0.689873417721519
8 0.0379746835443038
7 0.0379746835443038
4 0.0379746835443038
2 0.0379746835443038
9 0.03164556962025317
6 0.03164556962025317
5 0.03164556962025317
3 0.03164556962025317
0 0.03164556962025317
doc : 2
1 0.7000000000000001
9 0.03333333333333333
8 0.03333333333333333
7 0.03333333333333333
6 0.03333333333333333
5 0.03333333333333333
4 0.03333333333333333
3 0.03333333333333333
2 0.03333333333333333
0 0.03333333333333333
doc : 3
1 0.5916666666666667
7 0.05
5 0.05
3 0.05
2 0.05
9 0.041666666666666664
8 0.041666666666666664
6 0.041666666666666664
4 0.041666666666666664
0 0.041666666666666664
doc : 4
1 0.6097560975609757
7 0.04878048780487805
3 0.04878048780487805
2 0.04878048780487805
9 0.04065040650406505
8 0.04065040650406505
6 0.04065040650406505
5 0.04065040650406505
4 0.04065040650406505
0 0.04065040650406505
doc : 5
8 0.6854460093896714
2 0.056338028169014086
1 0.056338028169014086
4 0.04225352112676056
9 0.03286384976525822
7 0.03286384976525822
6 0.023474178403755867
5 0.023474178403755867
3 0.023474178403755867
0 0.023474178403755867
doc : 6
4 0.9138121546961326
6 0.01988950276243094
3 0.015469613259668509
8 0.00994475138121547
9 0.0077348066298342545
2 0.0077348066298342545
1 0.0077348066298342545
5 0.0066298342541436465
7 0.005524861878453039
0 0.005524861878453039
doc : 7
4 0.9149171270718233
6 0.020994475138121547
3 0.01657458563535912
2 0.008839779005524863
8 0.0077348066298342545
1 0.0077348066298342545
5 0.0066298342541436465
9 0.005524861878453039
7 0.005524861878453039
0 0.005524861878453039
doc : 8
5 0.847027972027972
6 0.09353146853146853
8 0.0118006993006993
3 0.01048951048951049
7 0.009615384615384616
2 0.008304195804195804
1 0.006118881118881119
9 0.005244755244755245
4 0.005244755244755245
0 0.0026223776223776225
doc : 9
1 0.697986577181208
9 0.03355704697986577
8 0.03355704697986577
7 0.03355704697986577
6 0.03355704697986577
5 0.03355704697986577
4 0.03355704697986577
3 0.03355704697986577
2 0.03355704697986577
0 0.03355704697986577
doc : 10
1 0.6
7 0.052173913043478265
9 0.043478260869565216
8 0.043478260869565216
6 0.043478260869565216
5 0.043478260869565216
4 0.043478260869565216
3 0.043478260869565216
2 0.043478260869565216
0 0.043478260869565216
doc : 11
1 0.6083333333333333
7 0.058333333333333334
9 0.041666666666666664
8 0.041666666666666664
6 0.041666666666666664
5 0.041666666666666664
4 0.041666666666666664
3 0.041666666666666664
2 0.041666666666666664
0 0.041666666666666664
doc : 12
6 0.519434628975265
4 0.2040636042402827
8 0.1157243816254417
2 0.05653710247349823
3 0.028268551236749116
7 0.018551236749116608
1 0.018551236749116608
9 0.015017667844522967
5 0.015017667844522967
0 0.0088339222614841
doc : 13
2 0.8502673796791443
1 0.0213903743315508
6 0.01871657754010695
5 0.01871657754010695
4 0.01871657754010695
9 0.0160427807486631
3 0.0160427807486631
8 0.013368983957219251
7 0.013368983957219251
0 0.013368983957219251
doc : 14
5 0.7242339832869081
3 0.04735376044568245
8 0.04456824512534819
1 0.03899721448467967
2 0.033426183844011144
7 0.03064066852367688
4 0.025069637883008356
9 0.022284122562674095
6 0.016713091922005572
0 0.016713091922005572
doc : 15
7 0.4524714828897338
8 0.1634980988593156
4 0.09125475285171103
6 0.060836501901140684
3 0.053231939163498096
2 0.049429657794676805
9 0.03802281368821293
1 0.03802281368821293
5 0.030418250950570342
0 0.022813688212927757
doc : 16
7 0.6159090909090909
6 0.12954545454545455
1 0.06363636363636363
2 0.038636363636363635
8 0.03409090909090909
3 0.02727272727272727
5 0.024999999999999998
0 0.024999999999999998
9 0.020454545454545454
4 0.020454545454545454
doc : 17
6 0.3119266055045872
3 0.11926605504587157
2 0.10091743119266056
7 0.09174311926605505
1 0.09174311926605505
4 0.08256880733944955
9 0.05504587155963303
0 0.05504587155963303
8 0.045871559633027525
5 0.045871559633027525
doc : 18
8 0.649402390438247
1 0.11155378486055777
2 0.043824701195219126
9 0.03187250996015936
7 0.03187250996015936
6 0.03187250996015936
4 0.03187250996015936
5 0.02390438247011952
0 0.02390438247011952
3 0.0199203187250996
doc : 19
2 0.7761467889908258
4 0.05688073394495413
8 0.03853211009174312
3 0.031192660550458717
1 0.02018348623853211
5 0.01651376146788991
0 0.01651376146788991
9 0.014678899082568808
7 0.014678899082568808
6 0.014678899082568808
doc : 20
6 0.5979166666666667
4 0.09166666666666666
8 0.07708333333333334
2 0.07083333333333333
1 0.05625
7 0.035416666666666666
3 0.025
0 0.01875
9 0.014583333333333334
5 0.0125
doc : 21
6 0.6224489795918366
3 0.07653061224489795
8 0.061224489795918366
2 0.0510204081632653
0 0.04081632653061224
7 0.03571428571428571
9 0.030612244897959183
5 0.030612244897959183
4 0.02551020408163265
1 0.02551020408163265
doc : 22
7 0.4318936877076412
8 0.16279069767441862
3 0.07641196013289037
1 0.07641196013289037
2 0.06976744186046512
4 0.053156146179401995
9 0.04318936877076412
6 0.04318936877076412
5 0.026578073089700997
0 0.016611295681063124
doc : 23
0 0.9710088906068804
4 0.005025125628140704
7 0.004638577502899111
9 0.003478933127174333
8 0.0030923850019327404
5 0.0030923850019327404
3 0.0030923850019327404
6 0.0023192887514495554
2 0.0023192887514495554
1 0.0019327406262079627
doc : 24
8 0.45645645645645644
6 0.12312312312312312
4 0.10810810810810811
2 0.06306306306306306
0 0.057057057057057055
9 0.05405405405405406
3 0.05405405405405406
5 0.036036036036036036
7 0.024024024024024024
1 0.024024024024024024
doc : 25
8 0.6504065040650407
2 0.0813008130081301
1 0.052845528455284556
7 0.04471544715447155
6 0.04065040650406505
0 0.032520325203252036
9 0.02845528455284553
5 0.024390243902439025
4 0.024390243902439025
3 0.020325203252032523
doc : 26
1 0.6933333333333334
8 0.04
9 0.03333333333333333
7 0.03333333333333333
6 0.03333333333333333
5 0.03333333333333333
4 0.03333333333333333
3 0.03333333333333333
2 0.03333333333333333
0 0.03333333333333333
doc : 27
8 0.19140625
6 0.15234375
7 0.14453125
5 0.09765625
3 0.09765625
4 0.08984375
2 0.0859375
9 0.06640625
1 0.0390625
0 0.03515625
doc : 28
7 0.6189555125725339
6 0.11605415860735009
8 0.08123791102514506
1 0.059961315280464215
3 0.027079303675048357
2 0.027079303675048357
4 0.025145067698259187
9 0.017408123791102514
0 0.015473887814313346
5 0.01160541586073501
doc : 29
7 0.3939393939393939
8 0.22943722943722944
4 0.0735930735930736
3 0.06926406926406926
1 0.06493506493506493
2 0.05194805194805195
5 0.03896103896103896
6 0.03463203463203463
9 0.021645021645021644
0 0.021645021645021644
doc : 30
8 0.6971608832807571
2 0.0694006309148265
1 0.044164037854889586
7 0.03470031545741325
6 0.03470031545741325
3 0.03470031545741325
4 0.031545741324921134
5 0.01892744479495268
0 0.01892744479495268
9 0.015772870662460567
doc : 31
2 0.6016260162601627
1 0.19308943089430897
8 0.052845528455284556
7 0.030487804878048783
4 0.030487804878048783
5 0.02845528455284553
3 0.020325203252032523
9 0.01829268292682927
6 0.014227642276422765
0 0.010162601626016262
doc : 32
9 0.9495798319327731
4 0.01680672268907563
6 0.011713776419658772
2 0.0053475935828877
3 0.004329004329004329
0 0.0033104150751209573
8 0.0028011204481792713
7 0.0022918258212375857
5 0.002037178507766743
1 0.0017825311942959
doc : 33
8 0.3821656050955414
1 0.1910828025477707
7 0.07643312101910829
6 0.06369426751592357
5 0.05732484076433121
4 0.050955414012738856
2 0.050955414012738856
3 0.0445859872611465
0 0.0445859872611465
9 0.038216560509554146
doc : 34
8 0.5304878048780488
6 0.14481707317073172
4 0.09908536585365854
2 0.06707317073170732
7 0.04725609756097561
3 0.027439024390243903
0 0.024390243902439025
9 0.022865853658536585
1 0.022865853658536585
5 0.013719512195121951
doc : 35
2 0.8525469168900804
8 0.021447721179624665
1 0.021447721179624665
4 0.01876675603217158
5 0.0160857908847185
0 0.0160857908847185
9 0.013404825737265416
7 0.013404825737265416
6 0.013404825737265416
3 0.013404825737265416
doc : 36
3 0.5876010781671159
4 0.10512129380053908
2 0.09164420485175202
8 0.04851752021563342
6 0.03234501347708895
0 0.03234501347708895
9 0.02964959568733154
7 0.02425876010781671
5 0.02425876010781671
1 0.02425876010781671
doc : 37
1 0.6166666666666667
9 0.05
8 0.041666666666666664
7 0.041666666666666664
6 0.041666666666666664
5 0.041666666666666664
4 0.041666666666666664
3 0.041666666666666664
2 0.041666666666666664
0 0.041666666666666664
doc : 38
1 0.6933333333333334
6 0.04
9 0.03333333333333333
8 0.03333333333333333
7 0.03333333333333333
5 0.03333333333333333
4 0.03333333333333333
3 0.03333333333333333
2 0.03333333333333333
0 0.03333333333333333
doc : 39
1 0.6
8 0.058333333333333334
7 0.05
9 0.041666666666666664
6 0.041666666666666664
5 0.041666666666666664
4 0.041666666666666664
3 0.041666666666666664
2 0.041666666666666664
0 0.041666666666666664
doc : 40
3 0.8610653487095002
6 0.042833607907743
4 0.025260845689181768
2 0.015925315760571115
5 0.010982976386600769
8 0.01043382756727073
7 0.009335529928610654
9 0.008237232289950576
0 0.008237232289950576
1 0.007688083470620538
doc : 41
1 0.7848275862068965
4 0.06620689655172413
8 0.026206896551724135
2 0.02482758620689655
6 0.020689655172413793
0 0.019310344827586205
9 0.01793103448275862
5 0.015172413793103447
7 0.013793103448275862
3 0.011034482758620689
doc : 42
4 0.7540687160940325
8 0.0759493670886076
3 0.03074141048824593
2 0.028933092224231464
1 0.0216998191681736
7 0.019891500904159132
9 0.018083182640144666
5 0.018083182640144666
6 0.0162748643761302
0 0.0162748643761302
doc : 43
4 0.2584269662921348
8 0.14606741573033707
2 0.12359550561797752
1 0.0898876404494382
3 0.07865168539325842
6 0.06741573033707865
0 0.06741573033707865
9 0.056179775280898875
7 0.056179775280898875
5 0.056179775280898875
doc : 44
0 0.45161290322580644
6 0.0967741935483871
3 0.08064516129032258
2 0.07258064516129031
8 0.06451612903225806
7 0.056451612903225805
9 0.04838709677419355
1 0.04838709677419355
5 0.04032258064516129
4 0.04032258064516129
doc : 45
4 0.5908063300678221
6 0.26752072343632255
8 0.04069329314242653
2 0.02637528259231349
7 0.024868123587038434
1 0.01733232856066315
9 0.00904295403165034
5 0.00904295403165034
3 0.007535795026375283
0 0.006782215523737754
doc : 46
7 0.8613569321533923
2 0.029498525073746312
4 0.016224188790560472
3 0.014749262536873156
1 0.014749262536873156
6 0.01327433628318584
5 0.01327433628318584
0 0.01327433628318584
9 0.011799410029498525
8 0.011799410029498525
doc : 47
1 0.6933333333333334
4 0.04
9 0.03333333333333333
8 0.03333333333333333
7 0.03333333333333333
6 0.03333333333333333
5 0.03333333333333333
3 0.03333333333333333
2 0.03333333333333333
0 0.03333333333333333
doc : 48
1 0.68
2 0.04666666666666667
4 0.04
9 0.03333333333333333
8 0.03333333333333333
7 0.03333333333333333
6 0.03333333333333333
5 0.03333333333333333
3 0.03333333333333333
0 0.03333333333333333
doc : 49
1 0.6933333333333334
7 0.04
9 0.03333333333333333
8 0.03333333333333333
6 0.03333333333333333
5 0.03333333333333333
4 0.03333333333333333
3 0.03333333333333333
2 0.03333333333333333
0 0.03333333333333333
