doc : 0
4 0.4873294346978557
5 0.391812865497076
0 0.02729044834307992
9 0.01949317738791423
6 0.017543859649122806
7 0.015594541910331383
2 0.011695906432748537
8 0.009746588693957114
3 0.009746588693957114
1 0.009746588693957114
doc : 1
5 0.45161290322580644
0 0.4032258064516129
9 0.03942652329749104
4 0.023297491039426525
1 0.01971326164874552
2 0.017921146953405017
7 0.016129032258064516
6 0.010752688172043012
8 0.008960573476702509
3 0.008960573476702509
doc : 2
0 0.5086505190311419
5 0.35294117647058826
9 0.04152249134948097
4 0.02422145328719723
1 0.01903114186851211
8 0.012110726643598616
7 0.012110726643598616
2 0.012110726643598616
6 0.00865051903114187
3 0.00865051903114187
doc : 3
5 0.4926931106471816
4 0.3778705636743215
9 0.029227557411273482
2 0.020876826722338204
7 0.016701461377870562
6 0.014613778705636741
1 0.014613778705636741
0 0.012526096033402922
8 0.010438413361169102
3 0.010438413361169102
doc : 4
5 0.6616052060737527
4 0.1540130151843818
9 0.08459869848156182
7 0.019522776572668113
2 0.015184381778741866
0 0.015184381778741866
8 0.013015184381778743
3 0.013015184381778743
1 0.013015184381778743
6 0.010845986984815618
doc : 5
7 0.6832884097035041
5 0.22371967654986524
2 0.01886792452830189
0 0.016172506738544475
4 0.013477088948787063
1 0.013477088948787063
8 0.009433962264150945
9 0.008086253369272238
6 0.006738544474393531
3 0.006738544474393531
doc : 6
9 0.5851063829787234
5 0.31382978723404253
4 0.031914893617021274
0 0.017287234042553192
1 0.011968085106382979
2 0.010638297872340425
6 0.009308510638297872
8 0.006648936170212766
7 0.006648936170212766
3 0.006648936170212766
doc : 7
3 0.7873303167420815
6 0.027149321266968326
1 0.027149321266968326
9 0.022624434389140274
8 0.022624434389140274
7 0.022624434389140274
5 0.022624434389140274
4 0.022624434389140274
2 0.022624434389140274
0 0.022624434389140274
doc : 8
3 0.8272058823529411
6 0.022058823529411763
0 0.022058823529411763
9 0.01838235294117647
8 0.01838235294117647
7 0.01838235294117647
5 0.01838235294117647
4 0.01838235294117647
2 0.01838235294117647
1 0.01838235294117647
doc : 9
2 0.746031746031746
4 0.04365079365079365
8 0.03571428571428571
7 0.031746031746031744
0 0.031746031746031744
6 0.023809523809523808
5 0.023809523809523808
1 0.023809523809523808
9 0.01984126984126984
3 0.01984126984126984
doc : 10
5 0.6593673965936739
9 0.1386861313868613
4 0.0827250608272506
7 0.024330900243309004
6 0.021897810218978103
1 0.0170316301703163
0 0.0170316301703163
8 0.014598540145985401
3 0.012165450121654502
2 0.012165450121654502
doc : 11
5 0.4610526315789474
0 0.3431578947368421
4 0.04631578947368421
9 0.042105263157894736
7 0.031578947368421054
1 0.02526315789473684
6 0.014736842105263158
3 0.014736842105263158
8 0.010526315789473684
2 0.010526315789473684
doc : 12
9 0.6425966447848286
5 0.1787016776075857
0 0.09044493070751276
4 0.043034281546316555
2 0.01312910284463895
1 0.009482129832239242
8 0.008023340627279359
7 0.005835156819839533
6 0.005105762217359592
3 0.0036469730123997084
doc : 13
5 0.5243664717348928
4 0.26900584795321636
9 0.08187134502923976
0 0.029239766081871343
1 0.023391812865497075
2 0.01949317738791423
7 0.015594541910331383
3 0.015594541910331383
6 0.011695906432748537
8 0.009746588693957114
doc : 14
5 0.41453831041257366
0 0.3791748526522593
4 0.05500982318271119
1 0.03929273084479371
9 0.03143418467583497
7 0.023575638506876224
6 0.019646365422396856
2 0.013752455795677798
8 0.011787819253438112
3 0.011787819253438112
doc : 15
6 0.6025791324736225
4 0.29073856975381007
9 0.0246189917936694
5 0.017584994138335287
3 0.0164126611957796
0 0.015240328253223915
1 0.009378663540445486
7 0.0082063305978898
2 0.0082063305978898
8 0.007033997655334114
doc : 16
1 0.737012987012987
5 0.06493506493506494
2 0.03571428571428572
7 0.03246753246753247
4 0.025974025974025976
3 0.025974025974025976
8 0.022727272727272728
9 0.01948051948051948
6 0.01948051948051948
0 0.016233766233766236
doc : 17
8 0.8887823585810163
2 0.07094918504314478
5 0.010067114093959731
1 0.005752636625119847
7 0.0052732502396931925
4 0.0052732502396931925
3 0.003835091083413231
0 0.003835091083413231
6 0.003355704697986577
9 0.0028763183125599234
doc : 18
5 0.6984126984126985
4 0.11111111111111112
9 0.04308390022675737
7 0.031746031746031744
2 0.0272108843537415
0 0.0272108843537415
1 0.018140589569160998
8 0.015873015873015872
6 0.015873015873015872
3 0.011337868480725623
doc : 19
5 0.7232142857142857
4 0.12276785714285714
9 0.033482142857142856
7 0.024553571428571428
1 0.02232142857142857
0 0.020089285714285712
6 0.015625
8 0.013392857142857142
3 0.013392857142857142
2 0.011160714285714284
doc : 20
5 0.7303370786516854
4 0.08707865168539325
9 0.033707865168539325
7 0.025280898876404494
1 0.025280898876404494
6 0.02247191011235955
2 0.02247191011235955
0 0.019662921348314606
8 0.016853932584269662
3 0.016853932584269662
doc : 21
5 0.7553516819571866
4 0.0764525993883792
9 0.03058103975535168
0 0.027522935779816515
7 0.024464831804281346
2 0.021406727828746176
3 0.01834862385321101
8 0.01529051987767584
6 0.01529051987767584
1 0.01529051987767584
doc : 22
2 0.6508379888268156
8 0.17597765363128492
3 0.036312849162011177
1 0.036312849162011177
7 0.019553072625698324
5 0.019553072625698324
9 0.01675977653631285
6 0.01675977653631285
4 0.013966480446927375
0 0.013966480446927375
doc : 23
0 0.5727272727272728
1 0.10909090909090909
3 0.07727272727272727
4 0.049999999999999996
7 0.045454545454545456
6 0.045454545454545456
9 0.02727272727272727
8 0.02727272727272727
5 0.022727272727272728
2 0.022727272727272728
doc : 24
6 0.6778783958602846
4 0.21862871927554983
5 0.028460543337645538
9 0.01552393272962484
0 0.014230271668822769
3 0.0129366106080207
7 0.01034928848641656
1 0.00905562742561449
8 0.00646830530401035
2 0.00646830530401035
doc : 25
6 0.8981818181818182
9 0.014545454545454545
3 0.014545454545454545
5 0.012727272727272728
7 0.01090909090909091
2 0.01090909090909091
0 0.01090909090909091
8 0.00909090909090909
4 0.00909090909090909
1 0.00909090909090909
doc : 26
3 0.8466257668711656
0 0.02147239263803681
7 0.018404907975460124
6 0.018404907975460124
5 0.018404907975460124
9 0.015337423312883436
8 0.015337423312883436
4 0.015337423312883436
2 0.015337423312883436
1 0.015337423312883436
doc : 27
2 0.7441860465116279
8 0.03875968992248062
5 0.03875968992248062
4 0.03488372093023256
9 0.031007751937984496
0 0.027131782945736434
7 0.023255813953488372
6 0.023255813953488372
3 0.01937984496124031
1 0.01937984496124031
doc : 28
6 0.5971615720524017
0 0.31441048034934493
9 0.02074235807860262
4 0.015283842794759825
5 0.014192139737991265
3 0.010917030567685589
2 0.00982532751091703
1 0.006550218340611353
8 0.0054585152838427945
7 0.0054585152838427945
doc : 29
6 0.5
9 0.40405904059040587
4 0.03136531365313653
5 0.019372693726937267
0 0.014760147601476014
7 0.01014760147601476
8 0.005535055350553505
3 0.005535055350553505
2 0.004612546125461255
1 0.004612546125461255
doc : 30
6 0.637749120750293
0 0.2391559202813599
5 0.0328253223915592
4 0.026963657678780773
9 0.025791324736225085
3 0.009378663540445486
1 0.0082063305978898
7 0.007033997655334114
2 0.007033997655334114
8 0.005861664712778429
doc : 31
8 0.8927704997573993
2 0.06744298884036876
1 0.009704027171276079
5 0.006792819019893256
7 0.006307617661329452
0 0.0048520135856380394
9 0.0038816108685104317
3 0.003396409509946628
6 0.0024260067928190197
4 0.0024260067928190197
doc : 32
4 0.35454545454545455
0 0.17272727272727273
9 0.16818181818181818
5 0.07727272727272727
7 0.05909090909090909
1 0.05454545454545454
8 0.031818181818181815
2 0.031818181818181815
6 0.02727272727272727
3 0.022727272727272728
doc : 33
5 0.75
7 0.033783783783783786
2 0.033783783783783786
9 0.030405405405405407
8 0.030405405405405407
4 0.030405405405405407
0 0.030405405405405407
1 0.02364864864864865
3 0.02027027027027027
6 0.016891891891891893
doc : 34
5 0.6115702479338843
7 0.1384297520661157
9 0.11983471074380166
1 0.03305785123966942
2 0.024793388429752067
4 0.02066115702479339
0 0.01652892561983471
8 0.012396694214876033
3 0.012396694214876033
6 0.010330578512396695
doc : 35
3 0.8278388278388278
6 0.02564102564102564
9 0.018315018315018316
8 0.018315018315018316
7 0.018315018315018316
5 0.018315018315018316
4 0.018315018315018316
2 0.018315018315018316
1 0.018315018315018316
0 0.018315018315018316
doc : 36
3 0.7807017543859649
6 0.03508771929824561
1 0.02631578947368421
0 0.02631578947368421
9 0.021929824561403508
8 0.021929824561403508
7 0.021929824561403508
5 0.021929824561403508
4 0.021929824561403508
2 0.021929824561403508
doc : 37
4 0.638477801268499
5 0.13107822410147993
9 0.07822410147991543
0 0.06553911205073996
2 0.021141649048625793
6 0.019027484143763214
3 0.014799154334038056
8 0.010570824524312896
7 0.010570824524312896
1 0.010570824524312896
doc : 38
0 0.34054054054054056
3 0.15135135135135136
1 0.11891891891891893
4 0.0972972972972973
9 0.07027027027027027
7 0.06486486486486487
2 0.06486486486486487
8 0.03783783783783784
6 0.02702702702702703
5 0.02702702702702703
doc : 39
5 0.4638554216867469
1 0.28112449799196787
0 0.10240963855421686
9 0.06626506024096385
4 0.01606425702811245
3 0.01606425702811245
2 0.01606425702811245
7 0.014056224899598391
8 0.012048192771084336
6 0.012048192771084336
doc : 40
4 0.5228571428571429
5 0.3028571428571429
2 0.03142857142857143
7 0.025714285714285714
6 0.022857142857142857
9 0.02
8 0.02
0 0.02
3 0.017142857142857144
1 0.017142857142857144
doc : 41
9 0.5871212121212122
5 0.16098484848484848
4 0.1553030303030303
6 0.017045454545454544
0 0.017045454545454544
3 0.015151515151515152
2 0.013257575757575758
8 0.011363636363636364
7 0.011363636363636364
1 0.011363636363636364
doc : 42
7 0.812220566318927
8 0.029806259314456036
1 0.029806259314456036
2 0.02384500745156483
5 0.022354694485842028
3 0.019374068554396422
4 0.01788375558867362
0 0.01788375558867362
9 0.01639344262295082
6 0.010432190760059613
doc : 43
1 0.5076923076923077
3 0.07692307692307693
7 0.06923076923076923
5 0.06923076923076923
9 0.05384615384615385
0 0.05384615384615385
4 0.046153846153846156
2 0.046153846153846156
8 0.038461538461538464
6 0.038461538461538464
doc : 44
1 0.16176470588235295
7 0.1323529411764706
9 0.11764705882352941
4 0.10294117647058823
5 0.08823529411764705
2 0.08823529411764705
0 0.08823529411764705
8 0.07352941176470588
6 0.07352941176470588
3 0.07352941176470588
doc : 45
2 0.7707509881422925
7 0.035573122529644265
9 0.03162055335968379
8 0.03162055335968379
5 0.02766798418972332
4 0.023715415019762844
6 0.01976284584980237
3 0.01976284584980237
1 0.01976284584980237
0 0.01976284584980237
doc : 46
2 0.748062015503876
0 0.04263565891472868
8 0.03875968992248062
5 0.03488372093023256
7 0.027131782945736434
4 0.027131782945736434
1 0.023255813953488372
9 0.01937984496124031
6 0.01937984496124031
3 0.01937984496124031
doc : 47
6 0.6769041769041769
0 0.19901719901719903
4 0.02457002457002457
5 0.02334152334152334
9 0.022113022113022112
3 0.014742014742014743
1 0.012285012285012284
7 0.011056511056511056
2 0.009828009828009828
8 0.006142506142506142
doc : 48
1 0.7005347593582887
6 0.053475935828877004
9 0.0374331550802139
8 0.0320855614973262
7 0.0320855614973262
2 0.0320855614973262
0 0.0320855614973262
5 0.026737967914438502
4 0.026737967914438502
3 0.026737967914438502
doc : 49
5 0.47761194029850745
1 0.35074626865671643
4 0.04477611940298507
9 0.03482587064676617
2 0.02487562189054726
3 0.014925373134328358
0 0.014925373134328358
8 0.01243781094527363
7 0.01243781094527363
6 0.01243781094527363
