doc : 0
5 0.4046511627906977
4 0.2186046511627907
1 0.10232558139534884
7 0.06511627906976744
2 0.06511627906976744
8 0.037209302325581395
9 0.027906976744186046
6 0.027906976744186046
0 0.027906976744186046
3 0.023255813953488372
doc : 1
4 0.23952095808383234
5 0.2095808383233533
7 0.15568862275449102
2 0.08982035928143713
0 0.0658682634730539
1 0.059880239520958084
3 0.05389221556886228
6 0.04790419161676647
9 0.04191616766467066
8 0.035928143712574856
doc : 2
4 0.27530364372469635
6 0.22672064777327935
5 0.12550607287449392
2 0.08502024291497975
1 0.07692307692307693
0 0.0728744939271255
7 0.04048582995951417
3 0.03643724696356275
9 0.032388663967611336
8 0.02834008097165992
doc : 3
4 0.203125
8 0.1328125
5 0.125
1 0.109375
0 0.09375
7 0.0859375
9 0.078125
6 0.0703125
2 0.0546875
3 0.046875
doc : 4
5 0.7455089820359282
4 0.11377245508982037
2 0.035928143712574856
6 0.02095808383233533
0 0.017964071856287428
7 0.016467065868263474
8 0.014970059880239521
1 0.014970059880239521
3 0.011976047904191617
9 0.0074850299401197605
doc : 5
5 0.610441767068273
4 0.10441767068273092
6 0.056224899598393566
0 0.056224899598393566
2 0.03614457831325301
8 0.0321285140562249
7 0.0321285140562249
9 0.028112449799196783
3 0.024096385542168672
1 0.020080321285140562
doc : 6
0 0.4330708661417323
6 0.2047244094488189
5 0.09448818897637795
2 0.06299212598425197
7 0.051181102362204724
4 0.04330708661417323
8 0.03543307086614173
3 0.031496062992125984
9 0.023622047244094488
1 0.01968503937007874
doc : 7
5 0.5625
1 0.08223684210526315
4 0.06907894736842105
2 0.06578947368421052
6 0.0625
7 0.039473684210526314
0 0.039473684210526314
9 0.02631578947368421
8 0.02631578947368421
3 0.02631578947368421
doc : 8
9 0.5726010101010102
8 0.384469696969697
0 0.011363636363636364
1 0.007575757575757576
7 0.005050505050505051
4 0.005050505050505051
5 0.003787878787878788
2 0.003787878787878788
6 0.003156565656565657
3 0.003156565656565657
doc : 9
5 0.61
4 0.09333333333333334
7 0.08
6 0.07666666666666667
0 0.043333333333333335
2 0.023333333333333334
1 0.023333333333333334
9 0.016666666666666666
8 0.016666666666666666
3 0.016666666666666666
doc : 10
6 0.8386411889596603
4 0.050955414012738856
7 0.01910828025477707
2 0.01910828025477707
0 0.014861995753715499
5 0.012738853503184714
1 0.012738853503184714
9 0.010615711252653927
8 0.010615711252653927
3 0.010615711252653927
doc : 11
5 0.5134575569358178
7 0.14285714285714288
4 0.12836438923395446
1 0.06418219461697723
2 0.04347826086956522
6 0.039337474120082816
3 0.02484472049689441
0 0.018633540372670808
9 0.012422360248447206
8 0.012422360248447206
doc : 12
7 0.6944858420268256
5 0.09836065573770492
4 0.06855439642324888
2 0.03576751117734724
6 0.02682563338301043
0 0.020864381520119227
9 0.019374068554396422
8 0.014903129657228018
1 0.011922503725782414
3 0.00894187779433681
doc : 13
5 0.2585551330798479
9 0.21292775665399238
7 0.17110266159695817
4 0.09505703422053231
2 0.07604562737642585
0 0.060836501901140684
3 0.03802281368821293
8 0.034220532319391636
6 0.034220532319391636
1 0.019011406844106463
doc : 14
5 0.40606060606060607
4 0.16363636363636364
2 0.09696969696969697
6 0.07272727272727272
7 0.05454545454545454
0 0.05454545454545454
9 0.048484848484848485
8 0.03636363636363636
3 0.03636363636363636
1 0.030303030303030304
doc : 15
7 0.7100591715976331
9 0.056213017751479286
0 0.05029585798816568
2 0.04142011834319526
4 0.038461538461538464
5 0.03254437869822485
6 0.02071005917159763
8 0.01775147928994083
3 0.01775147928994083
1 0.014792899408284023
doc : 16
9 0.92018779342723
7 0.04024144869215292
0 0.007377598926894702
8 0.006036217303822937
4 0.0053655264922870555
3 0.0053655264922870555
6 0.004694835680751174
2 0.004024144869215292
5 0.0033534540576794095
1 0.0033534540576794095
doc : 17
4 0.8275862068965517
7 0.034482758620689655
9 0.022988505747126436
2 0.022988505747126436
0 0.020114942528735632
8 0.014367816091954023
6 0.014367816091954023
5 0.014367816091954023
3 0.014367816091954023
1 0.014367816091954023
doc : 18
0 0.5460992907801419
2 0.1702127659574468
9 0.07801418439716312
5 0.05673758865248227
7 0.0425531914893617
4 0.0425531914893617
6 0.030141843971631204
3 0.012411347517730497
8 0.010638297872340425
1 0.010638297872340425
doc : 19
6 0.6187050359712231
9 0.08992805755395684
8 0.05755395683453238
7 0.05755395683453238
5 0.03956834532374101
4 0.03597122302158273
2 0.03237410071942446
3 0.025179856115107917
0 0.025179856115107917
1 0.017985611510791366
doc : 20
0 0.7256162915326902
9 0.1939978563772776
3 0.01929260450160772
7 0.010718113612004287
6 0.010718113612004287
2 0.00964630225080386
1 0.00857449088960343
8 0.007502679528403001
4 0.007502679528403001
5 0.006430868167202572
doc : 21
6 0.4779874213836478
2 0.11320754716981132
4 0.10062893081761007
5 0.07547169811320756
9 0.04402515723270441
7 0.04402515723270441
0 0.04402515723270441
3 0.03773584905660378
8 0.031446540880503145
1 0.031446540880503145
doc : 22
6 0.875
7 0.017857142857142856
9 0.015873015873015872
4 0.015873015873015872
8 0.013888888888888888
5 0.013888888888888888
0 0.013888888888888888
3 0.011904761904761904
2 0.011904761904761904
1 0.00992063492063492
doc : 23
6 0.6948717948717948
9 0.11923076923076924
7 0.07692307692307693
0 0.029487179487179487
4 0.023076923076923078
2 0.023076923076923078
5 0.010256410256410256
1 0.008974358974358974
3 0.007692307692307693
8 0.00641025641025641
doc : 24
7 0.6602409638554217
2 0.13734939759036147
6 0.04819277108433735
0 0.033734939759036145
5 0.03132530120481928
9 0.02168674698795181
8 0.02168674698795181
4 0.01927710843373494
3 0.014457831325301207
1 0.012048192771084338
doc : 25
4 0.8426763110307414
7 0.023508137432188065
6 0.0216998191681736
5 0.0216998191681736
2 0.0216998191681736
0 0.018083182640144666
1 0.0162748643761302
9 0.012658227848101266
8 0.0108499095840868
3 0.0108499095840868
doc : 26
7 0.7268408551068883
0 0.061757719714964375
4 0.040380047505938245
2 0.040380047505938245
5 0.026128266033254157
8 0.023752969121140145
6 0.023752969121140145
3 0.02137767220902613
9 0.019002375296912115
1 0.0166270783847981
doc : 27
2 0.8291139240506329
4 0.028481012658227847
8 0.022151898734177215
9 0.0189873417721519
6 0.0189873417721519
0 0.0189873417721519
7 0.015822784810126583
5 0.015822784810126583
3 0.015822784810126583
1 0.015822784810126583
doc : 28
3 0.8449837015574068
9 0.1293009779065556
0 0.007605939876856212
7 0.005795001810938066
2 0.0025353132922854038
8 0.0021731256791017745
5 0.0021731256791017745
6 0.0018109380659181457
4 0.0018109380659181457
1 0.0018109380659181457
doc : 29
7 0.642156862745098
8 0.05392156862745098
2 0.049019607843137254
9 0.044117647058823525
4 0.044117647058823525
6 0.0392156862745098
0 0.0392156862745098
1 0.03431372549019608
5 0.029411764705882353
3 0.024509803921568627
doc : 30
9 0.5845959595959597
8 0.37689393939393945
1 0.00883838383838384
0 0.005681818181818182
6 0.005050505050505051
2 0.005050505050505051
7 0.003787878787878788
5 0.003787878787878788
4 0.003156565656565657
3 0.003156565656565657
doc : 31
5 0.4939759036144578
4 0.14457831325301204
6 0.08032128514056225
7 0.0642570281124498
2 0.06024096385542168
1 0.040160642570281124
9 0.0321285140562249
8 0.0321285140562249
3 0.0321285140562249
0 0.020080321285140562
doc : 32
2 0.8386167146974063
9 0.03170028818443804
4 0.02593659942363112
5 0.017291066282420747
8 0.01440922190201729
7 0.01440922190201729
6 0.01440922190201729
3 0.01440922190201729
1 0.01440922190201729
0 0.01440922190201729
doc : 33
2 0.8020050125313283
9 0.047619047619047616
4 0.02756892230576441
5 0.02506265664160401
0 0.022556390977443608
6 0.017543859649122806
8 0.015037593984962405
3 0.015037593984962405
1 0.015037593984962405
7 0.012531328320802004
doc : 34
2 0.8024316109422492
9 0.04559270516717325
4 0.0243161094224924
7 0.02127659574468085
6 0.02127659574468085
0 0.02127659574468085
8 0.0182370820668693
5 0.015197568389057751
3 0.015197568389057751
1 0.015197568389057751
doc : 35
5 0.4626865671641791
4 0.09701492537313433
6 0.08208955223880597
2 0.07462686567164178
8 0.05223880597014925
3 0.05223880597014925
9 0.04477611940298507
7 0.04477611940298507
1 0.04477611940298507
0 0.04477611940298507
doc : 36
7 0.6684350132625995
9 0.11140583554376657
2 0.08753315649867374
4 0.02652519893899204
0 0.023872679045092837
5 0.01856763925729443
3 0.01856763925729443
6 0.015915119363395226
1 0.015915119363395226
8 0.01326259946949602
doc : 37
7 0.6666666666666666
2 0.10576923076923077
9 0.0673076923076923
6 0.03205128205128205
4 0.02564102564102564
0 0.02564102564102564
8 0.022435897435897436
5 0.022435897435897436
3 0.016025641025641024
1 0.016025641025641024
doc : 38
7 0.602247191011236
9 0.20224719101123598
2 0.05393258426966292
0 0.03146067415730337
4 0.02471910112359551
3 0.02471910112359551
6 0.017977528089887642
8 0.015730337078651686
5 0.01348314606741573
1 0.01348314606741573
doc : 39
5 0.36923076923076925
4 0.16923076923076924
2 0.1076923076923077
0 0.08205128205128205
6 0.06666666666666667
9 0.05128205128205128
7 0.046153846153846156
1 0.041025641025641026
8 0.035897435897435895
3 0.03076923076923077
doc : 40
2 0.8112582781456954
9 0.039735099337748346
7 0.023178807947019868
4 0.023178807947019868
6 0.019867549668874173
8 0.016556291390728478
5 0.016556291390728478
3 0.016556291390728478
1 0.016556291390728478
0 0.016556291390728478
doc : 41
2 0.8034188034188035
9 0.04843304843304844
7 0.022792022792022793
5 0.022792022792022793
4 0.022792022792022793
6 0.019943019943019943
8 0.017094017094017096
3 0.014245014245014245
1 0.014245014245014245
0 0.014245014245014245
doc : 42
5 0.35265700483091783
4 0.24637681159420288
2 0.09178743961352656
6 0.07729468599033816
0 0.06280193236714976
8 0.03864734299516908
1 0.03864734299516908
7 0.033816425120772944
9 0.02898550724637681
3 0.02898550724637681
doc : 43
1 0.8452183526810392
8 0.1384742951907131
5 0.00359314538419016
9 0.002211166390270868
6 0.002211166390270868
7 0.0019347705914870093
2 0.0019347705914870093
3 0.0016583747927031507
4 0.0013819789939192924
0 0.0013819789939192924
doc : 44
4 0.8308457711442786
7 0.03980099502487562
9 0.01990049751243781
6 0.01990049751243781
2 0.01990049751243781
0 0.017412935323383085
5 0.014925373134328358
8 0.01243781094527363
3 0.01243781094527363
1 0.01243781094527363
doc : 45
4 0.8571428571428572
2 0.024630541871921183
5 0.019704433497536946
9 0.017241379310344827
8 0.014778325123152709
6 0.014778325123152709
0 0.014778325123152709
7 0.012315270935960592
3 0.012315270935960592
1 0.012315270935960592
doc : 46
4 0.8720173535791758
2 0.019522776572668113
9 0.015184381778741866
8 0.015184381778741866
5 0.015184381778741866
0 0.015184381778741866
7 0.013015184381778743
1 0.013015184381778743
6 0.010845986984815618
3 0.010845986984815618
doc : 47
4 0.8668122270742358
9 0.021834061135371178
1 0.017467248908296942
8 0.015283842794759825
5 0.015283842794759825
2 0.015283842794759825
0 0.015283842794759825
7 0.010917030567685589
6 0.010917030567685589
3 0.010917030567685589
doc : 48
4 0.8627906976744186
6 0.020930232558139535
9 0.018604651162790697
5 0.01627906976744186
2 0.01627906976744186
7 0.013953488372093023
1 0.013953488372093023
0 0.013953488372093023
8 0.011627906976744186
3 0.011627906976744186
doc : 49
4 0.8510101010101011
9 0.025252525252525256
2 0.022727272727272728
6 0.01767676767676768
5 0.015151515151515152
1 0.015151515151515152
0 0.015151515151515152
8 0.012626262626262628
7 0.012626262626262628
3 0.012626262626262628
