doc : 0
7 0.3793103448275862
9 0.28078817733990147
6 0.07389162561576355
5 0.06403940886699508
3 0.04433497536945813
4 0.034482758620689655
2 0.034482758620689655
0 0.034482758620689655
1 0.029556650246305417
8 0.024630541871921183
doc : 1
4 0.6350574712643678
7 0.12643678160919541
9 0.07758620689655173
1 0.037356321839080456
5 0.033045977011494254
6 0.027298850574712645
2 0.022988505747126436
3 0.018678160919540228
0 0.011494252873563218
8 0.010057471264367816
doc : 2
7 0.3381294964028777
9 0.19424460431654678
4 0.08633093525179857
5 0.07913669064748202
1 0.07194244604316546
6 0.05755395683453238
2 0.05035971223021583
0 0.05035971223021583
8 0.03597122302158273
3 0.03597122302158273
doc : 3
7 0.4878048780487805
9 0.1024390243902439
1 0.06829268292682927
6 0.06341463414634146
2 0.058536585365853655
5 0.04878048780487805
4 0.04878048780487805
3 0.04878048780487805
0 0.03902439024390244
8 0.03414634146341464
doc : 4
6 0.5721561969439728
2 0.13752122241086587
9 0.08828522920203735
7 0.059422750424448216
0 0.03225806451612903
5 0.028862478777589132
8 0.027164685908319185
3 0.025466893039049237
1 0.015280135823429542
4 0.013582342954159592
doc : 5
3 0.9355797819623389
1 0.009910802775024777
0 0.009910802775024777
4 0.008919722497522299
8 0.007928642220019821
9 0.005946481665014866
6 0.005946481665014866
5 0.005946481665014866
7 0.004955401387512388
2 0.004955401387512388
doc : 6
3 0.9323383084577114
8 0.01691542288557214
1 0.008955223880597014
7 0.006965174129353233
4 0.006965174129353233
6 0.0059701492537313425
2 0.0059701492537313425
0 0.0059701492537313425
9 0.004975124378109453
5 0.004975124378109453
doc : 7
3 0.8908794788273616
1 0.026058631921824105
8 0.01465798045602606
0 0.011400651465798045
9 0.00977198697068404
7 0.00977198697068404
6 0.00977198697068404
5 0.00977198697068404
4 0.00977198697068404
2 0.008143322475570033
doc : 8
2 0.8135860979462876
3 0.037914691943127965
7 0.03317535545023697
9 0.022116903633491312
1 0.022116903633491312
0 0.018957345971563982
8 0.014218009478672985
6 0.01263823064770932
5 0.01263823064770932
4 0.01263823064770932
doc : 9
2 0.8590425531914894
3 0.03324468085106383
8 0.0199468085106383
5 0.0199468085106383
7 0.018617021276595744
4 0.011968085106382979
1 0.011968085106382979
9 0.010638297872340425
6 0.007978723404255319
0 0.006648936170212766
doc : 10
0 0.3660436137071651
8 0.32242990654205606
4 0.16043613707165108
1 0.05763239875389408
3 0.0264797507788162
5 0.018691588785046728
9 0.01557632398753894
7 0.010903426791277258
6 0.010903426791277258
2 0.010903426791277258
doc : 11
3 0.9207135777998018
1 0.015857284440039643
4 0.013875123885034688
8 0.010901883052527254
2 0.007928642220019821
0 0.007928642220019821
6 0.006937561942517344
5 0.005946481665014866
9 0.004955401387512388
7 0.004955401387512388
doc : 12
3 0.9393034825870646
0 0.009950248756218905
4 0.007960199004975124
8 0.006965174129353233
7 0.006965174129353233
1 0.006965174129353233
6 0.0059701492537313425
2 0.0059701492537313425
9 0.004975124378109453
5 0.004975124378109453
doc : 13
5 0.3233256351039261
0 0.3094688221709007
8 0.08545034642032333
1 0.06235565819861432
3 0.057736720554272515
4 0.03926096997690531
9 0.03464203233256351
7 0.03464203233256351
6 0.03002309468822171
2 0.023094688221709007
doc : 14
1 0.5196195005945303
8 0.1605231866825208
4 0.1426872770511296
3 0.08085612366230677
6 0.047562425683709865
9 0.01426872770511296
0 0.011890606420927466
2 0.009512485136741973
5 0.00713436385255648
7 0.005945303210463733
doc : 15
2 0.7561643835616438
4 0.0547945205479452
9 0.038356164383561646
8 0.0273972602739726
1 0.0273972602739726
7 0.024657534246575342
5 0.019178082191780823
0 0.019178082191780823
6 0.016438356164383564
3 0.016438356164383564
doc : 16
5 0.6510416666666666
0 0.19010416666666666
8 0.026041666666666664
6 0.026041666666666664
1 0.0234375
3 0.020833333333333332
2 0.018229166666666664
7 0.015625
4 0.015625
9 0.013020833333333332
doc : 17
5 0.6961325966850829
0 0.1408839779005525
3 0.03591160220994475
8 0.024861878453038673
1 0.022099447513812154
4 0.019337016574585635
9 0.016574585635359115
6 0.016574585635359115
7 0.013812154696132596
2 0.013812154696132596
doc : 18
5 0.6578313253012049
0 0.1710843373493976
3 0.033734939759036145
1 0.026506024096385545
6 0.024096385542168676
8 0.01927710843373494
7 0.01927710843373494
4 0.016867469879518072
2 0.016867469879518072
9 0.014457831325301207
doc : 19
5 0.665
0 0.17
3 0.0325
6 0.025
7 0.0225
8 0.02
2 0.02
1 0.0175
4 0.015
9 0.0125
doc : 20
7 0.5867924528301887
0 0.14150943396226415
9 0.09056603773584906
2 0.03773584905660377
4 0.03207547169811321
8 0.02830188679245283
1 0.024528301886792454
6 0.020754716981132074
3 0.020754716981132074
5 0.016981132075471698
doc : 21
0 0.30517711171662126
5 0.22888283378746593
8 0.2125340599455041
1 0.07901907356948229
7 0.06403269754768393
6 0.027247956403269755
3 0.024523160762942777
2 0.024523160762942777
9 0.020435967302452316
4 0.013623978201634877
doc : 22
7 0.751918158567775
2 0.04859335038363172
5 0.03324808184143223
4 0.03324808184143223
9 0.030690537084398978
8 0.02813299232736573
6 0.023017902813299233
0 0.020460358056265986
1 0.01790281329923274
3 0.012787723785166242
doc : 23
3 0.6666666666666666
0 0.10204081632653061
9 0.061224489795918366
1 0.031746031746031744
8 0.0272108843537415
7 0.0272108843537415
4 0.024943310657596373
2 0.024943310657596373
5 0.022675736961451247
6 0.011337868480725623
doc : 24
7 0.5984251968503937
8 0.0826771653543307
5 0.06692913385826771
9 0.047244094488188976
1 0.047244094488188976
3 0.03543307086614173
2 0.03543307086614173
0 0.03543307086614173
6 0.031496062992125984
4 0.01968503937007874
doc : 25
0 0.5667311411992263
8 0.13152804642166344
1 0.10444874274661509
6 0.04835589941972921
7 0.03288201160541586
3 0.03288201160541586
9 0.030947775628626693
5 0.019342359767891684
4 0.017408123791102514
2 0.015473887814313346
doc : 26
0 0.4399585921325052
3 0.24430641821946172
8 0.14389233954451347
1 0.056935817805383024
6 0.04658385093167702
9 0.019668737060041408
7 0.014492753623188408
4 0.014492753623188408
2 0.010351966873706004
5 0.009316770186335404
doc : 27
3 0.6917808219178082
0 0.1004566210045662
8 0.04794520547945205
9 0.04337899543378995
4 0.02511415525114155
6 0.0228310502283105
2 0.0228310502283105
1 0.0182648401826484
7 0.0136986301369863
5 0.0136986301369863
doc : 28
3 0.641552511415525
0 0.136986301369863
9 0.05251141552511415
8 0.0410958904109589
7 0.02968036529680365
2 0.0273972602739726
4 0.02511415525114155
5 0.01598173515981735
1 0.01598173515981735
6 0.0136986301369863
doc : 29
4 0.4585987261146497
8 0.2770700636942675
0 0.13694267515923567
3 0.06581740976645435
6 0.016985138004246284
1 0.013800424628450107
7 0.009554140127388535
5 0.009554140127388535
2 0.006369426751592357
9 0.005307855626326964
doc : 30
8 0.8868965517241378
3 0.02482758620689655
1 0.01793103448275862
6 0.012413793103448275
0 0.012413793103448275
9 0.011034482758620689
7 0.009655172413793102
4 0.009655172413793102
5 0.008275862068965516
2 0.006896551724137931
doc : 31
8 0.8837837837837839
4 0.02027027027027027
1 0.01756756756756757
9 0.016216216216216217
3 0.016216216216216217
7 0.014864864864864866
6 0.00945945945945946
0 0.008108108108108109
5 0.006756756756756757
2 0.006756756756756757
doc : 32
5 0.3913043478260869
8 0.2569169960474308
3 0.06324110671936758
0 0.05138339920948616
9 0.04743083003952569
1 0.04743083003952569
7 0.043478260869565216
6 0.03952569169960474
2 0.03162055335968379
4 0.02766798418972332
doc : 33
6 0.648964896489649
2 0.1917191719171917
4 0.1026102610261026
9 0.0153015301530153
8 0.008100810081008101
0 0.008100810081008101
7 0.0072007200720072
3 0.0072007200720072
1 0.0063006300630063005
5 0.004500450045004501
doc : 34
8 0.9006896551724137
1 0.020689655172413793
3 0.01655172413793103
7 0.013793103448275862
9 0.009655172413793102
6 0.008275862068965516
4 0.008275862068965516
2 0.008275862068965516
5 0.006896551724137931
0 0.006896551724137931
doc : 35
8 0.87248322147651
4 0.028187919463087248
3 0.024161073825503355
1 0.0174496644295302
9 0.01476510067114094
2 0.010738255033557046
0 0.010738255033557046
7 0.008053691275167784
6 0.006711409395973154
5 0.006711409395973154
doc : 36
8 0.7328990228013029
4 0.12866449511400652
1 0.02931596091205212
0 0.027687296416938113
3 0.021172638436482087
6 0.016286644951140065
9 0.013029315960912053
5 0.011400651465798045
2 0.011400651465798045
7 0.008143322475570033
doc : 37
6 0.6435643564356436
2 0.20162016201620162
4 0.08730873087308731
9 0.017101710171017102
5 0.010801080108010801
1 0.010801080108010801
0 0.009900990099009901
3 0.0072007200720072
7 0.0063006300630063005
8 0.0054005400540054005
doc : 38
9 0.3935483870967742
5 0.34516129032258064
2 0.05806451612903226
7 0.04516129032258064
1 0.035483870967741936
0 0.03225806451612903
8 0.02903225806451613
6 0.02258064516129032
3 0.02258064516129032
4 0.016129032258064516
doc : 39
8 0.3919597989949749
7 0.228643216080402
0 0.09547738693467336
5 0.09045226130653267
1 0.04773869346733668
4 0.04020100502512563
9 0.03015075376884422
2 0.03015075376884422
3 0.02512562814070352
6 0.020100502512562814
doc : 40
0 0.5720053835800808
8 0.33378196500672946
1 0.026917900403768506
9 0.013458950201884253
7 0.010767160161507403
4 0.010767160161507403
5 0.009421265141318977
6 0.008075370121130552
2 0.008075370121130552
3 0.006729475100942127
doc : 41
3 0.32460732984293195
8 0.24083769633507854
1 0.22338568935427575
0 0.04712041884816754
6 0.04013961605584642
4 0.03315881326352531
7 0.027923211169284468
9 0.02443280977312391
5 0.019197207678883072
2 0.019197207678883072
doc : 42
2 0.5241379310344827
9 0.08275862068965517
4 0.07586206896551724
7 0.06896551724137931
6 0.05862068965517241
1 0.04827586206896552
5 0.04482758620689655
8 0.034482758620689655
0 0.034482758620689655
3 0.027586206896551724
doc : 43
7 0.3235294117647059
5 0.08823529411764705
9 0.08088235294117647
8 0.08088235294117647
6 0.08088235294117647
3 0.08088235294117647
4 0.07352941176470588
2 0.0661764705882353
1 0.0661764705882353
0 0.058823529411764705
doc : 44
2 0.7819148936170213
9 0.03723404255319149
1 0.034574468085106384
7 0.023936170212765957
6 0.023936170212765957
5 0.023936170212765957
4 0.023936170212765957
3 0.018617021276595744
0 0.018617021276595744
8 0.013297872340425532
doc : 45
8 0.3624031007751938
3 0.3275193798449612
1 0.1434108527131783
0 0.04457364341085271
7 0.025193798449612403
6 0.025193798449612403
9 0.01937984496124031
5 0.01937984496124031
4 0.01744186046511628
2 0.015503875968992248
doc : 46
1 0.7308673469387754
8 0.13329081632653061
4 0.05676020408163265
3 0.03252551020408163
0 0.01721938775510204
6 0.008290816326530611
9 0.005739795918367346
5 0.005739795918367346
2 0.00510204081632653
7 0.004464285714285714
doc : 47
1 0.808993399339934
8 0.10396039603960396
3 0.028052805280528052
0 0.02268976897689769
9 0.011551155115511552
4 0.006188118811881188
6 0.005363036303630363
5 0.005363036303630363
7 0.0049504950495049506
2 0.002887788778877888
doc : 48
6 0.4124548736462094
0 0.33664259927797835
4 0.10379061371841156
8 0.08664259927797835
1 0.02075812274368231
9 0.009927797833935019
3 0.009927797833935019
2 0.009025270758122744
5 0.006317689530685921
7 0.004512635379061372
doc : 49
0 0.5794556628621598
8 0.24846356453028973
1 0.07199297629499561
6 0.025460930640913083
2 0.01755926251097454
4 0.016681299385425813
9 0.012291483757682178
7 0.009657594381035996
3 0.009657594381035996
5 0.00877963125548727
doc : 50
8 0.7914798206278026
4 0.09865470852017937
0 0.03811659192825112
7 0.014573991031390135
3 0.014573991031390135
9 0.013452914798206279
6 0.010089686098654708
5 0.007847533632286996
2 0.005605381165919282
1 0.005605381165919282
doc : 51
6 0.3916967509025271
0 0.37274368231046934
4 0.10198555956678701
8 0.07129963898916968
1 0.01624548736462094
3 0.011732851985559567
9 0.010830324909747294
2 0.009025270758122744
7 0.00812274368231047
5 0.006317689530685921
doc : 52
3 0.8925081433224756
8 0.01954397394136808
1 0.016286644951140065
5 0.013029315960912053
7 0.011400651465798045
0 0.011400651465798045
6 0.00977198697068404
2 0.00977198697068404
9 0.008143322475570033
4 0.008143322475570033
doc : 53
0 0.8562615669339914
8 0.10302282541640963
9 0.010487353485502776
1 0.005552128315854411
4 0.004935225169648365
6 0.00431832202344232
5 0.00431832202344232
2 0.00431832202344232
3 0.003701418877236274
7 0.0030845157310302285
doc : 54
0 0.8764742396027312
8 0.08628181253879579
1 0.006207324643078833
3 0.00558659217877095
9 0.004965859714463066
7 0.004345127250155183
6 0.004345127250155183
4 0.004345127250155183
2 0.004345127250155183
5 0.0031036623215394167
doc : 55
0 0.8711467324290999
8 0.09001233045622688
7 0.0067817509247842175
3 0.0067817509247842175
1 0.004932182490752158
9 0.004315659679408139
6 0.004315659679408139
5 0.004315659679408139
4 0.004315659679408139
2 0.0030826140567200987
doc : 56
8 0.8517618469015795
4 0.037667071688942885
0 0.02916160388821385
1 0.01701093560145808
7 0.014580801944106925
3 0.014580801944106925
6 0.010935601458080193
9 0.00850546780072904
2 0.00850546780072904
5 0.007290400972053463
doc : 57
0 0.45473393227366965
6 0.3807878369039392
8 0.0746371803731859
1 0.026952315134761574
5 0.01796821008984105
3 0.014512785072563926
9 0.010366275051831375
2 0.007601935038009675
4 0.00691085003455425
7 0.0055286800276434
doc : 58
4 0.7802690582959642
3 0.061285500747384154
7 0.029895366218236175
8 0.028400597907324365
9 0.026905829596412557
6 0.016442451420029897
2 0.016442451420029897
1 0.014947683109118088
0 0.013452914798206279
5 0.01195814648729447
doc : 59
2 0.7412935323383085
4 0.16749585406301826
9 0.01658374792703151
8 0.013266998341625208
1 0.013266998341625208
7 0.011608623548922057
6 0.009950248756218905
3 0.009950248756218905
5 0.008291873963515755
0 0.008291873963515755
doc : 60
2 0.7370967741935484
4 0.16129032258064516
9 0.02258064516129032
1 0.014516129032258065
5 0.012903225806451613
7 0.01129032258064516
6 0.01129032258064516
0 0.01129032258064516
8 0.00967741935483871
3 0.008064516129032258
doc : 61
1 0.4662004662004662
8 0.24475524475524477
4 0.13752913752913754
6 0.05128205128205128
3 0.03263403263403263
0 0.024475524475524476
2 0.013986013986013986
9 0.01282051282051282
7 0.008158508158508158
5 0.008158508158508158
doc : 62
1 0.5381944444444444
8 0.22430555555555556
0 0.10555555555555556
4 0.08333333333333334
9 0.011805555555555555
3 0.009027777777777779
7 0.008333333333333333
6 0.006944444444444445
5 0.00625
2 0.00625
doc : 63
2 0.7280405405405406
4 0.17060810810810811
8 0.02027027027027027
9 0.015202702702702704
7 0.015202702702702704
6 0.011824324324324325
3 0.011824324324324325
5 0.010135135135135136
1 0.008445945945945946
0 0.008445945945945946
doc : 64
2 0.7427184466019418
4 0.15857605177993528
7 0.016181229773462785
6 0.016181229773462785
9 0.014563106796116505
8 0.011326860841423949
5 0.011326860841423949
3 0.011326860841423949
1 0.00970873786407767
0 0.008090614886731393
doc : 65
6 0.3422680412371134
4 0.30927835051546393
9 0.08247422680412371
8 0.06804123711340207
1 0.04948453608247423
5 0.04742268041237113
7 0.03711340206185567
0 0.024742268041237116
3 0.020618556701030927
2 0.018556701030927835
doc : 66
8 0.7529239766081871
4 0.10964912280701754
0 0.043859649122807015
1 0.02631578947368421
3 0.01608187134502924
9 0.011695906432748537
2 0.011695906432748537
6 0.01023391812865497
7 0.008771929824561403
5 0.008771929824561403
doc : 67
7 0.6369168356997972
6 0.06693711967545639
2 0.056795131845841784
5 0.05273833671399594
9 0.05070993914807302
0 0.032454361054766734
3 0.030425963488843813
1 0.028397565922920892
4 0.02434077079107505
8 0.02028397565922921
doc : 68
7 0.48843930635838145
9 0.24277456647398843
6 0.04335260115606936
5 0.04335260115606936
2 0.04046242774566474
1 0.03757225433526011
4 0.03468208092485549
3 0.03468208092485549
8 0.02023121387283237
0 0.014450867052023121
doc : 69
9 0.12903225806451613
7 0.12903225806451613
6 0.11290322580645161
5 0.11290322580645161
1 0.0967741935483871
0 0.0967741935483871
8 0.08064516129032258
4 0.08064516129032258
3 0.08064516129032258
2 0.08064516129032258
doc : 70
3 0.2881002087682672
5 0.24008350730688932
0 0.21294363256784968
8 0.12943632567849686
1 0.04175365344467641
7 0.04070981210855949
6 0.015657620041753653
9 0.011482254697286011
4 0.011482254697286011
2 0.008350730688935281
doc : 71
7 0.24206349206349204
9 0.23015873015873015
5 0.15476190476190477
2 0.12301587301587301
0 0.05555555555555555
6 0.047619047619047616
1 0.047619047619047616
3 0.03968253968253968
4 0.031746031746031744
8 0.027777777777777776
doc : 72
4 0.4491341991341991
8 0.288961038961039
0 0.11796536796536797
3 0.07575757575757576
1 0.0183982683982684
6 0.017316017316017316
7 0.00974025974025974
9 0.008658008658008658
5 0.008658008658008658
2 0.005411255411255411
doc : 73
8 0.2734584450402145
7 0.23324396782841825
5 0.13136729222520108
9 0.08847184986595175
2 0.08847184986595175
1 0.058981233243967826
6 0.0482573726541555
0 0.032171581769437
4 0.029490616621983913
3 0.0160857908847185
doc : 74
0 0.8757013379369875
1 0.03150625809236081
5 0.023305999136814845
3 0.01855848079413034
9 0.017263703064307294
8 0.008631851532153647
6 0.0069054812257229176
2 0.006473888649115235
7 0.006042296072507553
4 0.0056107034958998705
doc : 75
2 0.7587301587301587
4 0.1523809523809524
7 0.01746031746031746
9 0.012698412698412698
6 0.012698412698412698
5 0.011111111111111112
8 0.009523809523809525
0 0.009523809523809525
3 0.007936507936507936
1 0.007936507936507936
doc : 76
5 0.37735849056603776
8 0.1849056603773585
0 0.09811320754716982
3 0.09056603773584906
9 0.06415094339622641
7 0.06415094339622641
1 0.052830188679245285
4 0.026415094339622643
6 0.022641509433962266
2 0.018867924528301886
doc : 77
7 0.69826224328594
9 0.09794628751974724
2 0.05529225908372828
1 0.042654028436018954
6 0.023696682464454975
0 0.020537124802527645
5 0.017377567140600316
8 0.01579778830963665
3 0.01579778830963665
4 0.01263823064770932
doc : 78
7 0.33195020746887965
6 0.1908713692946058
9 0.1825726141078838
2 0.08298755186721991
5 0.04149377593360996
1 0.04149377593360996
0 0.04149377593360996
3 0.03319502074688797
4 0.029045643153526972
8 0.024896265560165977
doc : 79
7 0.6654275092936802
9 0.1319702602230483
8 0.03903345724907063
5 0.03717472118959107
2 0.02973977695167286
4 0.0241635687732342
1 0.0241635687732342
6 0.016728624535315983
3 0.016728624535315983
0 0.01486988847583643
doc : 80
7 0.34108527131782945
9 0.17054263565891473
3 0.07751937984496124
2 0.07751937984496124
6 0.06976744186046512
5 0.06201550387596899
0 0.06201550387596899
1 0.05426356589147287
8 0.046511627906976744
4 0.03875968992248062
doc : 81
8 0.7972768532526475
4 0.07866868381240545
0 0.04387291981845688
2 0.015128593040847202
9 0.013615733736762482
6 0.012102874432677761
7 0.01059001512859304
3 0.01059001512859304
1 0.01059001512859304
5 0.007564296520423601
doc : 82
9 0.41600000000000004
5 0.08
7 0.07200000000000001
4 0.07200000000000001
1 0.07200000000000001
3 0.064
2 0.064
8 0.056
6 0.056
0 0.048
doc : 83
9 0.8083067092651757
2 0.04472843450479233
8 0.022364217252396165
0 0.022364217252396165
6 0.019169329073482427
1 0.019169329073482427
7 0.01597444089456869
5 0.01597444089456869
4 0.01597444089456869
3 0.01597444089456869
doc : 84
5 0.4369114877589454
6 0.29943502824858753
7 0.0847457627118644
9 0.06779661016949153
2 0.030131826741996232
8 0.020715630885122408
1 0.018832391713747645
4 0.01694915254237288
3 0.013182674199623351
0 0.011299435028248588
doc : 85
9 0.4
4 0.128
5 0.096
1 0.064
7 0.056
3 0.056
0 0.056
8 0.048
6 0.048
2 0.048
doc : 86
9 0.7891373801916932
2 0.038338658146964855
7 0.03194888178913738
4 0.025559105431309903
3 0.025559105431309903
6 0.019169329073482427
1 0.019169329073482427
0 0.019169329073482427
8 0.01597444089456869
5 0.01597444089456869
doc : 87
9 0.867231638418079
8 0.01694915254237288
3 0.01694915254237288
7 0.014124293785310734
6 0.014124293785310734
5 0.014124293785310734
4 0.014124293785310734
2 0.014124293785310734
1 0.014124293785310734
0 0.014124293785310734
doc : 88
9 0.847457627118644
8 0.022598870056497175
4 0.022598870056497175
3 0.019774011299435026
2 0.01694915254237288
7 0.014124293785310734
6 0.014124293785310734
5 0.014124293785310734
1 0.014124293785310734
0 0.014124293785310734
doc : 89
5 0.4369114877589454
6 0.3013182674199623
7 0.08662900188323917
9 0.06591337099811675
2 0.041431261770244816
8 0.020715630885122408
4 0.013182674199623351
3 0.013182674199623351
0 0.011299435028248588
1 0.009416195856873822
doc : 90
5 0.6982758620689655
7 0.11206896551724138
9 0.05172413793103448
6 0.03879310344827586
2 0.028017241379310345
4 0.021551724137931036
8 0.015086206896551723
3 0.01293103448275862
1 0.010775862068965518
0 0.010775862068965518
doc : 91
8 0.596078431372549
3 0.10196078431372549
1 0.07450980392156863
4 0.058823529411764705
7 0.049019607843137254
0 0.045098039215686274
5 0.023529411764705882
6 0.021568627450980392
9 0.01764705882352941
2 0.011764705882352941
doc : 92
5 0.7725752508361204
7 0.05016722408026756
9 0.026755852842809364
8 0.026755852842809364
6 0.023411371237458192
4 0.023411371237458192
0 0.023411371237458192
3 0.020066889632107024
2 0.016722408026755852
1 0.016722408026755852
doc : 93
9 0.8494318181818182
8 0.022727272727272728
2 0.022727272727272728
3 0.017045454545454544
0 0.017045454545454544
7 0.014204545454545456
6 0.014204545454545456
5 0.014204545454545456
4 0.014204545454545456
1 0.014204545454545456
doc : 94
9 0.8615819209039548
0 0.019774011299435026
7 0.01694915254237288
4 0.01694915254237288
8 0.014124293785310734
6 0.014124293785310734
5 0.014124293785310734
3 0.014124293785310734
2 0.014124293785310734
1 0.014124293785310734
doc : 95
9 0.8502824858757062
3 0.019774011299435026
2 0.019774011299435026
8 0.01694915254237288
7 0.01694915254237288
5 0.01694915254237288
1 0.01694915254237288
6 0.014124293785310734
4 0.014124293785310734
0 0.014124293785310734
doc : 96
9 0.8502824858757062
1 0.019774011299435026
0 0.019774011299435026
7 0.01694915254237288
4 0.01694915254237288
3 0.01694915254237288
2 0.01694915254237288
8 0.014124293785310734
6 0.014124293785310734
5 0.014124293785310734
doc : 97
9 0.847457627118644
7 0.025423728813559324
2 0.019774011299435026
5 0.01694915254237288
4 0.01694915254237288
3 0.01694915254237288
8 0.014124293785310734
6 0.014124293785310734
1 0.014124293785310734
0 0.014124293785310734
doc : 98
9 0.8531073446327684
4 0.022598870056497175
8 0.019774011299435026
2 0.019774011299435026
7 0.014124293785310734
6 0.014124293785310734
5 0.014124293785310734
3 0.014124293785310734
1 0.014124293785310734
0 0.014124293785310734
doc : 99
9 0.844632768361582
4 0.022598870056497175
3 0.019774011299435026
1 0.019774011299435026
7 0.01694915254237288
6 0.01694915254237288
0 0.01694915254237288
8 0.014124293785310734
5 0.014124293785310734
2 0.014124293785310734
