doc : 0
2 0.72265625
3 0.07421875
6 0.060546875
0 0.033203125
9 0.025390625
8 0.021484375
1 0.021484375
5 0.015625
4 0.013671875
7 0.01171875
doc : 1
7 0.7665198237885463
1 0.13558492413117965
8 0.023984336759667158
9 0.01713166911404797
4 0.012236906510034264
0 0.011747430249632894
5 0.010768477728830153
2 0.009300048947626042
6 0.00783162016642193
3 0.004894762604013706
doc : 2
2 0.4882154882154882
8 0.09090909090909091
3 0.0707070707070707
0 0.06397306397306397
9 0.0606060606060606
6 0.0606060606060606
4 0.050505050505050504
1 0.050505050505050504
5 0.0404040404040404
7 0.02356902356902357
doc : 3
9 0.6558704453441295
2 0.09716599190283401
5 0.04048582995951417
0 0.04048582995951417
7 0.032388663967611336
4 0.032388663967611336
3 0.032388663967611336
8 0.024291497975708502
6 0.024291497975708502
1 0.020242914979757085
doc : 4
5 0.7572463768115942
1 0.03985507246376812
0 0.03985507246376812
9 0.028985507246376812
7 0.028985507246376812
4 0.025362318840579712
3 0.021739130434782608
2 0.021739130434782608
8 0.018115942028985508
6 0.018115942028985508
doc : 5
7 0.87146529562982
5 0.01799485861182519
9 0.015424164524421594
6 0.015424164524421594
2 0.015424164524421594
8 0.012853470437017993
4 0.012853470437017993
3 0.012853470437017993
1 0.012853470437017993
0 0.012853470437017993
doc : 6
6 0.694672131147541
2 0.06762295081967214
9 0.04098360655737705
1 0.0389344262295082
5 0.03278688524590164
0 0.03073770491803279
8 0.026639344262295084
4 0.026639344262295084
3 0.026639344262295084
7 0.014344262295081968
doc : 7
5 0.705685618729097
0 0.08361204013377926
4 0.033444816053511704
3 0.030100334448160536
2 0.030100334448160536
9 0.026755852842809364
7 0.026755852842809364
8 0.023411371237458192
6 0.023411371237458192
1 0.016722408026755852
doc : 8
2 0.49049429657794674
9 0.10646387832699619
3 0.06844106463878327
6 0.06463878326996197
0 0.060836501901140684
8 0.057034220532319393
4 0.045627376425855515
1 0.045627376425855515
5 0.03802281368821293
7 0.022813688212927757
doc : 9
9 0.5792682926829269
2 0.12195121951219512
6 0.04878048780487805
3 0.04878048780487805
8 0.03658536585365854
7 0.03658536585365854
5 0.03658536585365854
4 0.03048780487804878
1 0.03048780487804878
0 0.03048780487804878
doc : 10
9 0.5755813953488372
2 0.0755813953488372
8 0.06976744186046512
6 0.05232558139534883
5 0.046511627906976744
7 0.040697674418604654
0 0.040697674418604654
4 0.03488372093023256
1 0.03488372093023256
3 0.029069767441860465
doc : 11
9 0.5891891891891892
6 0.07567567567567568
2 0.07027027027027027
0 0.04864864864864865
5 0.043243243243243246
4 0.043243243243243246
8 0.03783783783783784
7 0.032432432432432434
1 0.032432432432432434
3 0.02702702702702703
doc : 12
9 0.6363636363636364
0 0.05194805194805195
3 0.045454545454545456
8 0.03896103896103896
7 0.03896103896103896
6 0.03896103896103896
5 0.03896103896103896
2 0.03896103896103896
1 0.03896103896103896
4 0.03246753246753247
doc : 13
8 0.43333333333333335
5 0.1696969696969697
9 0.07878787878787878
1 0.06363636363636363
3 0.06060606060606061
4 0.048484848484848485
2 0.048484848484848485
0 0.04242424242424243
6 0.03333333333333333
7 0.021212121212121213
doc : 14
5 0.7770491803278688
7 0.03278688524590164
9 0.02622950819672131
6 0.02622950819672131
4 0.02622950819672131
2 0.02622950819672131
1 0.02622950819672131
0 0.02622950819672131
8 0.01639344262295082
3 0.01639344262295082
doc : 15
6 0.6414686825053996
0 0.14470842332613393
3 0.047516198704103674
8 0.03023758099352052
5 0.03023758099352052
1 0.02591792656587473
7 0.023758099352051837
4 0.021598272138228944
9 0.017278617710583154
2 0.017278617710583154
doc : 16
9 0.2766990291262136
2 0.22815533980582522
8 0.1116504854368932
6 0.09223300970873785
5 0.08252427184466019
0 0.07766990291262135
1 0.038834951456310676
7 0.03398058252427184
3 0.03398058252427184
4 0.02427184466019417
doc : 17
3 0.6047120418848168
8 0.08638743455497383
0 0.07853403141361257
9 0.041884816753926704
1 0.03926701570680628
4 0.03664921465968587
5 0.034031413612565446
6 0.03141361256544503
2 0.02879581151832461
7 0.018324607329842934
doc : 18
8 0.43023255813953487
3 0.08139534883720931
9 0.06976744186046512
0 0.06976744186046512
7 0.05813953488372093
6 0.05813953488372093
5 0.05813953488372093
4 0.05813953488372093
2 0.05813953488372093
1 0.05813953488372093
doc : 19
8 0.43023255813953487
6 0.08139534883720931
4 0.06976744186046512
2 0.06976744186046512
9 0.05813953488372093
7 0.05813953488372093
5 0.05813953488372093
3 0.05813953488372093
1 0.05813953488372093
0 0.05813953488372093
doc : 20
9 0.8603066439522998
5 0.02385008517887564
3 0.018739352640545145
8 0.017035775127768313
4 0.017035775127768313
6 0.013628620102214651
2 0.013628620102214651
7 0.01192504258943782
1 0.01192504258943782
0 0.01192504258943782
doc : 21
0 0.22426470588235295
8 0.16544117647058823
1 0.14338235294117646
9 0.13602941176470587
5 0.09558823529411764
2 0.0661764705882353
4 0.058823529411764705
6 0.04779411764705882
3 0.04044117647058824
7 0.022058823529411763
doc : 22
6 0.4383561643835616
0 0.0821917808219178
9 0.07534246575342465
5 0.0684931506849315
8 0.06164383561643835
3 0.06164383561643835
2 0.06164383561643835
4 0.0547945205479452
7 0.04794520547945205
1 0.04794520547945205
doc : 23
3 0.4933095450490634
4 0.4531668153434434
0 0.011596788581623552
8 0.008028545941123996
5 0.007136485280999108
2 0.006244424620874219
9 0.005352363960749331
7 0.005352363960749331
6 0.005352363960749331
1 0.0044603033006244425
doc : 24
2 0.8289473684210527
0 0.039473684210526314
6 0.018421052631578946
3 0.018421052631578946
9 0.015789473684210527
8 0.015789473684210527
7 0.015789473684210527
5 0.015789473684210527
4 0.015789473684210527
1 0.015789473684210527
doc : 25
2 0.5524625267665954
9 0.23554603854389722
5 0.044967880085653104
4 0.04282655246252677
8 0.032119914346895075
0 0.023554603854389723
1 0.019271948608137045
7 0.017130620985010708
3 0.017130620985010708
6 0.014989293361884369
doc : 26
6 0.7167381974248928
2 0.07296137339055794
0 0.0536480686695279
5 0.027896995708154508
7 0.02575107296137339
9 0.023605150214592273
4 0.023605150214592273
3 0.023605150214592273
1 0.019313304721030045
8 0.012875536480686695
doc : 27
3 0.5658747300215983
1 0.3304535637149028
0 0.017278617710583154
5 0.01511879049676026
7 0.012958963282937365
4 0.012958963282937365
2 0.012958963282937365
9 0.010799136069114472
8 0.010799136069114472
6 0.010799136069114472
doc : 28
3 0.5289256198347108
1 0.36983471074380164
4 0.01652892561983471
2 0.01652892561983471
9 0.012396694214876033
8 0.012396694214876033
0 0.012396694214876033
7 0.010330578512396695
6 0.010330578512396695
5 0.010330578512396695
doc : 29
3 0.5300207039337475
1 0.36231884057971014
8 0.016563146997929608
9 0.014492753623188408
6 0.014492753623188408
4 0.014492753623188408
7 0.012422360248447206
2 0.012422360248447206
0 0.012422360248447206
5 0.010351966873706004
doc : 30
2 0.5882352941176471
3 0.24040920716112535
0 0.03836317135549872
4 0.02813299232736573
7 0.020460358056265986
8 0.01790281329923274
6 0.01790281329923274
5 0.01790281329923274
9 0.015345268542199489
1 0.015345268542199489
doc : 31
8 0.4680094786729858
3 0.33293838862559244
0 0.09478672985781991
6 0.02251184834123223
9 0.02014218009478673
5 0.015402843601895736
4 0.013033175355450238
2 0.013033175355450238
1 0.01066350710900474
7 0.009478672985781991
doc : 32
7 0.8466257668711656
9 0.018404907975460124
8 0.018404907975460124
6 0.018404907975460124
3 0.018404907975460124
0 0.018404907975460124
5 0.015337423312883436
4 0.015337423312883436
2 0.015337423312883436
1 0.015337423312883436
doc : 33
7 0.8556430446194225
0 0.026246719160104987
9 0.015748031496062992
8 0.015748031496062992
6 0.015748031496062992
3 0.015748031496062992
1 0.015748031496062992
5 0.013123359580052493
4 0.013123359580052493
2 0.013123359580052493
doc : 34
7 0.834355828220859
0 0.027607361963190184
4 0.02147239263803681
9 0.018404907975460124
6 0.018404907975460124
1 0.018404907975460124
8 0.015337423312883436
5 0.015337423312883436
3 0.015337423312883436
2 0.015337423312883436
doc : 35
8 0.43023255813953487
0 0.08139534883720931
6 0.06976744186046512
4 0.06976744186046512
9 0.05813953488372093
7 0.05813953488372093
5 0.05813953488372093
3 0.05813953488372093
2 0.05813953488372093
1 0.05813953488372093
doc : 36
2 0.6351351351351352
1 0.07027027027027027
6 0.05945945945945946
5 0.05405405405405406
9 0.043243243243243246
3 0.043243243243243246
0 0.032432432432432434
4 0.024324324324324326
8 0.021621621621621623
7 0.016216216216216217
doc : 37
7 0.8695652173913043
0 0.019021739130434784
9 0.016304347826086956
8 0.01358695652173913
6 0.01358695652173913
5 0.01358695652173913
4 0.01358695652173913
3 0.01358695652173913
2 0.01358695652173913
1 0.01358695652173913
doc : 38
7 0.8629032258064517
5 0.021505376344086023
9 0.01881720430107527
0 0.016129032258064516
8 0.013440860215053765
6 0.013440860215053765
4 0.013440860215053765
3 0.013440860215053765
2 0.013440860215053765
1 0.013440860215053765
doc : 39
5 0.6558823529411765
2 0.07352941176470588
0 0.044117647058823525
9 0.041176470588235294
6 0.041176470588235294
4 0.041176470588235294
8 0.029411764705882353
3 0.029411764705882353
1 0.026470588235294117
7 0.01764705882352941
doc : 40
4 0.5843949044585988
3 0.13853503184713375
9 0.08280254777070065
2 0.05573248407643312
0 0.03662420382165605
5 0.03184713375796178
8 0.025477707006369428
1 0.02070063694267516
6 0.014331210191082803
7 0.009554140127388536
doc : 41
8 0.4418604651162791
6 0.06976744186046512
2 0.06976744186046512
0 0.06976744186046512
9 0.05813953488372093
7 0.05813953488372093
5 0.05813953488372093
4 0.05813953488372093
3 0.05813953488372093
1 0.05813953488372093
doc : 42
8 0.5361990950226245
1 0.08371040723981901
2 0.08144796380090498
6 0.07013574660633484
4 0.05429864253393665
0 0.05203619909502263
9 0.04524886877828055
3 0.038461538461538464
5 0.022624434389140274
7 0.015837104072398193
doc : 43
3 0.5747368421052631
2 0.08842105263157894
0 0.07368421052631578
1 0.05263157894736842
5 0.042105263157894736
9 0.03789473684210526
6 0.03789473684210526
7 0.035789473684210524
8 0.03368421052631579
4 0.023157894736842106
doc : 44
0 0.8472222222222222
6 0.02546296296296296
2 0.020833333333333332
9 0.018518518518518517
7 0.016203703703703703
5 0.016203703703703703
1 0.016203703703703703
8 0.013888888888888888
3 0.013888888888888888
4 0.011574074074074073
doc : 45
0 0.8444444444444444
2 0.025
6 0.022222222222222223
9 0.016666666666666666
8 0.016666666666666666
5 0.016666666666666666
4 0.016666666666666666
7 0.01388888888888889
3 0.01388888888888889
1 0.01388888888888889
doc : 46
0 0.8449612403100776
5 0.023255813953488372
9 0.020671834625323
6 0.020671834625323
8 0.018087855297157625
1 0.018087855297157625
2 0.015503875968992248
7 0.012919896640826874
4 0.012919896640826874
3 0.012919896640826874
doc : 47
3 0.4451827242524917
9 0.09302325581395349
8 0.08305647840531562
5 0.08305647840531562
2 0.07641196013289037
1 0.059800664451827246
6 0.046511627906976744
4 0.04318936877076412
0 0.036544850498338874
7 0.03322259136212625
doc : 48
3 0.6317280453257791
2 0.07932011331444759
9 0.056657223796033995
0 0.0509915014164306
8 0.0453257790368272
5 0.039660056657223795
4 0.0368271954674221
6 0.0226628895184136
7 0.019830028328611898
1 0.0169971671388102
doc : 49
4 0.4698275862068965
3 0.4353448275862069
2 0.018678160919540228
7 0.014367816091954023
5 0.01293103448275862
1 0.011494252873563218
8 0.010057471264367816
0 0.010057471264367816
9 0.008620689655172414
6 0.008620689655172414
