doc : 0
4 0.795774647887324
2 0.03169014084507042
0 0.028169014084507043
7 0.024647887323943664
5 0.024647887323943664
6 0.02112676056338028
1 0.02112676056338028
9 0.017605633802816902
8 0.017605633802816902
3 0.017605633802816902
doc : 1
4 0.8
8 0.030000000000000002
1 0.030000000000000002
9 0.023333333333333334
7 0.023333333333333334
0 0.023333333333333334
5 0.02
6 0.016666666666666666
3 0.016666666666666666
2 0.016666666666666666
doc : 2
0 0.8197621225983532
2 0.06221408966148216
7 0.056724611161939616
6 0.01555352241537054
8 0.010064043915827997
3 0.010064043915827997
9 0.007319304666056725
4 0.007319304666056725
5 0.0054894784995425435
1 0.0054894784995425435
doc : 3
6 0.22302158273381295
8 0.14388489208633093
5 0.1366906474820144
7 0.12949640287769784
4 0.10791366906474821
3 0.06474820143884892
0 0.06474820143884892
1 0.05755395683453238
9 0.03597122302158273
2 0.03597122302158273
doc : 4
4 0.4293785310734463
2 0.12429378531073446
6 0.0903954802259887
8 0.06214689265536723
9 0.05649717514124294
3 0.05649717514124294
5 0.05084745762711865
7 0.04519774011299435
0 0.04519774011299435
1 0.03954802259887005
doc : 5
9 0.7397034596375618
3 0.1400329489291598
1 0.06013179571663921
0 0.022240527182866558
8 0.009060955518945634
7 0.007413509060955519
6 0.005766062602965404
5 0.005766062602965404
2 0.005766062602965404
4 0.004118616144975288
doc : 6
3 0.5594020456333596
1 0.2879622344610543
9 0.06058221872541306
8 0.02753737214791503
5 0.01888276947285602
4 0.016522423288749016
6 0.011014948859166011
2 0.007867820613690008
0 0.0055074744295830055
7 0.004720692368214005
doc : 7
3 0.4938666666666667
9 0.2394666666666667
8 0.16853333333333334
0 0.02826666666666667
1 0.021866666666666666
4 0.019733333333333335
7 0.010133333333333334
6 0.006933333333333334
5 0.005866666666666667
2 0.005333333333333334
doc : 8
8 0.7064579256360077
1 0.13307240704500978
9 0.03522504892367906
3 0.0273972602739726
7 0.021526418786692758
5 0.01761252446183953
6 0.015655577299412915
4 0.015655577299412915
0 0.015655577299412915
2 0.011741682974559686
doc : 9
8 0.45569620253164556
7 0.1518987341772152
9 0.06329113924050633
6 0.06329113924050633
1 0.06329113924050633
4 0.056962025316455694
5 0.0379746835443038
3 0.0379746835443038
0 0.0379746835443038
2 0.03164556962025317
doc : 10
4 0.7055702917771883
5 0.04774535809018567
7 0.04509283819628647
1 0.042440318302387266
6 0.03713527851458886
0 0.034482758620689655
8 0.029177718832891244
3 0.023872679045092837
2 0.021220159151193633
9 0.01326259946949602
doc : 11
4 0.7933333333333333
0 0.03333333333333333
7 0.030000000000000002
8 0.02666666666666667
6 0.02666666666666667
3 0.02
2 0.02
9 0.016666666666666666
5 0.016666666666666666
1 0.016666666666666666
doc : 12
4 0.8457142857142858
8 0.025714285714285714
7 0.022857142857142857
9 0.017142857142857144
1 0.017142857142857144
6 0.014285714285714285
5 0.014285714285714285
3 0.014285714285714285
2 0.014285714285714285
0 0.014285714285714285
doc : 13
4 0.7857142857142858
7 0.03571428571428572
1 0.025974025974025976
0 0.025974025974025976
8 0.022727272727272728
6 0.022727272727272728
5 0.022727272727272728
2 0.022727272727272728
3 0.01948051948051948
9 0.016233766233766236
doc : 14
4 0.8457142857142858
7 0.022857142857142857
6 0.022857142857142857
8 0.017142857142857144
5 0.017142857142857144
1 0.017142857142857144
9 0.014285714285714285
3 0.014285714285714285
2 0.014285714285714285
0 0.014285714285714285
doc : 15
4 0.8257142857142857
6 0.03142857142857143
8 0.02
7 0.02
1 0.02
9 0.017142857142857144
5 0.017142857142857144
3 0.017142857142857144
2 0.017142857142857144
0 0.014285714285714285
doc : 16
4 0.8371428571428572
8 0.022857142857142857
7 0.022857142857142857
1 0.022857142857142857
9 0.02
5 0.017142857142857144
6 0.014285714285714285
3 0.014285714285714285
2 0.014285714285714285
0 0.014285714285714285
doc : 17
8 0.712280701754386
1 0.11929824561403508
3 0.042105263157894736
9 0.0368421052631579
7 0.026315789473684213
4 0.015789473684210527
6 0.014035087719298246
5 0.012280701754385965
0 0.012280701754385965
2 0.008771929824561403
doc : 18
9 0.9269406392694064
1 0.012557077625570776
8 0.0091324200913242
3 0.0091324200913242
0 0.0091324200913242
7 0.00684931506849315
6 0.00684931506849315
5 0.00684931506849315
4 0.00684931506849315
2 0.005707762557077625
doc : 19
4 0.42528735632183906
2 0.12068965517241378
8 0.10919540229885058
6 0.08620689655172414
9 0.05747126436781609
5 0.04597701149425287
1 0.04597701149425287
7 0.040229885057471264
3 0.034482758620689655
0 0.034482758620689655
doc : 20
4 0.7599517490952955
6 0.07961399276236429
2 0.039806996381182146
7 0.033775633293124246
5 0.026537997587454763
3 0.0180940892641737
8 0.01447527141133896
1 0.01085645355850422
9 0.009650180940892641
0 0.00723763570566948
doc : 21
4 0.4835164835164836
2 0.09890109890109891
8 0.06593406593406594
7 0.06043956043956045
6 0.06043956043956045
5 0.06043956043956045
0 0.049450549450549455
9 0.04395604395604396
3 0.04395604395604396
1 0.03296703296703297
doc : 22
8 0.7260869565217392
1 0.08695652173913043
3 0.05652173913043478
9 0.043478260869565216
7 0.01956521739130435
4 0.017391304347826087
6 0.015217391304347827
0 0.013043478260869566
5 0.010869565217391304
2 0.010869565217391304
doc : 23
3 0.8238095238095238
9 0.11496598639455781
8 0.02312925170068027
5 0.007482993197278911
7 0.006802721088435374
6 0.006122448979591836
4 0.0047619047619047615
1 0.0047619047619047615
0 0.0047619047619047615
2 0.003401360544217687
doc : 24
8 0.6741803278688525
6 0.08811475409836066
4 0.07581967213114754
7 0.0389344262295082
2 0.0389344262295082
0 0.022540983606557378
3 0.018442622950819672
9 0.01639344262295082
1 0.014344262295081968
5 0.012295081967213115
doc : 25
1 0.39501039501039503
9 0.31185031185031187
3 0.0893970893970894
8 0.058212058212058215
6 0.04158004158004158
7 0.035343035343035345
4 0.02286902286902287
0 0.016632016632016633
5 0.014553014553014554
2 0.014553014553014554
doc : 26
3 0.606776180698152
8 0.2238193018480493
9 0.07084188911704313
1 0.028747433264887066
6 0.01642710472279261
2 0.013347022587268994
7 0.012320328542094456
5 0.01026694045174538
4 0.009240246406570842
0 0.008213552361396304
doc : 27
5 0.8883248730964466
7 0.02030456852791878
8 0.015228426395939085
1 0.015228426395939085
4 0.012690355329949238
2 0.011421319796954314
9 0.01015228426395939
6 0.01015228426395939
0 0.01015228426395939
3 0.006345177664974619
doc : 28
2 0.7171464330413017
8 0.12015018773466835
4 0.0362953692115144
6 0.03504380475594493
7 0.0262828535669587
0 0.02002503128911139
5 0.012515644555694618
9 0.011264080100125157
3 0.011264080100125157
1 0.010012515644555695
doc : 29
9 0.8934993084370678
1 0.019363762102351315
8 0.01798063623789765
6 0.011065006915629323
4 0.011065006915629323
3 0.011065006915629323
0 0.011065006915629323
2 0.009681881051175657
7 0.008298755186721992
5 0.006915629322268327
doc : 30
9 0.7694174757281552
3 0.10558252427184465
1 0.04490291262135922
8 0.0279126213592233
7 0.009708737864077669
0 0.009708737864077669
6 0.00849514563106796
5 0.00849514563106796
2 0.00849514563106796
4 0.007281553398058252
doc : 31
9 0.6833976833976834
0 0.12934362934362933
3 0.04343629343629344
1 0.037644787644787646
8 0.03088803088803089
4 0.02316602316602317
6 0.021235521235521235
7 0.01254826254826255
2 0.010617760617760617
5 0.007722007722007722
doc : 32
4 0.36651583710407243
8 0.22624434389140274
7 0.06787330316742082
6 0.06334841628959277
5 0.05882352941176471
0 0.05882352941176471
2 0.0497737556561086
3 0.04524886877828055
9 0.03619909502262444
1 0.027149321266968326
doc : 33
5 0.8949367088607595
1 0.017721518987341773
6 0.01518987341772152
8 0.013924050632911392
7 0.013924050632911392
4 0.01139240506329114
9 0.010126582278481013
3 0.00759493670886076
2 0.00759493670886076
0 0.00759493670886076
doc : 34
2 0.4253285543608124
0 0.3536439665471923
4 0.06332138590203105
6 0.03225806451612903
9 0.03106332138590203
7 0.03106332138590203
8 0.02270011947431302
1 0.015531660692951015
3 0.013142174432497012
5 0.01194743130227001
doc : 35
2 0.8325612177365983
0 0.09331568497683654
6 0.01985440105890139
4 0.01455989410986102
1 0.009265387160820648
7 0.008603573792190603
9 0.005956320317670417
8 0.005956320317670417
5 0.005956320317670417
3 0.003970880211780278
doc : 36
7 0.4132882882882883
3 0.26238738738738737
0 0.14527027027027026
9 0.0472972972972973
1 0.04617117117117117
6 0.024774774774774775
4 0.024774774774774775
5 0.015765765765765764
8 0.010135135135135136
2 0.010135135135135136
doc : 37
5 0.30859375
2 0.125
8 0.1171875
6 0.11328125
4 0.10546875
7 0.09375
9 0.0390625
0 0.0390625
3 0.03125
1 0.02734375
doc : 38
7 0.49873417721518987
2 0.14430379746835442
6 0.13924050632911392
8 0.05063291139240506
4 0.04050632911392405
5 0.03037974683544304
9 0.027848101265822784
3 0.02531645569620253
0 0.02531645569620253
1 0.017721518987341773
doc : 39
4 0.551219512195122
8 0.18536585365853658
6 0.04390243902439024
9 0.03902439024390244
3 0.03902439024390244
2 0.03414634146341464
1 0.029268292682926828
0 0.029268292682926828
7 0.024390243902439025
5 0.024390243902439025
doc : 40
7 0.6643835616438356
4 0.1232876712328767
6 0.030821917808219176
0 0.030821917808219176
9 0.0273972602739726
5 0.0273972602739726
3 0.0273972602739726
8 0.023972602739726026
2 0.023972602739726026
1 0.02054794520547945
doc : 41
9 0.9094036697247707
3 0.016055045871559634
8 0.01261467889908257
0 0.01261467889908257
7 0.010321100917431193
4 0.010321100917431193
1 0.010321100917431193
5 0.006880733944954129
6 0.005733944954128441
2 0.005733944954128441
doc : 42
9 0.8876560332871013
1 0.024965325936199722
3 0.015256588072122053
6 0.012482662968099861
4 0.012482662968099861
8 0.011095700416088766
2 0.00970873786407767
0 0.00970873786407767
7 0.008321775312066574
5 0.008321775312066574
doc : 43
6 0.46829268292682924
4 0.13170731707317074
2 0.09268292682926829
0 0.06341463414634146
9 0.04878048780487805
7 0.04390243902439024
8 0.03902439024390244
5 0.03902439024390244
1 0.03902439024390244
3 0.03414634146341464
doc : 44
7 0.5870712401055409
0 0.29287598944591026
1 0.0316622691292876
6 0.017150395778364115
3 0.0158311345646438
8 0.014511873350923483
9 0.013192612137203165
5 0.009234828496042216
4 0.009234828496042216
2 0.009234828496042216
doc : 45
3 0.7721606648199446
9 0.09764542936288088
0 0.07409972299168975
1 0.015235457063711912
4 0.009002770083102494
8 0.007617728531855956
6 0.007617728531855956
5 0.007617728531855956
2 0.004847645429362881
7 0.004155124653739612
doc : 46
2 0.8391332895600787
0 0.0958634274458306
7 0.013131976362442547
6 0.01247537754432042
4 0.009192383453709783
5 0.007879185817465528
8 0.007222586999343401
9 0.006565988181221273
3 0.004596191726854892
1 0.003939592908732764
doc : 47
2 0.697324414715719
8 0.12709030100334448
6 0.038461538461538464
3 0.038461538461538464
0 0.023411371237458192
1 0.020066889632107024
9 0.016722408026755852
5 0.015050167224080268
7 0.013377926421404682
4 0.010033444816053512
doc : 48
5 0.6157517899761337
6 0.0883054892601432
4 0.0739856801909308
0 0.0739856801909308
2 0.03341288782816229
8 0.028639618138424822
3 0.026252983293556086
9 0.023866348448687354
1 0.021479713603818618
7 0.014319809069212411
doc : 49
6 0.4200913242009132
8 0.1324200913242009
7 0.0867579908675799
5 0.0821917808219178
1 0.0593607305936073
2 0.0547945205479452
9 0.045662100456621
3 0.045662100456621
0 0.045662100456621
4 0.0273972602739726
doc : 50
6 0.4518664047151277
8 0.2848722986247544
0 0.05108055009823182
4 0.04715127701375245
9 0.03339882121807465
1 0.03143418467583497
5 0.029469548133595282
3 0.029469548133595282
2 0.029469548133595282
7 0.011787819253438112
doc : 51
5 0.4321428571428571
8 0.14642857142857144
3 0.08571428571428572
6 0.07142857142857142
9 0.05714285714285714
4 0.049999999999999996
2 0.04642857142857143
1 0.04285714285714286
0 0.03571428571428571
7 0.03214285714285714
doc : 52
6 0.5152777777777778
3 0.3111111111111111
1 0.059722222222222225
5 0.02361111111111111
0 0.019444444444444445
9 0.018055555555555557
4 0.016666666666666666
8 0.01388888888888889
7 0.01388888888888889
2 0.008333333333333333
doc : 53
0 0.9213197969543147
2 0.012690355329949238
9 0.01015228426395939
7 0.01015228426395939
4 0.01015228426395939
8 0.0076142131979695426
6 0.0076142131979695426
1 0.0076142131979695426
5 0.006345177664974619
3 0.006345177664974619
doc : 54
0 0.9253164556962026
6 0.013924050632911392
7 0.008860759493670886
4 0.008860759493670886
1 0.008860759493670886
9 0.00759493670886076
8 0.00759493670886076
5 0.006329113924050633
3 0.006329113924050633
2 0.006329113924050633
doc : 55
3 0.5971896955503513
8 0.2224824355971897
7 0.0351288056206089
4 0.03278688524590164
1 0.023419203747072598
6 0.02107728337236534
2 0.02107728337236534
9 0.01639344262295082
5 0.01639344262295082
0 0.01405152224824356
doc : 56
0 0.920253164556962
2 0.013924050632911392
9 0.012658227848101266
6 0.010126582278481013
7 0.008860759493670886
8 0.00759493670886076
1 0.00759493670886076
5 0.006329113924050633
4 0.006329113924050633
3 0.006329113924050633
doc : 57
1 0.8553459119496856
3 0.02725366876310273
7 0.020964360587002098
4 0.016771488469601678
9 0.014675052410901468
6 0.014675052410901468
5 0.014675052410901468
8 0.012578616352201259
2 0.012578616352201259
0 0.010482180293501049
doc : 58
6 0.5369774919614148
7 0.1157556270096463
4 0.10289389067524116
8 0.05466237942122187
2 0.04823151125401929
5 0.03858520900321544
9 0.03215434083601286
1 0.028938906752411574
0 0.022508038585209004
3 0.01929260450160772
doc : 59
6 0.5183312262958281
3 0.3426042983565108
1 0.04298356510745892
7 0.02402022756005057
4 0.018963337547408345
9 0.015170670037926676
0 0.011378002528445008
8 0.010113780025284451
5 0.010113780025284451
2 0.006321112515802782
doc : 60
9 0.9081885856079405
8 0.019851116625310174
3 0.01488833746898263
1 0.012406947890818858
4 0.011166253101736972
6 0.007444168734491315
5 0.007444168734491315
7 0.006203473945409429
2 0.006203473945409429
0 0.006203473945409429
doc : 61
9 0.8730650154798762
3 0.030959752321981428
1 0.020123839009287926
8 0.017027863777089786
4 0.013931888544891642
7 0.010835913312693499
6 0.009287925696594427
5 0.009287925696594427
2 0.007739938080495357
0 0.007739938080495357
doc : 62
1 0.8727272727272727
3 0.026262626262626262
4 0.01818181818181818
8 0.014141414141414142
6 0.014141414141414142
7 0.012121212121212121
5 0.012121212121212121
9 0.0101010101010101
2 0.0101010101010101
0 0.0101010101010101
doc : 63
1 0.865580448065173
3 0.026476578411405292
9 0.02036659877800407
8 0.01425661914460285
6 0.01425661914460285
7 0.012219959266802444
5 0.012219959266802444
4 0.012219959266802444
0 0.012219959266802444
2 0.010183299389002035
doc : 64
5 0.550561797752809
4 0.10861423220973783
7 0.0898876404494382
9 0.056179775280898875
6 0.056179775280898875
3 0.0299625468164794
2 0.0299625468164794
1 0.0299625468164794
0 0.0299625468164794
8 0.018726591760299626
doc : 65
0 0.8896969696969697
2 0.03151515151515152
7 0.020606060606060607
9 0.012121212121212121
4 0.01090909090909091
8 0.008484848484848484
3 0.008484848484848484
6 0.006060606060606061
5 0.006060606060606061
1 0.006060606060606061
doc : 66
0 0.9267352185089973
9 0.010282776349614395
6 0.010282776349614395
2 0.008997429305912595
7 0.007712082262210797
5 0.007712082262210797
4 0.007712082262210797
1 0.007712082262210797
8 0.006426735218508997
3 0.006426735218508997
doc : 67
6 0.5216138328530259
0 0.13256484149855907
4 0.09798270893371758
9 0.05187319884726224
2 0.05187319884726224
8 0.03170028818443804
5 0.02881844380403458
3 0.02881844380403458
1 0.02881844380403458
7 0.02593659942363112
doc : 68
9 0.9258836944127709
1 0.013683010262257697
4 0.009122006841505131
3 0.009122006841505131
0 0.009122006841505131
8 0.00798175598631699
7 0.0068415051311288486
5 0.0068415051311288486
6 0.005701254275940707
2 0.005701254275940707
doc : 69
7 0.6749999999999999
4 0.09642857142857142
6 0.04642857142857143
0 0.03571428571428571
8 0.02857142857142857
1 0.02857142857142857
5 0.024999999999999998
9 0.02142857142857143
3 0.02142857142857143
2 0.02142857142857143
doc : 70
2 0.47453703703703703
7 0.14351851851851852
0 0.1087962962962963
8 0.07638888888888888
6 0.05555555555555555
9 0.037037037037037035
4 0.037037037037037035
1 0.03009259259259259
3 0.023148148148148147
5 0.013888888888888888
doc : 71
0 0.9242819843342037
7 0.01174934725848564
9 0.010443864229765013
4 0.009138381201044387
2 0.009138381201044387
8 0.00783289817232376
6 0.00783289817232376
5 0.006527415143603133
3 0.006527415143603133
1 0.006527415143603133
doc : 72
0 0.922680412371134
8 0.01288659793814433
4 0.010309278350515464
9 0.00902061855670103
7 0.00902061855670103
2 0.00902061855670103
3 0.007731958762886598
6 0.006443298969072165
5 0.006443298969072165
1 0.006443298969072165
doc : 73
0 0.9241830065359476
2 0.0130718954248366
7 0.01045751633986928
3 0.01045751633986928
9 0.00915032679738562
8 0.0065359477124183
6 0.0065359477124183
5 0.0065359477124183
4 0.0065359477124183
1 0.0065359477124183
doc : 74
3 0.6375545851528384
8 0.20305676855895197
7 0.04148471615720524
9 0.026200873362445413
6 0.024017467248908297
4 0.021834061135371178
0 0.013100436681222707
5 0.010917030567685589
2 0.010917030567685589
1 0.010917030567685589
doc : 75
3 0.4905263157894737
9 0.18736842105263157
8 0.15368421052631578
0 0.06526315789473684
4 0.023157894736842106
5 0.021052631578947368
1 0.021052631578947368
2 0.016842105263157894
7 0.010526315789473684
6 0.010526315789473684
doc : 76
8 0.3901345291479821
5 0.11210762331838565
4 0.11210762331838565
2 0.07623318385650224
9 0.06726457399103139
6 0.06726457399103139
7 0.05829596412556054
3 0.04484304932735426
1 0.04484304932735426
0 0.026905829596412557
doc : 77
7 0.8575063613231553
6 0.03944020356234097
8 0.015267175572519085
4 0.015267175572519085
2 0.015267175572519085
9 0.013994910941475827
5 0.012722646310432571
0 0.011450381679389315
3 0.010178117048346057
1 0.008905852417302799
doc : 78
1 0.8444444444444444
3 0.03636363636363636
4 0.022222222222222223
8 0.01818181818181818
7 0.014141414141414142
5 0.014141414141414142
2 0.014141414141414142
9 0.012121212121212121
6 0.012121212121212121
0 0.012121212121212121
doc : 79
7 0.5297297297297298
4 0.15675675675675677
0 0.04864864864864865
8 0.043243243243243246
6 0.043243243243243246
3 0.043243243243243246
9 0.03783783783783784
2 0.03783783783783784
1 0.032432432432432434
5 0.02702702702702703
doc : 80
7 0.6476868327402134
4 0.12455516014234874
8 0.046263345195729534
6 0.042704626334519574
5 0.028469750889679714
1 0.02491103202846975
9 0.021352313167259787
3 0.021352313167259787
2 0.021352313167259787
0 0.021352313167259787
doc : 81
0 0.924802110817942
4 0.013192612137203165
3 0.010554089709762533
9 0.0079155672823219
7 0.0079155672823219
6 0.0079155672823219
5 0.0079155672823219
8 0.0065963060686015824
2 0.0065963060686015824
1 0.0065963060686015824
doc : 82
1 0.8714285714285716
9 0.05306122448979592
8 0.017346938775510204
7 0.010204081632653062
3 0.010204081632653062
5 0.009183673469387756
0 0.009183673469387756
4 0.0071428571428571435
2 0.0071428571428571435
6 0.005102040816326531
doc : 83
1 0.8747433264887065
3 0.02053388090349076
9 0.018480492813141684
6 0.014373716632443533
0 0.014373716632443533
8 0.012320328542094456
7 0.012320328542094456
4 0.012320328542094456
5 0.01026694045174538
2 0.01026694045174538
doc : 84
9 0.9222737819025522
1 0.013921113689095127
8 0.010440835266821345
4 0.010440835266821345
3 0.010440835266821345
0 0.009280742459396751
7 0.00580046403712297
6 0.00580046403712297
5 0.00580046403712297
2 0.00580046403712297
doc : 85
3 0.642369020501139
8 0.20501138952164008
4 0.02733485193621868
1 0.02733485193621868
9 0.02277904328018223
5 0.02050113895216401
7 0.01594533029612756
2 0.01594533029612756
6 0.011389521640091115
0 0.011389521640091115
doc : 86
3 0.6326530612244898
8 0.21541950113378686
9 0.034013605442176874
4 0.022675736961451247
1 0.022675736961451247
7 0.015873015873015872
6 0.015873015873015872
5 0.01360544217687075
2 0.01360544217687075
0 0.01360544217687075
doc : 87
6 0.6904761904761906
7 0.06904761904761905
5 0.04285714285714286
9 0.03333333333333334
8 0.03333333333333334
0 0.028571428571428574
4 0.026190476190476195
3 0.026190476190476195
1 0.026190476190476195
2 0.02380952380952381
doc : 88
6 0.49907235621521334
4 0.25974025974025977
2 0.0463821892393321
8 0.03710575139146568
3 0.0352504638218924
9 0.029684601113172542
5 0.029684601113172542
1 0.025974025974025976
7 0.01855287569573284
0 0.01855287569573284
doc : 89
5 0.6289473684210526
8 0.15263157894736842
6 0.06447368421052631
3 0.039473684210526314
4 0.03289473684210526
2 0.024999999999999998
9 0.02236842105263158
7 0.014473684210526316
1 0.011842105263157895
0 0.007894736842105263
doc : 90
6 0.6830601092896175
4 0.04644808743169399
3 0.040983606557377046
2 0.040983606557377046
1 0.040983606557377046
5 0.03825136612021858
8 0.03278688524590164
7 0.03278688524590164
0 0.02459016393442623
9 0.01912568306010929
doc : 91
2 0.749475890985325
8 0.09538784067085955
0 0.041928721174004195
4 0.025157232704402517
6 0.023060796645702306
5 0.020964360587002098
7 0.016771488469601678
3 0.010482180293501049
9 0.009433962264150945
1 0.007337526205450734
doc : 92
0 0.9180327868852459
2 0.013871374527112231
4 0.011349306431273645
7 0.01008827238335435
5 0.01008827238335435
6 0.008827238335435056
9 0.007566204287515763
3 0.007566204287515763
8 0.006305170239596469
1 0.006305170239596469
doc : 93
2 0.6031746031746031
6 0.10934744268077601
4 0.06878306878306878
8 0.06349206349206349
5 0.04938271604938271
7 0.02821869488536155
0 0.02821869488536155
1 0.02292768959435626
9 0.015873015873015872
3 0.010582010582010581
doc : 94
7 0.5786802030456852
4 0.11167512690355329
1 0.06091370558375634
2 0.04568527918781726
3 0.04060913705583756
9 0.035532994923857864
6 0.035532994923857864
8 0.03045685279187817
5 0.03045685279187817
0 0.03045685279187817
doc : 95
9 0.5853820598006645
5 0.1654485049833887
3 0.12691029900332226
1 0.0425249169435216
0 0.0398671096345515
8 0.015282392026578074
2 0.0079734219269103
7 0.005980066445182725
6 0.0053156146179402
4 0.0053156146179402
doc : 96
5 0.3565217391304348
3 0.25507246376811593
1 0.11014492753623188
8 0.07536231884057971
9 0.06376811594202898
4 0.0463768115942029
0 0.028985507246376812
7 0.02318840579710145
6 0.02318840579710145
2 0.017391304347826087
doc : 97
8 0.6153846153846154
5 0.12040133779264214
6 0.05518394648829431
1 0.043478260869565216
3 0.04013377926421405
9 0.03678929765886287
7 0.026755852842809364
4 0.02508361204013378
2 0.018394648829431436
0 0.018394648829431436
doc : 98
1 0.8640776699029126
3 0.04271844660194175
8 0.015533980582524271
6 0.013592233009708738
9 0.011650485436893204
7 0.011650485436893204
0 0.011650485436893204
5 0.009708737864077669
4 0.009708737864077669
2 0.009708737864077669
doc : 99
3 0.4740740740740741
9 0.1671957671957672
0 0.11640211640211641
5 0.0835978835978836
7 0.04867724867724868
4 0.04867724867724868
1 0.028571428571428574
8 0.012698412698412698
6 0.012698412698412698
2 0.007407407407407408
