doc : 0
1 0.9187396351575456
7 0.009950248756218905
4 0.009950248756218905
2 0.009950248756218905
0 0.009950248756218905
9 0.008291873963515755
8 0.008291873963515755
6 0.008291873963515755
5 0.008291873963515755
3 0.008291873963515755
doc : 1
3 0.9166666666666666
9 0.01616915422885572
7 0.013681592039800995
8 0.011194029850746268
1 0.008706467661691543
5 0.007462686567164179
4 0.007462686567164179
6 0.006218905472636815
2 0.006218905472636815
0 0.006218905472636815
doc : 2
3 0.6393831553973903
9 0.1874258600237248
7 0.0711743772241993
4 0.03084223013048636
8 0.01542111506524318
0 0.013048635824436538
6 0.011862396204033215
2 0.011862396204033215
5 0.009489916963226572
1 0.009489916963226572
doc : 3
7 0.5544354838709677
3 0.38306451612903225
6 0.011088709677419355
1 0.011088709677419355
4 0.008064516129032258
2 0.008064516129032258
8 0.007056451612903226
5 0.006048387096774193
0 0.006048387096774193
9 0.005040322580645161
doc : 4
3 0.712143928035982
9 0.13793103448275862
4 0.05397301349325337
7 0.0239880059970015
6 0.013493253373313342
2 0.013493253373313342
5 0.01199400299850075
0 0.01199400299850075
8 0.010494752623688156
1 0.010494752623688156
doc : 5
3 0.8214285714285714
9 0.03571428571428571
2 0.033928571428571426
6 0.02142857142857143
1 0.017857142857142856
5 0.01607142857142857
0 0.01607142857142857
7 0.014285714285714285
8 0.012499999999999999
4 0.010714285714285714
doc : 6
7 0.6218181818181818
3 0.08363636363636363
2 0.06181818181818182
6 0.05090909090909091
8 0.03636363636363636
1 0.03272727272727273
9 0.02909090909090909
5 0.02909090909090909
4 0.02909090909090909
0 0.025454545454545455
doc : 7
9 0.7025495750708216
8 0.06515580736543909
4 0.053824362606232294
3 0.0368271954674221
2 0.0339943342776204
7 0.028328611898016998
5 0.0254957507082153
0 0.0226628895184136
1 0.0169971671388102
6 0.014164305949008499
doc : 8
4 0.6595744680851063
7 0.10638297872340426
9 0.047872340425531915
3 0.045212765957446804
8 0.0398936170212766
6 0.031914893617021274
5 0.02127659574468085
1 0.018617021276595744
0 0.015957446808510637
2 0.013297872340425532
doc : 9
4 0.5196078431372549
9 0.09150326797385622
7 0.07679738562091504
6 0.07679738562091504
3 0.06045751633986928
5 0.04411764705882353
2 0.04411764705882353
8 0.04084967320261438
0 0.026143790849673203
1 0.0196078431372549
doc : 10
9 0.6238317757009345
8 0.19158878504672897
4 0.04322429906542056
5 0.03154205607476635
2 0.02920560747663551
1 0.026869158878504672
6 0.017523364485981307
7 0.015186915887850466
3 0.010514018691588784
0 0.010514018691588784
doc : 11
1 0.9187396351575456
8 0.009950248756218905
7 0.009950248756218905
6 0.009950248756218905
0 0.009950248756218905
9 0.008291873963515755
5 0.008291873963515755
4 0.008291873963515755
3 0.008291873963515755
2 0.008291873963515755
doc : 12
7 0.5532994923857868
3 0.08121827411167512
5 0.07106598984771573
9 0.06091370558375634
0 0.050761421319796954
6 0.04568527918781726
4 0.04060913705583756
2 0.04060913705583756
8 0.03045685279187817
1 0.025380710659898477
doc : 13
3 0.9116915422885572
9 0.014925373134328358
6 0.013681592039800995
1 0.013681592039800995
2 0.009950248756218905
7 0.008706467661691543
8 0.007462686567164179
4 0.007462686567164179
5 0.006218905472636815
0 0.006218905472636815
doc : 14
1 0.9137645107794362
8 0.011608623548922057
0 0.011608623548922057
9 0.009950248756218905
6 0.009950248756218905
4 0.009950248756218905
7 0.008291873963515755
5 0.008291873963515755
3 0.008291873963515755
2 0.008291873963515755
doc : 15
9 0.695898161244696
8 0.08486562942008487
5 0.05940594059405941
4 0.03818953323903819
0 0.024045261669024046
7 0.02263083451202263
1 0.02263083451202263
2 0.021216407355021217
6 0.018387553041018388
3 0.01272984441301273
doc : 16
2 0.35106382978723405
1 0.10638297872340426
5 0.0851063829787234
6 0.07446808510638298
4 0.07446808510638298
0 0.07446808510638298
8 0.06382978723404255
3 0.06382978723404255
9 0.05319148936170213
7 0.05319148936170213
doc : 17
2 0.7533206831119544
8 0.043643263757115754
9 0.04174573055028463
1 0.033206831119544596
0 0.029411764705882353
7 0.027514231499051234
6 0.027514231499051234
4 0.019924098671726755
3 0.014231499051233398
5 0.009487666034155597
doc : 18
0 0.8569463548830811
6 0.0343878954607978
5 0.017881705639614855
8 0.016506189821182946
7 0.015130674002751032
9 0.013755158184319119
2 0.012379642365887207
1 0.012379642365887207
3 0.011004126547455296
4 0.009628610729023384
doc : 19
0 0.807920792079208
8 0.033663366336633666
1 0.031683168316831684
5 0.0297029702970297
3 0.019801980198019802
9 0.017821782178217824
7 0.017821782178217824
6 0.017821782178217824
2 0.013861386138613862
4 0.009900990099009901
doc : 20
1 0.9237147595356551
0 0.009950248756218905
9 0.008291873963515755
8 0.008291873963515755
7 0.008291873963515755
6 0.008291873963515755
5 0.008291873963515755
4 0.008291873963515755
3 0.008291873963515755
2 0.008291873963515755
doc : 21
9 0.8070588235294117
8 0.04823529411764706
4 0.03529411764705882
7 0.023529411764705882
3 0.016470588235294115
2 0.016470588235294115
0 0.016470588235294115
5 0.015294117647058823
6 0.011764705882352941
1 0.009411764705882352
doc : 22
0 0.8037825059101654
4 0.037825059101654845
9 0.030732860520094562
6 0.02364066193853428
5 0.02127659574468085
1 0.018912529550827423
8 0.016548463356973995
7 0.016548463356973995
3 0.016548463356973995
2 0.014184397163120567
doc : 23
6 0.4140127388535032
3 0.19745222929936307
2 0.07006369426751592
8 0.05732484076433121
0 0.05732484076433121
9 0.050955414012738856
5 0.0445859872611465
4 0.0445859872611465
7 0.03184713375796178
1 0.03184713375796178
doc : 24
6 0.36363636363636365
4 0.10606060606060606
2 0.09848484848484848
7 0.07575757575757576
0 0.07575757575757576
3 0.06818181818181818
5 0.06060606060606061
1 0.06060606060606061
8 0.05303030303030303
9 0.03787878787878788
doc : 25
8 0.9248407643312101
9 0.014012738853503183
1 0.012738853503184712
6 0.007643312101910828
5 0.007643312101910828
2 0.007643312101910828
7 0.006369426751592356
4 0.006369426751592356
3 0.006369426751592356
0 0.006369426751592356
doc : 26
0 0.8188277087033748
2 0.028419182948490232
4 0.024866785079928955
6 0.023090586145648313
9 0.021314387211367674
1 0.021314387211367674
5 0.019538188277087035
8 0.017761989342806393
7 0.015985790408525755
3 0.008880994671403197
doc : 27
1 0.9220563847429519
5 0.009950248756218905
4 0.009950248756218905
9 0.008291873963515755
8 0.008291873963515755
7 0.008291873963515755
6 0.008291873963515755
3 0.008291873963515755
2 0.008291873963515755
0 0.008291873963515755
doc : 28
0 0.39490445859872614
4 0.12101910828025478
6 0.11464968152866242
2 0.07643312101910829
9 0.06369426751592357
8 0.050955414012738856
1 0.050955414012738856
7 0.0445859872611465
5 0.0445859872611465
3 0.038216560509554146
doc : 29
2 0.37634408602150543
1 0.11827956989247312
8 0.07526881720430108
0 0.07526881720430108
9 0.06451612903225806
5 0.06451612903225806
4 0.06451612903225806
7 0.05376344086021506
6 0.05376344086021506
3 0.05376344086021506
doc : 30
0 0.5035971223021583
2 0.18345323741007194
5 0.08992805755395684
6 0.04316546762589928
1 0.03597122302158273
9 0.03237410071942446
3 0.03237410071942446
7 0.02877697841726619
8 0.025179856115107917
4 0.025179856115107917
doc : 31
6 0.35344827586206895
3 0.10344827586206896
0 0.09482758620689655
2 0.08620689655172414
4 0.07758620689655173
5 0.06896551724137931
7 0.06034482758620689
9 0.05172413793103448
8 0.05172413793103448
1 0.05172413793103448
doc : 32
7 0.6234309623430961
4 0.11506276150627615
9 0.0711297071129707
3 0.05648535564853556
1 0.03347280334728033
5 0.03138075313807531
8 0.023012552301255228
6 0.016736401673640166
2 0.016736401673640166
0 0.012552301255230124
doc : 33
6 0.6052060737527115
0 0.12581344902386118
4 0.05422993492407809
8 0.05206073752711497
5 0.039045553145336226
2 0.036876355748373106
1 0.02819956616052061
9 0.021691973969631236
7 0.019522776572668113
3 0.01735357917570499
doc : 34
1 0.9104477611940299
4 0.014925373134328358
3 0.011608623548922057
9 0.009950248756218905
6 0.009950248756218905
2 0.009950248756218905
8 0.008291873963515755
7 0.008291873963515755
5 0.008291873963515755
0 0.008291873963515755
doc : 35
0 0.8089622641509434
1 0.04245283018867924
2 0.025943396226415092
3 0.023584905660377357
5 0.02122641509433962
8 0.018867924528301886
9 0.01650943396226415
4 0.01650943396226415
6 0.014150943396226415
7 0.011792452830188678
doc : 36
4 0.432
9 0.108
6 0.076
5 0.076
1 0.068
7 0.064
3 0.064
2 0.04
0 0.04
8 0.032
doc : 37
2 0.32978723404255317
1 0.10638297872340426
4 0.0851063829787234
7 0.07446808510638298
5 0.07446808510638298
3 0.07446808510638298
9 0.06382978723404255
8 0.06382978723404255
6 0.06382978723404255
0 0.06382978723404255
doc : 38
5 0.9312883435582823
1 0.011042944785276074
8 0.008588957055214725
0 0.008588957055214725
9 0.00736196319018405
7 0.00736196319018405
6 0.00736196319018405
4 0.006134969325153374
3 0.006134969325153374
2 0.006134969325153374
doc : 39
5 0.9268292682926829
8 0.011553273427471117
7 0.010269576379974325
2 0.010269576379974325
4 0.007702182284980744
1 0.007702182284980744
9 0.006418485237483953
6 0.006418485237483953
3 0.006418485237483953
0 0.006418485237483953
doc : 40
6 0.740484429065744
5 0.050173010380622836
8 0.04671280276816609
0 0.03460207612456748
2 0.02768166089965398
9 0.02422145328719723
1 0.02422145328719723
4 0.01903114186851211
7 0.01730103806228374
3 0.015570934256055364
doc : 41
1 0.9154228855721394
8 0.011608623548922057
4 0.011608623548922057
7 0.009950248756218905
5 0.009950248756218905
9 0.008291873963515755
6 0.008291873963515755
3 0.008291873963515755
2 0.008291873963515755
0 0.008291873963515755
doc : 42
8 0.8904991948470209
6 0.01932367149758454
0 0.014492753623188406
9 0.01288244766505636
7 0.011272141706924315
4 0.011272141706924315
3 0.011272141706924315
5 0.00966183574879227
2 0.00966183574879227
1 0.00966183574879227
doc : 43
8 0.8898550724637682
9 0.02318840579710145
0 0.015942028985507246
3 0.014492753623188406
4 0.011594202898550725
1 0.011594202898550725
7 0.008695652173913044
5 0.008695652173913044
2 0.008695652173913044
6 0.007246376811594203
doc : 44
7 0.7851851851851852
9 0.044444444444444446
4 0.04197530864197531
8 0.03209876543209877
5 0.019753086419753086
2 0.01728395061728395
0 0.01728395061728395
3 0.014814814814814815
1 0.014814814814814815
6 0.012345679012345678
doc : 45
4 0.615079365079365
5 0.23015873015873015
9 0.031746031746031744
2 0.02976190476190476
8 0.01984126984126984
6 0.017857142857142856
1 0.017857142857142856
7 0.015873015873015872
3 0.011904761904761904
0 0.00992063492063492
doc : 46
8 0.1625
6 0.1625
5 0.1125
0 0.1125
9 0.08750000000000001
4 0.07500000000000001
3 0.07500000000000001
2 0.07500000000000001
1 0.07500000000000001
7 0.0625
doc : 47
1 0.9121061359867331
7 0.011608623548922057
9 0.009950248756218905
8 0.009950248756218905
6 0.009950248756218905
3 0.009950248756218905
2 0.009950248756218905
0 0.009950248756218905
5 0.008291873963515755
4 0.008291873963515755
doc : 48
3 0.769345238095238
4 0.041666666666666664
9 0.03422619047619047
1 0.03273809523809523
7 0.03125
8 0.025297619047619048
2 0.020833333333333332
6 0.016369047619047616
5 0.01488095238095238
0 0.013392857142857142
doc : 49
3 0.8968401486988847
9 0.015799256505576207
6 0.015799256505576207
8 0.013940520446096654
7 0.0120817843866171
5 0.011152416356877323
4 0.011152416356877323
2 0.010223048327137546
1 0.008364312267657992
0 0.004646840148698884
