doc : 0
2 0.7061955469506292
3 0.10890609874152953
6 0.08857696030977735
1 0.028073572120038724
0 0.016456921587608905
9 0.01500484027105518
8 0.01500484027105518
5 0.009196515004840271
4 0.008712487899322363
7 0.003872216844143272
doc : 1
2 0.753099173553719
6 0.09917355371900827
1 0.04028925619834711
8 0.029958677685950414
0 0.02169421487603306
3 0.01962809917355372
5 0.011363636363636364
9 0.010330578512396695
4 0.008264462809917356
7 0.006198347107438017
doc : 2
6 0.7974470134874759
3 0.1329479768786127
2 0.028901734104046242
1 0.009633911368015413
9 0.008429672447013488
7 0.006502890173410405
0 0.006262042389210019
8 0.004576107899807322
4 0.0031310211946050095
5 0.002167630057803468
doc : 3
8 0.8937125748502994
2 0.023952095808383235
3 0.01347305389221557
1 0.01347305389221557
6 0.011976047904191617
5 0.010479041916167666
0 0.010479041916167666
9 0.0074850299401197605
7 0.0074850299401197605
4 0.0074850299401197605
doc : 4
8 0.908682634730539
2 0.011976047904191617
1 0.011976047904191617
0 0.011976047904191617
9 0.010479041916167666
6 0.010479041916167666
3 0.010479041916167666
5 0.008982035928143714
7 0.0074850299401197605
4 0.0074850299401197605
doc : 5
1 0.6197718631178707
2 0.1432192648922687
6 0.055766793409378956
3 0.05133079847908745
8 0.043726235741444866
0 0.03041825095057034
5 0.022813688212927754
4 0.015842839036755384
9 0.012674271229404309
7 0.004435994930291508
doc : 6
5 0.9367225527312061
1 0.011357490535424555
6 0.010275824770146026
2 0.010275824770146026
0 0.009734991887506761
4 0.005408328826392645
3 0.005408328826392645
8 0.004326663061114116
9 0.0037858301784748517
7 0.0027041644131963224
doc : 7
4 0.20930232558139533
1 0.12790697674418605
0 0.11627906976744186
7 0.09302325581395349
8 0.08139534883720931
5 0.08139534883720931
2 0.08139534883720931
9 0.06976744186046512
6 0.06976744186046512
3 0.06976744186046512
doc : 8
0 0.45517241379310347
1 0.33793103448275863
2 0.04597701149425287
6 0.03908045977011494
8 0.03218390804597701
9 0.020689655172413793
4 0.020689655172413793
3 0.01839080459770115
5 0.016091954022988506
7 0.013793103448275862
doc : 9
1 0.36857142857142855
6 0.28
2 0.10857142857142857
3 0.06857142857142857
0 0.04285714285714286
8 0.03428571428571429
9 0.03142857142857143
4 0.025714285714285714
5 0.022857142857142857
7 0.017142857142857144
doc : 10
6 0.8486962908556739
3 0.07675358060962173
2 0.01799485861182519
1 0.012853470437017993
8 0.010282776349614395
7 0.009915534337128168
9 0.007344840249724568
4 0.006610356224752111
5 0.004774146162320969
0 0.004774146162320969
doc : 11
3 0.44523200867611745
9 0.386590750639089
6 0.09845843984816795
8 0.03726082578046324
2 0.01700364087071036
0 0.005383840731272755
7 0.004415524052986289
5 0.0024401580292818963
1 0.0024401580292818963
4 7.746533426291734E-4
doc : 12
8 0.8817365269461078
2 0.023952095808383235
3 0.019461077844311378
1 0.01347305389221557
0 0.01347305389221557
6 0.011976047904191617
5 0.010479041916167666
9 0.008982035928143714
4 0.008982035928143714
7 0.0074850299401197605
doc : 13
0 0.8096085409252669
2 0.04829689883070666
1 0.034824605998983224
3 0.021352313167259787
4 0.021098118962887647
9 0.019827147941026944
8 0.017793594306049824
6 0.010167768174885614
5 0.010167768174885614
7 0.0068632435180477885
doc : 14
5 0.45121951219512196
1 0.14634146341463414
2 0.14390243902439023
6 0.1024390243902439
4 0.04390243902439024
8 0.026829268292682926
3 0.026829268292682926
0 0.026829268292682926
9 0.01707317073170732
7 0.014634146341463414
doc : 15
4 0.7177747625508819
1 0.08141112618724558
2 0.07598371777476254
5 0.023066485753052916
7 0.021709633649932156
6 0.021709633649932156
9 0.020352781546811395
8 0.017639077340569877
0 0.012211668928086838
3 0.008141112618724558
doc : 16
0 0.6585695006747638
2 0.22941970310391363
8 0.02294197031039136
3 0.021592442645074223
4 0.018893387314439944
1 0.012145748987854251
9 0.010796221322537112
5 0.010796221322537112
6 0.008097165991902834
7 0.0067476383265856945
doc : 17
8 0.5109677419354839
6 0.1432258064516129
3 0.10967741935483871
1 0.06064516129032258
2 0.05419354838709677
0 0.04774193548387097
9 0.04258064516129032
4 0.012903225806451613
7 0.01032258064516129
5 0.007741935483870968
doc : 18
1 0.7698630136986302
2 0.057534246575342465
3 0.03287671232876713
6 0.0273972602739726
0 0.0273972602739726
9 0.021917808219178082
5 0.021917808219178082
8 0.0136986301369863
7 0.0136986301369863
4 0.0136986301369863
doc : 19
2 0.33333333333333337
6 0.19741100323624597
1 0.11650485436893204
8 0.08090614886731393
0 0.08090614886731393
5 0.05177993527508091
3 0.042071197411003236
4 0.03883495145631068
9 0.02912621359223301
7 0.02912621359223301
doc : 20
2 0.7925531914893617
8 0.051418439716312055
5 0.03368794326241135
1 0.03368794326241135
0 0.02127659574468085
4 0.01950354609929078
6 0.015957446808510637
9 0.012411347517730497
3 0.010638297872340425
7 0.008865248226950354
doc : 21
1 0.6166134185303515
2 0.11501597444089456
8 0.07667731629392971
6 0.04472843450479233
3 0.04472843450479233
4 0.02875399361022364
5 0.022364217252396165
0 0.019169329073482427
9 0.01597444089456869
7 0.01597444089456869
doc : 22
1 0.42671984047856426
6 0.17447657028913258
3 0.09471585244267197
2 0.09072781655034895
0 0.0588235294117647
8 0.05782652043868394
4 0.04586241276171485
7 0.018943170488534396
9 0.017946161515453637
5 0.013958125623130608
doc : 23
3 0.6557869873308997
6 0.18821129482499463
2 0.048851191754348294
8 0.04273137212797939
9 0.026733948894137858
1 0.01470904015460597
4 0.008589220528237063
5 0.007408202705604466
7 0.0040798797509126045
0 0.002898861928280009
doc : 24
0 0.8400000000000001
1 0.03085714285714286
5 0.02742857142857143
2 0.026285714285714287
4 0.020571428571428574
6 0.016
9 0.01142857142857143
8 0.010285714285714287
3 0.010285714285714287
7 0.006857142857142858
doc : 25
0 0.8258746948738812
4 0.03986981285598047
2 0.030919446704637917
1 0.030919446704637917
6 0.018714401952807158
3 0.01627339300244101
9 0.013832384052074858
8 0.009764035801464606
5 0.008136696501220505
7 0.005695687550854353
doc : 26
1 0.8674418604651163
3 0.029069767441860465
9 0.018604651162790697
8 0.015116279069767442
6 0.013953488372093023
5 0.012790697674418604
4 0.012790697674418604
7 0.011627906976744186
0 0.011627906976744186
2 0.0069767441860465115
doc : 27
1 0.6243680485338726
6 0.15470171890798787
3 0.08543983822042467
8 0.03488372093023256
0 0.03387259858442872
2 0.03083923154701719
4 0.013650151668351871
9 0.011122345803842266
5 0.0075834175935288175
7 0.0035389282103134483
doc : 28
6 0.5874799357945425
1 0.11717495987158909
2 0.09951845906902086
3 0.05457463884430176
8 0.04012841091492777
5 0.03691813804173355
0 0.025682182985553772
4 0.01765650080256822
7 0.011235955056179775
9 0.009630818619582664
doc : 29
6 0.3563636363636364
2 0.14545454545454545
1 0.13090909090909092
5 0.11272727272727273
8 0.05818181818181818
0 0.05818181818181818
4 0.04
7 0.03636363636363636
9 0.03272727272727273
3 0.02909090909090909
doc : 30
8 0.4005080440304826
1 0.21337849280270957
6 0.1380186282811177
0 0.09229466553767993
2 0.060965283657917015
3 0.04318374259102455
4 0.02032176121930567
5 0.016088060965283656
7 0.00846740050804403
9 0.006773920406435224
doc : 31
1 0.5118613138686131
3 0.25593065693430656
6 0.10036496350364964
2 0.07208029197080291
0 0.021441605839416056
4 0.010036496350364963
8 0.009124087591240875
5 0.008211678832116789
9 0.007755474452554745
7 0.0031934306569343066
doc : 32
1 0.8330258302583026
3 0.04335793357933579
9 0.024907749077490774
4 0.021217712177121772
8 0.013837638376383764
6 0.013837638376383764
2 0.013837638376383764
0 0.013837638376383764
5 0.012915129151291513
7 0.00922509225092251
doc : 33
4 0.4811529933481153
1 0.15299334811529933
2 0.15077605321507762
0 0.05321507760532151
6 0.03991130820399113
5 0.03991130820399113
8 0.028824833702882482
3 0.024390243902439025
9 0.015521064301552107
7 0.013303769401330377
doc : 34
2 0.3611738148984198
4 0.15801354401805867
3 0.12641083521444693
1 0.1038374717832957
8 0.07900677200902934
6 0.05191873589164785
9 0.04288939051918735
5 0.03611738148984198
0 0.024830699774266364
7 0.015801354401805866
doc : 35
5 0.9360812425328554
0 0.016129032258064516
1 0.01075268817204301
2 0.008960573476702509
4 0.006571087216248506
3 0.005973715651135005
8 0.004181600955794504
7 0.004181600955794504
6 0.004181600955794504
9 0.0029868578255675027
doc : 36
2 0.47962382445141066
3 0.14420062695924765
6 0.06896551724137931
8 0.05956112852664577
5 0.05956112852664577
0 0.05642633228840125
1 0.050156739811912224
9 0.034482758620689655
7 0.03134796238244514
4 0.01567398119122257
doc : 37
2 0.703370786516854
3 0.07752808988764046
0 0.06629213483146068
9 0.03370786516853933
4 0.029213483146067417
1 0.02696629213483146
6 0.02359550561797753
5 0.020224719101123598
8 0.011235955056179777
7 0.007865168539325843
doc : 38
4 0.5260115606936416
5 0.11560693641618497
6 0.08959537572254335
1 0.06791907514450866
2 0.06502890173410404
3 0.044797687861271675
0 0.028901734104046242
8 0.02745664739884393
9 0.02023121387283237
7 0.014450867052023121
doc : 39
4 0.8333333333333334
0 0.039337474120082816
1 0.034161490683229816
2 0.019668737060041408
5 0.016563146997929608
7 0.015527950310559008
3 0.012422360248447206
6 0.011387163561076606
9 0.010351966873706004
8 0.007246376811594204
doc : 40
4 0.7727873183619551
0 0.07793923381770146
5 0.03038309114927345
3 0.02906208718626156
2 0.022457067371202115
6 0.018494055482166448
1 0.015852047556142668
8 0.01453104359313078
9 0.009247027741083224
7 0.009247027741083224
doc : 41
4 0.46803069053708446
6 0.11764705882352942
1 0.11253196930946292
3 0.0639386189258312
5 0.05370843989769821
7 0.05115089514066497
0 0.04347826086956522
2 0.04092071611253197
8 0.03324808184143223
9 0.015345268542199489
doc : 42
1 0.7934782608695652
3 0.051630434782608696
2 0.02717391304347826
8 0.024456521739130432
6 0.024456521739130432
4 0.019021739130434784
0 0.019021739130434784
9 0.01358695652173913
7 0.01358695652173913
5 0.01358695652173913
doc : 43
7 0.9831209094040648
9 0.002411298656562177
5 0.0020668274199104374
4 0.0020668274199104374
8 0.0017223561832586981
6 0.0017223561832586981
3 0.0017223561832586981
2 0.0017223561832586981
1 0.0017223561832586981
0 0.0017223561832586981
doc : 44
2 0.6930171277997366
1 0.14492753623188406
3 0.03293807641633729
0 0.03293807641633729
8 0.022397891963109356
4 0.021080368906455864
6 0.017127799736495388
9 0.011857707509881424
7 0.011857707509881424
5 0.011857707509881424
doc : 45
1 0.5825581395348837
0 0.18488372093023256
4 0.07093023255813953
2 0.06046511627906977
6 0.033720930232558136
9 0.015116279069767442
5 0.015116279069767442
3 0.015116279069767442
7 0.011627906976744186
8 0.010465116279069767
doc : 46
0 0.8565737051792828
1 0.027888446215139442
8 0.021248339973439574
3 0.021248339973439574
2 0.017264276228419653
5 0.01593625498007968
6 0.013280212483399733
9 0.009296148738379813
4 0.009296148738379813
7 0.00796812749003984
doc : 47
0 0.7748023463402193
2 0.07498087222647283
1 0.04106095383830655
7 0.02626880897730171
4 0.02269829125223157
8 0.015557255802091302
3 0.015047181841366998
5 0.011986738077021167
6 0.008926294312675338
9 0.008671257332313186
doc : 48
1 0.2847222222222222
4 0.22916666666666666
2 0.1736111111111111
6 0.11805555555555555
0 0.07175925925925926
8 0.039351851851851846
5 0.03009259259259259
3 0.027777777777777776
9 0.013888888888888888
7 0.011574074074074073
doc : 49
1 0.5263157894736842
0 0.21052631578947367
3 0.05263157894736842
9 0.03684210526315789
6 0.03684210526315789
8 0.031578947368421054
7 0.02631578947368421
5 0.02631578947368421
4 0.02631578947368421
2 0.02631578947368421
