doc : 0
1 0.12727272727272726
9 0.10909090909090909
8 0.10909090909090909
6 0.10909090909090909
7 0.09090909090909091
5 0.09090909090909091
4 0.09090909090909091
3 0.09090909090909091
2 0.09090909090909091
0 0.09090909090909091
doc : 1
2 0.8669833729216152
5 0.023752969121140145
1 0.02137767220902613
9 0.014251781472684086
4 0.014251781472684086
8 0.011876484560570073
7 0.011876484560570073
6 0.011876484560570073
3 0.011876484560570073
0 0.011876484560570073
doc : 2
1 0.8578680203045684
5 0.02284263959390863
2 0.02284263959390863
8 0.015228426395939085
4 0.015228426395939085
3 0.015228426395939085
9 0.012690355329949238
7 0.012690355329949238
6 0.012690355329949238
0 0.012690355329949238
doc : 3
5 0.8761726078799249
2 0.026266416510318948
1 0.0225140712945591
8 0.013133208255159474
3 0.013133208255159474
7 0.01125703564727955
9 0.009380863039399626
6 0.009380863039399626
4 0.009380863039399626
0 0.009380863039399626
doc : 4
0 0.2753623188405797
7 0.11594202898550725
1 0.10144927536231885
9 0.07246376811594203
8 0.07246376811594203
6 0.07246376811594203
5 0.07246376811594203
4 0.07246376811594203
3 0.07246376811594203
2 0.07246376811594203
doc : 5
0 0.3378995433789954
4 0.1415525114155251
7 0.0958904109589041
5 0.0958904109589041
2 0.0684931506849315
6 0.0639269406392694
1 0.0593607305936073
8 0.0547945205479452
9 0.0502283105022831
3 0.0319634703196347
doc : 6
0 0.683206106870229
1 0.04580152671755725
5 0.04198473282442748
8 0.03816793893129771
7 0.03816793893129771
4 0.03816793893129771
9 0.03435114503816794
3 0.030534351145038167
2 0.030534351145038167
6 0.019083969465648856
doc : 7
0 0.3674698795180723
6 0.13855421686746988
4 0.12650602409638556
8 0.060240963855421686
9 0.05421686746987952
7 0.05421686746987952
3 0.05421686746987952
2 0.05421686746987952
5 0.04819277108433735
1 0.042168674698795185
doc : 8
0 0.2608695652173913
9 0.08695652173913043
7 0.08695652173913043
6 0.08695652173913043
4 0.08695652173913043
3 0.08695652173913043
1 0.08695652173913043
8 0.07246376811594203
5 0.07246376811594203
2 0.07246376811594203
doc : 9
0 0.19230769230769232
7 0.15384615384615385
8 0.09230769230769231
6 0.09230769230769231
9 0.08461538461538462
5 0.08461538461538462
3 0.08461538461538462
4 0.07692307692307693
1 0.07692307692307693
2 0.06153846153846154
doc : 10
0 0.7652173913043478
5 0.043478260869565216
7 0.041304347826086954
9 0.03260869565217391
1 0.02826086956521739
2 0.021739130434782608
8 0.017391304347826087
6 0.017391304347826087
4 0.017391304347826087
3 0.015217391304347827
doc : 11
0 0.6995515695067265
9 0.05829596412556054
7 0.04484304932735426
8 0.03139013452914798
6 0.03139013452914798
4 0.03139013452914798
1 0.03139013452914798
5 0.026905829596412557
3 0.02242152466367713
2 0.02242152466367713
doc : 12
0 0.4316109422492401
7 0.16717325227963525
6 0.07598784194528875
4 0.0729483282674772
3 0.0729483282674772
8 0.06382978723404255
9 0.04559270516717325
5 0.0243161094224924
1 0.0243161094224924
2 0.02127659574468085
doc : 13
7 0.8567741935483871
6 0.0232258064516129
4 0.0232258064516129
8 0.01806451612903226
5 0.01806451612903226
0 0.016774193548387096
3 0.015483870967741935
9 0.01032258064516129
2 0.01032258064516129
1 0.007741935483870968
doc : 14
2 0.8859857482185274
9 0.014251781472684086
5 0.014251781472684086
1 0.014251781472684086
8 0.011876484560570073
7 0.011876484560570073
6 0.011876484560570073
4 0.011876484560570073
3 0.011876484560570073
0 0.011876484560570073
doc : 15
1 0.8629441624365481
2 0.02030456852791878
5 0.017766497461928932
4 0.017766497461928932
9 0.015228426395939085
0 0.015228426395939085
8 0.012690355329949238
7 0.012690355329949238
6 0.012690355329949238
3 0.012690355329949238
doc : 16
9 0.10909090909090909
8 0.10909090909090909
7 0.10909090909090909
6 0.10909090909090909
1 0.10909090909090909
5 0.09090909090909091
4 0.09090909090909091
3 0.09090909090909091
2 0.09090909090909091
0 0.09090909090909091
doc : 17
2 0.8836104513064134
5 0.019002375296912115
8 0.014251781472684086
9 0.011876484560570073
7 0.011876484560570073
6 0.011876484560570073
4 0.011876484560570073
3 0.011876484560570073
1 0.011876484560570073
0 0.011876484560570073
doc : 18
1 0.8654822335025381
5 0.017766497461928932
3 0.017766497461928932
8 0.015228426395939085
7 0.015228426395939085
6 0.015228426395939085
2 0.015228426395939085
9 0.012690355329949238
4 0.012690355329949238
0 0.012690355329949238
doc : 19
5 0.8630393996247655
2 0.0375234521575985
1 0.026266416510318948
9 0.01125703564727955
6 0.01125703564727955
4 0.01125703564727955
0 0.01125703564727955
8 0.009380863039399626
7 0.009380863039399626
3 0.009380863039399626
doc : 20
4 0.46904315196998125
6 0.15196998123827393
8 0.14071294559099437
7 0.0900562851782364
1 0.03377110694183865
5 0.03189493433395872
9 0.028142589118198873
2 0.020637898686679174
0 0.01876172607879925
3 0.0150093808630394
doc : 21
4 0.7563636363636363
6 0.05454545454545454
8 0.03272727272727273
7 0.02909090909090909
5 0.02909090909090909
3 0.02181818181818182
2 0.02181818181818182
9 0.01818181818181818
1 0.01818181818181818
0 0.01818181818181818
doc : 22
4 0.8063380281690141
6 0.028169014084507043
8 0.024647887323943664
0 0.024647887323943664
5 0.02112676056338028
3 0.02112676056338028
2 0.02112676056338028
9 0.017605633802816902
7 0.017605633802816902
1 0.017605633802816902
doc : 23
0 0.7535353535353535
4 0.048484848484848485
9 0.0404040404040404
8 0.03232323232323232
6 0.030303030303030304
1 0.026262626262626262
5 0.022222222222222223
3 0.01818181818181818
2 0.01616161616161616
7 0.012121212121212121
doc : 24
0 0.4296875
4 0.125
8 0.078125
7 0.0625
6 0.0625
3 0.0625
9 0.0546875
5 0.046875
2 0.0390625
1 0.0390625
doc : 25
8 0.9035608308605342
4 0.02077151335311573
6 0.013353115727002967
9 0.010385756676557865
2 0.010385756676557865
7 0.008902077151335312
3 0.008902077151335312
0 0.008902077151335312
5 0.00741839762611276
1 0.00741839762611276
doc : 26
8 0.9042253521126761
6 0.02394366197183099
4 0.011267605633802818
1 0.009859154929577466
0 0.009859154929577466
9 0.008450704225352114
5 0.008450704225352114
3 0.008450704225352114
2 0.008450704225352114
7 0.007042253521126761
doc : 27
4 0.2789115646258503
6 0.24489795918367346
0 0.09523809523809523
8 0.08163265306122448
3 0.061224489795918366
1 0.061224489795918366
5 0.05442176870748299
7 0.047619047619047616
2 0.04081632653061224
9 0.03401360544217687
doc : 28
6 0.8186046511627907
8 0.06744186046511627
1 0.018604651162790697
4 0.01627906976744186
3 0.01627906976744186
2 0.013953488372093023
0 0.013953488372093023
9 0.011627906976744186
7 0.011627906976744186
5 0.011627906976744186
doc : 29
2 0.8836104513064134
7 0.0166270783847981
4 0.014251781472684086
3 0.014251781472684086
9 0.011876484560570073
8 0.011876484560570073
6 0.011876484560570073
5 0.011876484560570073
1 0.011876484560570073
0 0.011876484560570073
doc : 30
1 0.8654822335025381
5 0.02284263959390863
8 0.017766497461928932
4 0.015228426395939085
0 0.015228426395939085
9 0.012690355329949238
7 0.012690355329949238
6 0.012690355329949238
3 0.012690355329949238
2 0.012690355329949238
doc : 31
9 0.9287392325763508
7 0.012529365700861394
2 0.009397024275646045
5 0.008613938919342208
0 0.008613938919342208
3 0.007830853563038372
4 0.007047768206734534
1 0.006264682850430697
8 0.00548159749412686
6 0.00548159749412686
doc : 32
3 0.9368593685936859
4 0.013120131201312012
9 0.007790077900779007
5 0.007790077900779007
2 0.007380073800738007
8 0.006970069700697006
6 0.006150061500615006
0 0.004920049200492004
7 0.004510045100451004
1 0.004510045100451004
doc : 33
7 0.6666666666666666
0 0.07168458781362007
6 0.05017921146953405
8 0.03942652329749104
3 0.035842293906810034
9 0.02867383512544803
5 0.02867383512544803
1 0.02867383512544803
4 0.025089605734767026
2 0.025089605734767026
doc : 34
2 0.6877637130801687
7 0.10970464135021096
5 0.06118143459915611
6 0.02742616033755274
1 0.02742616033755274
8 0.02109704641350211
3 0.018987341772151896
9 0.016877637130801686
4 0.014767932489451475
0 0.014767932489451475
doc : 35
7 0.6473214285714285
4 0.07589285714285714
1 0.05357142857142857
3 0.04241071428571428
2 0.03794642857142857
8 0.03571428571428571
5 0.033482142857142856
6 0.02901785714285714
9 0.024553571428571428
0 0.020089285714285712
doc : 36
5 0.8630393996247655
1 0.03189493433395872
2 0.020637898686679174
3 0.016885553470919325
8 0.013133208255159474
9 0.01125703564727955
7 0.01125703564727955
4 0.01125703564727955
0 0.01125703564727955
6 0.009380863039399626
doc : 37
7 0.3275862068965517
3 0.28879310344827586
4 0.08405172413793104
0 0.07543103448275862
1 0.05172413793103448
5 0.04741379310344827
8 0.040948275862068964
2 0.032327586206896554
6 0.030172413793103446
9 0.021551724137931036
doc : 38
4 0.680628272251309
3 0.04712041884816754
0 0.041884816753926704
9 0.03664921465968587
8 0.03664921465968587
6 0.03664921465968587
1 0.03664921465968587
7 0.03141361256544503
5 0.02617801047120419
2 0.02617801047120419
doc : 39
1 0.8527918781725887
5 0.025380710659898477
2 0.02030456852791878
0 0.017766497461928932
9 0.015228426395939085
7 0.015228426395939085
4 0.015228426395939085
8 0.012690355329949238
6 0.012690355329949238
3 0.012690355329949238
doc : 40
4 0.5815602836879432
7 0.06382978723404255
3 0.06382978723404255
9 0.05673758865248227
6 0.05673758865248227
8 0.035460992907801414
5 0.035460992907801414
2 0.035460992907801414
1 0.035460992907801414
0 0.035460992907801414
doc : 41
7 0.7904269081500648
4 0.03234152652005175
6 0.029754204398447608
3 0.029754204398447608
5 0.02457956015523933
0 0.02328589909443726
1 0.01940491591203105
8 0.01811125485122898
2 0.01811125485122898
9 0.014230271668822769
doc : 42
9 0.12727272727272726
7 0.10909090909090909
4 0.10909090909090909
1 0.10909090909090909
8 0.09090909090909091
6 0.09090909090909091
5 0.09090909090909091
3 0.09090909090909091
2 0.09090909090909091
0 0.09090909090909091
doc : 43
7 0.445
4 0.12
8 0.1
3 0.07
5 0.06
0 0.055
6 0.05
2 0.04
9 0.03
1 0.03
doc : 44
4 0.7526501766784452
6 0.0812720848056537
1 0.024734982332155476
8 0.021201413427561835
7 0.021201413427561835
5 0.021201413427561835
3 0.021201413427561835
2 0.021201413427561835
9 0.0176678445229682
0 0.0176678445229682
doc : 45
4 0.7849462365591398
8 0.03225806451612903
6 0.03225806451612903
2 0.025089605734767026
0 0.025089605734767026
7 0.021505376344086023
5 0.021505376344086023
3 0.021505376344086023
9 0.017921146953405017
1 0.017921146953405017
doc : 46
4 0.46466809421841543
8 0.17558886509635976
6 0.13276231263383298
3 0.05139186295503212
7 0.047109207708779445
0 0.03854389721627409
2 0.034261241970021415
9 0.02569593147751606
1 0.019271948608137045
5 0.010706638115631693
doc : 47
6 0.1951219512195122
0 0.12195121951219512
4 0.10975609756097561
3 0.10975609756097561
9 0.08536585365853659
8 0.08536585365853659
7 0.08536585365853659
1 0.08536585365853659
5 0.06097560975609756
2 0.06097560975609756
doc : 48
6 0.8029925187032418
8 0.06733167082294264
7 0.0199501246882793
3 0.0199501246882793
1 0.017456359102244388
5 0.014962593516209476
4 0.014962593516209476
2 0.014962593516209476
0 0.014962593516209476
9 0.012468827930174564
doc : 49
6 0.8410596026490066
8 0.039735099337748346
9 0.017660044150110375
3 0.017660044150110375
7 0.015452538631346577
4 0.015452538631346577
1 0.015452538631346577
0 0.015452538631346577
5 0.011037527593818985
2 0.011037527593818985
