doc : 0
6 0.5870646766169154
5 0.07462686567164178
2 0.06965174129353234
4 0.05970149253731343
9 0.03980099502487562
0 0.03980099502487562
7 0.03482587064676617
1 0.03482587064676617
8 0.029850746268656716
3 0.029850746268656716
doc : 1
6 0.6049046321525885
0 0.1307901907356948
7 0.05994550408719346
3 0.04632152588555858
2 0.04087193460490463
4 0.03814713896457766
9 0.021798365122615803
5 0.021798365122615803
1 0.01907356948228883
8 0.01634877384196185
doc : 2
2 0.9077979401667484
6 0.060323688082393336
4 0.005885237861696911
3 0.004904364884747426
5 0.004413928396272683
0 0.004413928396272683
9 0.0034330554193231977
8 0.0034330554193231977
7 0.0029426189308484553
1 0.002452182442373713
doc : 3
6 0.5828571428571429
4 0.16142857142857142
8 0.12285714285714286
5 0.03142857142857143
0 0.03142857142857143
3 0.017142857142857144
7 0.014285714285714285
1 0.014285714285714285
2 0.012857142857142857
9 0.011428571428571429
doc : 4
6 0.48125
4 0.09375
3 0.07500000000000001
8 0.0625
7 0.0625
1 0.05625
2 0.05
5 0.043750000000000004
0 0.043750000000000004
9 0.03125
doc : 5
6 0.6491803278688525
8 0.11147540983606558
4 0.04918032786885246
1 0.04262295081967213
2 0.036065573770491806
7 0.03278688524590164
3 0.022950819672131147
9 0.019672131147540982
0 0.019672131147540982
5 0.01639344262295082
doc : 6
6 0.6819787985865724
3 0.06007067137809187
2 0.04946996466431095
1 0.04240282685512367
7 0.0353356890459364
8 0.03180212014134275
0 0.03180212014134275
4 0.028268551236749116
5 0.021201413427561835
9 0.0176678445229682
doc : 7
6 0.7535816618911174
4 0.09169054441260745
0 0.034383954154727794
3 0.022922636103151862
7 0.020057306590257878
1 0.020057306590257878
9 0.014326647564469913
8 0.014326647564469913
5 0.014326647564469913
2 0.014326647564469913
doc : 8
6 0.7765042979942693
4 0.07449856733524356
0 0.034383954154727794
3 0.020057306590257878
8 0.017191977077363897
7 0.017191977077363897
1 0.017191977077363897
9 0.014326647564469913
5 0.014326647564469913
2 0.014326647564469913
doc : 9
6 0.7194444444444444
2 0.06666666666666667
4 0.05
7 0.03333333333333333
5 0.02777777777777778
8 0.025
0 0.022222222222222223
9 0.019444444444444445
3 0.019444444444444445
1 0.016666666666666666
doc : 10
4 0.8856502242152466
6 0.017937219730941704
7 0.013452914798206279
3 0.013452914798206279
0 0.013452914798206279
9 0.011210762331838564
8 0.011210762331838564
5 0.011210762331838564
2 0.011210762331838564
1 0.011210762331838564
doc : 11
4 0.8977035490605427
9 0.012526096033402922
7 0.012526096033402922
6 0.012526096033402922
0 0.012526096033402922
8 0.010438413361169102
5 0.010438413361169102
3 0.010438413361169102
2 0.010438413361169102
1 0.010438413361169102
doc : 12
6 0.7030716723549488
2 0.07167235494880546
8 0.04436860068259386
7 0.027303754266211604
5 0.027303754266211604
3 0.027303754266211604
1 0.027303754266211604
0 0.027303754266211604
4 0.023890784982935155
9 0.020477815699658702
doc : 13
6 0.6432865731462926
4 0.19639278557114226
0 0.0501002004008016
5 0.022044088176352703
8 0.02004008016032064
7 0.018036072144288574
2 0.01603206412825651
3 0.014028056112224447
9 0.01002004008016032
1 0.01002004008016032
doc : 14
6 0.7106918238993711
4 0.09224318658280922
0 0.04821802935010482
7 0.033542976939203356
3 0.031446540880503145
8 0.020964360587002098
2 0.01886792452830189
9 0.016771488469601678
1 0.016771488469601678
5 0.010482180293501049
doc : 15
6 0.3557692307692308
7 0.125
2 0.10576923076923078
9 0.07692307692307693
4 0.07692307692307693
8 0.057692307692307696
3 0.057692307692307696
5 0.04807692307692308
1 0.04807692307692308
0 0.04807692307692308
doc : 16
6 0.4568965517241379
7 0.08620689655172414
5 0.07758620689655173
2 0.07758620689655173
0 0.06896551724137931
8 0.05172413793103448
4 0.05172413793103448
9 0.04310344827586207
3 0.04310344827586207
1 0.04310344827586207
doc : 17
3 0.8072669826224328
4 0.10742496050552923
6 0.02527646129541864
7 0.011058451816745656
8 0.009478672985781991
9 0.007898894154818325
5 0.007898894154818325
2 0.007898894154818325
1 0.007898894154818325
0 0.007898894154818325
doc : 18
6 0.7872860635696821
4 0.1334963325183374
7 0.030806845965770168
5 0.019070904645476772
8 0.005378973105134474
3 0.005378973105134474
2 0.005378973105134474
1 0.005378973105134474
0 0.004400977995110024
9 0.003422982885085574
doc : 19
4 0.8747390396659707
6 0.022964509394572022
7 0.016701461377870562
5 0.014613778705636741
0 0.014613778705636741
3 0.012526096033402922
2 0.012526096033402922
9 0.010438413361169102
8 0.010438413361169102
1 0.010438413361169102
doc : 20
4 0.9399744572158366
0 0.008939974457215838
9 0.006385696040868455
8 0.006385696040868455
7 0.006385696040868455
6 0.006385696040868455
5 0.006385696040868455
3 0.006385696040868455
2 0.006385696040868455
1 0.006385696040868455
doc : 21
6 0.7277147487844408
3 0.11507293354943274
4 0.03403565640194489
2 0.03079416531604538
1 0.022690437601296597
9 0.01620745542949757
0 0.01620745542949757
8 0.01458670988654781
7 0.011345218800648298
5 0.011345218800648298
doc : 22
6 0.628
4 0.132
7 0.052000000000000005
0 0.036000000000000004
5 0.032
2 0.032
8 0.028
9 0.02
3 0.02
1 0.02
doc : 23
6 0.7694954128440368
4 0.09747706422018348
0 0.040137614678899085
8 0.03555045871559633
5 0.01834862385321101
2 0.010321100917431193
1 0.009174311926605505
7 0.006880733944954129
3 0.006880733944954129
9 0.005733944954128441
doc : 24
8 0.9555555555555555
6 0.015703703703703702
4 0.010074074074074074
0 0.0044444444444444444
3 0.004
7 0.0025185185185185185
5 0.0023703703703703703
2 0.0022222222222222222
1 0.001925925925925926
9 0.0011851851851851852
doc : 25
6 0.7543859649122806
7 0.09523809523809523
2 0.02506265664160401
0 0.022556390977443608
5 0.020050125313283207
4 0.020050125313283207
9 0.017543859649122806
8 0.015037593984962405
3 0.015037593984962405
1 0.015037593984962405
doc : 26
2 0.6456733230926779
6 0.21710189452124937
4 0.07117255504352278
0 0.01894521249359959
7 0.01228878648233487
3 0.011264720942140297
1 0.007680491551459293
8 0.007168458781362007
5 0.0056323604710701485
9 0.0030721966205837174
doc : 27
5 0.5627355950457728
6 0.12654819601507808
2 0.11793214862681745
1 0.06892837910608508
7 0.06031233171782445
8 0.022617124394184167
3 0.014001077005923533
0 0.010770059235325794
9 0.009693053311793215
4 0.006462035541195477
doc : 28
6 0.685473411154345
8 0.05252918287937743
2 0.05188067444876783
1 0.05058365758754864
5 0.04669260700389105
7 0.03761348897535668
0 0.02399481193255512
4 0.023346303501945526
3 0.01556420233463035
9 0.01232166018158236
doc : 29
6 0.7058823529411764
4 0.14908722109533468
8 0.033468559837728194
0 0.032454361054766734
2 0.02231237322515213
5 0.014198782961460446
3 0.014198782961460446
9 0.010141987829614604
7 0.009127789046653144
1 0.009127789046653144
doc : 30
6 0.8604477611940299
7 0.048507462686567165
4 0.033582089552238806
0 0.014179104477611941
8 0.010447761194029851
3 0.010447761194029851
9 0.006716417910447761
5 0.006716417910447761
2 0.004477611940298508
1 0.004477611940298508
doc : 31
9 0.6794267765999215
2 0.15488810365135453
0 0.054770318021201414
3 0.036709854731056146
1 0.02591283863368669
5 0.018649391440910875
4 0.012367491166077738
6 0.010011778563015312
7 0.0043188064389477815
8 0.002944640753828033
doc : 32
8 0.9500093266181683
1 0.019772430516694646
7 0.007647826897966797
2 0.004849841447491139
5 0.004103711994030965
4 0.004103711994030965
3 0.0029845178138407013
9 0.0027979854504756574
0 0.0020518559970154823
6 0.0016787912702853946
doc : 33
9 0.794928767481375
2 0.13677950594693505
1 0.03947196444909162
3 0.011501764475231997
5 0.007384655600575088
0 0.0037903542020650896
4 0.0030714939223630898
6 0.0016337733629590903
8 7.842112142203634E-4
7 6.535093451836362E-4
doc : 34
3 0.8975286317058468
4 0.06871609403254973
6 0.008438818565400843
8 0.004219409282700422
0 0.004219409282700422
7 0.003616636528028933
5 0.003616636528028933
2 0.003616636528028933
9 0.0030138637733574444
1 0.0030138637733574444
doc : 35
6 0.888888888888889
2 0.03287981859410431
3 0.024943310657596373
0 0.012471655328798186
4 0.010204081632653062
7 0.006802721088435375
1 0.006802721088435375
9 0.005668934240362812
8 0.005668934240362812
5 0.005668934240362812
doc : 36
4 0.8287461773700305
6 0.03669724770642202
0 0.024464831804281346
7 0.01834862385321101
9 0.01529051987767584
8 0.01529051987767584
5 0.01529051987767584
3 0.01529051987767584
2 0.01529051987767584
1 0.01529051987767584
doc : 37
4 0.926984126984127
0 0.009523809523809525
9 0.007936507936507936
8 0.007936507936507936
7 0.007936507936507936
6 0.007936507936507936
5 0.007936507936507936
3 0.007936507936507936
2 0.007936507936507936
1 0.007936507936507936
doc : 38
4 0.8967495219885276
9 0.013384321223709368
6 0.013384321223709368
2 0.013384321223709368
8 0.01147227533460803
7 0.01147227533460803
1 0.01147227533460803
5 0.009560229445506692
3 0.009560229445506692
0 0.009560229445506692
doc : 39
4 0.9772418478260869
3 0.004755434782608696
2 0.003736413043478261
6 0.0033967391304347825
8 0.0020380434782608695
7 0.0020380434782608695
9 0.0016983695652173913
5 0.0016983695652173913
1 0.0016983695652173913
0 0.0016983695652173913
doc : 40
5 0.9920232732732732
2 0.0015953453453453454
6 0.0013138138138138137
8 9.384384384384384E-4
4 9.384384384384384E-4
9 7.507507507507507E-4
3 6.569069069069068E-4
1 6.569069069069068E-4
7 5.630630630630631E-4
0 5.630630630630631E-4
doc : 41
6 0.7487352445193929
4 0.07251264755480606
0 0.05396290050590219
3 0.03035413153456998
2 0.023608768971332208
7 0.01854974704890388
1 0.016863406408094434
5 0.013490725126475547
8 0.011804384485666104
9 0.01011804384485666
doc : 42
8 0.7024562709341273
6 0.14216598436918498
7 0.033308522515816896
1 0.03144771120208411
2 0.027912169705991814
4 0.018608113137327877
0 0.015630815035355416
3 0.0148864905098623
5 0.008373650911797544
9 0.005210271678451805
doc : 43
2 0.9756209751609936
6 0.0036798528058877645
4 0.003219871205151794
5 0.0027598896044158236
3 0.0027598896044158236
0 0.0027598896044158236
9 0.0022999080036798527
8 0.0022999080036798527
7 0.0022999080036798527
1 0.0022999080036798527
doc : 44
2 0.9733210671573137
0 0.004139834406623735
6 0.0036798528058877645
3 0.003219871205151794
9 0.0027598896044158236
5 0.0027598896044158236
4 0.0027598896044158236
1 0.0027598896044158236
8 0.0022999080036798527
7 0.0022999080036798527
doc : 45
3 0.9721040189125295
6 0.00425531914893617
8 0.0037825059101654845
4 0.0037825059101654845
0 0.003309692671394799
7 0.0028368794326241132
2 0.0028368794326241132
9 0.002364066193853428
5 0.002364066193853428
1 0.002364066193853428
doc : 46
3 0.902498476538696
4 0.06642291285801341
6 0.007312614259597807
7 0.0042656916514320535
9 0.0036563071297989035
5 0.0036563071297989035
8 0.0030469226081657527
2 0.0030469226081657527
1 0.0030469226081657527
0 0.0030469226081657527
doc : 47
0 0.9896945849728311
7 0.0013115982761851227
6 0.0013115982761851227
5 0.0013115982761851227
4 0.0013115982761851227
8 0.0011242270938729624
2 0.0011242270938729624
9 9.368559115608019E-4
3 9.368559115608019E-4
1 9.368559115608019E-4
doc : 48
4 0.9146341463414634
6 0.014905149051490514
5 0.01084010840108401
3 0.01084010840108401
2 0.009485094850948509
8 0.008130081300813007
7 0.008130081300813007
1 0.008130081300813007
0 0.008130081300813007
9 0.006775067750677507
doc : 49
4 0.9166666666666666
3 0.015873015873015872
0 0.01455026455026455
8 0.009259259259259259
6 0.009259259259259259
1 0.007936507936507936
9 0.006613756613756613
7 0.006613756613756613
5 0.006613756613756613
2 0.006613756613756613
doc : 50
7 0.9854213393143223
8 0.00256328099967959
4 0.00256328099967959
6 0.002242870874719641
3 0.0016020506247997437
0 0.0014418455623197693
2 0.001281640499839795
1 0.0011214354373598205
9 9.612303748798461E-4
5 8.010253123998718E-4
doc : 51
4 0.5562356541698547
6 0.31216526396327465
0 0.028309104820198928
5 0.0252486610558531
7 0.02142310635042081
8 0.016067329762815608
3 0.013006885998469778
2 0.010711553175210406
1 0.009946442234123947
9 0.006885998469778117
doc : 52
6 0.6319634703196347
8 0.10730593607305935
7 0.05799086757990867
4 0.047488584474885846
5 0.04474885844748858
2 0.03972602739726027
0 0.028767123287671233
1 0.019178082191780823
3 0.013242009132420091
9 0.009589041095890411
doc : 53
3 0.9832732043292882
7 0.0022958346999016072
8 0.0019678583142013774
5 0.0019678583142013774
1 0.0019678583142013774
0 0.0019678583142013774
9 0.0016398819285011479
6 0.0016398819285011479
4 0.0016398819285011479
2 0.0016398819285011479
doc : 54
3 0.9819316688567674
9 0.0022996057818659658
7 0.0022996057818659658
4 0.0022996057818659658
6 0.0019710906701708277
5 0.0019710906701708277
2 0.0019710906701708277
0 0.0019710906701708277
8 0.00164257555847569
1 0.00164257555847569
doc : 55
4 0.9628587507034329
6 0.005064715813168261
2 0.005064715813168261
8 0.004501969611705121
1 0.004501969611705121
9 0.003939223410241981
7 0.003939223410241981
0 0.003939223410241981
5 0.0033764772087788407
3 0.002813731007315701
doc : 56
0 0.9881247784473591
4 0.0026586316908897554
6 0.002304147465437788
2 0.0014179369018078695
8 0.0010634526763559022
9 8.862105636299185E-4
7 8.862105636299185E-4
5 8.862105636299185E-4
3 8.862105636299185E-4
1 8.862105636299185E-4
doc : 57
0 0.9864636209813875
4 0.003045685279187817
2 0.0018612521150592216
9 0.0015228426395939086
8 0.0015228426395939086
6 0.0015228426395939086
7 0.0011844331641285956
1 0.0011844331641285956
5 8.460236886632825E-4
3 8.460236886632825E-4
doc : 58
8 0.9915579432079816
3 0.0014070094653364032
5 0.0010232796111537478
4 0.0010232796111537478
1 0.0010232796111537478
9 8.953696597595294E-4
7 8.953696597595294E-4
6 7.674597083653109E-4
0 7.674597083653109E-4
2 6.395497569710924E-4
doc : 59
5 0.7238204833141542
6 0.07940161104718067
2 0.07192174913693901
1 0.061565017261219795
4 0.014959723820483314
0 0.013233601841196778
3 0.012082853855005753
8 0.009205983889528193
7 0.009205983889528193
9 0.004602991944764097
doc : 60
1 0.856353591160221
6 0.030939226519337018
4 0.029834254143646412
2 0.02541436464088398
3 0.014364640883977901
7 0.012154696132596687
9 0.008839779005524863
8 0.0077348066298342545
0 0.0077348066298342545
5 0.0066298342541436465
doc : 61
1 0.8839368616527391
6 0.036211699164345405
4 0.019498607242339833
2 0.012999071494893221
3 0.011142061281337047
7 0.01021355617455896
0 0.01021355617455896
5 0.0064995357474466105
9 0.004642525533890437
8 0.004642525533890437
doc : 62
6 0.6983471074380165
4 0.05371900826446281
3 0.0371900826446281
0 0.0371900826446281
2 0.03305785123966942
9 0.028925619834710745
8 0.028925619834710745
7 0.028925619834710745
1 0.028925619834710745
5 0.024793388429752067
doc : 63
6 0.6442857142857142
4 0.17857142857142858
0 0.037142857142857144
3 0.027142857142857142
2 0.025714285714285714
1 0.022857142857142857
9 0.02
5 0.017142857142857144
7 0.014285714285714285
8 0.012857142857142857
doc : 64
3 0.9719806763285024
9 0.003864734299516908
7 0.003864734299516908
0 0.003864734299516908
4 0.0033816425120772944
8 0.002898550724637681
6 0.002898550724637681
5 0.0024154589371980675
2 0.0024154589371980675
1 0.0024154589371980675
doc : 65
4 0.924812030075188
3 0.010526315789473686
0 0.010526315789473686
6 0.009022556390977444
9 0.0075187969924812035
8 0.0075187969924812035
7 0.0075187969924812035
5 0.0075187969924812035
2 0.0075187969924812035
1 0.0075187969924812035
doc : 66
6 0.8387096774193549
0 0.03225806451612903
7 0.019851116625310174
2 0.019851116625310174
8 0.017369727047146403
4 0.017369727047146403
3 0.017369727047146403
9 0.012406947890818858
5 0.012406947890818858
1 0.012406947890818858
doc : 67
6 0.8430232558139534
3 0.023255813953488372
4 0.020348837209302327
9 0.01744186046511628
8 0.01744186046511628
5 0.01744186046511628
0 0.01744186046511628
7 0.014534883720930232
2 0.014534883720930232
1 0.014534883720930232
doc : 68
6 0.6238317757009345
3 0.0794392523364486
5 0.07242990654205607
0 0.04672897196261682
7 0.0397196261682243
4 0.035046728971962614
2 0.03271028037383177
8 0.02803738317757009
9 0.02570093457943925
1 0.016355140186915886
doc : 69
7 0.9931018884993781
9 9.046703607373063E-4
8 9.046703607373063E-4
2 9.046703607373063E-4
0 9.046703607373063E-4
4 7.915865656451431E-4
5 6.785027705529798E-4
3 6.785027705529798E-4
6 5.654189754608164E-4
1 5.654189754608164E-4
doc : 70
6 0.8456692913385827
8 0.03779527559055118
4 0.028346456692913385
7 0.02047244094488189
2 0.01732283464566929
3 0.015748031496062992
9 0.011023622047244094
5 0.007874015748031496
1 0.007874015748031496
0 0.007874015748031496
doc : 71
9 0.6368932038834951
2 0.18694714131607335
1 0.0970873786407767
3 0.039158576051779935
6 0.009924487594390506
4 0.007874865156418555
0 0.006903991370010788
5 0.006580366774541532
8 0.00604099244875944
7 0.0025889967637540453
doc : 72
6 0.8010899182561307
4 0.06948228882833787
0 0.024523160762942777
7 0.021798365122615803
3 0.021798365122615803
8 0.01771117166212534
5 0.013623978201634877
9 0.010899182561307902
2 0.010899182561307902
1 0.008174386920980926
doc : 73
6 0.5459459459459459
4 0.13783783783783785
8 0.1
0 0.051351351351351354
1 0.03513513513513514
7 0.032432432432432434
5 0.02702702702702703
3 0.02702702702702703
9 0.021621621621621623
2 0.021621621621621623
doc : 74
6 0.8380681818181819
7 0.022727272727272728
2 0.022727272727272728
0 0.019886363636363636
8 0.017045454545454544
5 0.017045454545454544
4 0.017045454545454544
3 0.017045454545454544
9 0.014204545454545456
1 0.014204545454545456
doc : 75
6 0.7482088024564995
4 0.12794268167860798
0 0.032753326509723645
2 0.019447287615148415
1 0.017400204708290685
5 0.015353121801432959
9 0.01330603889457523
8 0.009211873080859774
3 0.009211873080859774
7 0.007164790174002047
doc : 76
3 0.9702085402184707
4 0.004965243296921549
0 0.004965243296921549
8 0.003972194637537239
6 0.003475670307845084
9 0.0024826216484607746
7 0.0024826216484607746
5 0.0024826216484607746
2 0.0024826216484607746
1 0.0024826216484607746
doc : 77
6 0.6694214876033058
4 0.08264462809917356
0 0.06198347107438017
3 0.0371900826446281
7 0.028925619834710745
9 0.024793388429752067
8 0.024793388429752067
2 0.024793388429752067
1 0.024793388429752067
5 0.02066115702479339
doc : 78
4 0.5296052631578947
6 0.1611842105263158
0 0.10307017543859648
1 0.05592105263157894
5 0.044956140350877194
2 0.03179824561403509
3 0.027412280701754384
7 0.021929824561403508
9 0.01206140350877193
8 0.01206140350877193
doc : 79
3 0.9666021297192643
0 0.007260406582768635
6 0.0062923523717328175
8 0.003872216844143272
4 0.003872216844143272
9 0.0024201355275895453
7 0.0024201355275895453
5 0.0024201355275895453
2 0.0024201355275895453
1 0.0024201355275895453
doc : 80
6 0.711864406779661
4 0.09244992295839753
5 0.06779661016949153
8 0.030816640986132512
0 0.02773497688751926
3 0.020030816640986132
1 0.01848998459167951
7 0.012326656394453005
2 0.01078582434514638
9 0.007704160246533128
doc : 81
7 0.9034540859309182
2 0.026453243470935132
6 0.02224094355518113
5 0.015838247683235048
1 0.010109519797809604
8 0.0057287278854254425
9 0.005391743892165122
3 0.004717775905644482
4 0.004043807919123841
0 0.0020219039595619206
doc : 82
4 0.9797004991680532
7 0.0033277870216306157
0 0.0029950083194675544
8 0.002329450915141431
6 0.002329450915141431
3 0.002329450915141431
1 0.0019966722129783694
9 0.0016638935108153079
5 0.0016638935108153079
2 0.0016638935108153079
doc : 83
4 0.9756894049346879
3 0.0043541364296081275
0 0.00362844702467344
7 0.003265602322206096
8 0.0025399129172714078
9 0.0021770682148040637
6 0.0021770682148040637
2 0.0021770682148040637
1 0.0021770682148040637
5 0.00181422351233672
doc : 84
7 0.6811594202898551
6 0.08695652173913043
5 0.06465997770345597
8 0.057971014492753624
4 0.052954292084726864
1 0.02508361204013378
0 0.010590858416945374
2 0.008918617614269788
3 0.006688963210702341
9 0.005016722408026756
doc : 85
6 0.8828932261768083
2 0.04247990815154994
3 0.02066590126291619
4 0.012629161882893227
0 0.010332950631458095
5 0.006888633754305396
1 0.006888633754305396
9 0.0057405281285878304
8 0.0057405281285878304
7 0.0057405281285878304
doc : 86
2 0.9043795620437955
9 0.02773722627737226
3 0.01824817518248175
6 0.016058394160583942
0 0.00656934306569343
8 0.00583941605839416
7 0.00583941605839416
4 0.00583941605839416
5 0.0051094890510948905
1 0.00437956204379562
doc : 87
3 0.9686758424299953
0 0.007119126720455625
6 0.0037968675842429997
4 0.0033222591362126247
2 0.0033222591362126247
8 0.0028476506881822496
7 0.0028476506881822496
5 0.0028476506881822496
1 0.0028476506881822496
9 0.0023730422401518746
doc : 88
6 0.8112449799196787
8 0.09504685408299866
7 0.018741633199464525
4 0.01606425702811245
0 0.014725568942436412
2 0.013386880856760375
1 0.009370816599732263
5 0.008032128514056224
9 0.006693440428380187
3 0.006693440428380187
doc : 89
0 0.2318181818181818
3 0.22272727272727272
9 0.15
6 0.15
2 0.05909090909090909
4 0.05454545454545454
5 0.04090909090909091
8 0.031818181818181815
1 0.031818181818181815
7 0.02727272727272727
doc : 90
9 0.803030303030303
0 0.050505050505050504
5 0.03232323232323232
4 0.02727272727272727
2 0.01818181818181818
1 0.01818181818181818
8 0.01616161616161616
7 0.01616161616161616
6 0.00909090909090909
3 0.00909090909090909
doc : 91
4 0.7428571428571429
6 0.052534562211981564
2 0.047926267281105994
0 0.04331797235023042
1 0.03963133640552995
3 0.030414746543778803
9 0.013824884792626727
5 0.011981566820276499
7 0.011059907834101382
8 0.0064516129032258064
doc : 92
6 0.13793103448275862
5 0.12068965517241378
2 0.12068965517241378
7 0.10344827586206896
9 0.08620689655172414
8 0.08620689655172414
4 0.08620689655172414
3 0.08620689655172414
1 0.08620689655172414
0 0.08620689655172414
doc : 93
3 0.8020902455209025
1 0.1552753815527538
2 0.016091572660915727
5 0.009953550099535502
8 0.0043132050431320505
9 0.0038155275381552755
4 0.002820172528201725
7 0.0021566025215660253
6 0.0019907100199071
0 0.0014930325149303252
doc : 94
5 0.5416012558869702
1 0.1695447409733124
2 0.13343799058084774
7 0.043171114599686033
9 0.02904238618524333
0 0.026687598116169546
8 0.02197802197802198
6 0.013343799058084773
4 0.011773940345368918
3 0.009419152276295134
doc : 95
1 0.8712535835287984
2 0.05794457475458257
5 0.039353661714881416
3 0.012336026409521327
8 0.007036747458952306
9 0.004256797845539049
4 0.0026062027625749283
0 0.0020849622100599426
6 0.0018243419338024498
7 0.0013031013812874641
doc : 96
6 0.7511848341232228
4 0.12717219589257503
0 0.04344391785150079
7 0.022906793048973143
8 0.014218009478672985
5 0.011848341232227487
9 0.007898894154818325
3 0.007898894154818325
2 0.0071090047393364926
1 0.00631911532385466
doc : 97
2 0.8356873822975518
6 0.1271186440677966
4 0.008945386064030132
7 0.006120527306967985
1 0.005178907721280602
5 0.004708097928436911
3 0.004708097928436911
8 0.002824858757062147
9 0.0023540489642184556
0 0.0023540489642184556
doc : 98
6 0.9118881118881119
0 0.022843822843822845
2 0.014452214452214451
4 0.013053613053613054
7 0.010722610722610722
3 0.009790209790209791
5 0.006526806526806527
1 0.004195804195804196
9 0.0037296037296037296
8 0.002797202797202797
doc : 99
1 0.7512639029322549
6 0.14155712841253792
3 0.02275025278058645
4 0.020222446916076844
0 0.01718907987866532
7 0.014661274014155713
2 0.011627906976744186
5 0.00859453993933266
8 0.008088978766430738
9 0.004044489383215369
