doc : 0
6 0.780564263322884
9 0.050156739811912224
4 0.03134796238244514
7 0.025078369905956112
2 0.0219435736677116
1 0.0219435736677116
5 0.018808777429467086
3 0.018808777429467086
8 0.01567398119122257
0 0.01567398119122257
doc : 1
6 0.37860082304526754
2 0.21810699588477367
9 0.16460905349794241
1 0.05761316872427984
4 0.04938271604938272
0 0.03703703703703704
7 0.03292181069958848
8 0.020576131687242802
5 0.020576131687242802
3 0.020576131687242802
doc : 2
6 0.5025641025641026
9 0.09230769230769231
4 0.09230769230769231
2 0.06153846153846154
3 0.05128205128205128
0 0.05128205128205128
8 0.041025641025641026
5 0.041025641025641026
1 0.035897435897435895
7 0.03076923076923077
doc : 3
7 0.20325203252032523
6 0.1951219512195122
1 0.14634146341463417
9 0.11382113821138212
4 0.06504065040650407
2 0.06504065040650407
5 0.05691056910569106
3 0.05691056910569106
0 0.05691056910569106
8 0.04065040650406505
doc : 4
8 0.3058252427184466
6 0.24271844660194172
9 0.16019417475728154
2 0.08737864077669902
4 0.04368932038834951
1 0.038834951456310676
3 0.03398058252427184
7 0.029126213592233007
5 0.029126213592233007
0 0.029126213592233007
doc : 5
8 0.3238095238095238
6 0.2571428571428572
9 0.12380952380952381
2 0.08095238095238096
4 0.04285714285714286
0 0.04285714285714286
1 0.0380952380952381
3 0.03333333333333334
7 0.028571428571428574
5 0.028571428571428574
doc : 6
8 0.3252427184466019
6 0.2087378640776699
9 0.16504854368932037
2 0.09223300970873785
1 0.04854368932038834
7 0.038834951456310676
4 0.038834951456310676
5 0.029126213592233007
3 0.029126213592233007
0 0.02427184466019417
doc : 7
9 0.8229508196721311
6 0.02622950819672131
7 0.022950819672131147
8 0.019672131147540982
4 0.019672131147540982
1 0.019672131147540982
0 0.019672131147540982
5 0.01639344262295082
3 0.01639344262295082
2 0.01639344262295082
doc : 8
9 0.8053892215568863
7 0.05389221556886228
6 0.029940119760479042
5 0.017964071856287428
3 0.017964071856287428
8 0.014970059880239521
4 0.014970059880239521
2 0.014970059880239521
1 0.014970059880239521
0 0.014970059880239521
doc : 9
6 0.18796992481203006
4 0.18045112781954886
7 0.16541353383458646
9 0.11278195488721804
2 0.08270676691729323
3 0.06015037593984962
0 0.06015037593984962
8 0.05263157894736842
5 0.05263157894736842
1 0.045112781954887216
doc : 10
9 0.8109965635738832
6 0.037800687285223365
3 0.024054982817869414
5 0.020618556701030927
2 0.020618556701030927
8 0.01718213058419244
7 0.01718213058419244
4 0.01718213058419244
1 0.01718213058419244
0 0.01718213058419244
doc : 11
9 0.8184931506849314
8 0.023972602739726026
7 0.023972602739726026
6 0.023972602739726026
2 0.02054794520547945
0 0.02054794520547945
5 0.017123287671232876
4 0.017123287671232876
3 0.017123287671232876
1 0.017123287671232876
doc : 12
9 0.8233532934131736
7 0.02694610778443114
6 0.02694610778443114
3 0.023952095808383235
0 0.02095808383233533
4 0.017964071856287428
8 0.014970059880239521
5 0.014970059880239521
2 0.014970059880239521
1 0.014970059880239521
doc : 13
9 0.8366013071895425
7 0.022875816993464054
6 0.022875816993464054
4 0.0196078431372549
8 0.016339869281045753
5 0.016339869281045753
3 0.016339869281045753
2 0.016339869281045753
1 0.016339869281045753
0 0.016339869281045753
doc : 14
9 0.8053892215568863
7 0.059880239520958084
6 0.017964071856287428
4 0.017964071856287428
2 0.017964071856287428
1 0.017964071856287428
0 0.017964071856287428
8 0.014970059880239521
5 0.014970059880239521
3 0.014970059880239521
doc : 15
9 0.7904191616766467
7 0.059880239520958084
6 0.04191616766467066
1 0.017964071856287428
8 0.014970059880239521
5 0.014970059880239521
4 0.014970059880239521
3 0.014970059880239521
2 0.014970059880239521
0 0.014970059880239521
doc : 16
9 0.7987987987987988
7 0.05405405405405406
6 0.03003003003003003
4 0.018018018018018018
3 0.018018018018018018
2 0.018018018018018018
0 0.018018018018018018
8 0.015015015015015015
5 0.015015015015015015
1 0.015015015015015015
doc : 17
9 0.8300653594771242
6 0.026143790849673203
7 0.022875816993464054
4 0.0196078431372549
2 0.0196078431372549
8 0.016339869281045753
5 0.016339869281045753
3 0.016339869281045753
1 0.016339869281045753
0 0.016339869281045753
doc : 18
1 0.6346666666666666
6 0.20266666666666666
9 0.042666666666666665
2 0.026666666666666665
4 0.018666666666666665
5 0.016
3 0.016
0 0.016
8 0.013333333333333332
7 0.013333333333333332
doc : 19
6 0.5816993464052288
9 0.09150326797385622
2 0.07189542483660132
7 0.04575163398692811
5 0.0392156862745098
1 0.0392156862745098
8 0.032679738562091505
4 0.032679738562091505
3 0.032679738562091505
0 0.032679738562091505
doc : 20
9 0.7927927927927928
7 0.06606606606606606
6 0.024024024024024024
5 0.02102102102102102
1 0.018018018018018018
0 0.018018018018018018
8 0.015015015015015015
4 0.015015015015015015
3 0.015015015015015015
2 0.015015015015015015
doc : 21
9 0.8313253012048193
7 0.030120481927710843
6 0.024096385542168676
3 0.021084337349397592
4 0.01807228915662651
8 0.015060240963855422
5 0.015060240963855422
2 0.015060240963855422
1 0.015060240963855422
0 0.015060240963855422
doc : 22
9 0.8471337579617835
7 0.02229299363057325
0 0.019108280254777073
8 0.01592356687898089
6 0.01592356687898089
5 0.01592356687898089
4 0.01592356687898089
3 0.01592356687898089
2 0.01592356687898089
1 0.01592356687898089
doc : 23
9 0.7981927710843374
7 0.060240963855421686
6 0.03313253012048193
4 0.01807228915662651
8 0.015060240963855422
5 0.015060240963855422
3 0.015060240963855422
2 0.015060240963855422
1 0.015060240963855422
0 0.015060240963855422
doc : 24
9 0.8253012048192772
7 0.045180722891566265
3 0.024096385542168676
8 0.015060240963855422
6 0.015060240963855422
5 0.015060240963855422
4 0.015060240963855422
2 0.015060240963855422
1 0.015060240963855422
0 0.015060240963855422
doc : 25
9 0.8050314465408805
7 0.05660377358490566
6 0.022012578616352203
8 0.01886792452830189
3 0.01886792452830189
5 0.015723270440251572
4 0.015723270440251572
2 0.015723270440251572
1 0.015723270440251572
0 0.015723270440251572
doc : 26
9 0.8255813953488372
7 0.03488372093023256
6 0.029069767441860465
5 0.01744186046511628
1 0.01744186046511628
0 0.01744186046511628
8 0.014534883720930232
4 0.014534883720930232
3 0.014534883720930232
2 0.014534883720930232
doc : 27
6 0.62
2 0.06666666666666667
9 0.060000000000000005
7 0.04
5 0.04
4 0.04
8 0.03333333333333333
3 0.03333333333333333
1 0.03333333333333333
0 0.03333333333333333
doc : 28
6 0.56
9 0.12000000000000001
2 0.08
5 0.04
8 0.03333333333333333
7 0.03333333333333333
4 0.03333333333333333
3 0.03333333333333333
1 0.03333333333333333
0 0.03333333333333333
doc : 29
6 0.51
9 0.26833333333333337
2 0.11166666666666668
4 0.03833333333333334
5 0.015000000000000001
8 0.013333333333333334
0 0.013333333333333334
7 0.011666666666666667
1 0.01
3 0.008333333333333333
doc : 30
6 0.35175879396984927
4 0.32663316582914576
9 0.09547738693467336
3 0.035175879396984924
2 0.035175879396984924
1 0.035175879396984924
0 0.035175879396984924
8 0.03015075376884422
5 0.03015075376884422
7 0.02512562814070352
doc : 31
4 0.47844827586206895
9 0.12068965517241378
2 0.07327586206896551
6 0.06896551724137931
3 0.06896551724137931
0 0.06896551724137931
8 0.03879310344827586
7 0.034482758620689655
5 0.02586206896551724
1 0.021551724137931036
doc : 32
4 0.5701559020044543
9 0.14476614699331847
6 0.09354120267260578
2 0.060133630289532294
3 0.028953229398663696
5 0.026726057906458794
0 0.026726057906458794
8 0.020044543429844096
7 0.015590200445434297
1 0.013363028953229397
doc : 33
6 0.8190127970749543
9 0.04021937842778794
2 0.031078610603290677
4 0.025594149908592323
5 0.021937842778793418
3 0.016453382084095063
1 0.014625228519195612
8 0.010968921389396709
0 0.010968921389396709
7 0.009140767824497258
doc : 34
6 0.8436657681940701
2 0.026954177897574125
7 0.02425876010781671
9 0.016172506738544475
8 0.016172506738544475
4 0.016172506738544475
1 0.016172506738544475
5 0.013477088948787063
3 0.013477088948787063
0 0.013477088948787063
doc : 35
6 0.8214285714285715
9 0.03246753246753247
4 0.022727272727272728
7 0.01948051948051948
3 0.01948051948051948
2 0.01948051948051948
8 0.016233766233766236
5 0.016233766233766236
1 0.016233766233766236
0 0.016233766233766236
doc : 36
6 0.8409703504043127
7 0.02425876010781671
4 0.0215633423180593
2 0.0215633423180593
9 0.01886792452830189
8 0.016172506738544475
1 0.016172506738544475
5 0.013477088948787063
3 0.013477088948787063
0 0.013477088948787063
doc : 37
6 0.8181818181818182
7 0.03246753246753247
9 0.029220779220779224
3 0.01948051948051948
0 0.01948051948051948
8 0.016233766233766236
5 0.016233766233766236
4 0.016233766233766236
2 0.016233766233766236
1 0.016233766233766236
doc : 38
6 0.7987012987012988
9 0.05194805194805195
7 0.025974025974025976
5 0.01948051948051948
4 0.01948051948051948
1 0.01948051948051948
8 0.016233766233766236
3 0.016233766233766236
2 0.016233766233766236
0 0.016233766233766236
doc : 39
7 0.9261744966442953
6 0.014381591562799615
1 0.012464046021093
8 0.011505273250239693
9 0.00862895493767977
3 0.005752636625119847
2 0.005752636625119847
0 0.005752636625119847
5 0.004793863854266538
4 0.004793863854266538
doc : 40
6 0.8455284552845529
7 0.024390243902439025
9 0.02168021680216802
5 0.016260162601626015
4 0.016260162601626015
3 0.016260162601626015
2 0.016260162601626015
0 0.016260162601626015
8 0.013550135501355014
1 0.013550135501355014
doc : 41
6 0.814935064935065
9 0.03246753246753247
7 0.029220779220779224
3 0.01948051948051948
1 0.01948051948051948
0 0.01948051948051948
8 0.016233766233766236
5 0.016233766233766236
4 0.016233766233766236
2 0.016233766233766236
doc : 42
6 0.8392370572207084
7 0.027247956403269755
5 0.021798365122615803
2 0.021798365122615803
9 0.01907356948228883
3 0.01634877384196185
8 0.013623978201634877
4 0.013623978201634877
1 0.013623978201634877
0 0.013623978201634877
doc : 43
6 0.8521505376344086
7 0.024193548387096777
9 0.01881720430107527
2 0.01881720430107527
4 0.016129032258064516
3 0.016129032258064516
8 0.013440860215053765
5 0.013440860215053765
1 0.013440860215053765
0 0.013440860215053765
doc : 44
4 0.22222222222222224
9 0.14444444444444446
6 0.1
2 0.1
1 0.1
7 0.08888888888888889
3 0.07777777777777778
8 0.05555555555555556
5 0.05555555555555556
0 0.05555555555555556
doc : 45
4 0.5427509293680297
6 0.1486988847583643
9 0.11524163568773234
5 0.03717472118959107
7 0.03345724907063197
2 0.03345724907063197
8 0.022304832713754646
3 0.022304832713754646
1 0.022304832713754646
0 0.022304832713754646
doc : 46
4 0.34615384615384615
6 0.1923076923076923
9 0.16666666666666666
5 0.0641025641025641
7 0.04487179487179487
2 0.04487179487179487
3 0.038461538461538464
0 0.038461538461538464
8 0.03205128205128205
1 0.03205128205128205
doc : 47
4 0.45714285714285713
6 0.19428571428571428
9 0.09142857142857143
5 0.05142857142857143
7 0.04
2 0.04
3 0.03428571428571429
1 0.03428571428571429
8 0.02857142857142857
0 0.02857142857142857
doc : 48
4 0.3284313725490196
6 0.3137254901960784
9 0.1323529411764706
1 0.0392156862745098
0 0.0392156862745098
5 0.03431372549019608
2 0.03431372549019608
8 0.029411764705882353
7 0.024509803921568627
3 0.024509803921568627
doc : 49
9 0.7448015122873346
6 0.1172022684310019
4 0.03969754253308129
2 0.01890359168241966
3 0.017013232514177693
0 0.015122873345935728
7 0.013232514177693762
5 0.013232514177693762
8 0.011342155009451797
1 0.00945179584120983
doc : 50
1 0.9041889483065954
7 0.07174688057040998
9 0.0035650623885918
8 0.0035650623885918
6 0.0035650623885918
4 0.0035650623885918
2 0.0031194295900178253
5 0.002228163992869875
3 0.002228163992869875
0 0.002228163992869875
doc : 51
7 0.8774900398406374
2 0.060756972111553786
9 0.0099601593625498
4 0.0099601593625498
8 0.00796812749003984
3 0.00796812749003984
6 0.0069721115537848604
0 0.0069721115537848604
5 0.00597609561752988
1 0.00597609561752988
doc : 52
6 0.8346666666666667
9 0.021333333333333333
4 0.021333333333333333
3 0.021333333333333333
7 0.018666666666666665
2 0.018666666666666665
1 0.018666666666666665
0 0.018666666666666665
8 0.013333333333333332
5 0.013333333333333332
doc : 53
2 0.3924050632911392
6 0.14556962025316456
1 0.13924050632911392
3 0.08860759493670886
9 0.04430379746835443
7 0.04430379746835443
4 0.04430379746835443
5 0.0379746835443038
8 0.03164556962025317
0 0.03164556962025317
doc : 54
7 0.767228177641654
6 0.056661562021439515
2 0.04747320061255743
9 0.03522205206738132
0 0.021439509954058193
3 0.018376722817764167
5 0.016845329249617153
8 0.015313935681470138
4 0.013782542113323125
1 0.007656967840735069
doc : 55
4 0.7223719676549866
6 0.09433962264150944
1 0.03504043126684636
0 0.03234501347708895
9 0.02425876010781671
7 0.01886792452830189
5 0.01886792452830189
3 0.01886792452830189
2 0.01886792452830189
8 0.016172506738544475
doc : 56
4 0.7222222222222222
6 0.04575163398692811
1 0.0392156862745098
9 0.03594771241830066
8 0.03594771241830066
3 0.03594771241830066
5 0.022875816993464054
0 0.022875816993464054
7 0.0196078431372549
2 0.0196078431372549
doc : 57
2 0.6996124031007752
6 0.10271317829457365
1 0.04844961240310078
9 0.046511627906976744
5 0.025193798449612403
3 0.01744186046511628
0 0.01744186046511628
7 0.015503875968992248
4 0.015503875968992248
8 0.011627906976744186
doc : 58
1 0.5566521910777734
7 0.42123963679431503
4 0.0043426766679826295
9 0.0035530990919857876
6 0.0031583103039873666
8 0.0027635215159889457
0 0.0023687327279905248
5 0.0019739439399921043
3 0.0019739439399921043
2 0.0019739439399921043
doc : 59
1 0.5606000789577575
7 0.41966048164232134
4 0.0031583103039873666
9 0.0027635215159889457
8 0.0023687327279905248
6 0.0023687327279905248
3 0.0023687327279905248
2 0.0023687327279905248
0 0.0023687327279905248
5 0.0019739439399921043
doc : 60
7 0.9365384615384615
1 0.013461538461538462
9 0.008653846153846154
6 0.008653846153846154
0 0.006730769230769231
8 0.0057692307692307696
3 0.0057692307692307696
5 0.004807692307692308
4 0.004807692307692308
2 0.004807692307692308
doc : 61
5 0.8946078431372549
2 0.03002450980392157
4 0.016544117647058824
6 0.015931372549019607
8 0.011029411764705881
3 0.00857843137254902
9 0.006740196078431373
0 0.006740196078431373
7 0.005514705882352941
1 0.00428921568627451
doc : 62
2 0.38408304498269896
6 0.1384083044982699
4 0.11764705882352941
0 0.10034602076124567
9 0.09342560553633218
7 0.058823529411764705
5 0.03460207612456748
3 0.03460207612456748
1 0.020761245674740483
8 0.01730103806228374
doc : 63
9 0.6909090909090909
6 0.12207792207792208
2 0.04155844155844156
0 0.03116883116883117
4 0.02857142857142857
7 0.02077922077922078
5 0.01818181818181818
1 0.01818181818181818
8 0.015584415584415584
3 0.012987012987012988
doc : 64
9 0.5792682926829269
6 0.18495934959349594
4 0.1321138211382114
2 0.01829268292682927
3 0.016260162601626018
0 0.016260162601626018
7 0.014227642276422765
5 0.014227642276422765
1 0.014227642276422765
8 0.010162601626016262
doc : 65
0 0.5006915629322268
2 0.31811894882434305
9 0.06639004149377593
3 0.02351313969571231
8 0.022130013831258646
5 0.01798063623789765
6 0.01521438450899032
7 0.012448132780082988
4 0.012448132780082988
1 0.011065006915629323
doc : 66
3 0.5428571428571429
0 0.08979591836734695
6 0.07346938775510205
2 0.0653061224489796
5 0.05714285714285715
4 0.0489795918367347
9 0.04489795918367347
7 0.028571428571428574
8 0.02448979591836735
1 0.02448979591836735
doc : 67
2 0.7700729927007299
9 0.09124087591240876
6 0.03527980535279805
3 0.02068126520681265
5 0.0170316301703163
4 0.0170316301703163
0 0.0170316301703163
7 0.013381995133819952
1 0.009732360097323601
8 0.00851581508515815
doc : 68
2 0.49722222222222223
4 0.16944444444444445
1 0.061111111111111116
9 0.05
6 0.05
8 0.04722222222222222
0 0.04166666666666667
7 0.036111111111111115
3 0.030555555555555558
5 0.016666666666666666
doc : 69
4 0.7322580645161291
6 0.06129032258064516
2 0.04838709677419355
5 0.03225806451612903
9 0.025806451612903226
7 0.025806451612903226
1 0.02258064516129032
3 0.01935483870967742
8 0.016129032258064516
0 0.016129032258064516
doc : 70
0 0.7643835616438356
2 0.0410958904109589
7 0.038356164383561646
4 0.038356164383561646
3 0.030136986301369864
9 0.021917808219178082
6 0.019178082191780823
8 0.016438356164383564
5 0.016438356164383564
1 0.0136986301369863
doc : 71
0 0.7903846153846155
2 0.038461538461538464
3 0.03461538461538462
4 0.03076923076923077
6 0.025
7 0.023076923076923078
9 0.01730769230769231
5 0.015384615384615385
1 0.013461538461538462
8 0.011538461538461539
doc : 72
4 0.6851063829787234
5 0.0723404255319149
6 0.03404255319148936
1 0.03404255319148936
0 0.03404255319148936
8 0.029787234042553193
7 0.029787234042553193
3 0.029787234042553193
9 0.025531914893617023
2 0.025531914893617023
doc : 73
4 0.7003484320557491
6 0.08362369337979095
5 0.03832752613240418
0 0.03832752613240418
3 0.03484320557491289
1 0.027874564459930314
2 0.024390243902439025
9 0.017421602787456445
8 0.017421602787456445
7 0.017421602787456445
doc : 74
2 0.43252595155709345
7 0.1453287197231834
3 0.08996539792387544
8 0.06920415224913495
6 0.06228373702422146
9 0.05536332179930796
0 0.04844290657439446
4 0.03806228373702422
1 0.03806228373702422
5 0.020761245674740483
doc : 75
0 0.540625
4 0.27187500000000003
6 0.053125000000000006
2 0.028125
8 0.021875000000000002
9 0.018750000000000003
5 0.018750000000000003
7 0.015625
3 0.015625
1 0.015625
doc : 76
2 0.43924581005586594
7 0.4301675977653631
8 0.03910614525139665
6 0.02164804469273743
9 0.018156424581005588
0 0.013268156424581005
4 0.011871508379888268
3 0.0111731843575419
5 0.009078212290502794
1 0.006284916201117319
doc : 77
9 0.7027707808564232
6 0.09571788413098237
4 0.05289672544080604
8 0.030226700251889168
2 0.025188916876574305
7 0.022670025188916875
3 0.022670025188916875
0 0.020151133501259445
1 0.015113350125944584
5 0.012594458438287152
doc : 78
8 0.9363359939186621
3 0.014823261117445839
7 0.011592550361079437
6 0.011592550361079437
5 0.006271379703534778
9 0.005511212466742683
4 0.004751045229950589
1 0.004751045229950589
2 0.002280501710376283
0 0.002090459901178259
doc : 79
0 0.6701570680628273
4 0.05759162303664922
2 0.05759162303664922
7 0.05235602094240838
9 0.04712041884816754
8 0.02879581151832461
3 0.02879581151832461
6 0.02356020942408377
1 0.018324607329842934
5 0.015706806282722516
doc : 80
2 0.6403669724770642
3 0.1926605504587156
6 0.047706422018348627
9 0.03302752293577982
4 0.023853211009174313
5 0.01651376146788991
7 0.012844036697247707
1 0.012844036697247707
0 0.011009174311926606
8 0.009174311926605505
doc : 81
4 0.28735632183908044
0 0.21839080459770116
6 0.09195402298850575
2 0.08620689655172414
3 0.07471264367816091
7 0.06321839080459771
9 0.05747126436781609
8 0.04597701149425287
1 0.040229885057471264
5 0.034482758620689655
doc : 82
7 0.9330499468650372
8 0.01487778958554729
1 0.011689691817215728
3 0.007438894792773645
9 0.006376195536663124
6 0.005313496280552603
5 0.005313496280552603
4 0.005313496280552603
2 0.005313496280552603
0 0.005313496280552603
doc : 83
2 0.4037433155080214
3 0.1229946524064171
6 0.0909090909090909
0 0.08823529411764705
4 0.08021390374331551
5 0.0641711229946524
9 0.05614973262032085
8 0.040106951871657755
7 0.0374331550802139
1 0.0160427807486631
doc : 84
4 0.7887323943661972
7 0.035211267605633804
6 0.03286384976525822
3 0.028169014084507043
5 0.025821596244131457
9 0.023474178403755867
8 0.02112676056338028
2 0.01643192488262911
1 0.014084507042253521
0 0.014084507042253521
doc : 85
0 0.9699205448354142
9 0.003972758229284903
4 0.003972758229284903
3 0.003972758229284903
2 0.003972758229284903
8 0.0028376844494892167
7 0.0028376844494892167
6 0.0028376844494892167
5 0.0028376844494892167
1 0.0028376844494892167
doc : 86
5 0.9493392070484582
0 0.006607929515418503
9 0.005506607929515419
8 0.005506607929515419
7 0.005506607929515419
6 0.005506607929515419
4 0.005506607929515419
3 0.005506607929515419
2 0.005506607929515419
1 0.005506607929515419
doc : 87
4 0.7994269340974212
9 0.04871060171919771
6 0.028653295128939826
7 0.022922636103151862
1 0.020057306590257878
3 0.017191977077363897
2 0.017191977077363897
0 0.017191977077363897
8 0.014326647564469913
5 0.014326647564469913
doc : 88
0 0.9642451759364359
3 0.00681044267877412
9 0.004540295119182747
7 0.004540295119182747
4 0.003972758229284903
8 0.00340522133938706
6 0.00340522133938706
2 0.00340522133938706
5 0.0028376844494892167
1 0.0028376844494892167
doc : 89
5 0.9504405286343613
9 0.005506607929515419
8 0.005506607929515419
7 0.005506607929515419
6 0.005506607929515419
4 0.005506607929515419
3 0.005506607929515419
2 0.005506607929515419
1 0.005506607929515419
0 0.005506607929515419
doc : 90
4 0.7965616045845272
9 0.05730659025787965
6 0.025787965616045846
7 0.020057306590257878
3 0.020057306590257878
2 0.017191977077363897
1 0.017191977077363897
0 0.017191977077363897
8 0.014326647564469913
5 0.014326647564469913
doc : 91
4 0.6976744186046512
9 0.07751937984496124
8 0.03488372093023256
6 0.03488372093023256
7 0.031007751937984496
1 0.031007751937984496
3 0.027131782945736434
2 0.023255813953488372
0 0.023255813953488372
5 0.01937984496124031
doc : 92
2 0.4358974358974359
6 0.25641025641025644
9 0.10541310541310542
4 0.05982905982905983
1 0.03418803418803419
5 0.025641025641025644
0 0.022792022792022793
8 0.019943019943019943
7 0.019943019943019943
3 0.019943019943019943
doc : 93
2 0.8214771182600816
7 0.1137290439510648
8 0.016764839148164932
9 0.014046216583597644
6 0.011327594019030359
0 0.007249660172179429
4 0.005437245129134572
3 0.0036248300860897147
5 0.0031717263253285004
1 0.0031717263253285004
doc : 94
3 0.7735054729160821
7 0.17906258770698852
0 0.010384507437552625
8 0.00982318271119843
2 0.009542520348021331
6 0.005332584900364861
4 0.0047712601740106655
9 0.003087285994948078
5 0.002245298905416784
1 0.002245298905416784
doc : 95
0 0.3857142857142857
4 0.1357142857142857
6 0.07857142857142857
1 0.07142857142857142
9 0.06428571428571428
7 0.06428571428571428
3 0.06428571428571428
5 0.049999999999999996
8 0.04285714285714286
2 0.04285714285714286
doc : 96
4 0.34375
6 0.16666666666666666
0 0.08854166666666666
3 0.078125
7 0.07291666666666666
2 0.06770833333333333
9 0.0625
5 0.0625
1 0.03125
8 0.026041666666666664
doc : 97
4 0.734006734006734
6 0.050505050505050504
7 0.043771043771043766
5 0.0303030303030303
2 0.0303030303030303
0 0.026936026936026935
8 0.02356902356902357
3 0.02356902356902357
9 0.0202020202020202
1 0.016835016835016835
doc : 98
6 0.6446886446886447
4 0.11721611721611722
9 0.06227106227106227
7 0.03296703296703297
2 0.03296703296703297
3 0.02564102564102564
0 0.02564102564102564
8 0.021978021978021976
5 0.018315018315018316
1 0.018315018315018316
doc : 99
6 0.7789115646258503
4 0.07142857142857142
9 0.0391156462585034
7 0.025510204081632654
8 0.015306122448979591
3 0.015306122448979591
2 0.015306122448979591
1 0.015306122448979591
0 0.013605442176870748
5 0.01020408163265306
