doc : 0
4 0.9850456937136527
5 0.0030462475768485184
8 0.001938521185267239
7 0.001661589587371919
9 0.0013846579894765993
6 0.0013846579894765993
3 0.0013846579894765993
2 0.0013846579894765993
1 0.0013846579894765993
0 0.0013846579894765993
doc : 1
4 0.9842017738359202
5 0.0033259423503325942
7 0.0022172949002217295
8 0.0016629711751662971
6 0.0016629711751662971
9 0.0013858093126385808
3 0.0013858093126385808
2 0.0013858093126385808
1 0.0013858093126385808
0 0.0013858093126385808
doc : 2
4 0.9886086248982913
5 0.003051261187957689
7 0.0012205044751830757
9 0.0010170870626525631
8 0.0010170870626525631
6 0.0010170870626525631
3 0.0010170870626525631
2 0.0010170870626525631
1 0.0010170870626525631
0 0.0010170870626525631
doc : 3
4 0.991625089094797
5 0.0012473271560940842
9 8.909479686386316E-4
8 8.909479686386316E-4
7 8.909479686386316E-4
6 8.909479686386316E-4
3 8.909479686386316E-4
2 8.909479686386316E-4
1 8.909479686386316E-4
0 8.909479686386316E-4
doc : 4
5 0.9798512089274644
4 0.01332920024798512
8 0.0012399256044637321
3 9.299442033477991E-4
9 7.749535027898325E-4
7 7.749535027898325E-4
6 7.749535027898325E-4
2 7.749535027898325E-4
1 7.749535027898325E-4
0 7.749535027898325E-4
doc : 5
2 0.8622327790973872
7 0.023752969121140145
8 0.0166270783847981
6 0.0166270783847981
1 0.0166270783847981
9 0.014251781472684086
3 0.014251781472684086
5 0.011876484560570073
4 0.011876484560570073
0 0.011876484560570073
doc : 6
2 0.8922495274102079
8 0.017013232514177693
5 0.015122873345935728
7 0.013232514177693762
6 0.011342155009451797
4 0.011342155009451797
1 0.011342155009451797
9 0.00945179584120983
3 0.00945179584120983
0 0.00945179584120983
doc : 7
2 0.8508771929824561
8 0.021929824561403508
7 0.019736842105263157
6 0.017543859649122806
0 0.017543859649122806
9 0.015350877192982455
5 0.015350877192982455
4 0.015350877192982455
3 0.013157894736842105
1 0.013157894736842105
doc : 8
2 0.865979381443299
1 0.024742268041237116
6 0.018556701030927835
9 0.01443298969072165
8 0.01443298969072165
0 0.01443298969072165
7 0.012371134020618558
4 0.012371134020618558
3 0.012371134020618558
5 0.010309278350515464
doc : 9
2 0.8957528957528957
8 0.013513513513513514
5 0.013513513513513514
0 0.013513513513513514
7 0.011583011583011584
6 0.011583011583011584
1 0.011583011583011584
9 0.009652509652509652
4 0.009652509652509652
3 0.009652509652509652
doc : 10
2 0.8547486033519553
1 0.020484171322160148
0 0.020484171322160148
8 0.0186219739292365
7 0.01675977653631285
5 0.01675977653631285
3 0.01675977653631285
9 0.0148975791433892
6 0.0111731843575419
4 0.00931098696461825
doc : 11
2 0.9085923217550275
8 0.016453382084095063
5 0.010968921389396709
9 0.009140767824497258
7 0.009140767824497258
6 0.009140767824497258
4 0.009140767824497258
3 0.009140767824497258
1 0.009140767824497258
0 0.009140767824497258
doc : 12
8 0.8492462311557789
9 0.022613065326633167
2 0.020100502512562814
7 0.017587939698492462
0 0.017587939698492462
6 0.01507537688442211
5 0.01507537688442211
3 0.01507537688442211
1 0.01507537688442211
4 0.01256281407035176
doc : 13
8 0.8535353535353536
3 0.022727272727272728
2 0.022727272727272728
6 0.020202020202020204
9 0.015151515151515152
5 0.015151515151515152
7 0.012626262626262628
4 0.012626262626262628
1 0.012626262626262628
0 0.012626262626262628
doc : 14
0 0.7066246056782334
2 0.0914826498422713
5 0.03470031545741325
8 0.031545741324921134
7 0.028391167192429023
1 0.028391167192429023
6 0.025236593059936908
9 0.022082018927444793
4 0.015772870662460567
3 0.015772870662460567
doc : 15
8 0.7269372693726937
2 0.04059040590405904
0 0.04059040590405904
7 0.03690036900369004
1 0.03690036900369004
9 0.033210332103321034
3 0.025830258302583026
5 0.02214022140221402
6 0.01845018450184502
4 0.01845018450184502
doc : 16
8 0.7360594795539033
2 0.055762081784386616
7 0.02973977695167286
5 0.02973977695167286
0 0.02973977695167286
9 0.026022304832713755
3 0.026022304832713755
1 0.026022304832713755
6 0.022304832713754646
4 0.018587360594795536
doc : 17
0 0.7069645203679369
7 0.1445466491458607
1 0.030223390275952694
8 0.02759526938239159
6 0.02628120893561104
2 0.01576872536136662
5 0.01445466491458607
3 0.01445466491458607
9 0.01314060446780552
4 0.00657030223390276
doc : 18
8 0.8262295081967214
6 0.036065573770491806
2 0.027868852459016394
7 0.02459016393442623
3 0.018032786885245903
1 0.018032786885245903
0 0.018032786885245903
9 0.011475409836065573
5 0.011475409836065573
4 0.00819672131147541
doc : 19
8 0.38440111420612816
6 0.28690807799442897
3 0.12534818941504178
1 0.05013927576601671
0 0.04735376044568245
9 0.027855153203342618
2 0.022284122562674095
7 0.019498607242339833
4 0.019498607242339833
5 0.016713091922005572
doc : 20
6 0.6421725239616614
8 0.20447284345047922
0 0.03194888178913738
7 0.019169329073482427
2 0.019169329073482427
1 0.019169329073482427
9 0.01597444089456869
5 0.01597444089456869
4 0.01597444089456869
3 0.01597444089456869
doc : 21
9 0.1
8 0.1
7 0.1
6 0.1
5 0.1
4 0.1
3 0.1
2 0.1
1 0.1
0 0.1
doc : 22
2 0.8747591522157996
8 0.019267822736030827
1 0.019267822736030827
3 0.015414258188824663
0 0.015414258188824663
7 0.01348747591522158
5 0.01348747591522158
9 0.009633911368015413
6 0.009633911368015413
4 0.009633911368015413
doc : 23
2 0.8705035971223022
7 0.023381294964028777
0 0.023381294964028777
9 0.014388489208633094
8 0.014388489208633094
6 0.012589928057553958
5 0.012589928057553958
3 0.01079136690647482
4 0.008992805755395683
1 0.008992805755395683
doc : 24
2 0.882960413080895
8 0.017211703958691912
0 0.017211703958691912
7 0.01549053356282272
1 0.01549053356282272
6 0.012048192771084338
3 0.012048192771084338
9 0.010327022375215147
5 0.008605851979345956
4 0.008605851979345956
doc : 25
1 0.5555555555555556
6 0.13836477987421383
7 0.06498951781970651
8 0.06289308176100629
0 0.04821802935010482
5 0.041928721174004195
2 0.02725366876310273
3 0.025157232704402517
9 0.023060796645702306
4 0.012578616352201259
doc : 26
5 0.6294642857142857
2 0.06696428571428571
7 0.05357142857142857
6 0.049107142857142856
8 0.04464285714285714
3 0.040178571428571425
1 0.03571428571428571
9 0.03125
0 0.026785714285714284
4 0.02232142857142857
doc : 27
8 0.19047619047619047
2 0.14285714285714285
7 0.13095238095238093
3 0.10714285714285714
5 0.08333333333333333
0 0.08333333333333333
6 0.07142857142857142
1 0.07142857142857142
9 0.05952380952380952
4 0.05952380952380952
doc : 28
8 0.3544973544973545
7 0.13756613756613756
0 0.12169312169312169
6 0.10582010582010581
5 0.06349206349206349
1 0.0582010582010582
2 0.05291005291005291
9 0.047619047619047616
3 0.031746031746031744
4 0.026455026455026454
doc : 29
5 0.6331877729257641
2 0.09606986899563319
0 0.05240174672489083
7 0.048034934497816595
3 0.034934497816593885
9 0.03056768558951965
6 0.03056768558951965
8 0.026200873362445413
1 0.026200873362445413
4 0.021834061135371178
doc : 30
5 0.5726872246696035
7 0.09691629955947137
2 0.06607929515418502
8 0.05726872246696036
6 0.048458149779735685
0 0.039647577092511016
9 0.03524229074889868
3 0.03524229074889868
1 0.026431718061674013
4 0.022026431718061675
doc : 31
2 0.8799368088467614
7 0.023696682464454975
8 0.017377567140600316
1 0.014218009478672985
6 0.01263823064770932
5 0.01263823064770932
9 0.011058451816745656
3 0.011058451816745656
0 0.009478672985781991
4 0.007898894154818325
doc : 32
2 0.8975332068311196
7 0.015180265654648957
5 0.013282732447817837
0 0.013282732447817837
6 0.011385199240986717
4 0.011385199240986717
9 0.009487666034155597
8 0.009487666034155597
3 0.009487666034155597
1 0.009487666034155597
doc : 33
8 0.8132387706855791
9 0.028368794326241134
7 0.026004728132387706
1 0.026004728132387706
0 0.026004728132387706
2 0.02364066193853428
5 0.018912529550827423
6 0.014184397163120567
4 0.01182033096926714
3 0.01182033096926714
doc : 34
7 0.9148936170212766
6 0.013002364066193853
4 0.013002364066193853
0 0.013002364066193853
1 0.01182033096926714
8 0.008274231678486997
5 0.0070921985815602835
2 0.0070921985815602835
9 0.00591016548463357
3 0.00591016548463357
doc : 35
1 0.23333333333333334
7 0.1
9 0.08333333333333333
8 0.08333333333333333
6 0.08333333333333333
5 0.08333333333333333
4 0.08333333333333333
3 0.08333333333333333
2 0.08333333333333333
0 0.08333333333333333
doc : 36
7 0.7330567081604427
2 0.1632088520055325
0 0.019363762102351315
5 0.01798063623789765
3 0.01521438450899032
1 0.01521438450899032
8 0.011065006915629323
6 0.009681881051175657
9 0.008298755186721992
4 0.006915629322268327
doc : 37
0 0.8551532033426184
8 0.025998142989786442
6 0.02321262766945218
3 0.018570102135561747
7 0.016713091922005572
5 0.016713091922005572
1 0.015784586815227482
2 0.013927576601671309
9 0.009285051067780874
4 0.004642525533890437
doc : 38
2 0.894736842105263
8 0.016917293233082706
1 0.016917293233082706
5 0.013157894736842105
4 0.011278195488721804
9 0.009398496240601503
7 0.009398496240601503
6 0.009398496240601503
3 0.009398496240601503
0 0.009398496240601503
doc : 39
2 0.8984674329501915
7 0.017241379310344827
0 0.013409961685823753
8 0.011494252873563218
6 0.011494252873563218
9 0.009578544061302681
5 0.009578544061302681
4 0.009578544061302681
3 0.009578544061302681
1 0.009578544061302681
doc : 40
5 0.5384615384615385
2 0.1719457013574661
3 0.0497737556561086
6 0.04524886877828055
8 0.04072398190045249
9 0.03619909502262444
1 0.03619909502262444
7 0.031674208144796386
0 0.027149321266968326
4 0.022624434389140274
doc : 41
1 0.33457249070631967
8 0.3271375464684015
6 0.08550185873605948
2 0.055762081784386616
0 0.05204460966542751
7 0.0483271375464684
4 0.02973977695167286
9 0.022304832713754646
5 0.022304832713754646
3 0.022304832713754646
doc : 42
8 0.662125340599455
7 0.06811989100817438
2 0.0653950953678474
1 0.051771117166212535
6 0.03542234332425068
0 0.03542234332425068
5 0.0326975476839237
3 0.021798365122615803
9 0.013623978201634877
4 0.013623978201634877
doc : 43
8 0.446
2 0.168
7 0.16
6 0.048
1 0.048
9 0.034
3 0.03
0 0.028
5 0.024
4 0.014
doc : 44
7 0.7219917012448133
2 0.16874135546334718
5 0.02351313969571231
0 0.016597510373443983
8 0.01521438450899032
3 0.01521438450899032
1 0.012448132780082988
4 0.009681881051175657
9 0.008298755186721992
6 0.008298755186721992
doc : 45
1 0.25
9 0.08333333333333333
8 0.08333333333333333
7 0.08333333333333333
6 0.08333333333333333
5 0.08333333333333333
4 0.08333333333333333
3 0.08333333333333333
2 0.08333333333333333
0 0.08333333333333333
doc : 46
8 0.5853658536585366
6 0.07317073170731707
7 0.058536585365853655
0 0.05365853658536585
3 0.04390243902439024
9 0.03902439024390244
4 0.03902439024390244
1 0.03902439024390244
5 0.03414634146341464
2 0.03414634146341464
doc : 47
8 0.817470664928292
0 0.03259452411994785
7 0.02998696219035202
9 0.02607561929595828
2 0.022164276401564535
6 0.020860495436766623
1 0.018252933507170794
3 0.01303780964797914
5 0.010430247718383311
4 0.009126466753585397
doc : 48
8 0.6146341463414634
0 0.07317073170731707
6 0.06341463414634146
3 0.058536585365853655
7 0.03414634146341464
4 0.03414634146341464
2 0.03414634146341464
1 0.03414634146341464
9 0.029268292682926828
5 0.024390243902439025
doc : 49
0 0.7616361071932299
1 0.06770098730606489
8 0.04090267983074753
7 0.03526093088857546
3 0.02538787023977433
6 0.018335684062059238
9 0.01692524682651622
2 0.01692524682651622
4 0.009873060648801129
5 0.007052186177715091
doc : 50
1 0.7932038834951456
8 0.09320388349514563
4 0.02524271844660194
2 0.024271844660194174
9 0.015533980582524271
3 0.015533980582524271
7 0.008737864077669903
5 0.008737864077669903
0 0.008737864077669903
6 0.006796116504854369
doc : 51
3 0.603290676416819
8 0.06581352833638025
0 0.062157221206581355
5 0.0603290676416819
7 0.05850091407678245
2 0.05850091407678245
6 0.03656307129798903
1 0.029250457038391225
9 0.016453382084095063
4 0.009140767824497258
doc : 52
8 0.9141104294478528
6 0.013496932515337423
3 0.011042944785276074
2 0.011042944785276074
0 0.011042944785276074
9 0.008588957055214725
4 0.008588957055214725
1 0.008588957055214725
5 0.00736196319018405
7 0.006134969325153374
doc : 53
8 0.6311475409836066
0 0.07377049180327869
2 0.06557377049180328
7 0.05737704918032787
1 0.045081967213114756
9 0.03278688524590164
3 0.028688524590163935
5 0.02459016393442623
6 0.020491803278688527
4 0.020491803278688527
doc : 54
1 0.21666666666666667
2 0.11666666666666667
9 0.08333333333333333
8 0.08333333333333333
7 0.08333333333333333
6 0.08333333333333333
5 0.08333333333333333
4 0.08333333333333333
3 0.08333333333333333
0 0.08333333333333333
doc : 55
1 0.23333333333333334
8 0.1
9 0.08333333333333333
7 0.08333333333333333
6 0.08333333333333333
5 0.08333333333333333
4 0.08333333333333333
3 0.08333333333333333
2 0.08333333333333333
0 0.08333333333333333
doc : 56
1 0.23333333333333334
0 0.1
9 0.08333333333333333
8 0.08333333333333333
7 0.08333333333333333
6 0.08333333333333333
5 0.08333333333333333
4 0.08333333333333333
3 0.08333333333333333
2 0.08333333333333333
doc : 57
1 0.21666666666666667
9 0.1
4 0.1
8 0.08333333333333333
7 0.08333333333333333
6 0.08333333333333333
5 0.08333333333333333
3 0.08333333333333333
2 0.08333333333333333
0 0.08333333333333333
doc : 58
8 0.9165644171779141
9 0.013496932515337423
0 0.012269938650306749
2 0.0098159509202454
7 0.008588957055214725
6 0.008588957055214725
4 0.008588957055214725
3 0.008588957055214725
1 0.00736196319018405
5 0.006134969325153374
doc : 59
5 0.5905172413793104
2 0.09482758620689655
8 0.07327586206896551
7 0.05172413793103448
9 0.04310344827586207
6 0.034482758620689655
1 0.034482758620689655
0 0.030172413793103446
3 0.02586206896551724
4 0.021551724137931036
doc : 60
5 0.6347826086956522
2 0.0782608695652174
8 0.04782608695652174
7 0.043478260869565216
3 0.043478260869565216
9 0.0391304347826087
1 0.034782608695652174
6 0.030434782608695653
0 0.026086956521739132
4 0.021739130434782608
doc : 61
9 0.9677954847277556
8 0.0066401062416998665
1 0.0049800796812749
7 0.0036520584329349268
6 0.0036520584329349268
5 0.0033200531208499333
0 0.0033200531208499333
2 0.00298804780876494
3 0.00199203187250996
4 0.0016600265604249666
doc : 62
8 0.11320754716981132
6 0.11320754716981132
0 0.11320754716981132
9 0.09433962264150943
7 0.09433962264150943
5 0.09433962264150943
4 0.09433962264150943
3 0.09433962264150943
2 0.09433962264150943
1 0.09433962264150943
doc : 63
6 0.9538583929992045
9 0.006364359586316627
7 0.006364359586316627
0 0.006364359586316627
3 0.005568814638027049
8 0.00477326968973747
5 0.00477326968973747
4 0.003977724741447892
2 0.003977724741447892
1 0.003977724741447892
doc : 64
8 0.8342541436464088
0 0.027624309392265192
9 0.022099447513812154
7 0.022099447513812154
6 0.019337016574585635
5 0.016574585635359115
2 0.016574585635359115
4 0.013812154696132596
3 0.013812154696132596
1 0.013812154696132596
doc : 65
6 0.9514717581543357
7 0.007159904534606206
2 0.006364359586316627
1 0.006364359586316627
8 0.005568814638027049
0 0.005568814638027049
9 0.00477326968973747
3 0.00477326968973747
5 0.003977724741447892
4 0.003977724741447892
doc : 66
7 0.8659286592865929
0 0.04305043050430504
4 0.01845018450184502
1 0.015990159901599018
2 0.013530135301353014
3 0.011070110701107012
6 0.00984009840098401
8 0.008610086100861008
9 0.007380073800738008
5 0.006150061500615006
doc : 67
3 0.9534824605998984
8 0.011947127605490595
1 0.010167768174885614
6 0.006100660904931368
0 0.005083884087442807
9 0.004575495678698526
2 0.003050330452465684
5 0.002287747839349263
7 0.0017793594306049821
4 0.001525165226232842
doc : 68
2 0.8881889763779527
8 0.023622047244094488
1 0.02047244094488189
9 0.012598425196850394
5 0.011023622047244094
6 0.009448818897637795
3 0.009448818897637795
0 0.009448818897637795
7 0.007874015748031496
4 0.007874015748031496
doc : 69
2 0.888208269525268
7 0.021439509954058193
6 0.013782542113323125
1 0.013782542113323125
5 0.01225114854517611
3 0.01225114854517611
0 0.01225114854517611
9 0.009188361408882083
8 0.009188361408882083
4 0.007656967840735069
doc : 70
1 0.23333333333333334
6 0.1
9 0.08333333333333333
8 0.08333333333333333
7 0.08333333333333333
5 0.08333333333333333
4 0.08333333333333333
3 0.08333333333333333
2 0.08333333333333333
0 0.08333333333333333
doc : 71
1 0.5843373493975904
7 0.16867469879518074
0 0.060240963855421686
6 0.057228915662650606
3 0.02710843373493976
2 0.02710843373493976
8 0.024096385542168676
9 0.01807228915662651
4 0.01807228915662651
5 0.015060240963855422
doc : 72
6 0.645367412140575
8 0.17252396166134185
0 0.03514376996805112
2 0.03194888178913738
1 0.025559105431309903
9 0.019169329073482427
7 0.019169329073482427
3 0.019169329073482427
5 0.01597444089456869
4 0.01597444089456869
doc : 73
1 0.25
9 0.08333333333333333
8 0.08333333333333333
7 0.08333333333333333
6 0.08333333333333333
5 0.08333333333333333
4 0.08333333333333333
3 0.08333333333333333
2 0.08333333333333333
0 0.08333333333333333
doc : 74
8 0.5773584905660377
2 0.13962264150943396
0 0.06037735849056604
1 0.04528301886792453
7 0.03773584905660377
9 0.033962264150943396
6 0.033962264150943396
5 0.03018867924528302
3 0.022641509433962266
4 0.018867924528301886
doc : 75
1 0.23333333333333334
0 0.1
9 0.08333333333333333
8 0.08333333333333333
7 0.08333333333333333
6 0.08333333333333333
5 0.08333333333333333
4 0.08333333333333333
3 0.08333333333333333
2 0.08333333333333333
doc : 76
1 0.23333333333333334
7 0.1
9 0.08333333333333333
8 0.08333333333333333
6 0.08333333333333333
5 0.08333333333333333
4 0.08333333333333333
3 0.08333333333333333
2 0.08333333333333333
0 0.08333333333333333
doc : 77
1 0.25
9 0.08333333333333333
8 0.08333333333333333
7 0.08333333333333333
6 0.08333333333333333
5 0.08333333333333333
4 0.08333333333333333
3 0.08333333333333333
2 0.08333333333333333
0 0.08333333333333333
doc : 78
1 0.21666666666666667
6 0.1
2 0.1
9 0.08333333333333333
8 0.08333333333333333
7 0.08333333333333333
5 0.08333333333333333
4 0.08333333333333333
3 0.08333333333333333
0 0.08333333333333333
doc : 79
7 0.9295597484276729
4 0.011320754716981131
2 0.00880503144654088
0 0.00880503144654088
9 0.007547169811320755
6 0.007547169811320755
1 0.007547169811320755
8 0.006289308176100628
5 0.006289308176100628
3 0.006289308176100628
doc : 80
3 0.7561837455830389
1 0.07243816254416961
7 0.03180212014134275
0 0.03180212014134275
2 0.030035335689045935
8 0.022968197879858657
6 0.019434628975265017
9 0.012367491166077738
4 0.012367491166077738
5 0.010600706713780918
doc : 81
1 0.7995090016366613
7 0.045008183306055646
0 0.03927986906710311
8 0.036824877250409165
6 0.03191489361702128
9 0.01800327332242226
2 0.013911620294599018
5 0.005728314238952537
4 0.004909983633387889
3 0.004909983633387889
doc : 82
0 0.7739852398523985
8 0.12177121771217712
1 0.023985239852398522
2 0.021217712177121772
7 0.016605166051660517
6 0.013837638376383764
9 0.01107011070110701
3 0.007380073800738007
5 0.005535055350553505
4 0.004612546125461255
doc : 83
1 0.6004962779156328
2 0.09181141439205956
8 0.08436724565756824
0 0.05459057071960298
3 0.03970223325062035
9 0.03722084367245657
7 0.03225806451612903
6 0.02977667493796526
5 0.017369727047146403
4 0.012406947890818858
doc : 84
0 0.898790579248886
8 0.0362826225334182
9 0.017186505410566516
7 0.010184595798854232
1 0.010184595798854232
2 0.009548058561425843
6 0.006365372374283895
3 0.005092297899427116
5 0.0031826861871419474
4 0.0031826861871419474
doc : 85
5 0.6228070175438596
2 0.09649122807017543
7 0.04824561403508772
8 0.043859649122807015
0 0.043859649122807015
3 0.039473684210526314
6 0.03070175438596491
4 0.02631578947368421
1 0.02631578947368421
9 0.021929824561403508
doc : 86
1 0.23333333333333334
6 0.1
9 0.08333333333333333
8 0.08333333333333333
7 0.08333333333333333
5 0.08333333333333333
4 0.08333333333333333
3 0.08333333333333333
2 0.08333333333333333
0 0.08333333333333333
doc : 87
7 0.8091650973006905
8 0.05963590709353422
2 0.052102950408035156
0 0.021343377275580666
9 0.011299435028248588
3 0.010671688637790333
6 0.010043942247332079
5 0.010043942247332079
1 0.009416195856873824
4 0.006277463904582549
doc : 88
3 0.7794943820224719
1 0.05337078651685393
2 0.03230337078651685
8 0.02949438202247191
6 0.028089887640449437
7 0.02247191011235955
0 0.02247191011235955
9 0.012640449438202247
4 0.011235955056179775
5 0.008426966292134831
doc : 89
7 0.932415519399249
8 0.010012515644555695
6 0.010012515644555695
9 0.007509386733416772
4 0.007509386733416772
2 0.007509386733416772
5 0.006257822277847309
3 0.006257822277847309
1 0.006257822277847309
0 0.006257822277847309
doc : 90
7 0.9002463054187192
0 0.023399014778325122
4 0.013546798029556651
2 0.011083743842364532
8 0.009852216748768473
1 0.009852216748768473
9 0.008620689655172414
3 0.008620689655172414
6 0.007389162561576354
5 0.007389162561576354
doc : 91
6 0.9132653061224489
8 0.014577259475218658
2 0.013848396501457725
9 0.01239067055393586
7 0.010932944606413994
0 0.01020408163265306
3 0.007288629737609329
5 0.006559766763848397
1 0.006559766763848397
4 0.004373177842565598
doc : 92
7 0.9151732377538828
0 0.017921146953405017
6 0.013142174432497012
2 0.01075268817204301
8 0.008363201911589008
4 0.008363201911589008
3 0.008363201911589008
9 0.005973715651135005
5 0.005973715651135005
1 0.005973715651135005
doc : 93
1 0.21666666666666667
9 0.1
6 0.1
8 0.08333333333333333
7 0.08333333333333333
5 0.08333333333333333
4 0.08333333333333333
3 0.08333333333333333
2 0.08333333333333333
0 0.08333333333333333
doc : 94
1 0.21666666666666667
6 0.1
4 0.1
9 0.08333333333333333
8 0.08333333333333333
7 0.08333333333333333
5 0.08333333333333333
3 0.08333333333333333
2 0.08333333333333333
0 0.08333333333333333
doc : 95
1 0.25
9 0.08333333333333333
8 0.08333333333333333
7 0.08333333333333333
6 0.08333333333333333
5 0.08333333333333333
4 0.08333333333333333
3 0.08333333333333333
2 0.08333333333333333
0 0.08333333333333333
doc : 96
9 0.9290902801798686
8 0.019024558976132828
7 0.01591144932549291
1 0.009339328951919752
2 0.007609823590453131
0 0.00588031822898651
6 0.005188516084399862
3 0.003113109650639917
5 0.002767208578346593
4 0.0020754064337599448
doc : 97
8 0.6858638743455497
2 0.059336823734729496
7 0.05759162303664921
3 0.0506108202443281
1 0.04013961605584642
0 0.03664921465968587
9 0.02617801047120419
6 0.017452006980802792
4 0.015706806282722512
5 0.010471204188481676
doc : 98
0 0.7296416938110749
2 0.06840390879478828
7 0.055374592833876225
1 0.02931596091205212
8 0.026058631921824105
6 0.02280130293159609
9 0.01954397394136808
5 0.016286644951140065
4 0.016286644951140065
3 0.016286644951140065
doc : 99
1 0.23333333333333334
6 0.1
9 0.08333333333333333
8 0.08333333333333333
7 0.08333333333333333
5 0.08333333333333333
4 0.08333333333333333
3 0.08333333333333333
2 0.08333333333333333
0 0.08333333333333333
