doc : 0
7 0.455026455026455
0 0.37566137566137564
3 0.037037037037037035
8 0.03439153439153439
9 0.021164021164021163
2 0.021164021164021163
1 0.015873015873015872
6 0.013227513227513227
5 0.013227513227513227
4 0.013227513227513227
doc : 1
0 0.5257731958762887
4 0.1683848797250859
1 0.07216494845360824
9 0.044673539518900345
7 0.0429553264604811
5 0.03951890034364261
6 0.030927835051546393
3 0.030927835051546393
2 0.030927835051546393
8 0.013745704467353952
doc : 2
4 0.6584507042253521
0 0.08098591549295775
2 0.045774647887323945
3 0.04225352112676056
9 0.035211267605633804
5 0.03169014084507042
7 0.028169014084507043
6 0.028169014084507043
8 0.024647887323943664
1 0.024647887323943664
doc : 3
2 0.46511627906976744
3 0.06976744186046512
9 0.05813953488372093
8 0.05813953488372093
7 0.05813953488372093
6 0.05813953488372093
5 0.05813953488372093
4 0.05813953488372093
1 0.05813953488372093
0 0.05813953488372093
doc : 4
3 0.5666666666666667
8 0.075
2 0.058333333333333334
5 0.05
9 0.041666666666666664
7 0.041666666666666664
6 0.041666666666666664
4 0.041666666666666664
1 0.041666666666666664
0 0.041666666666666664
doc : 5
3 0.7970065481758654
5 0.06548175865294668
8 0.05612722170252572
4 0.018709073900841908
2 0.018709073900841908
7 0.01028999064546305
1 0.01028999064546305
0 0.009354536950420954
6 0.007483629560336763
9 0.006548175865294668
doc : 6
2 0.46511627906976744
8 0.06976744186046512
9 0.05813953488372093
7 0.05813953488372093
6 0.05813953488372093
5 0.05813953488372093
4 0.05813953488372093
3 0.05813953488372093
1 0.05813953488372093
0 0.05813953488372093
doc : 7
2 0.46511627906976744
3 0.06976744186046512
9 0.05813953488372093
8 0.05813953488372093
7 0.05813953488372093
6 0.05813953488372093
5 0.05813953488372093
4 0.05813953488372093
1 0.05813953488372093
0 0.05813953488372093
doc : 8
2 0.47674418604651164
9 0.05813953488372093
8 0.05813953488372093
7 0.05813953488372093
6 0.05813953488372093
5 0.05813953488372093
4 0.05813953488372093
3 0.05813953488372093
1 0.05813953488372093
0 0.05813953488372093
doc : 9
2 0.46511627906976744
3 0.06976744186046512
9 0.05813953488372093
8 0.05813953488372093
7 0.05813953488372093
6 0.05813953488372093
5 0.05813953488372093
4 0.05813953488372093
1 0.05813953488372093
0 0.05813953488372093
doc : 10
2 0.46511627906976744
6 0.06976744186046512
9 0.05813953488372093
8 0.05813953488372093
7 0.05813953488372093
5 0.05813953488372093
4 0.05813953488372093
3 0.05813953488372093
1 0.05813953488372093
0 0.05813953488372093
doc : 11
2 0.47674418604651164
9 0.05813953488372093
8 0.05813953488372093
7 0.05813953488372093
6 0.05813953488372093
5 0.05813953488372093
4 0.05813953488372093
3 0.05813953488372093
1 0.05813953488372093
0 0.05813953488372093
doc : 12
2 0.47674418604651164
9 0.05813953488372093
8 0.05813953488372093
7 0.05813953488372093
6 0.05813953488372093
5 0.05813953488372093
4 0.05813953488372093
3 0.05813953488372093
1 0.05813953488372093
0 0.05813953488372093
doc : 13
2 0.47674418604651164
9 0.05813953488372093
8 0.05813953488372093
7 0.05813953488372093
6 0.05813953488372093
5 0.05813953488372093
4 0.05813953488372093
3 0.05813953488372093
1 0.05813953488372093
0 0.05813953488372093
doc : 14
2 0.47674418604651164
9 0.05813953488372093
8 0.05813953488372093
7 0.05813953488372093
6 0.05813953488372093
5 0.05813953488372093
4 0.05813953488372093
3 0.05813953488372093
1 0.05813953488372093
0 0.05813953488372093
doc : 15
2 0.47674418604651164
9 0.05813953488372093
8 0.05813953488372093
7 0.05813953488372093
6 0.05813953488372093
5 0.05813953488372093
4 0.05813953488372093
3 0.05813953488372093
1 0.05813953488372093
0 0.05813953488372093
doc : 16
0 0.8714821763602252
4 0.020637898686679174
7 0.019699812382739212
5 0.017823639774859287
3 0.016885553470919325
1 0.0150093808630394
6 0.014071294559099437
9 0.009380863039399626
8 0.0075046904315197
2 0.0075046904315197
doc : 17
2 0.46511627906976744
3 0.06976744186046512
9 0.05813953488372093
8 0.05813953488372093
7 0.05813953488372093
6 0.05813953488372093
5 0.05813953488372093
4 0.05813953488372093
1 0.05813953488372093
0 0.05813953488372093
doc : 18
2 0.47674418604651164
9 0.05813953488372093
8 0.05813953488372093
7 0.05813953488372093
6 0.05813953488372093
5 0.05813953488372093
4 0.05813953488372093
3 0.05813953488372093
1 0.05813953488372093
0 0.05813953488372093
doc : 19
2 0.45348837209302323
3 0.08139534883720931
9 0.05813953488372093
8 0.05813953488372093
7 0.05813953488372093
6 0.05813953488372093
5 0.05813953488372093
4 0.05813953488372093
1 0.05813953488372093
0 0.05813953488372093
doc : 20
2 0.46511627906976744
3 0.06976744186046512
9 0.05813953488372093
8 0.05813953488372093
7 0.05813953488372093
6 0.05813953488372093
5 0.05813953488372093
4 0.05813953488372093
1 0.05813953488372093
0 0.05813953488372093
doc : 21
2 0.46511627906976744
3 0.06976744186046512
9 0.05813953488372093
8 0.05813953488372093
7 0.05813953488372093
6 0.05813953488372093
5 0.05813953488372093
4 0.05813953488372093
1 0.05813953488372093
0 0.05813953488372093
doc : 22
2 0.47674418604651164
9 0.05813953488372093
8 0.05813953488372093
7 0.05813953488372093
6 0.05813953488372093
5 0.05813953488372093
4 0.05813953488372093
3 0.05813953488372093
1 0.05813953488372093
0 0.05813953488372093
doc : 23
2 0.45348837209302323
7 0.06976744186046512
3 0.06976744186046512
9 0.05813953488372093
8 0.05813953488372093
6 0.05813953488372093
5 0.05813953488372093
4 0.05813953488372093
1 0.05813953488372093
0 0.05813953488372093
doc : 24
2 0.46511627906976744
7 0.06976744186046512
9 0.05813953488372093
8 0.05813953488372093
6 0.05813953488372093
5 0.05813953488372093
4 0.05813953488372093
3 0.05813953488372093
1 0.05813953488372093
0 0.05813953488372093
doc : 25
2 0.45348837209302323
4 0.06976744186046512
3 0.06976744186046512
9 0.05813953488372093
8 0.05813953488372093
7 0.05813953488372093
6 0.05813953488372093
5 0.05813953488372093
1 0.05813953488372093
0 0.05813953488372093
doc : 26
2 0.43023255813953487
3 0.08139534883720931
4 0.06976744186046512
0 0.06976744186046512
9 0.05813953488372093
8 0.05813953488372093
7 0.05813953488372093
6 0.05813953488372093
5 0.05813953488372093
1 0.05813953488372093
doc : 27
2 0.46511627906976744
3 0.06976744186046512
9 0.05813953488372093
8 0.05813953488372093
7 0.05813953488372093
6 0.05813953488372093
5 0.05813953488372093
4 0.05813953488372093
1 0.05813953488372093
0 0.05813953488372093
doc : 28
2 0.47674418604651164
9 0.05813953488372093
8 0.05813953488372093
7 0.05813953488372093
6 0.05813953488372093
5 0.05813953488372093
4 0.05813953488372093
3 0.05813953488372093
1 0.05813953488372093
0 0.05813953488372093
doc : 29
2 0.47674418604651164
9 0.05813953488372093
8 0.05813953488372093
7 0.05813953488372093
6 0.05813953488372093
5 0.05813953488372093
4 0.05813953488372093
3 0.05813953488372093
1 0.05813953488372093
0 0.05813953488372093
doc : 30
3 0.8357664233576642
2 0.03832116788321168
4 0.025547445255474453
8 0.020072992700729927
7 0.016423357664233577
9 0.014598540145985401
1 0.014598540145985401
6 0.012773722627737226
5 0.010948905109489052
0 0.010948905109489052
doc : 31
3 0.8387755102040817
8 0.0326530612244898
2 0.0326530612244898
4 0.0163265306122449
1 0.0163265306122449
0 0.0163265306122449
5 0.014285714285714287
9 0.012244897959183675
7 0.010204081632653062
6 0.010204081632653062
doc : 32
3 0.8396039603960396
2 0.03564356435643565
8 0.019801980198019802
6 0.019801980198019802
7 0.017821782178217824
1 0.015841584158415842
5 0.013861386138613862
0 0.013861386138613862
9 0.011881188118811881
4 0.011881188118811881
doc : 33
2 0.46511627906976744
5 0.06976744186046512
9 0.05813953488372093
8 0.05813953488372093
7 0.05813953488372093
6 0.05813953488372093
4 0.05813953488372093
3 0.05813953488372093
1 0.05813953488372093
0 0.05813953488372093
doc : 34
4 0.5104712041884817
6 0.08638743455497383
3 0.07068062827225131
2 0.07068062827225131
1 0.0549738219895288
9 0.04973821989528796
0 0.04712041884816754
7 0.041884816753926704
8 0.034031413612565446
5 0.034031413612565446
doc : 35
8 0.7408637873754153
4 0.03986710963455149
5 0.036544850498338874
2 0.03322259136212625
3 0.029900332225913623
1 0.029900332225913623
7 0.026578073089700997
9 0.023255813953488372
0 0.023255813953488372
6 0.016611295681063124
doc : 36
8 0.8287461773700305
2 0.027522935779816515
1 0.027522935779816515
7 0.021406727828746176
5 0.01834862385321101
9 0.01529051987767584
6 0.01529051987767584
4 0.01529051987767584
3 0.01529051987767584
0 0.01529051987767584
doc : 37
8 0.8328267477203647
2 0.02735562310030395
1 0.02735562310030395
7 0.02127659574468085
9 0.015197568389057751
6 0.015197568389057751
5 0.015197568389057751
4 0.015197568389057751
3 0.015197568389057751
0 0.015197568389057751
doc : 38
8 0.8184615384615385
2 0.027692307692307693
1 0.027692307692307693
6 0.024615384615384615
3 0.021538461538461538
5 0.01846153846153846
9 0.015384615384615385
7 0.015384615384615385
4 0.015384615384615385
0 0.015384615384615385
doc : 39
8 0.8024316109422492
3 0.030395136778115502
1 0.02735562310030395
4 0.0243161094224924
7 0.02127659574468085
5 0.02127659574468085
2 0.02127659574468085
9 0.0182370820668693
0 0.0182370820668693
6 0.015197568389057751
doc : 40
8 0.8145896656534954
4 0.03343465045592705
5 0.0243161094224924
3 0.02127659574468085
1 0.02127659574468085
0 0.02127659574468085
2 0.0182370820668693
9 0.015197568389057751
7 0.015197568389057751
6 0.015197568389057751
doc : 41
8 0.8286604361370716
2 0.028037383177570093
1 0.024922118380062305
9 0.018691588785046728
5 0.018691588785046728
3 0.018691588785046728
7 0.01557632398753894
6 0.01557632398753894
4 0.01557632398753894
0 0.01557632398753894
doc : 42
8 0.8323170731707318
2 0.024390243902439025
5 0.021341463414634148
3 0.021341463414634148
1 0.021341463414634148
0 0.01829268292682927
9 0.01524390243902439
7 0.01524390243902439
6 0.01524390243902439
4 0.01524390243902439
doc : 43
8 0.9110429447852761
3 0.018404907975460124
4 0.01226993865030675
7 0.010224948875255624
2 0.010224948875255624
1 0.009202453987730062
9 0.0081799591002045
6 0.0071574642126789375
0 0.0071574642126789375
5 0.006134969325153375
doc : 44
8 0.9213483146067416
5 0.020429009193054137
9 0.011235955056179775
1 0.009193054136874362
0 0.008171603677221655
2 0.007150153217568948
7 0.006128702757916242
3 0.006128702757916242
6 0.005107252298263534
4 0.005107252298263534
doc : 45
8 0.9405737704918034
5 0.011270491803278689
2 0.007172131147540984
9 0.006147540983606557
7 0.006147540983606557
6 0.006147540983606557
3 0.006147540983606557
1 0.006147540983606557
4 0.005122950819672132
0 0.005122950819672132
doc : 46
8 0.9232365145228216
3 0.012448132780082988
4 0.00933609958506224
6 0.008298755186721992
5 0.008298755186721992
1 0.008298755186721992
0 0.008298755186721992
9 0.007261410788381743
7 0.007261410788381743
2 0.007261410788381743
doc : 47
8 0.9198355601233299
4 0.013360739979445016
3 0.012332990750256938
1 0.011305241521068859
9 0.010277492291880781
5 0.009249743062692703
2 0.007194244604316547
6 0.006166495375128469
7 0.0051387461459403904
0 0.0051387461459403904
doc : 48
2 0.47674418604651164
9 0.05813953488372093
8 0.05813953488372093
7 0.05813953488372093
6 0.05813953488372093
5 0.05813953488372093
4 0.05813953488372093
3 0.05813953488372093
1 0.05813953488372093
0 0.05813953488372093
doc : 49
2 0.47674418604651164
9 0.05813953488372093
8 0.05813953488372093
7 0.05813953488372093
6 0.05813953488372093
5 0.05813953488372093
4 0.05813953488372093
3 0.05813953488372093
1 0.05813953488372093
0 0.05813953488372093
doc : 50
5 0.32450331125827814
8 0.3029801324503311
3 0.173841059602649
1 0.052980132450331126
9 0.04470198675496689
0 0.026490066225165563
7 0.023178807947019868
2 0.023178807947019868
6 0.016556291390728478
4 0.011589403973509934
doc : 51
7 0.8907014681892333
8 0.017944535073409464
1 0.017944535073409464
0 0.01468189233278956
2 0.011419249592169658
6 0.009787928221859707
5 0.009787928221859707
4 0.009787928221859707
3 0.009787928221859707
9 0.008156606851549756
doc : 52
7 0.8858075040783034
0 0.019575856443719414
8 0.016313213703099513
1 0.01468189233278956
2 0.013050570962479609
5 0.011419249592169658
4 0.011419249592169658
6 0.009787928221859707
3 0.009787928221859707
9 0.008156606851549756
doc : 53
7 0.6978851963746223
0 0.08761329305135952
2 0.03927492447129909
6 0.03625377643504532
3 0.030211480362537763
4 0.027190332326283987
9 0.02416918429003021
1 0.021148036253776436
8 0.01812688821752266
5 0.01812688821752266
doc : 54
2 0.43023255813953487
3 0.08139534883720931
7 0.06976744186046512
5 0.06976744186046512
9 0.05813953488372093
8 0.05813953488372093
6 0.05813953488372093
4 0.05813953488372093
1 0.05813953488372093
0 0.05813953488372093
doc : 55
2 0.45348837209302323
4 0.06976744186046512
3 0.06976744186046512
9 0.05813953488372093
8 0.05813953488372093
7 0.05813953488372093
6 0.05813953488372093
5 0.05813953488372093
1 0.05813953488372093
0 0.05813953488372093
doc : 56
5 0.7803992740471869
3 0.0852994555353902
8 0.032667876588021776
4 0.023593466424682394
1 0.021778584392014518
7 0.012704174228675136
2 0.012704174228675136
0 0.012704174228675136
9 0.009074410163339382
6 0.009074410163339382
doc : 57
5 0.8340306834030683
3 0.03765690376569038
8 0.023709902370990237
4 0.023709902370990237
1 0.019525801952580194
7 0.016736401673640166
9 0.012552301255230125
0 0.012552301255230125
6 0.009762900976290097
2 0.009762900976290097
doc : 58
9 0.8396369137670197
6 0.025718608169440244
8 0.02118003025718608
5 0.02118003025718608
3 0.019667170953101363
1 0.01664145234493192
4 0.015128593040847202
2 0.015128593040847202
0 0.015128593040847202
7 0.01059001512859304
doc : 59
1 0.8075601374570447
7 0.027491408934707903
4 0.027491408934707903
9 0.024054982817869414
8 0.024054982817869414
5 0.020618556701030927
6 0.01718213058419244
3 0.01718213058419244
2 0.01718213058419244
0 0.01718213058419244
doc : 60
7 0.7242990654205607
2 0.07242990654205607
0 0.04672897196261682
6 0.035046728971962614
5 0.03037383177570093
1 0.02570093457943925
8 0.018691588785046728
4 0.018691588785046728
9 0.014018691588785045
3 0.014018691588785045
doc : 61
7 0.7205588822355289
0 0.07984031936127745
4 0.04790419161676646
8 0.03393213572854291
9 0.02594810379241517
1 0.02395209580838323
6 0.01996007984031936
3 0.01996007984031936
5 0.015968063872255488
2 0.011976047904191616
doc : 62
7 0.698140200286123
4 0.13447782546494993
6 0.044349070100143065
2 0.031473533619456366
5 0.020028612303290415
8 0.01859799713876967
1 0.015736766809728183
9 0.012875536480686695
3 0.012875536480686695
0 0.011444921316165951
doc : 63
2 0.46511627906976744
4 0.06976744186046512
9 0.05813953488372093
8 0.05813953488372093
7 0.05813953488372093
6 0.05813953488372093
5 0.05813953488372093
3 0.05813953488372093
1 0.05813953488372093
0 0.05813953488372093
doc : 64
4 0.880184331797235
8 0.021505376344086023
7 0.014592933947772658
6 0.014592933947772658
0 0.013824884792626727
5 0.013056835637480798
1 0.013056835637480798
3 0.01152073732718894
9 0.009216589861751152
2 0.008448540706605223
doc : 65
4 0.9167502507522568
7 0.015045135406218655
6 0.01053159478435306
2 0.01053159478435306
5 0.010030090270812437
0 0.009528585757271816
8 0.008525576730190571
1 0.007522567703109328
9 0.006519558676028084
3 0.0050150451354062184
doc : 66
3 0.6
8 0.05
5 0.05
2 0.05
9 0.041666666666666664
7 0.041666666666666664
6 0.041666666666666664
4 0.041666666666666664
1 0.041666666666666664
0 0.041666666666666664
doc : 67
5 0.5558194774346794
1 0.166270783847981
8 0.06888361045130642
3 0.057007125890736345
4 0.0332541567695962
7 0.030878859857482188
0 0.030878859857482188
6 0.023752969121140145
9 0.0166270783847981
2 0.0166270783847981
doc : 68
3 0.6147540983606558
8 0.04918032786885246
6 0.04918032786885246
9 0.04098360655737705
7 0.04098360655737705
5 0.04098360655737705
4 0.04098360655737705
2 0.04098360655737705
1 0.04098360655737705
0 0.04098360655737705
doc : 69
3 0.5916666666666667
5 0.058333333333333334
8 0.05
7 0.05
9 0.041666666666666664
6 0.041666666666666664
4 0.041666666666666664
2 0.041666666666666664
1 0.041666666666666664
0 0.041666666666666664
doc : 70
6 0.7922417008578889
0 0.1154419992540097
4 0.03562103692651996
2 0.02275270421484521
9 0.0074599030212607245
7 0.006527415143603134
3 0.005967922417008579
1 0.005408429690414025
5 0.00484893696381947
8 0.0037299515106303622
doc : 71
2 0.46511627906976744
8 0.06976744186046512
9 0.05813953488372093
7 0.05813953488372093
6 0.05813953488372093
5 0.05813953488372093
4 0.05813953488372093
3 0.05813953488372093
1 0.05813953488372093
0 0.05813953488372093
doc : 72
8 0.920863309352518
5 0.013360739979445016
4 0.012332990750256938
1 0.009249743062692703
9 0.008221993833504625
6 0.008221993833504625
3 0.008221993833504625
0 0.007194244604316547
7 0.006166495375128469
2 0.006166495375128469
doc : 73
3 0.575
8 0.058333333333333334
7 0.058333333333333334
9 0.05
5 0.05
6 0.041666666666666664
4 0.041666666666666664
2 0.041666666666666664
1 0.041666666666666664
0 0.041666666666666664
doc : 74
2 0.46511627906976744
4 0.06976744186046512
9 0.05813953488372093
8 0.05813953488372093
7 0.05813953488372093
6 0.05813953488372093
5 0.05813953488372093
3 0.05813953488372093
1 0.05813953488372093
0 0.05813953488372093
doc : 75
8 0.8231707317073171
2 0.03353658536585366
4 0.021341463414634148
1 0.021341463414634148
7 0.01829268292682927
5 0.01829268292682927
3 0.01829268292682927
9 0.01524390243902439
6 0.01524390243902439
0 0.01524390243902439
doc : 76
8 0.8318042813455657
1 0.03058103975535168
2 0.021406727828746176
4 0.01834862385321101
3 0.01834862385321101
0 0.01834862385321101
9 0.01529051987767584
7 0.01529051987767584
6 0.01529051987767584
5 0.01529051987767584
doc : 77
8 0.8287461773700305
5 0.03058103975535168
2 0.024464831804281346
7 0.01834862385321101
4 0.01834862385321101
1 0.01834862385321101
9 0.01529051987767584
6 0.01529051987767584
3 0.01529051987767584
0 0.01529051987767584
doc : 78
1 0.8287671232876712
4 0.023972602739726026
0 0.023972602739726026
5 0.02054794520547945
9 0.017123287671232876
8 0.017123287671232876
7 0.017123287671232876
6 0.017123287671232876
3 0.017123287671232876
2 0.017123287671232876
doc : 79
7 0.7673202614379084
4 0.056862745098039215
6 0.05620915032679738
0 0.03398692810457516
3 0.0261437908496732
2 0.02483660130718954
5 0.0130718954248366
1 0.00849673202614379
9 0.00784313725490196
8 0.00522875816993464
doc : 80
5 0.49614791987673346
8 0.18489984591679506
3 0.11556240369799692
0 0.07395993836671803
7 0.029275808936825888
2 0.02773497688751926
6 0.02465331278890601
1 0.02157164869029276
9 0.015408320493066256
4 0.01078582434514638
doc : 81
1 0.8153310104529616
7 0.027874564459930314
0 0.027874564459930314
5 0.020905923344947737
3 0.020905923344947737
9 0.017421602787456445
8 0.017421602787456445
6 0.017421602787456445
4 0.017421602787456445
2 0.017421602787456445
doc : 82
1 0.8269896193771626
5 0.02768166089965398
3 0.020761245674740483
0 0.020761245674740483
9 0.01730103806228374
8 0.01730103806228374
7 0.01730103806228374
6 0.01730103806228374
4 0.01730103806228374
2 0.01730103806228374
doc : 83
1 0.8412162162162162
5 0.02027027027027027
0 0.02027027027027027
9 0.016891891891891893
8 0.016891891891891893
7 0.016891891891891893
6 0.016891891891891893
4 0.016891891891891893
3 0.016891891891891893
2 0.016891891891891893
doc : 84
1 0.829861111111111
5 0.024305555555555552
7 0.020833333333333332
0 0.020833333333333332
9 0.017361111111111112
8 0.017361111111111112
6 0.017361111111111112
4 0.017361111111111112
3 0.017361111111111112
2 0.017361111111111112
doc : 85
5 0.757192174913694
3 0.05638665132336018
8 0.039125431530494824
7 0.0333716915995397
4 0.0333716915995397
0 0.031070195627157654
2 0.018411967779056387
9 0.01380897583429229
1 0.011507479861910242
6 0.005753739930955121
doc : 86
8 0.7542087542087542
3 0.050505050505050504
2 0.03367003367003367
5 0.0303030303030303
9 0.026936026936026935
1 0.026936026936026935
7 0.02356902356902357
0 0.0202020202020202
6 0.016835016835016835
4 0.016835016835016835
doc : 87
7 0.6505190311418685
2 0.06574394463667821
3 0.058823529411764705
0 0.04498269896193772
5 0.03806228373702422
4 0.03806228373702422
9 0.03114186851211073
6 0.02768166089965398
8 0.02422145328719723
1 0.020761245674740483
doc : 88
9 0.9081156716417911
7 0.013526119402985074
4 0.012593283582089552
8 0.012126865671641791
6 0.010727611940298507
1 0.009794776119402986
5 0.008861940298507462
3 0.008861940298507462
0 0.008395522388059701
2 0.006996268656716418
doc : 89
1 0.8280701754385965
9 0.021052631578947368
8 0.021052631578947368
7 0.021052631578947368
6 0.021052631578947368
5 0.017543859649122806
4 0.017543859649122806
3 0.017543859649122806
2 0.017543859649122806
0 0.017543859649122806
doc : 90
1 0.823943661971831
7 0.024647887323943664
0 0.024647887323943664
6 0.02112676056338028
9 0.017605633802816902
8 0.017605633802816902
5 0.017605633802816902
4 0.017605633802816902
3 0.017605633802816902
2 0.017605633802816902
doc : 91
1 0.8266666666666668
7 0.023333333333333334
0 0.023333333333333334
9 0.02
8 0.02
6 0.02
5 0.016666666666666666
4 0.016666666666666666
3 0.016666666666666666
2 0.016666666666666666
doc : 92
3 0.5686274509803921
2 0.09150326797385622
7 0.058823529411764705
9 0.05228758169934641
8 0.04575163398692811
6 0.0392156862745098
5 0.0392156862745098
4 0.0392156862745098
1 0.032679738562091505
0 0.032679738562091505
doc : 93
9 0.6124401913875598
4 0.06698564593301436
7 0.06220095693779904
5 0.04784688995215311
1 0.04784688995215311
3 0.043062200956937795
8 0.03349282296650718
6 0.028708133971291863
2 0.028708133971291863
0 0.028708133971291863
doc : 94
0 0.7016491754122939
5 0.06596701649175413
3 0.05847076461769115
8 0.035982008995502246
4 0.02848575712143928
2 0.026986506746626684
1 0.025487256371814093
7 0.022488755622188904
6 0.017991004497751123
9 0.01649175412293853
doc : 95
8 0.8085106382978723
1 0.031914893617021274
4 0.024822695035460994
2 0.024822695035460994
0 0.02127659574468085
9 0.017730496453900707
7 0.017730496453900707
6 0.017730496453900707
5 0.017730496453900707
3 0.017730496453900707
doc : 96
1 0.8311258278145696
7 0.023178807947019868
8 0.019867549668874173
6 0.019867549668874173
4 0.019867549668874173
3 0.019867549668874173
9 0.016556291390728478
5 0.016556291390728478
2 0.016556291390728478
0 0.016556291390728478
doc : 97
1 0.8456375838926175
4 0.020134228187919462
9 0.016778523489932886
8 0.016778523489932886
7 0.016778523489932886
6 0.016778523489932886
5 0.016778523489932886
3 0.016778523489932886
2 0.016778523489932886
0 0.016778523489932886
doc : 98
9 0.6076555023923444
4 0.07655502392344497
7 0.06698564593301436
3 0.04784688995215311
1 0.04784688995215311
8 0.03827751196172249
6 0.028708133971291863
5 0.028708133971291863
2 0.028708133971291863
0 0.028708133971291863
doc : 99
5 0.7331838565022422
8 0.06390134529147982
3 0.05605381165919283
4 0.033632286995515695
2 0.033632286995515695
1 0.026905829596412557
9 0.01569506726457399
6 0.014573991031390135
0 0.01233183856502242
7 0.010089686098654708
