doc : 0
5 0.4303030303030303
3 0.09090909090909091
1 0.09090909090909091
2 0.08484848484848485
6 0.07878787878787878
8 0.06060606060606061
4 0.048484848484848485
9 0.04242424242424243
7 0.03636363636363636
0 0.03636363636363636
doc : 1
5 0.41463414634146345
6 0.10365853658536586
3 0.09146341463414634
1 0.07926829268292683
2 0.06707317073170732
9 0.06097560975609756
4 0.054878048780487805
8 0.04878048780487805
0 0.042682926829268296
7 0.03658536585365854
doc : 2
5 0.4350649350649351
3 0.1168831168831169
1 0.08441558441558442
6 0.07792207792207792
8 0.05844155844155845
4 0.05844155844155845
0 0.05844155844155845
9 0.03896103896103896
2 0.03896103896103896
7 0.03246753246753247
doc : 3
3 0.7797202797202797
1 0.04195804195804196
5 0.027972027972027972
8 0.024475524475524476
2 0.024475524475524476
9 0.02097902097902098
7 0.02097902097902098
6 0.02097902097902098
0 0.02097902097902098
4 0.017482517482517484
doc : 4
3 0.7805755395683454
6 0.03956834532374101
0 0.02877697841726619
8 0.025179856115107917
1 0.025179856115107917
9 0.02158273381294964
5 0.02158273381294964
2 0.02158273381294964
7 0.017985611510791366
4 0.017985611510791366
doc : 5
3 0.8159509202453988
5 0.027607361963190184
4 0.024539877300613498
8 0.02147239263803681
6 0.02147239263803681
0 0.02147239263803681
7 0.018404907975460124
1 0.018404907975460124
9 0.015337423312883436
2 0.015337423312883436
doc : 6
3 0.7967741935483871
5 0.04516129032258064
6 0.02903225806451613
7 0.02258064516129032
9 0.01935483870967742
2 0.01935483870967742
0 0.01935483870967742
8 0.016129032258064516
4 0.016129032258064516
1 0.016129032258064516
doc : 7
3 0.8129032258064516
5 0.02903225806451613
6 0.02258064516129032
4 0.02258064516129032
2 0.02258064516129032
1 0.02258064516129032
0 0.01935483870967742
9 0.016129032258064516
8 0.016129032258064516
7 0.016129032258064516
doc : 8
5 0.2213114754098361
4 0.18032786885245902
3 0.1557377049180328
2 0.09836065573770492
7 0.07377049180327869
1 0.07377049180327869
8 0.05737704918032787
0 0.05737704918032787
9 0.04098360655737705
6 0.04098360655737705
doc : 9
5 0.216
4 0.168
3 0.128
2 0.10400000000000001
7 0.088
8 0.064
1 0.064
0 0.064
6 0.056
9 0.048
doc : 10
4 0.46153846153846156
3 0.1263736263736264
2 0.08791208791208792
5 0.08241758241758243
1 0.06593406593406594
8 0.038461538461538464
7 0.038461538461538464
6 0.038461538461538464
0 0.03296703296703297
9 0.027472527472527476
doc : 11
5 0.44516129032258067
3 0.1032258064516129
1 0.1032258064516129
6 0.07096774193548387
4 0.05806451612903226
9 0.05161290322580645
7 0.04516129032258064
2 0.04516129032258064
0 0.04516129032258064
8 0.03225806451612903
doc : 12
6 0.7798507462686567
0 0.03731343283582089
7 0.026119402985074626
5 0.026119402985074626
3 0.026119402985074626
2 0.026119402985074626
9 0.022388059701492536
8 0.018656716417910446
4 0.018656716417910446
1 0.018656716417910446
doc : 13
3 0.8162650602409639
5 0.030120481927710843
1 0.02710843373493976
7 0.024096385542168676
6 0.021084337349397592
4 0.01807228915662651
0 0.01807228915662651
9 0.015060240963855422
8 0.015060240963855422
2 0.015060240963855422
doc : 14
3 0.7994011976047904
7 0.03293413173652695
8 0.02694610778443114
6 0.023952095808383235
5 0.023952095808383235
1 0.02095808383233533
0 0.02095808383233533
9 0.017964071856287428
4 0.017964071856287428
2 0.014970059880239521
doc : 15
3 0.6718146718146718
4 0.0694980694980695
1 0.06563706563706564
9 0.03861003861003861
8 0.03088803088803089
6 0.02702702702702703
2 0.02702702702702703
0 0.02702702702702703
7 0.02316602316602317
5 0.019305019305019305
doc : 16
8 0.4666666666666667
5 0.20185185185185187
6 0.10370370370370371
3 0.0925925925925926
9 0.03333333333333333
4 0.031481481481481485
2 0.02777777777777778
0 0.018518518518518517
7 0.012962962962962964
1 0.011111111111111112
doc : 17
5 0.5528455284552846
2 0.0813008130081301
3 0.07317073170731708
4 0.04878048780487805
9 0.04065040650406505
8 0.04065040650406505
7 0.04065040650406505
6 0.04065040650406505
1 0.04065040650406505
0 0.04065040650406505
doc : 18
4 0.4962962962962963
5 0.12592592592592594
7 0.06666666666666667
9 0.05925925925925926
8 0.044444444444444446
3 0.044444444444444446
1 0.044444444444444446
0 0.044444444444444446
6 0.037037037037037035
2 0.037037037037037035
doc : 19
4 0.4306569343065693
5 0.12408759124087591
3 0.0948905109489051
9 0.072992700729927
7 0.072992700729927
8 0.043795620437956206
6 0.043795620437956206
0 0.043795620437956206
2 0.0364963503649635
1 0.0364963503649635
doc : 20
6 0.8007662835249042
3 0.026819923371647507
7 0.022988505747126436
5 0.022988505747126436
4 0.022988505747126436
2 0.022988505747126436
1 0.022988505747126436
9 0.019157088122605363
8 0.019157088122605363
0 0.019157088122605363
doc : 21
6 0.7568627450980392
2 0.043137254901960784
5 0.03529411764705882
0 0.027450980392156862
9 0.023529411764705882
8 0.023529411764705882
7 0.023529411764705882
4 0.023529411764705882
3 0.023529411764705882
1 0.0196078431372549
doc : 22
8 0.36885245901639346
5 0.22950819672131148
6 0.16393442622950818
3 0.11202185792349727
2 0.03278688524590164
7 0.02185792349726776
9 0.01912568306010929
1 0.01912568306010929
4 0.01639344262295082
0 0.01639344262295082
doc : 23
5 0.6936416184971098
3 0.046242774566473986
7 0.04046242774566474
6 0.03468208092485549
1 0.03468208092485549
0 0.03468208092485549
9 0.028901734104046242
8 0.028901734104046242
4 0.028901734104046242
2 0.028901734104046242
doc : 24
3 0.6819923371647509
4 0.08429118773946359
8 0.042145593869731796
6 0.038314176245210725
1 0.034482758620689655
9 0.03065134099616858
7 0.022988505747126436
5 0.022988505747126436
0 0.022988505747126436
2 0.019157088122605363
doc : 25
2 0.8484982332155477
7 0.11704946996466431
5 0.007508833922261484
6 0.005742049469964664
3 0.00441696113074205
0 0.00441696113074205
9 0.0035335689045936395
1 0.0035335689045936395
4 0.0030918727915194345
8 0.002208480565371025
doc : 26
1 0.9121522693997072
5 0.014641288433382138
8 0.013177159590043924
7 0.01171303074670571
3 0.01171303074670571
9 0.007320644216691069
6 0.007320644216691069
4 0.007320644216691069
2 0.007320644216691069
0 0.007320644216691069
doc : 27
1 0.8034188034188035
3 0.06153846153846154
0 0.02564102564102564
8 0.02393162393162393
5 0.022222222222222223
2 0.015384615384615385
4 0.013675213675213675
9 0.011965811965811965
6 0.011965811965811965
7 0.010256410256410256
doc : 28
5 0.7045454545454546
2 0.05113636363636364
3 0.03977272727272727
4 0.03409090909090909
9 0.02840909090909091
8 0.02840909090909091
7 0.02840909090909091
6 0.02840909090909091
1 0.02840909090909091
0 0.02840909090909091
doc : 29
5 0.37467018469656993
4 0.19525065963060687
3 0.09762532981530343
8 0.09498680738786279
6 0.06068601583113456
1 0.055408970976253295
0 0.055408970976253295
9 0.0316622691292876
2 0.018469656992084433
7 0.0158311345646438
doc : 30
5 0.4123314065510597
4 0.2658959537572254
1 0.07514450867052024
3 0.06551059730250482
8 0.05973025048169557
0 0.036608863198458574
9 0.03468208092485549
2 0.023121387283236993
7 0.017341040462427744
6 0.009633911368015413
doc : 31
4 0.6507936507936507
3 0.07936507936507936
6 0.0582010582010582
1 0.037037037037037035
9 0.031746031746031744
7 0.031746031746031744
5 0.031746031746031744
8 0.026455026455026454
2 0.026455026455026454
0 0.026455026455026454
doc : 32
4 0.6336633663366337
3 0.0594059405940594
6 0.054455445544554455
1 0.04950495049504951
7 0.04455445544554455
5 0.039603960396039604
2 0.034653465346534656
8 0.0297029702970297
0 0.0297029702970297
9 0.024752475247524754
doc : 33
4 0.5423728813559322
5 0.1059322033898305
3 0.059322033898305086
0 0.059322033898305086
2 0.05508474576271186
9 0.0423728813559322
8 0.0423728813559322
6 0.03389830508474576
1 0.03389830508474576
7 0.025423728813559324
doc : 34
6 0.5594713656387665
2 0.0881057268722467
4 0.07929515418502203
5 0.048458149779735685
8 0.04405286343612335
7 0.039647577092511016
0 0.039647577092511016
9 0.03524229074889868
3 0.03524229074889868
1 0.030837004405286347
doc : 35
7 0.9569805194805195
2 0.006493506493506494
5 0.005681818181818182
9 0.00487012987012987
1 0.00487012987012987
0 0.00487012987012987
8 0.004058441558441559
6 0.004058441558441559
4 0.004058441558441559
3 0.004058441558441559
doc : 36
0 0.48418756815703384
8 0.2529989094874591
1 0.11014176663031626
3 0.06324972737186478
4 0.02726281352235551
9 0.019629225736095966
6 0.015267175572519085
7 0.010905125408942203
2 0.008724100327153763
5 0.0076335877862595426
doc : 37
0 0.722457627118644
8 0.07838983050847458
1 0.048728813559322036
4 0.03389830508474576
5 0.029661016949152543
3 0.029661016949152543
9 0.01694915254237288
6 0.01694915254237288
7 0.012711864406779662
2 0.01059322033898305
doc : 38
0 0.7203389830508474
8 0.09110169491525423
4 0.046610169491525424
1 0.04449152542372881
3 0.02754237288135593
5 0.023305084745762712
7 0.012711864406779662
2 0.012711864406779662
9 0.01059322033898305
6 0.01059322033898305
doc : 39
0 0.8333333333333333
2 0.07738095238095238
1 0.023809523809523808
5 0.018518518518518517
6 0.017857142857142856
7 0.007275132275132275
8 0.006613756613756613
9 0.005952380952380952
4 0.005291005291005291
3 0.003968253968253968
doc : 40
1 0.9013254786450663
3 0.020618556701030927
8 0.011782032400589101
6 0.011782032400589101
5 0.011782032400589101
2 0.010309278350515464
7 0.008836524300441826
4 0.008836524300441826
9 0.007363770250368188
0 0.007363770250368188
doc : 41
1 0.9080459770114943
3 0.020114942528735632
8 0.01293103448275862
5 0.011494252873563218
7 0.010057471264367816
9 0.008620689655172414
6 0.007183908045977011
4 0.007183908045977011
2 0.007183908045977011
0 0.007183908045977011
doc : 42
1 0.909972299168975
3 0.019390581717451522
8 0.0110803324099723
5 0.0110803324099723
0 0.0110803324099723
7 0.009695290858725761
9 0.006925207756232687
6 0.006925207756232687
4 0.006925207756232687
2 0.006925207756232687
doc : 43
6 0.7737226277372262
7 0.029197080291970802
2 0.029197080291970802
0 0.029197080291970802
9 0.025547445255474453
5 0.025547445255474453
4 0.025547445255474453
3 0.025547445255474453
8 0.01824817518248175
1 0.01824817518248175
doc : 44
6 0.6487804878048781
2 0.058536585365853655
3 0.05365853658536585
1 0.04878048780487805
5 0.03902439024390244
8 0.03414634146341464
0 0.03414634146341464
9 0.029268292682926828
7 0.029268292682926828
4 0.024390243902439025
doc : 45
3 0.2702702702702703
1 0.21171171171171171
6 0.13063063063063063
5 0.11261261261261261
2 0.11261261261261261
4 0.05405405405405406
9 0.02702702702702703
8 0.02702702702702703
7 0.02702702702702703
0 0.02702702702702703
doc : 46
6 0.8014981273408239
2 0.0299625468164794
7 0.026217228464419477
5 0.026217228464419477
3 0.02247191011235955
9 0.018726591760299626
8 0.018726591760299626
4 0.018726591760299626
1 0.018726591760299626
0 0.018726591760299626
doc : 47
4 0.471830985915493
7 0.1795774647887324
5 0.08450704225352113
3 0.07042253521126761
9 0.056338028169014086
6 0.035211267605633804
0 0.03169014084507042
2 0.028169014084507043
1 0.024647887323943664
8 0.017605633802816902
doc : 48
4 0.4262295081967213
3 0.14207650273224043
5 0.12021857923497267
8 0.060109289617486336
2 0.060109289617486336
6 0.04371584699453552
1 0.04371584699453552
7 0.03825136612021858
9 0.03278688524590164
0 0.03278688524590164
doc : 49
5 0.7032967032967034
2 0.05494505494505495
3 0.038461538461538464
6 0.03296703296703297
4 0.03296703296703297
9 0.027472527472527476
8 0.027472527472527476
7 0.027472527472527476
1 0.027472527472527476
0 0.027472527472527476
doc : 50
8 0.9299766588862953
0 0.028676225408469487
4 0.009669889963321106
1 0.00833611203734578
3 0.00800266755585195
9 0.005001667222407469
6 0.003334444814938313
7 0.00266755585195065
5 0.00266755585195065
2 0.0016672224074691564
doc : 51
9 0.896700143472023
3 0.015781922525107604
8 0.011477761836441894
6 0.011477761836441894
5 0.011477761836441894
4 0.011477761836441894
2 0.011477761836441894
1 0.011477761836441894
0 0.010043041606886658
7 0.008608321377331422
doc : 52
9 0.8782051282051282
3 0.021794871794871794
5 0.019230769230769232
1 0.019230769230769232
8 0.017948717948717947
4 0.014102564102564103
7 0.007692307692307693
6 0.007692307692307693
0 0.007692307692307693
2 0.00641025641025641
doc : 53
4 0.5973684210526315
1 0.07894736842105263
8 0.06842105263157895
3 0.06842105263157895
9 0.06315789473684211
0 0.039473684210526314
5 0.03684210526315789
2 0.018421052631578946
6 0.015789473684210527
7 0.013157894736842105
doc : 54
9 0.8432203389830508
5 0.029661016949152543
4 0.0211864406779661
3 0.0211864406779661
1 0.019067796610169493
0 0.01694915254237288
8 0.012711864406779662
7 0.012711864406779662
6 0.012711864406779662
2 0.01059322033898305
doc : 55
4 0.44808743169398907
5 0.14754098360655737
3 0.08196721311475409
1 0.07103825136612021
2 0.0546448087431694
8 0.04918032786885246
0 0.04918032786885246
7 0.04371584699453552
9 0.0273224043715847
6 0.0273224043715847
doc : 56
4 0.7710084033613445
3 0.037815126050420166
8 0.03361344537815126
9 0.031512605042016806
0 0.0273109243697479
1 0.025210084033613446
6 0.021008403361344536
5 0.018907563025210083
7 0.01680672268907563
2 0.01680672268907563
doc : 57
1 0.7926102502979737
6 0.07032181168057211
5 0.054827175208581644
3 0.03218116805721096
9 0.011918951132300357
2 0.009535160905840286
8 0.00834326579261025
7 0.007151370679380214
0 0.007151370679380214
4 0.0059594755661501785
doc : 58
5 0.576923076923077
3 0.0982905982905983
4 0.06837606837606838
6 0.06410256410256411
2 0.05128205128205129
9 0.03418803418803419
1 0.02991452991452992
8 0.025641025641025644
7 0.025641025641025644
0 0.025641025641025644
doc : 59
6 0.7737226277372262
5 0.0364963503649635
3 0.032846715328467155
7 0.025547445255474453
2 0.025547445255474453
1 0.025547445255474453
9 0.021897810218978103
0 0.021897810218978103
8 0.01824817518248175
4 0.01824817518248175
doc : 60
6 0.792156862745098
3 0.03137254901960784
7 0.023529411764705882
5 0.023529411764705882
4 0.023529411764705882
2 0.023529411764705882
1 0.023529411764705882
9 0.0196078431372549
8 0.0196078431372549
0 0.0196078431372549
doc : 61
6 0.7463235294117647
5 0.0661764705882353
2 0.029411764705882353
7 0.025735294117647058
4 0.025735294117647058
3 0.025735294117647058
9 0.022058823529411763
0 0.022058823529411763
8 0.01838235294117647
1 0.01838235294117647
doc : 62
1 0.3801498127340824
3 0.21348314606741572
6 0.14606741573033707
2 0.06928838951310862
8 0.04868913857677903
4 0.04119850187265918
5 0.03932584269662921
9 0.026217228464419477
0 0.024344569288389514
7 0.011235955056179775
doc : 63
5 0.6878612716763005
6 0.046242774566473986
2 0.04046242774566474
7 0.03468208092485549
4 0.03468208092485549
1 0.03468208092485549
0 0.03468208092485549
9 0.028901734104046242
8 0.028901734104046242
3 0.028901734104046242
doc : 64
5 0.6815642458100559
3 0.05027932960893855
2 0.03910614525139665
1 0.03910614525139665
8 0.0335195530726257
7 0.0335195530726257
6 0.0335195530726257
4 0.0335195530726257
9 0.02793296089385475
0 0.02793296089385475
doc : 65
7 0.9429429429429429
3 0.009009009009009009
9 0.006756756756756757
5 0.006756756756756757
4 0.006756756756756757
2 0.006756756756756757
1 0.006006006006006006
8 0.005255255255255255
0 0.005255255255255255
6 0.0045045045045045045
doc : 66
5 0.6902173913043478
3 0.048913043478260865
2 0.048913043478260865
1 0.043478260869565216
9 0.03260869565217391
8 0.02717391304347826
7 0.02717391304347826
6 0.02717391304347826
4 0.02717391304347826
0 0.02717391304347826
doc : 67
6 0.7941176470588235
5 0.03676470588235294
9 0.025735294117647058
2 0.025735294117647058
7 0.022058823529411763
0 0.022058823529411763
8 0.01838235294117647
4 0.01838235294117647
3 0.01838235294117647
1 0.01838235294117647
doc : 68
6 0.7560975609756099
5 0.03658536585365854
3 0.032520325203252036
7 0.02845528455284553
2 0.02845528455284553
1 0.02845528455284553
4 0.024390243902439025
0 0.024390243902439025
9 0.020325203252032523
8 0.020325203252032523
doc : 69
6 0.7559055118110236
3 0.04330708661417323
2 0.03543307086614173
5 0.031496062992125984
7 0.027559055118110236
9 0.023622047244094488
8 0.023622047244094488
4 0.01968503937007874
1 0.01968503937007874
0 0.01968503937007874
doc : 70
5 0.7109826589595375
3 0.046242774566473986
8 0.03468208092485549
4 0.03468208092485549
9 0.028901734104046242
7 0.028901734104046242
6 0.028901734104046242
2 0.028901734104046242
1 0.028901734104046242
0 0.028901734104046242
doc : 71
5 0.7068965517241379
3 0.040229885057471264
1 0.040229885057471264
6 0.034482758620689655
4 0.034482758620689655
9 0.028735632183908046
8 0.028735632183908046
7 0.028735632183908046
2 0.028735632183908046
0 0.028735632183908046
doc : 72
5 0.7094972067039106
3 0.03910614525139665
9 0.0335195530726257
7 0.0335195530726257
4 0.0335195530726257
2 0.0335195530726257
1 0.0335195530726257
8 0.02793296089385475
6 0.02793296089385475
0 0.02793296089385475
doc : 73
5 0.6936416184971098
3 0.046242774566473986
1 0.04046242774566474
6 0.03468208092485549
2 0.03468208092485549
0 0.03468208092485549
9 0.028901734104046242
8 0.028901734104046242
7 0.028901734104046242
4 0.028901734104046242
doc : 74
3 0.7484848484848485
2 0.05454545454545454
4 0.03939393939393939
1 0.03333333333333333
5 0.024242424242424242
9 0.021212121212121213
8 0.021212121212121213
7 0.021212121212121213
6 0.01818181818181818
0 0.01818181818181818
doc : 75
6 0.7857142857142857
7 0.03759398496240601
5 0.03383458646616541
2 0.02631578947368421
3 0.022556390977443608
9 0.018796992481203006
8 0.018796992481203006
4 0.018796992481203006
1 0.018796992481203006
0 0.018796992481203006
doc : 76
6 0.7932330827067668
2 0.03007518796992481
8 0.02631578947368421
7 0.022556390977443608
5 0.022556390977443608
3 0.022556390977443608
1 0.022556390977443608
0 0.022556390977443608
9 0.018796992481203006
4 0.018796992481203006
doc : 77
6 0.7642276422764228
9 0.032520325203252036
7 0.032520325203252036
2 0.02845528455284553
8 0.024390243902439025
5 0.024390243902439025
4 0.024390243902439025
3 0.024390243902439025
0 0.024390243902439025
1 0.020325203252032523
doc : 78
5 0.6783625730994152
8 0.04093567251461988
4 0.04093567251461988
3 0.04093567251461988
7 0.03508771929824561
6 0.03508771929824561
2 0.03508771929824561
1 0.03508771929824561
9 0.029239766081871343
0 0.029239766081871343
doc : 79
5 0.6951871657754011
3 0.0427807486631016
2 0.0427807486631016
6 0.0374331550802139
4 0.0374331550802139
7 0.0320855614973262
1 0.0320855614973262
9 0.026737967914438502
8 0.026737967914438502
0 0.026737967914438502
doc : 80
6 0.5120481927710844
2 0.14759036144578314
5 0.057228915662650606
3 0.057228915662650606
9 0.05120481927710844
4 0.05120481927710844
8 0.04819277108433735
7 0.030120481927710843
0 0.02710843373493976
1 0.01807228915662651
doc : 81
3 0.7267080745341614
2 0.06211180124223602
5 0.037267080745341616
4 0.03416149068322981
1 0.03105590062111801
0 0.03105590062111801
9 0.021739130434782608
7 0.021739130434782608
8 0.018633540372670808
6 0.015527950310559004
doc : 82
1 0.2922374429223744
0 0.1735159817351598
4 0.1415525114155251
8 0.0958904109589041
5 0.0958904109589041
3 0.0639269406392694
6 0.0410958904109589
9 0.0365296803652968
7 0.0319634703196347
2 0.0273972602739726
doc : 83
7 0.8623853211009175
5 0.025688073394495414
4 0.022018348623853212
3 0.02018348623853211
0 0.01651376146788991
9 0.011009174311926606
6 0.011009174311926606
2 0.011009174311926606
1 0.011009174311926606
8 0.009174311926605505
doc : 84
4 0.22058823529411764
0 0.13970588235294118
5 0.11029411764705882
9 0.09558823529411764
2 0.08823529411764705
8 0.08088235294117647
7 0.07352941176470588
3 0.07352941176470588
1 0.0661764705882353
6 0.051470588235294115
doc : 85
3 0.711484593837535
6 0.08683473389355742
2 0.047619047619047616
5 0.03361344537815126
4 0.03081232492997199
1 0.022408963585434174
9 0.01680672268907563
8 0.01680672268907563
7 0.01680672268907563
0 0.01680672268907563
doc : 86
5 0.31521739130434784
3 0.1956521739130435
1 0.15942028985507248
6 0.11231884057971014
2 0.07608695652173914
4 0.03985507246376812
8 0.03260869565217391
9 0.025362318840579712
0 0.025362318840579712
7 0.018115942028985508
doc : 87
8 0.4231678486997636
5 0.23404255319148937
6 0.1182033096926714
3 0.06855791962174941
4 0.06382978723404255
2 0.030732860520094562
1 0.02127659574468085
0 0.016548463356973995
9 0.01182033096926714
7 0.01182033096926714
doc : 88
7 0.7415865384615385
4 0.09254807692307693
5 0.06850961538461539
6 0.01682692307692308
0 0.01682692307692308
2 0.015625
8 0.014423076923076924
3 0.013221153846153848
9 0.01201923076923077
1 0.00841346153846154
doc : 89
5 0.7022471910112359
2 0.0449438202247191
1 0.0449438202247191
6 0.03932584269662921
9 0.028089887640449437
8 0.028089887640449437
7 0.028089887640449437
4 0.028089887640449437
3 0.028089887640449437
0 0.028089887640449437
doc : 90
5 0.5536332179930796
1 0.21453287197231835
6 0.04844290657439446
8 0.03114186851211073
4 0.03114186851211073
9 0.02768166089965398
3 0.02768166089965398
2 0.02422145328719723
7 0.020761245674740483
0 0.020761245674740483
doc : 91
5 0.6054421768707483
1 0.19047619047619047
8 0.030612244897959183
2 0.030612244897959183
7 0.027210884353741496
9 0.023809523809523808
6 0.023809523809523808
3 0.023809523809523808
0 0.023809523809523808
4 0.02040816326530612
doc : 92
7 0.35359116022099446
4 0.13812154696132595
0 0.10497237569060773
3 0.08839779005524862
5 0.08287292817679558
1 0.0718232044198895
9 0.06077348066298342
2 0.03867403314917127
8 0.03314917127071823
6 0.027624309392265192
doc : 93
4 0.6952054794520548
5 0.08561643835616438
9 0.03424657534246575
1 0.03424657534246575
8 0.030821917808219176
3 0.0273972602739726
0 0.0273972602739726
6 0.023972602739726026
2 0.023972602739726026
7 0.017123287671232876
doc : 94
4 0.19047619047619047
6 0.11904761904761904
9 0.10714285714285714
5 0.10714285714285714
3 0.09523809523809523
0 0.09523809523809523
8 0.08333333333333333
7 0.07142857142857142
1 0.07142857142857142
2 0.05952380952380952
doc : 95
4 0.46
5 0.08
9 0.07
7 0.07
8 0.06
1 0.06
6 0.05
3 0.05
2 0.05
0 0.05
doc : 96
8 0.5790645879732739
5 0.12694877505567928
3 0.0779510022271715
0 0.05567928730512249
2 0.044543429844097995
7 0.04008908685968819
6 0.022271714922048998
4 0.020044543429844096
9 0.017817371937639197
1 0.015590200445434297
doc : 97
5 0.6847826086956521
3 0.059782608695652176
2 0.048913043478260865
1 0.03804347826086957
6 0.03260869565217391
9 0.02717391304347826
8 0.02717391304347826
7 0.02717391304347826
4 0.02717391304347826
0 0.02717391304347826
doc : 98
6 0.7530364372469636
5 0.03643724696356275
2 0.032388663967611336
9 0.02834008097165992
7 0.02834008097165992
3 0.02834008097165992
4 0.024291497975708502
1 0.024291497975708502
0 0.024291497975708502
8 0.020242914979757085
doc : 99
6 0.7662835249042145
3 0.04597701149425287
1 0.034482758620689655
7 0.026819923371647507
2 0.026819923371647507
8 0.022988505747126436
9 0.019157088122605363
5 0.019157088122605363
4 0.019157088122605363
0 0.019157088122605363
