doc : 0
2 0.5960717335610589
6 0.2997438087105038
7 0.02305721605465414
4 0.01964133219470538
1 0.016225448334756618
5 0.011101622544833475
8 0.010247651579846286
9 0.008539709649871904
3 0.007685738684884714
0 0.007685738684884714
doc : 1
8 0.6109589041095891
7 0.1315068493150685
6 0.08767123287671233
4 0.049315068493150684
2 0.0410958904109589
9 0.023287671232876714
1 0.023287671232876714
5 0.015068493150684932
3 0.009589041095890411
0 0.008219178082191782
doc : 2
7 0.8644306651634723
0 0.07750845546786922
6 0.018038331454340473
2 0.009864712514092447
4 0.008455467869222097
8 0.0062006764374295375
9 0.005636978579481398
5 0.004509582863585118
3 0.002818489289740699
1 0.002536640360766629
doc : 3
0 0.9669384057971014
6 0.008605072463768116
7 0.004981884057971015
8 0.0036231884057971015
5 0.003170289855072464
9 0.002717391304347826
4 0.002717391304347826
2 0.002717391304347826
3 0.0022644927536231885
1 0.0022644927536231885
doc : 4
3 0.966996699669967
5 0.0046204620462046205
0 0.0046204620462046205
1 0.0039603960396039604
9 0.0033003300330033004
8 0.0033003300330033004
7 0.0033003300330033004
6 0.0033003300330033004
4 0.0033003300330033004
2 0.0033003300330033004
doc : 5
4 0.878680800942285
5 0.016489988221436984
2 0.016489988221436984
6 0.015312131919905771
0 0.014134275618374558
9 0.012956419316843343
8 0.01177856301531213
7 0.01177856301531213
3 0.01177856301531213
1 0.010600706713780918
doc : 6
7 0.6657824933687002
2 0.055702917771883284
8 0.04774535809018567
1 0.04509283819628647
9 0.03978779840848806
4 0.03713527851458886
5 0.034482758620689655
0 0.03183023872679045
6 0.02652519893899204
3 0.015915119363395226
doc : 7
4 0.5500603136308806
7 0.21712907117008443
8 0.06755126658624849
5 0.04101326899879373
9 0.039806996381182146
6 0.033775633293124246
1 0.0180940892641737
3 0.012062726176115802
2 0.01085645355850422
0 0.009650180940892641
doc : 8
7 0.4885057471264368
6 0.25
4 0.05747126436781609
0 0.05172413793103448
5 0.040229885057471264
2 0.031609195402298854
3 0.02586206896551724
8 0.022988505747126436
1 0.017241379310344827
9 0.014367816091954023
doc : 9
4 0.6587436332767402
2 0.15110356536502548
6 0.057724957555178265
1 0.03565365025466893
7 0.022071307300509338
8 0.01867572156196944
5 0.01697792869269949
3 0.015280135823429542
9 0.011884550084889643
0 0.011884550084889643
doc : 10
4 0.7405857740585774
6 0.10251046025104602
7 0.06276150627615062
2 0.034518828451882845
5 0.016736401673640166
0 0.010460251046025104
8 0.009414225941422593
9 0.008368200836820083
1 0.008368200836820083
3 0.006276150627615062
doc : 11
9 0.686553873552983
8 0.07390917186108638
6 0.05877114870881567
4 0.053428317008014245
7 0.05075690115761353
5 0.025823686553873553
2 0.016028495102404273
3 0.013357079252003561
1 0.01246660730186999
0 0.008904719501335707
doc : 12
8 0.4919354838709678
7 0.23655913978494625
4 0.08064516129032259
9 0.048387096774193554
6 0.04166666666666667
1 0.03091397849462366
5 0.0228494623655914
3 0.021505376344086023
2 0.013440860215053765
0 0.012096774193548388
doc : 13
8 0.7728785357737105
7 0.09900166389351082
6 0.04076539101497504
5 0.024126455906821963
4 0.020798668885191347
9 0.010815307820299502
1 0.010815307820299502
2 0.009151414309484194
0 0.0074875207986688855
3 0.004159733777038269
doc : 14
1 0.8027522935779817
6 0.0389908256880734
7 0.02522935779816514
2 0.02522935779816514
9 0.022935779816513763
8 0.022935779816513763
0 0.01834862385321101
3 0.016055045871559634
5 0.013761467889908258
4 0.013761467889908258
doc : 15
4 0.7684964200477328
2 0.05489260143198091
7 0.03579952267303103
1 0.03341288782816229
6 0.023866348448687354
9 0.01909307875894988
5 0.01909307875894988
3 0.01909307875894988
0 0.014319809069212411
8 0.011933174224343677
doc : 16
2 0.2017167381974249
9 0.14163090128755365
6 0.11587982832618025
5 0.11587982832618025
4 0.11587982832618025
8 0.07725321888412018
7 0.07725321888412018
1 0.060085836909871244
0 0.055793991416309016
3 0.03862660944206009
doc : 17
4 0.6029411764705882
7 0.13725490196078433
8 0.06495098039215687
5 0.04779411764705882
2 0.03553921568627451
6 0.03431372549019608
9 0.03308823529411765
1 0.022058823529411763
0 0.013480392156862746
3 0.00857843137254902
doc : 18
4 0.9015795868772781
6 0.02794653705953827
7 0.01215066828675577
5 0.010935601458080193
3 0.009720534629404616
1 0.009720534629404616
9 0.007290400972053463
2 0.007290400972053463
0 0.007290400972053463
8 0.006075334143377885
doc : 19
5 0.7787418655097614
8 0.06941431670281996
9 0.036876355748373106
4 0.019522776572668113
2 0.019522776572668113
1 0.019522776572668113
7 0.01735357917570499
3 0.015184381778741866
6 0.013015184381778743
0 0.010845986984815618
doc : 20
7 0.8020164986251146
0 0.10999083409715857
2 0.01833180568285976
6 0.013748854262144821
8 0.012832263978001834
9 0.01008249312557287
5 0.00916590284142988
4 0.00916590284142988
3 0.007332722273143905
1 0.007332722273143905
doc : 21
9 0.3544776119402985
6 0.16791044776119401
7 0.1417910447761194
4 0.11194029850746269
8 0.048507462686567165
5 0.048507462686567165
2 0.03731343283582089
1 0.03731343283582089
3 0.029850746268656716
0 0.022388059701492536
doc : 22
9 0.665859564164649
8 0.13559322033898305
7 0.05811138014527845
4 0.03389830508474576
5 0.02421307506053269
1 0.01937046004842615
6 0.01694915254237288
3 0.01694915254237288
0 0.01694915254237288
2 0.012106537530266345
doc : 23
3 0.9168195718654434
4 0.020795107033639144
9 0.012844036697247705
1 0.012844036697247705
8 0.00672782874617737
2 0.00672782874617737
6 0.006116207951070336
5 0.006116207951070336
0 0.006116207951070336
7 0.004892966360856269
doc : 24
1 0.7840909090909091
6 0.04318181818181818
7 0.038636363636363635
4 0.03409090909090909
8 0.020454545454545454
3 0.01818181818181818
2 0.01818181818181818
5 0.015909090909090907
0 0.015909090909090907
9 0.011363636363636364
doc : 25
1 0.7825112107623319
7 0.04708520179372197
6 0.03811659192825112
8 0.026905829596412557
4 0.02466367713004484
2 0.020179372197309416
9 0.01569506726457399
5 0.01569506726457399
3 0.01569506726457399
0 0.013452914798206279
doc : 26
1 0.7418032786885246
8 0.07991803278688525
7 0.034836065573770496
3 0.02459016393442623
9 0.022540983606557378
6 0.020491803278688527
5 0.020491803278688527
4 0.020491803278688527
2 0.020491803278688527
0 0.014344262295081968
doc : 27
1 0.18604651162790697
3 0.1511627906976744
9 0.13953488372093023
6 0.09302325581395349
4 0.09302325581395349
5 0.08139534883720931
8 0.06976744186046512
0 0.06976744186046512
7 0.05813953488372093
2 0.05813953488372093
doc : 28
4 0.2310924369747899
9 0.1722689075630252
7 0.12605042016806722
8 0.12184873949579832
2 0.08403361344537814
1 0.07142857142857142
0 0.06722689075630252
6 0.0546218487394958
5 0.037815126050420166
3 0.03361344537815126
doc : 29
4 0.5414165666266506
7 0.15126050420168066
6 0.12845138055222088
8 0.050420168067226885
9 0.03361344537815126
2 0.03361344537815126
5 0.02040816326530612
1 0.01680672268907563
3 0.012004801920768306
0 0.012004801920768306
doc : 30
5 0.8888213851761846
7 0.0425273390036452
8 0.01215066828675577
6 0.01215066828675577
4 0.009113001215066828
3 0.007897934386391251
2 0.007897934386391251
9 0.0066828675577156734
0 0.0066828675577156734
1 0.006075334143377885
doc : 31
1 0.753880266075388
9 0.04656319290465632
4 0.03991130820399113
8 0.03547671840354767
3 0.03547671840354767
6 0.03325942350332594
5 0.017738359201773836
7 0.015521064301552107
2 0.011086474501108647
0 0.011086474501108647
doc : 32
6 0.7528907922912206
2 0.19443254817987152
8 0.012162740899357602
7 0.01207708779443255
0 0.010535331905781585
4 0.006509635974304069
1 0.004710920770877944
5 0.0030835117773019274
9 0.0023126338329764453
3 0.0012847965738758032
doc : 33
9 0.7192192192192192
8 0.07807807807807808
7 0.04204204204204204
1 0.04054054054054054
5 0.03003003003003003
6 0.028528528528528527
4 0.025525525525525526
0 0.016516516516516516
2 0.012012012012012012
3 0.0075075075075075074
doc : 34
0 0.9637873754152825
7 0.011627906976744186
2 0.004651162790697674
4 0.0036544850498338873
9 0.0033222591362126247
6 0.0033222591362126247
8 0.0026578073089701
5 0.0026578073089701
1 0.002325581395348837
3 0.001993355481727575
doc : 35
1 0.7986577181208053
8 0.03355704697986577
5 0.030201342281879193
4 0.026845637583892617
9 0.020134228187919462
2 0.020134228187919462
0 0.020134228187919462
7 0.016778523489932886
6 0.016778523489932886
3 0.016778523489932886
doc : 36
9 0.5304829770387965
8 0.11084718923198733
4 0.08630245447347584
6 0.08392715756136183
1 0.055423594615993665
2 0.04829770387965162
5 0.03642121931908155
7 0.030878859857482184
3 0.011084718923198733
0 0.006334125098970704
doc : 37
4 0.9067357512953368
1 0.018134715025906738
9 0.014248704663212436
8 0.014248704663212436
7 0.011658031088082901
5 0.009067357512953369
6 0.006476683937823835
3 0.006476683937823835
2 0.006476683937823835
0 0.006476683937823835
doc : 38
1 0.816593886462882
7 0.03275109170305677
8 0.024017467248908297
0 0.024017467248908297
6 0.021834061135371178
2 0.021834061135371178
3 0.01965065502183406
4 0.017467248908296942
9 0.010917030567685589
5 0.010917030567685589
doc : 39
1 0.7469458987783595
8 0.06980802792321117
7 0.04363001745200698
6 0.041884816753926704
5 0.027923211169284468
0 0.019197207678883072
9 0.017452006980802792
2 0.015706806282722512
4 0.008726003490401396
3 0.008726003490401396
doc : 40
2 0.9185639229422067
6 0.014010507880910683
9 0.013134851138353765
4 0.01138353765323993
7 0.008756567425569177
8 0.00788091068301226
5 0.00788091068301226
3 0.006129597197898424
1 0.006129597197898424
0 0.006129597197898424
doc : 41
9 0.4993968636911942
7 0.17249698431845595
6 0.11218335343787696
8 0.06755126658624849
0 0.05669481302774427
4 0.026537997587454763
2 0.026537997587454763
5 0.016887816646562123
3 0.012062726176115802
1 0.009650180940892641
doc : 42
1 0.7973421926910299
5 0.03322259136212625
4 0.03322259136212625
9 0.023255813953488372
8 0.023255813953488372
6 0.019933554817275746
3 0.019933554817275746
7 0.016611295681063124
2 0.016611295681063124
0 0.016611295681063124
doc : 43
1 0.7953020134228188
4 0.03691275167785235
5 0.030201342281879193
8 0.02348993288590604
3 0.02348993288590604
9 0.020134228187919462
0 0.020134228187919462
7 0.016778523489932886
6 0.016778523489932886
2 0.016778523489932886
doc : 44
1 0.8126984126984127
5 0.04126984126984127
9 0.022222222222222223
8 0.022222222222222223
6 0.01904761904761905
4 0.01904761904761905
7 0.015873015873015872
3 0.015873015873015872
2 0.015873015873015872
0 0.015873015873015872
doc : 45
5 0.7209515096065874
6 0.08325709057639524
7 0.0585544373284538
2 0.03751143641354072
3 0.028362305580969808
4 0.02561756633119854
8 0.016468435498627632
0 0.01463860933211345
9 0.009149130832570906
1 0.0054894784995425435
doc : 46
9 0.18604651162790697
1 0.1744186046511628
3 0.12790697674418605
6 0.09302325581395349
7 0.08139534883720931
4 0.08139534883720931
8 0.06976744186046512
5 0.06976744186046512
2 0.05813953488372093
0 0.05813953488372093
doc : 47
8 0.42518518518518517
4 0.3185185185185185
9 0.08
6 0.04148148148148148
1 0.03111111111111111
2 0.025185185185185185
7 0.02222222222222222
5 0.02074074074074074
3 0.02074074074074074
0 0.014814814814814814
doc : 48
5 0.46808510638297873
8 0.1590145576707727
6 0.11086226203807391
9 0.08286674132138858
7 0.0593505039193729
4 0.040313549832026875
3 0.03135498320268757
2 0.025755879059350503
1 0.014557670772676373
0 0.007838745800671893
doc : 49
8 0.8464328899637242
1 0.03385731559854897
9 0.025392986698911726
4 0.021765417170495766
3 0.018137847642079805
7 0.014510278113663844
6 0.014510278113663844
5 0.013301088270858524
2 0.006045949214026602
0 0.006045949214026602
