doc : 0
7 0.5898876404494382
1 0.07303370786516854
2 0.06741573033707865
3 0.056179775280898875
6 0.0449438202247191
4 0.03932584269662921
0 0.03932584269662921
8 0.033707865168539325
9 0.028089887640449437
5 0.028089887640449437
doc : 1
7 0.5075757575757576
8 0.08333333333333334
2 0.08333333333333334
3 0.06060606060606061
0 0.05303030303030303
6 0.045454545454545456
5 0.045454545454545456
4 0.045454545454545456
9 0.03787878787878788
1 0.03787878787878788
doc : 2
7 0.5196850393700787
3 0.07874015748031496
0 0.07086614173228346
8 0.06299212598425197
4 0.05511811023622047
6 0.047244094488188976
5 0.047244094488188976
9 0.03937007874015748
2 0.03937007874015748
1 0.03937007874015748
doc : 3
3 0.46830985915492956
7 0.1267605633802817
2 0.09154929577464789
6 0.08098591549295775
9 0.07042253521126761
5 0.04225352112676056
1 0.035211267605633804
0 0.03169014084507042
8 0.028169014084507043
4 0.024647887323943664
doc : 4
7 0.7943548387096774
6 0.028225806451612902
2 0.028225806451612902
9 0.024193548387096774
5 0.024193548387096774
8 0.020161290322580645
4 0.020161290322580645
3 0.020161290322580645
1 0.020161290322580645
0 0.020161290322580645
doc : 5
1 0.8
8 0.13371428571428573
7 0.01142857142857143
0 0.01142857142857143
4 0.010285714285714287
2 0.008
6 0.006857142857142858
5 0.006857142857142858
9 0.005714285714285715
3 0.005714285714285715
doc : 6
8 0.9325
3 0.01
4 0.00875
0 0.00875
2 0.0075
1 0.0075
9 0.00625
7 0.00625
6 0.00625
5 0.00625
doc : 7
0 0.8575418994413408
5 0.025139664804469275
7 0.01675977653631285
2 0.01675977653631285
9 0.013966480446927375
8 0.013966480446927375
6 0.013966480446927375
4 0.013966480446927375
3 0.013966480446927375
1 0.013966480446927375
doc : 8
7 0.7580645161290323
9 0.04032258064516129
6 0.028225806451612902
3 0.028225806451612902
1 0.028225806451612902
0 0.028225806451612902
8 0.024193548387096774
2 0.024193548387096774
5 0.020161290322580645
4 0.020161290322580645
doc : 9
7 0.7661290322580645
1 0.03629032258064516
2 0.03225806451612903
0 0.028225806451612902
9 0.024193548387096774
6 0.024193548387096774
5 0.024193548387096774
3 0.024193548387096774
8 0.020161290322580645
4 0.020161290322580645
doc : 10
8 0.93125
2 0.01
1 0.00875
9 0.0075
5 0.0075
4 0.0075
3 0.0075
0 0.0075
7 0.00625
6 0.00625
doc : 11
8 0.8869565217391304
9 0.02318840579710145
3 0.015942028985507246
1 0.014492753623188406
2 0.013043478260869566
5 0.011594202898550725
4 0.010144927536231883
0 0.010144927536231883
7 0.007246376811594203
6 0.007246376811594203
doc : 12
6 0.9348314606741573
7 0.008988764044943821
9 0.007865168539325843
5 0.007865168539325843
3 0.007865168539325843
8 0.006741573033707865
4 0.006741573033707865
2 0.006741573033707865
1 0.006741573033707865
0 0.005617977528089888
doc : 13
4 0.7244701348747592
9 0.05973025048169557
7 0.05009633911368015
8 0.04238921001926782
3 0.02697495183044316
2 0.02697495183044316
0 0.023121387283236993
5 0.017341040462427744
1 0.015414258188824663
6 0.01348747591522158
doc : 14
9 0.4122807017543859
4 0.12280701754385964
6 0.09649122807017543
0 0.08333333333333333
7 0.06140350877192982
8 0.05263157894736842
3 0.05263157894736842
5 0.039473684210526314
2 0.039473684210526314
1 0.039473684210526314
doc : 15
9 0.726605504587156
6 0.06605504587155964
3 0.05137614678899083
0 0.03486238532110092
4 0.025688073394495414
5 0.023853211009174313
2 0.022018348623853212
8 0.01834862385321101
7 0.01651376146788991
1 0.014678899082568808
doc : 16
1 0.4784313725490196
3 0.10588235294117647
7 0.10196078431372549
2 0.08627450980392157
9 0.054901960784313725
8 0.054901960784313725
5 0.043137254901960784
0 0.027450980392156862
6 0.023529411764705882
4 0.023529411764705882
doc : 17
6 0.7657894736842105
4 0.05263157894736842
0 0.03684210526315789
2 0.031578947368421054
7 0.02631578947368421
3 0.021052631578947368
8 0.018421052631578946
5 0.018421052631578946
9 0.015789473684210527
1 0.013157894736842105
doc : 18
8 0.8016241299303944
3 0.04524361948955916
9 0.037122969837587005
7 0.025522041763341066
2 0.024361948955916472
6 0.02320185614849188
4 0.013921113689095127
5 0.01160092807424594
1 0.009280742459396751
0 0.008120649651972157
doc : 19
8 0.5093023255813953
5 0.19069767441860463
1 0.06511627906976744
2 0.053488372093023255
3 0.037209302325581395
7 0.03488372093023256
9 0.03255813953488372
0 0.03255813953488372
4 0.030232558139534883
6 0.013953488372093023
doc : 20
1 0.8944900351699883
7 0.019929660023446656
4 0.014067995310668229
2 0.012895662368112543
8 0.011723329425556858
0 0.011723329425556858
9 0.010550996483001172
3 0.009378663540445486
5 0.0082063305978898
6 0.007033997655334114
doc : 21
5 0.8471690080885483
0 0.11834823329076202
4 0.005534269902085994
3 0.005534269902085994
7 0.005108556832694764
9 0.004257130693912303
6 0.004257130693912303
8 0.003831417624521073
2 0.002979991485738612
1 0.002979991485738612
doc : 22
1 0.7897384305835011
7 0.03822937625754527
9 0.03722334004024145
4 0.02313883299798793
8 0.022132796780684107
2 0.022132796780684107
0 0.022132796780684107
6 0.018108651911468814
3 0.01710261569416499
5 0.01006036217303823
doc : 23
0 0.8364779874213837
5 0.022012578616352203
7 0.01886792452830189
4 0.01886792452830189
3 0.01886792452830189
2 0.01886792452830189
1 0.01886792452830189
9 0.015723270440251572
8 0.015723270440251572
6 0.015723270440251572
doc : 24
0 0.8459119496855346
5 0.022012578616352203
7 0.01886792452830189
2 0.01886792452830189
9 0.015723270440251572
8 0.015723270440251572
6 0.015723270440251572
4 0.015723270440251572
3 0.015723270440251572
1 0.015723270440251572
doc : 25
0 0.8395061728395061
5 0.030864197530864196
6 0.018518518518518517
2 0.018518518518518517
9 0.015432098765432098
8 0.015432098765432098
7 0.015432098765432098
4 0.015432098765432098
3 0.015432098765432098
1 0.015432098765432098
doc : 26
0 0.845679012345679
7 0.021604938271604937
5 0.021604938271604937
8 0.018518518518518517
9 0.015432098765432098
6 0.015432098765432098
4 0.015432098765432098
3 0.015432098765432098
2 0.015432098765432098
1 0.015432098765432098
doc : 27
0 0.875
5 0.015957446808510637
2 0.015957446808510637
9 0.013297872340425532
8 0.013297872340425532
7 0.013297872340425532
6 0.013297872340425532
4 0.013297872340425532
3 0.013297872340425532
1 0.013297872340425532
doc : 28
0 0.8190184049079755
5 0.03987730061349693
7 0.024539877300613498
2 0.02147239263803681
4 0.018404907975460124
9 0.015337423312883436
8 0.015337423312883436
6 0.015337423312883436
3 0.015337423312883436
1 0.015337423312883436
doc : 29
0 0.8563685636856369
5 0.024390243902439025
7 0.018970189701897018
6 0.018970189701897018
9 0.013550135501355014
8 0.013550135501355014
4 0.013550135501355014
3 0.013550135501355014
2 0.013550135501355014
1 0.013550135501355014
doc : 30
7 0.4972375690607735
1 0.15469613259668508
3 0.11970534069981584
0 0.0865561694290976
2 0.04419889502762431
6 0.034990791896869246
4 0.022099447513812154
9 0.01841620626151013
8 0.011049723756906077
5 0.011049723756906077
doc : 31
2 0.6674698795180724
7 0.08433734939759037
6 0.06506024096385543
3 0.03855421686746988
9 0.03132530120481928
4 0.03132530120481928
8 0.024096385542168676
1 0.024096385542168676
0 0.02168674698795181
5 0.012048192771084338
doc : 32
2 0.4870641169853769
7 0.3363329583802025
3 0.09111361079865017
4 0.020247469066366708
1 0.015748031496062992
6 0.013498312710911137
9 0.012373453318335208
8 0.011248593925759281
0 0.006749156355455569
5 0.005624296962879641
doc : 33
3 0.512440758293839
2 0.33886255924170616
7 0.05864928909952607
4 0.028436018957345974
9 0.017180094786729858
8 0.016587677725118485
6 0.013033175355450238
5 0.0059241706161137445
0 0.0059241706161137445
1 0.0029620853080568723
doc : 34
5 0.8412387299098393
0 0.11407291258330067
7 0.007840062720501764
3 0.006272050176401411
2 0.006272050176401411
1 0.006272050176401411
8 0.005096040768326146
6 0.004704037632301058
4 0.00431203449627597
9 0.003920031360250882
doc : 35
2 0.7492795389048991
3 0.04322766570605187
9 0.034582132564841495
8 0.034582132564841495
6 0.03170028818443804
0 0.02593659942363112
1 0.023054755043227664
7 0.020172910662824207
5 0.020172910662824207
4 0.017291066282420747
doc : 36
1 0.9621421975992612
8 0.009233610341643583
4 0.00554016620498615
3 0.0046168051708217915
0 0.0046168051708217915
9 0.003231763619575254
6 0.003231763619575254
7 0.002770083102493075
5 0.0023084025854108957
2 0.0023084025854108957
doc : 37
7 0.4096109839816934
9 0.16933638443935928
3 0.11670480549199085
2 0.06178489702517163
1 0.06178489702517163
4 0.04805491990846682
6 0.041189931350114416
0 0.038901601830663615
8 0.029748283752860413
5 0.02288329519450801
doc : 38
2 0.8457446808510638
9 0.043617021276595745
7 0.02127659574468085
8 0.019148936170212766
6 0.015957446808510637
3 0.015957446808510637
1 0.014893617021276596
5 0.009574468085106383
0 0.007446808510638298
4 0.006382978723404256
doc : 39
2 0.8468271334792122
8 0.0262582056892779
6 0.024070021881838072
9 0.019693654266958426
4 0.019693654266958426
3 0.015317286652078774
0 0.015317286652078774
7 0.010940919037199124
5 0.010940919037199124
1 0.010940919037199124
doc : 40
2 0.8482905982905984
9 0.023504273504273508
8 0.019230769230769232
3 0.019230769230769232
6 0.017094017094017096
1 0.017094017094017096
7 0.01495726495726496
0 0.01495726495726496
5 0.012820512820512822
4 0.012820512820512822
doc : 41
2 0.6302681992337165
4 0.13793103448275862
3 0.07854406130268199
7 0.053639846743295014
6 0.022988505747126436
0 0.019157088122605363
8 0.017241379310344827
1 0.01532567049808429
9 0.013409961685823753
5 0.011494252873563218
doc : 42
1 0.3676092544987146
4 0.23907455012853468
7 0.11825192802056554
3 0.08740359897172235
2 0.061696658097686374
0 0.038560411311053984
6 0.030848329048843187
9 0.02313624678663239
8 0.01799485861182519
5 0.015424164524421594
doc : 43
4 0.7810026385224275
2 0.05013192612137203
7 0.029023746701846966
9 0.021108179419525065
8 0.021108179419525065
6 0.021108179419525065
1 0.021108179419525065
0 0.021108179419525065
3 0.018469656992084433
5 0.0158311345646438
doc : 44
3 0.6873032528856243
1 0.17418677859391396
7 0.04931794333683106
6 0.01888772298006296
2 0.017838405036726127
0 0.015739769150052468
4 0.012591815320041973
9 0.010493179433368312
5 0.007345225603357817
8 0.0062959076600209865
doc : 45
4 0.7153800824985268
8 0.18385385975250443
6 0.02357100766057749
3 0.01708898055391868
1 0.012374779021803181
7 0.011785503830288745
2 0.01060695344725987
0 0.010017678255745432
9 0.009428403064230996
5 0.0058927519151443725
doc : 46
9 0.6442516268980477
1 0.11605206073752712
2 0.11062906724511931
8 0.02928416485900217
7 0.024945770065075923
3 0.024945770065075923
6 0.015184381778741866
4 0.014099783080260305
0 0.01193058568329718
5 0.008676789587852495
doc : 47
6 0.7760416666666666
3 0.03645833333333333
0 0.033854166666666664
2 0.03125
9 0.028645833333333332
8 0.026041666666666664
5 0.018229166666666664
4 0.018229166666666664
7 0.015625
1 0.015625
doc : 48
4 0.34110787172011664
7 0.26822157434402333
1 0.09620991253644315
3 0.07871720116618075
2 0.07871720116618075
9 0.04664723032069971
0 0.03206997084548105
6 0.026239067055393587
5 0.01749271137026239
8 0.014577259475218658
doc : 49
1 0.9358014966522252
8 0.0291453328081922
4 0.005513981882630957
3 0.005513981882630957
2 0.005120126033871603
7 0.004726270185112249
5 0.004332414336352895
0 0.004332414336352895
9 0.0031508467900748325
6 0.0023631350925561244
