doc : 0
9 0.8618090452261307
7 0.022613065326633167
5 0.020100502512562814
8 0.01507537688442211
6 0.01507537688442211
0 0.01507537688442211
4 0.01256281407035176
3 0.01256281407035176
2 0.01256281407035176
1 0.01256281407035176
doc : 1
6 0.8787878787878788
9 0.01616161616161616
1 0.01616161616161616
5 0.014141414141414142
3 0.014141414141414142
8 0.012121212121212121
7 0.012121212121212121
4 0.012121212121212121
2 0.012121212121212121
0 0.012121212121212121
doc : 2
2 0.8360655737704918
9 0.03278688524590164
6 0.02185792349726776
7 0.01912568306010929
4 0.01912568306010929
1 0.01639344262295082
8 0.01366120218579235
5 0.01366120218579235
3 0.01366120218579235
0 0.01366120218579235
doc : 3
1 0.8168168168168168
0 0.036036036036036036
2 0.02702702702702703
4 0.02102102102102102
8 0.018018018018018018
7 0.018018018018018018
5 0.018018018018018018
9 0.015015015015015015
6 0.015015015015015015
3 0.015015015015015015
doc : 4
9 0.7063492063492063
6 0.06349206349206349
5 0.051587301587301584
4 0.031746031746031744
2 0.027777777777777776
1 0.027777777777777776
0 0.027777777777777776
3 0.023809523809523808
8 0.01984126984126984
7 0.01984126984126984
doc : 5
0 0.8859857482185274
8 0.0166270783847981
1 0.014251781472684086
9 0.011876484560570073
7 0.011876484560570073
6 0.011876484560570073
5 0.011876484560570073
4 0.011876484560570073
3 0.011876484560570073
2 0.011876484560570073
doc : 6
9 0.8248730964467005
0 0.048223350253807105
8 0.02284263959390863
4 0.02284263959390863
7 0.015228426395939085
3 0.015228426395939085
6 0.012690355329949238
5 0.012690355329949238
2 0.012690355329949238
1 0.012690355329949238
doc : 7
4 0.9211678832116788
3 0.01167883211678832
2 0.010218978102189781
9 0.00875912408759124
7 0.00875912408759124
6 0.00875912408759124
0 0.00875912408759124
8 0.0072992700729927005
5 0.0072992700729927005
1 0.0072992700729927005
doc : 8
3 0.25316455696202533
9 0.11392405063291139
5 0.10126582278481013
6 0.08860759493670886
0 0.08860759493670886
8 0.0759493670886076
2 0.0759493670886076
1 0.0759493670886076
7 0.06329113924050633
4 0.06329113924050633
doc : 9
2 0.27586206896551724
3 0.15517241379310345
1 0.13218390804597702
6 0.09195402298850575
5 0.08045977011494253
4 0.07471264367816091
9 0.05172413793103448
7 0.05172413793103448
0 0.04597701149425287
8 0.040229885057471264
doc : 10
3 0.9242902208201893
7 0.011041009463722396
8 0.00946372239747634
9 0.007886435331230283
6 0.007886435331230283
5 0.007886435331230283
4 0.007886435331230283
2 0.007886435331230283
1 0.007886435331230283
0 0.007886435331230283
doc : 11
3 0.5096774193548387
8 0.07741935483870968
4 0.06451612903225806
2 0.06451612903225806
1 0.06451612903225806
9 0.05806451612903226
7 0.05161290322580645
5 0.03870967741935484
0 0.03870967741935484
6 0.03225806451612903
doc : 12
3 0.8168103448275862
5 0.07112068965517242
2 0.021551724137931036
0 0.017241379310344827
9 0.01293103448275862
7 0.01293103448275862
6 0.01293103448275862
4 0.01293103448275862
8 0.010775862068965518
1 0.010775862068965518
doc : 13
3 0.425531914893617
9 0.07446808510638298
6 0.07446808510638298
4 0.07446808510638298
7 0.06382978723404255
1 0.06382978723404255
0 0.06382978723404255
8 0.05319148936170213
5 0.05319148936170213
2 0.05319148936170213
doc : 14
8 0.8772189349112426
0 0.029585798816568046
9 0.01775147928994083
4 0.016272189349112426
5 0.013313609467455622
6 0.010355029585798816
7 0.008875739644970414
3 0.008875739644970414
2 0.008875739644970414
1 0.008875739644970414
doc : 15
8 0.8649851632047478
0 0.032640949554896145
7 0.016320474777448073
9 0.01483679525222552
4 0.013353115727002967
1 0.013353115727002967
6 0.011869436201780416
5 0.011869436201780416
2 0.011869436201780416
3 0.008902077151335312
doc : 16
3 0.8684732319894249
2 0.024454725710508923
8 0.023132848645076007
5 0.01982815598149372
7 0.018506278916060805
1 0.01255783212161269
4 0.011235955056179775
9 0.008592200925313945
0 0.0072703238598810305
6 0.005948446794448116
doc : 17
1 0.618421052631579
8 0.18421052631578946
7 0.02894736842105263
6 0.02894736842105263
3 0.02894736842105263
2 0.02894736842105263
9 0.02368421052631579
4 0.021052631578947368
5 0.018421052631578946
0 0.018421052631578946
doc : 18
9 0.7222222222222222
5 0.04365079365079365
6 0.03968253968253968
0 0.03968253968253968
1 0.03571428571428571
4 0.027777777777777776
7 0.023809523809523808
3 0.023809523809523808
2 0.023809523809523808
8 0.01984126984126984
doc : 19
0 0.8859857482185274
9 0.014251781472684086
7 0.014251781472684086
2 0.014251781472684086
8 0.011876484560570073
6 0.011876484560570073
5 0.011876484560570073
4 0.011876484560570073
3 0.011876484560570073
1 0.011876484560570073
doc : 20
9 0.8592964824120604
7 0.02512562814070352
5 0.02512562814070352
6 0.01507537688442211
8 0.01256281407035176
4 0.01256281407035176
3 0.01256281407035176
2 0.01256281407035176
1 0.01256281407035176
0 0.01256281407035176
doc : 21
6 0.8787878787878788
4 0.0202020202020202
0 0.01616161616161616
9 0.014141414141414142
7 0.014141414141414142
8 0.012121212121212121
5 0.012121212121212121
2 0.012121212121212121
3 0.0101010101010101
1 0.0101010101010101
doc : 22
2 0.8387978142076503
1 0.0273224043715847
7 0.02185792349726776
0 0.02185792349726776
8 0.01639344262295082
6 0.01639344262295082
3 0.01639344262295082
9 0.01366120218579235
5 0.01366120218579235
4 0.01366120218579235
doc : 23
1 0.8168168168168168
0 0.03303303303303303
5 0.02702702702702703
6 0.024024024024024024
8 0.02102102102102102
4 0.018018018018018018
9 0.015015015015015015
7 0.015015015015015015
3 0.015015015015015015
2 0.015015015015015015
doc : 24
0 0.8836104513064134
9 0.0166270783847981
8 0.014251781472684086
2 0.014251781472684086
7 0.011876484560570073
6 0.011876484560570073
5 0.011876484560570073
4 0.011876484560570073
3 0.011876484560570073
1 0.011876484560570073
doc : 25
4 0.9240875912408758
9 0.01167883211678832
7 0.010218978102189781
8 0.00875912408759124
3 0.00875912408759124
6 0.0072992700729927005
5 0.0072992700729927005
2 0.0072992700729927005
1 0.0072992700729927005
0 0.0072992700729927005
doc : 26
9 0.8197969543147208
0 0.032994923857868015
7 0.027918781725888322
8 0.02284263959390863
4 0.017766497461928932
3 0.017766497461928932
1 0.017766497461928932
5 0.015228426395939085
2 0.015228426395939085
6 0.012690355329949238
doc : 27
2 0.6425992779783394
8 0.12003610108303249
1 0.08574007220216606
6 0.042418772563176894
4 0.0351985559566787
5 0.019855595667870037
3 0.019855595667870037
7 0.015342960288808665
9 0.012635379061371842
0 0.006317689530685921
doc : 28
2 0.2777777777777778
3 0.14285714285714285
9 0.11904761904761904
4 0.10317460317460317
5 0.07936507936507936
8 0.06349206349206349
7 0.06349206349206349
1 0.05555555555555555
0 0.05555555555555555
6 0.03968253968253968
doc : 29
9 0.14864864864864866
8 0.12162162162162163
3 0.12162162162162163
6 0.10810810810810811
5 0.10810810810810811
2 0.0945945945945946
7 0.08108108108108109
0 0.08108108108108109
4 0.06756756756756757
1 0.06756756756756757
doc : 30
3 0.16666666666666666
8 0.14102564102564102
2 0.10256410256410256
0 0.10256410256410256
9 0.08974358974358974
7 0.08974358974358974
5 0.08974358974358974
4 0.08974358974358974
6 0.0641025641025641
1 0.0641025641025641
doc : 31
3 0.24675324675324678
7 0.2142857142857143
2 0.09740259740259741
5 0.07792207792207792
4 0.07792207792207792
8 0.07142857142857144
9 0.06493506493506494
0 0.05844155844155845
1 0.05194805194805195
6 0.03896103896103896
doc : 32
3 0.33333333333333337
2 0.1503267973856209
1 0.08496732026143791
7 0.0784313725490196
9 0.07189542483660132
0 0.07189542483660132
6 0.058823529411764705
4 0.058823529411764705
5 0.05228758169934641
8 0.0392156862745098
doc : 33
3 0.3333333333333333
5 0.2318840579710145
2 0.08695652173913043
4 0.06521739130434782
9 0.050724637681159424
8 0.050724637681159424
1 0.050724637681159424
0 0.050724637681159424
7 0.043478260869565216
6 0.036231884057971016
doc : 34
5 0.9407337723424272
4 0.010348071495766699
9 0.007525870178739417
2 0.007525870178739417
1 0.00658513640639699
8 0.005644402634054563
6 0.005644402634054563
3 0.005644402634054563
0 0.005644402634054563
7 0.004703668861712136
doc : 35
1 0.697065820777161
7 0.08247422680412371
9 0.06106264869151467
8 0.034892942109436956
3 0.025376685170499604
0 0.02458366375892149
5 0.020618556701030927
6 0.019825535289452814
2 0.019032513877874704
4 0.01506740681998414
doc : 36
0 0.8812351543942993
9 0.0166270783847981
8 0.014251781472684086
7 0.014251781472684086
1 0.014251781472684086
6 0.011876484560570073
5 0.011876484560570073
4 0.011876484560570073
3 0.011876484560570073
2 0.011876484560570073
doc : 37
4 0.9182481751824817
3 0.014598540145985401
2 0.01313868613138686
8 0.00875912408759124
7 0.00875912408759124
9 0.0072992700729927005
6 0.0072992700729927005
5 0.0072992700729927005
1 0.0072992700729927005
0 0.0072992700729927005
doc : 38
6 0.8808080808080808
1 0.024242424242424242
9 0.01616161616161616
4 0.014141414141414142
8 0.012121212121212121
3 0.012121212121212121
7 0.0101010101010101
5 0.0101010101010101
2 0.0101010101010101
0 0.0101010101010101
doc : 39
2 0.8306010928961749
6 0.02459016393442623
9 0.02185792349726776
0 0.02185792349726776
3 0.01912568306010929
8 0.01639344262295082
7 0.01639344262295082
5 0.01639344262295082
4 0.01639344262295082
1 0.01639344262295082
doc : 40
1 0.8018018018018018
0 0.03903903903903904
6 0.024024024024024024
9 0.02102102102102102
5 0.02102102102102102
4 0.02102102102102102
2 0.02102102102102102
7 0.018018018018018018
3 0.018018018018018018
8 0.015015015015015015
doc : 41
1 0.5418994413407822
9 0.15083798882681565
8 0.05027932960893855
0 0.04748603351955307
6 0.0446927374301676
2 0.0446927374301676
7 0.0335195530726257
5 0.030726256983240226
3 0.030726256983240226
4 0.025139664804469275
doc : 42
0 0.8883610451306414
9 0.014251781472684086
1 0.014251781472684086
8 0.011876484560570073
7 0.011876484560570073
6 0.011876484560570073
5 0.011876484560570073
4 0.011876484560570073
3 0.011876484560570073
2 0.011876484560570073
doc : 43
9 0.8197969543147208
0 0.04568527918781726
8 0.032994923857868015
4 0.017766497461928932
6 0.015228426395939085
2 0.015228426395939085
1 0.015228426395939085
7 0.012690355329949238
5 0.012690355329949238
3 0.012690355329949238
doc : 44
4 0.9124087591240876
7 0.01313868613138686
6 0.01167883211678832
2 0.01167883211678832
9 0.010218978102189781
3 0.010218978102189781
5 0.00875912408759124
8 0.0072992700729927005
1 0.0072992700729927005
0 0.0072992700729927005
doc : 45
9 0.8567839195979899
8 0.020100502512562814
0 0.020100502512562814
5 0.017587939698492462
7 0.01507537688442211
6 0.01507537688442211
4 0.01507537688442211
1 0.01507537688442211
3 0.01256281407035176
2 0.01256281407035176
doc : 46
5 0.8598574821852732
2 0.02137767220902613
4 0.019002375296912115
6 0.0166270783847981
1 0.0166270783847981
9 0.014251781472684086
3 0.014251781472684086
0 0.014251781472684086
8 0.011876484560570073
7 0.011876484560570073
doc : 47
5 0.8713592233009708
7 0.01699029126213592
9 0.014563106796116504
6 0.014563106796116504
4 0.014563106796116504
3 0.014563106796116504
2 0.014563106796116504
1 0.014563106796116504
8 0.012135922330097085
0 0.012135922330097085
doc : 48
7 0.9449081803005008
9 0.019031719532554257
3 0.007679465776293823
4 0.006343906510851419
6 0.005008347245409015
2 0.005008347245409015
8 0.004340567612687813
1 0.003005008347245409
5 0.002337228714524207
0 0.002337228714524207
doc : 49
8 0.6658536585365854
3 0.07317073170731707
4 0.04878048780487805
0 0.04390243902439024
2 0.036585365853658534
1 0.03414634146341464
7 0.029268292682926828
6 0.029268292682926828
5 0.024390243902439025
9 0.014634146341463414
