doc : 0
7 0.6175548589341693
5 0.07836990595611285
6 0.06583072100313479
8 0.05956112852664577
2 0.0438871473354232
9 0.04075235109717868
0 0.034482758620689655
4 0.0219435736677116
3 0.0219435736677116
1 0.01567398119122257
doc : 1
7 0.6896551724137931
2 0.06465517241379311
8 0.04741379310344827
6 0.03879310344827586
3 0.03879310344827586
9 0.030172413793103446
4 0.02586206896551724
5 0.021551724137931036
1 0.021551724137931036
0 0.021551724137931036
doc : 2
2 0.5866666666666667
6 0.11666666666666667
5 0.05666666666666667
9 0.05333333333333334
8 0.04
3 0.04
1 0.03666666666666667
4 0.03333333333333333
7 0.02
0 0.016666666666666666
doc : 3
2 0.6
6 0.08627450980392157
5 0.06666666666666667
1 0.054901960784313725
9 0.0392156862745098
4 0.03529411764705882
3 0.03529411764705882
7 0.03137254901960784
8 0.027450980392156862
0 0.023529411764705882
doc : 4
4 0.9701923076923078
7 0.004326923076923077
5 0.004326923076923077
6 0.0038461538461538464
8 0.0033653846153846156
0 0.0033653846153846156
2 0.0028846153846153848
1 0.0028846153846153848
9 0.002403846153846154
3 0.002403846153846154
doc : 5
4 0.9711191335740073
8 0.0041258380608561115
5 0.0036101083032490976
2 0.0036101083032490976
7 0.0030943785456420837
6 0.0030943785456420837
1 0.0030943785456420837
0 0.0030943785456420837
9 0.0025786487880350697
3 0.0025786487880350697
doc : 6
2 0.6763678696158324
6 0.2118742724097788
0 0.02211874272409779
3 0.018626309662398137
5 0.01629802095459837
8 0.013969732246798603
9 0.011641443538998836
1 0.011641443538998836
4 0.010477299185098952
7 0.006984866123399301
doc : 7
2 0.5538160469667319
1 0.17221135029354206
6 0.05283757338551859
0 0.050880626223091974
5 0.0410958904109589
9 0.033268101761252444
8 0.03131115459882583
7 0.029354207436399216
4 0.021526418786692758
3 0.0136986301369863
doc : 8
2 0.8142548596112311
1 0.03455723542116631
3 0.028077753779697626
4 0.021598272138228944
0 0.021598272138228944
8 0.019438444924406047
9 0.017278617710583154
7 0.01511879049676026
6 0.01511879049676026
5 0.012958963282937365
doc : 9
4 0.9747292418772564
7 0.0030943785456420837
3 0.0030943785456420837
1 0.0030943785456420837
0 0.0030943785456420837
9 0.0025786487880350697
8 0.0025786487880350697
6 0.0025786487880350697
5 0.0025786487880350697
2 0.0025786487880350697
doc : 10
2 0.8508771929824561
8 0.03508771929824561
5 0.028070175438596492
7 0.017543859649122806
6 0.017543859649122806
3 0.012280701754385965
9 0.010526315789473684
1 0.010526315789473684
4 0.008771929824561403
0 0.008771929824561403
doc : 11
2 0.5470588235294117
8 0.06470588235294117
6 0.06470588235294117
4 0.06470588235294117
3 0.06470588235294117
7 0.047058823529411764
5 0.041176470588235294
1 0.041176470588235294
9 0.03529411764705882
0 0.029411764705882353
doc : 12
2 0.8325925925925926
8 0.048888888888888885
5 0.019259259259259257
1 0.017777777777777778
3 0.014814814814814814
0 0.014814814814814814
9 0.013333333333333332
7 0.013333333333333332
6 0.013333333333333332
4 0.011851851851851851
doc : 13
6 0.21861471861471862
0 0.18181818181818182
5 0.17532467532467533
7 0.13636363636363635
8 0.09956709956709957
4 0.06060606060606061
9 0.047619047619047616
2 0.0367965367965368
3 0.021645021645021644
1 0.021645021645021644
doc : 14
3 0.855072463768116
6 0.020289855072463767
7 0.017391304347826087
5 0.017391304347826087
0 0.017391304347826087
9 0.014492753623188406
8 0.014492753623188406
4 0.014492753623188406
2 0.014492753623188406
1 0.014492753623188406
doc : 15
3 0.8501440922190201
8 0.023054755043227664
6 0.017291066282420747
5 0.017291066282420747
1 0.017291066282420747
0 0.017291066282420747
9 0.01440922190201729
7 0.01440922190201729
4 0.01440922190201729
2 0.01440922190201729
doc : 16
7 0.8209876543209876
8 0.027777777777777776
6 0.027777777777777776
2 0.021604938271604937
4 0.018518518518518517
3 0.018518518518518517
0 0.018518518518518517
9 0.015432098765432098
5 0.015432098765432098
1 0.015432098765432098
doc : 17
4 0.512621359223301
8 0.39223300970873787
2 0.017475728155339806
7 0.013592233009708738
3 0.013592233009708738
6 0.011650485436893204
9 0.009708737864077669
5 0.009708737864077669
1 0.009708737864077669
0 0.009708737864077669
doc : 18
3 0.855072463768116
0 0.020289855072463767
9 0.017391304347826087
8 0.017391304347826087
5 0.017391304347826087
7 0.014492753623188406
6 0.014492753623188406
4 0.014492753623188406
2 0.014492753623188406
1 0.014492753623188406
doc : 19
4 0.4658119658119659
8 0.43589743589743596
7 0.01495726495726496
6 0.012820512820512822
5 0.012820512820512822
3 0.012820512820512822
2 0.012820512820512822
9 0.010683760683760684
1 0.010683760683760684
0 0.010683760683760684
doc : 20
8 0.3853932584269663
4 0.3202247191011236
3 0.23258426966292137
1 0.011235955056179777
0 0.011235955056179777
7 0.010112359550561799
6 0.008988764044943821
2 0.008988764044943821
9 0.005617977528089888
5 0.005617977528089888
doc : 21
8 0.4789156626506024
4 0.3870481927710844
3 0.06927710843373494
9 0.010542168674698796
2 0.010542168674698796
7 0.009036144578313254
6 0.009036144578313254
1 0.009036144578313254
0 0.009036144578313254
5 0.007530120481927711
doc : 22
4 0.5104602510460251
8 0.38702928870292885
3 0.016736401673640166
9 0.014644351464435145
0 0.014644351464435145
7 0.012552301255230124
6 0.012552301255230124
5 0.010460251046025104
2 0.010460251046025104
1 0.010460251046025104
doc : 23
4 0.4721030042918455
8 0.4206008583690987
5 0.017167381974248927
3 0.015021459227467811
2 0.015021459227467811
1 0.015021459227467811
7 0.012875536480686695
9 0.01072961373390558
6 0.01072961373390558
0 0.01072961373390558
doc : 24
4 0.4791666666666667
8 0.4166666666666667
3 0.01875
2 0.016666666666666666
5 0.0125
1 0.0125
0 0.0125
9 0.010416666666666666
7 0.010416666666666666
6 0.010416666666666666
doc : 25
7 0.8357400722021661
3 0.03790613718411553
0 0.02707581227436823
9 0.01624548736462094
8 0.01624548736462094
2 0.01624548736462094
4 0.01444043321299639
5 0.012635379061371842
1 0.012635379061371842
6 0.010830324909747294
doc : 26
8 0.7477238239757208
5 0.13012139605462822
6 0.07890743550834597
0 0.011380880121396056
9 0.007587253414264037
1 0.006828528072837633
7 0.004931714719271623
4 0.004931714719271623
3 0.004931714719271623
2 0.002655538694992413
doc : 27
4 0.8207547169811321
5 0.025157232704402517
8 0.022012578616352203
7 0.022012578616352203
3 0.022012578616352203
2 0.022012578616352203
9 0.01886792452830189
6 0.015723270440251572
1 0.015723270440251572
0 0.015723270440251572
doc : 28
4 0.8378378378378379
3 0.021621621621621623
2 0.021621621621621623
9 0.01891891891891892
8 0.01891891891891892
1 0.01891891891891892
7 0.016216216216216217
5 0.016216216216216217
0 0.016216216216216217
6 0.013513513513513514
doc : 29
4 0.8284023668639053
3 0.029585798816568046
8 0.023668639053254437
9 0.01775147928994083
7 0.01775147928994083
6 0.01775147928994083
5 0.01775147928994083
2 0.01775147928994083
1 0.014792899408284023
0 0.014792899408284023
doc : 30
4 0.8243243243243243
3 0.03513513513513514
2 0.02972972972972973
7 0.01891891891891892
5 0.01891891891891892
6 0.016216216216216217
1 0.016216216216216217
9 0.013513513513513514
8 0.013513513513513514
0 0.013513513513513514
doc : 31
4 0.8345864661654134
3 0.03258145363408521
1 0.02506265664160401
8 0.022556390977443608
2 0.020050125313283207
5 0.015037593984962405
9 0.012531328320802004
7 0.012531328320802004
6 0.012531328320802004
0 0.012531328320802004
doc : 32
7 0.8430493273542601
0 0.04147982062780269
6 0.03587443946188341
1 0.016816143497757848
2 0.01569506726457399
8 0.011210762331838564
5 0.011210762331838564
4 0.011210762331838564
9 0.007847533632286996
3 0.005605381165919282
doc : 33
4 0.5155038759689923
8 0.39147286821705424
3 0.01744186046511628
9 0.011627906976744186
6 0.011627906976744186
1 0.011627906976744186
0 0.011627906976744186
7 0.009689922480620155
5 0.009689922480620155
2 0.009689922480620155
doc : 34
7 0.3470319634703196
4 0.1598173515981735
8 0.136986301369863
2 0.0776255707762557
1 0.0730593607305936
3 0.0547945205479452
5 0.045662100456621
9 0.0410958904109589
6 0.0365296803652968
0 0.0273972602739726
doc : 35
8 0.7166666666666667
2 0.04583333333333333
4 0.041666666666666664
3 0.041666666666666664
5 0.0375
1 0.03333333333333333
9 0.020833333333333332
7 0.020833333333333332
6 0.020833333333333332
0 0.020833333333333332
doc : 36
4 0.978624535315985
6 0.0027881040892193307
9 0.002323420074349442
8 0.002323420074349442
7 0.002323420074349442
5 0.002323420074349442
3 0.002323420074349442
2 0.002323420074349442
1 0.002323420074349442
0 0.002323420074349442
doc : 37
4 0.9749087591240876
9 0.0031934306569343066
7 0.0031934306569343066
5 0.0031934306569343066
3 0.0031934306569343066
8 0.002737226277372263
6 0.002737226277372263
2 0.002281021897810219
1 0.002281021897810219
0 0.002281021897810219
doc : 38
4 0.9733700642791552
5 0.0036730945821854912
7 0.0032139577594123047
6 0.0032139577594123047
2 0.0032139577594123047
0 0.0032139577594123047
8 0.0027548209366391185
1 0.0027548209366391185
9 0.002295684113865932
3 0.002295684113865932
doc : 39
4 0.9770168855534709
6 0.0028142589118198874
5 0.0028142589118198874
3 0.0028142589118198874
1 0.0028142589118198874
9 0.0023452157598499064
8 0.0023452157598499064
7 0.0023452157598499064
2 0.0023452157598499064
0 0.0023452157598499064
doc : 40
4 0.38333333333333336
0 0.36500000000000005
7 0.09166666666666667
6 0.055
2 0.025
8 0.023333333333333334
3 0.02
5 0.015000000000000001
9 0.013333333333333334
1 0.008333333333333333
doc : 41
3 0.8527777777777779
7 0.022222222222222223
5 0.019444444444444445
9 0.016666666666666666
4 0.016666666666666666
0 0.016666666666666666
8 0.01388888888888889
6 0.01388888888888889
2 0.01388888888888889
1 0.01388888888888889
doc : 42
5 0.9338672177731853
6 0.030483079307672436
9 0.00865409454921209
8 0.006974941875484371
1 0.006458279514337381
3 0.00594161715319039
0 0.003616636528028933
7 0.0015499870834409712
2 0.0012916559028674762
4 0.0011624903125807284
doc : 43
3 0.8342059336823735
0 0.029668411867364748
6 0.02443280977312391
9 0.020942408376963352
2 0.019197207678883072
5 0.017452006980802792
1 0.015706806282722512
7 0.013961605584642234
4 0.013961605584642234
8 0.010471204188481676
doc : 44
7 0.5648702594810379
0 0.3253493013972056
1 0.021956087824351295
2 0.017964071856287425
5 0.01397205588822355
3 0.01397205588822355
9 0.011976047904191616
8 0.00998003992015968
6 0.00998003992015968
4 0.00998003992015968
doc : 45
7 0.3
6 0.14444444444444446
5 0.11481481481481481
8 0.0962962962962963
0 0.07777777777777778
4 0.07037037037037037
9 0.06296296296296297
2 0.05925925925925926
3 0.044444444444444446
1 0.02962962962962963
doc : 46
8 0.7095238095238096
3 0.04761904761904762
2 0.04761904761904762
9 0.03333333333333334
7 0.03333333333333334
6 0.03333333333333334
5 0.02380952380952381
4 0.02380952380952381
1 0.02380952380952381
0 0.02380952380952381
doc : 47
8 0.6966824644549764
2 0.07582938388625593
7 0.037914691943127965
6 0.037914691943127965
3 0.028436018957345974
1 0.028436018957345974
9 0.023696682464454978
5 0.023696682464454978
4 0.023696682464454978
0 0.023696682464454978
doc : 48
7 0.6354378818737271
2 0.15478615071283094
0 0.04276985743380855
8 0.03665987780040733
5 0.030549898167006106
3 0.0285132382892057
6 0.02240325865580448
9 0.02036659877800407
4 0.016293279022403257
1 0.012219959266802444
doc : 49
7 0.8483245149911816
0 0.04585537918871252
8 0.01763668430335097
3 0.015873015873015872
2 0.014109347442680775
1 0.014109347442680775
5 0.012345679012345678
4 0.012345679012345678
6 0.010582010582010581
9 0.008818342151675485
doc : 50
7 0.9409866297833103
4 0.011295527893038266
3 0.010142923005993546
2 0.008068234209313047
1 0.007376671277086215
8 0.004840940525587829
9 0.00437989857076994
6 0.00437989857076994
5 0.00437989857076994
0 0.004149377593360996
doc : 51
7 0.7228017883755589
2 0.07153502235469449
3 0.046199701937406856
8 0.02682563338301043
0 0.02682563338301043
9 0.02384500745156483
4 0.02384500745156483
1 0.02384500745156483
5 0.019374068554396422
6 0.014903129657228018
doc : 52
3 0.9678869621066152
1 0.00449582530507386
9 0.0038535645472061652
6 0.0038535645472061652
2 0.0038535645472061652
8 0.0032113037893384713
7 0.0032113037893384713
5 0.0032113037893384713
4 0.0032113037893384713
0 0.0032113037893384713
doc : 53
3 0.8183108587650817
1 0.0319375443577005
9 0.0298083747338538
2 0.0269694819020582
8 0.0241305890702626
0 0.0198722498225692
7 0.0149041873669269
5 0.0149041873669269
4 0.0106458481192335
6 0.008516678495386799
doc : 54
9 0.5099695843190267
6 0.2673200405542413
5 0.1944350568885885
8 0.008110848259547145
0 0.006421088205474823
1 0.006083136194660358
3 0.0032668694378731556
2 0.00180241072434381
4 0.0013518080432578575
7 0.0012391573729863693
doc : 55
3 0.7712895377128954
2 0.058394160583941604
1 0.051094890510948905
8 0.021897810218978103
7 0.021897810218978103
5 0.021897810218978103
9 0.014598540145985401
0 0.014598540145985401
6 0.012165450121654502
4 0.012165450121654502
doc : 56
3 0.7886904761904762
8 0.041666666666666664
4 0.03571428571428571
7 0.023809523809523808
5 0.023809523809523808
0 0.023809523809523808
2 0.017857142857142856
9 0.01488095238095238
6 0.01488095238095238
1 0.01488095238095238
doc : 57
8 0.7935341660543718
5 0.1351947097722263
6 0.038941954445260836
9 0.008327210384521186
2 0.007102620622091599
1 0.005388194954690179
4 0.003428851334802841
7 0.0031839333823169237
3 0.0031839333823169237
0 0.0017144256674014205
doc : 58
6 0.9245958235095991
5 0.04538565173459077
9 0.01780902660828562
1 0.0032418322667564837
8 0.002947120242505894
0 0.0023997979117547997
2 0.0015577635567531156
3 0.0010525429437521052
7 7.578309195015156E-4
4 2.526103065005052E-4
doc : 59
3 0.9676214196762142
9 0.0043586550435865505
8 0.0037359900373599006
7 0.0037359900373599006
5 0.0037359900373599006
1 0.0037359900373599006
0 0.0037359900373599006
6 0.00311332503113325
4 0.00311332503113325
2 0.00311332503113325
doc : 60
3 0.9664131812420785
0 0.005069708491761723
9 0.004435994930291508
8 0.0038022813688212923
5 0.0038022813688212923
1 0.0038022813688212923
7 0.0031685678073510772
6 0.0031685678073510772
4 0.0031685678073510772
2 0.0031685678073510772
doc : 61
1 0.8226854358419058
5 0.1372495939361126
6 0.015159718462371415
9 0.00676773145641581
8 0.006497022198159177
2 0.004060638873849486
3 0.0024363833243096914
0 0.0018949648077964268
7 0.0016242555495397943
4 0.0016242555495397943
doc : 62
2 0.7035775127768313
8 0.08858603066439523
1 0.06132879045996593
5 0.05110732538330494
7 0.028960817717206135
9 0.015332197614991482
3 0.015332197614991482
0 0.013628620102214651
6 0.01192504258943782
4 0.010221465076660989
doc : 63
3 0.9538461538461538
2 0.008695652173913044
4 0.006020066889632107
5 0.005351170568561873
1 0.005351170568561873
8 0.0046822742474916385
6 0.0046822742474916385
0 0.0046822742474916385
9 0.0033444816053511705
7 0.0033444816053511705
doc : 64
1 0.8127853881278538
3 0.045662100456621
7 0.0319634703196347
2 0.0228310502283105
8 0.02054794520547945
4 0.0182648401826484
5 0.0136986301369863
9 0.01141552511415525
6 0.01141552511415525
0 0.01141552511415525
doc : 65
2 0.9227467811158798
3 0.011444921316165951
9 0.008583690987124463
7 0.008583690987124463
5 0.008583690987124463
4 0.008583690987124463
1 0.008583690987124463
0 0.008583690987124463
8 0.00715307582260372
6 0.00715307582260372
doc : 66
9 0.8191066309072413
6 0.1057523351521317
5 0.03144363266438546
0 0.02251918986405253
1 0.011421437158975308
8 0.002913160085082771
3 0.0022195505410154445
2 0.0022195505410154445
7 0.001988347359659669
4 4.161657264403958E-4
doc : 67
0 0.9663900414937759
7 0.019363762102351315
1 0.002627939142461964
9 0.0024896265560165973
2 0.0022130013831258644
3 0.002074688796680498
8 0.0017980636237897648
6 0.0015214384508990318
5 8.298755186721991E-4
4 6.915629322268326E-4
doc : 68
5 0.9830102895429529
6 0.005144771476429768
9 0.0027518545106484803
0 0.0020339794209140944
1 0.0017946877243359654
8 0.0015553960277578367
2 0.001316104331179708
7 8.375209380234506E-4
3 8.375209380234506E-4
4 7.178750897343862E-4
doc : 69
4 0.9713896457765667
5 0.004995458673932788
0 0.004541326067211625
2 0.003178928247048138
8 0.0027247956403269754
7 0.0027247956403269754
6 0.0027247956403269754
3 0.0027247956403269754
1 0.0027247956403269754
9 0.0022706630336058126
doc : 70
4 0.9707854406130267
2 0.004310344827586207
8 0.0038314176245210726
0 0.0038314176245210726
5 0.0033524904214559384
9 0.0028735632183908046
7 0.0028735632183908046
3 0.0028735632183908046
1 0.0028735632183908046
6 0.0023946360153256703
doc : 71
4 0.9501675041876047
6 0.015912897822445562
3 0.00628140703517588
1 0.00628140703517588
2 0.005025125628140704
7 0.0046063651591289785
0 0.0037688442211055275
8 0.0033500837520938024
9 0.002512562814070352
5 0.0020938023450586263
doc : 72
2 0.5577015934331241
3 0.40125543215837756
8 0.009174311926605505
9 0.005311443746982134
4 0.005311443746982134
0 0.005311443746982134
1 0.004828585224529213
5 0.0043457267020762915
6 0.00386286817962337
7 0.0028971511347175277
doc : 73
2 0.922077922077922
4 0.011544011544011544
9 0.008658008658008658
8 0.008658008658008658
7 0.008658008658008658
6 0.008658008658008658
5 0.008658008658008658
3 0.008658008658008658
1 0.007215007215007215
0 0.007215007215007215
doc : 74
3 0.8549471661863592
0 0.049951969260326606
2 0.020172910662824207
1 0.01633045148895293
5 0.013448607108549471
8 0.012487992315081652
7 0.012487992315081652
9 0.007684918347742555
6 0.0067243035542747355
4 0.005763688760806916
doc : 75
3 0.8632707774798928
8 0.03485254691689008
1 0.020554066130473638
0 0.020554066130473638
2 0.016979445933869526
4 0.01161751563896336
7 0.010723860589812333
6 0.00804289544235925
9 0.0071492403932082215
5 0.0062555853440571935
doc : 76
4 0.9749316317228806
8 0.004102096627164996
9 0.0031905195989061076
7 0.0031905195989061076
3 0.0027347310847766638
2 0.0027347310847766638
6 0.0022789425706472195
5 0.0022789425706472195
1 0.0022789425706472195
0 0.0022789425706472195
doc : 77
4 0.9217741935483871
7 0.03185483870967742
8 0.010887096774193548
5 0.008064516129032258
3 0.008064516129032258
6 0.004838709677419355
2 0.004838709677419355
1 0.004032258064516129
0 0.0036290322580645163
9 0.0020161290322580645
doc : 78
8 0.6421404682274248
1 0.11872909698996656
5 0.061872909698996656
3 0.0451505016722408
2 0.04013377926421405
9 0.02508361204013378
6 0.021739130434782608
7 0.016722408026755852
4 0.015050167224080268
0 0.013377926421404682
doc : 79
4 0.971558120362737
7 0.004534212695795548
8 0.003709810387469085
2 0.003709810387469085
9 0.0028854080791426216
5 0.0028854080791426216
3 0.0028854080791426216
1 0.0028854080791426216
6 0.00247320692497939
0 0.00247320692497939
doc : 80
1 0.67624810892587
8 0.07866868381240545
7 0.06505295007564296
2 0.060514372163388806
5 0.03479576399394856
3 0.0226928895612708
6 0.018154311649016642
4 0.01664145234493192
0 0.01664145234493192
9 0.01059001512859304
doc : 81
8 0.8748031496062992
5 0.048818897637795275
1 0.01653543307086614
6 0.015748031496062992
2 0.013385826771653543
3 0.007874015748031496
4 0.007086614173228346
9 0.005511811023622047
7 0.005511811023622047
0 0.004724409448818898
doc : 82
8 0.7820773930753564
2 0.06822810590631363
3 0.04786150712830957
5 0.02240325865580448
4 0.019348268839103868
1 0.016293279022403257
7 0.013238289205702646
0 0.013238289205702646
6 0.010183299389002035
9 0.007128309572301425
doc : 83
2 0.4606205250596659
8 0.13365155131264916
1 0.0883054892601432
5 0.07637231503579953
4 0.05489260143198091
0 0.04534606205250597
7 0.0405727923627685
3 0.0405727923627685
6 0.03341288782816229
9 0.026252983293556086
doc : 84
1 0.7599999999999999
3 0.13103448275862067
2 0.03172413793103448
0 0.022068965517241378
8 0.015172413793103447
7 0.011034482758620689
4 0.008275862068965516
9 0.006896551724137931
6 0.006896551724137931
5 0.006896551724137931
doc : 85
1 0.8961038961038961
8 0.01855287569573284
7 0.012987012987012988
9 0.011131725417439703
4 0.011131725417439703
2 0.011131725417439703
0 0.011131725417439703
6 0.00927643784786642
5 0.00927643784786642
3 0.00927643784786642
doc : 86
7 0.7585089141004862
2 0.08427876823338736
3 0.0486223662884927
0 0.03484602917341977
8 0.02593192868719611
1 0.012965964343598054
5 0.01053484602917342
6 0.00972447325769854
9 0.007293354943273905
4 0.007293354943273905
doc : 87
8 0.7003257328990228
1 0.10586319218241043
5 0.05700325732899023
3 0.027687296416938113
2 0.027687296416938113
6 0.024429967426710098
9 0.01954397394136808
7 0.016286644951140065
4 0.013029315960912053
0 0.008143322475570033
doc : 88
2 0.7998665777184789
7 0.08505670446964643
0 0.029019346230820545
5 0.027018012008005333
6 0.015010006671114075
8 0.0133422281521014
9 0.011674449633088725
3 0.007671781187458305
4 0.007004669779853235
1 0.004336224149432955
doc : 89
3 0.8452380952380953
1 0.028571428571428574
2 0.026190476190476195
7 0.01904761904761905
8 0.01666666666666667
9 0.014285714285714287
5 0.014285714285714287
6 0.011904761904761906
4 0.011904761904761906
0 0.011904761904761906
doc : 90
7 0.8121739130434783
3 0.07304347826086957
2 0.04
8 0.01217391304347826
6 0.01217391304347826
1 0.01217391304347826
4 0.010434782608695653
0 0.010434782608695653
9 0.008695652173913044
5 0.008695652173913044
doc : 91
7 0.8047337278106509
3 0.07495069033530573
2 0.03353057199211046
8 0.01775147928994083
9 0.013806706114398423
1 0.013806706114398423
4 0.01183431952662722
6 0.009861932938856016
5 0.009861932938856016
0 0.009861932938856016
doc : 92
5 0.9655426570849457
6 0.01400405380504883
9 0.005159388243965358
3 0.003869541182974019
1 0.0029482218536944905
0 0.002763957987838585
2 0.002026902524414962
4 0.0014741109268472453
8 0.001105583195135434
7 0.001105583195135434
doc : 93
1 0.8131416837782341
4 0.03696098562628337
2 0.028747433264887066
3 0.026694045174537988
7 0.022587268993839837
8 0.02053388090349076
6 0.014373716632443533
5 0.014373716632443533
0 0.012320328542094456
9 0.01026694045174538
doc : 94
7 0.22
2 0.2
8 0.16666666666666669
3 0.10666666666666667
1 0.1
5 0.04666666666666667
4 0.04666666666666667
6 0.04
0 0.04
9 0.03333333333333333
doc : 95
2 0.24683544303797467
7 0.1962025316455696
3 0.12658227848101267
8 0.12025316455696203
1 0.11392405063291139
9 0.05063291139240506
5 0.0379746835443038
4 0.0379746835443038
0 0.0379746835443038
6 0.03164556962025317
doc : 96
2 0.8
3 0.061395348837209304
5 0.05488372093023256
8 0.021395348837209303
1 0.021395348837209303
9 0.013023255813953489
7 0.008372093023255815
6 0.0074418604651162795
0 0.0065116279069767444
4 0.005581395348837209
doc : 97
8 0.5452609158679447
3 0.33013844515441965
2 0.07028753993610225
4 0.009584664536741215
1 0.009584664536741215
6 0.008519701810436636
5 0.008519701810436636
7 0.007454739084132056
9 0.005324813631522898
0 0.005324813631522898
doc : 98
1 0.8617511520737328
2 0.03225806451612903
3 0.019969278033794162
5 0.018433179723502304
6 0.016897081413210446
7 0.015360983102918587
4 0.010752688172043012
8 0.009216589861751152
9 0.007680491551459293
0 0.007680491551459293
doc : 99
1 0.7737881508078995
3 0.11131059245960503
8 0.01974865350089767
4 0.017953321364452424
5 0.01615798922800718
6 0.01436265709156194
9 0.012567324955116697
7 0.012567324955116697
2 0.012567324955116697
0 0.008976660682226212
