doc : 0
7 0.375
4 0.1796875
8 0.0703125
5 0.0703125
2 0.0703125
6 0.0546875
1 0.0546875
0 0.046875
9 0.0390625
3 0.0390625
doc : 1
7 0.8612565445026179
4 0.05366492146596859
2 0.02486910994764398
5 0.011780104712041885
3 0.010471204188481676
1 0.010471204188481676
8 0.007853403141361258
9 0.006544502617801047
6 0.006544502617801047
0 0.006544502617801047
doc : 2
7 0.7131367292225201
3 0.064343163538874
4 0.06166219839142091
6 0.032171581769437
5 0.029490616621983913
9 0.02412868632707775
2 0.02412868632707775
1 0.021447721179624665
8 0.0160857908847185
0 0.013404825737265416
doc : 3
0 0.9992498491544496
6 9.7845762463104E-5
9 8.153813538592001E-5
8 8.153813538592001E-5
7 8.153813538592001E-5
5 8.153813538592001E-5
4 8.153813538592001E-5
3 8.153813538592001E-5
2 8.153813538592001E-5
1 8.153813538592001E-5
doc : 4
0 0.9994840873182214
8 7.52372660927138E-5
2 6.448908522232612E-5
9 5.374090435193844E-5
7 5.374090435193844E-5
6 5.374090435193844E-5
5 5.374090435193844E-5
4 5.374090435193844E-5
3 5.374090435193844E-5
1 5.374090435193844E-5
doc : 5
0 0.9992903534348436
9 9.256259545517657E-5
8 7.713549621264713E-5
7 7.713549621264713E-5
6 7.713549621264713E-5
5 7.713549621264713E-5
4 7.713549621264713E-5
3 7.713549621264713E-5
2 7.713549621264713E-5
1 7.713549621264713E-5
doc : 6
0 0.996287435030113
9 4.125072188763303E-4
8 4.125072188763303E-4
7 4.125072188763303E-4
6 4.125072188763303E-4
5 4.125072188763303E-4
4 4.125072188763303E-4
3 4.125072188763303E-4
2 4.125072188763303E-4
1 4.125072188763303E-4
doc : 7
0 0.9994979007980174
4 7.478073221019796E-5
9 5.341480872156997E-5
8 5.341480872156997E-5
7 5.341480872156997E-5
6 5.341480872156997E-5
5 5.341480872156997E-5
3 5.341480872156997E-5
2 5.341480872156997E-5
1 5.341480872156997E-5
doc : 8
0 0.9984209418204786
9 1.7545090883570776E-4
8 1.7545090883570776E-4
7 1.7545090883570776E-4
6 1.7545090883570776E-4
5 1.7545090883570776E-4
4 1.7545090883570776E-4
3 1.7545090883570776E-4
2 1.7545090883570776E-4
1 1.7545090883570776E-4
doc : 9
0 0.9995024068364974
8 6.490345610903781E-5
9 5.408621342419817E-5
7 5.408621342419817E-5
6 5.408621342419817E-5
5 5.408621342419817E-5
4 5.408621342419817E-5
3 5.408621342419817E-5
2 5.408621342419817E-5
1 5.408621342419817E-5
doc : 10
3 0.9916351861845656
6 0.0021586616297895305
8 0.0012817053426875337
5 0.0012817053426875337
9 7.420399352401511E-4
7 7.420399352401511E-4
4 7.420399352401511E-4
2 6.071235833783055E-4
1 4.722072315164598E-4
0 3.3729087965461414E-4
doc : 11
3 0.9823083403538332
7 0.005370682392586352
5 0.0036857624262847514
9 0.002422072451558551
6 0.0017902274641954507
4 0.0012636899747262005
1 0.0011583824768323504
2 8.424599831508003E-4
8 6.318449873631002E-4
0 5.265374894692502E-4
doc : 12
8 0.4822622690694775
1 0.1924704371151158
9 0.18891911292455324
4 0.11033662019721183
7 0.011258453284974877
5 0.009256110922210889
6 0.0029468434772753033
2 0.0015867618723790094
0 6.611507801579206E-4
3 3.0224035664362084E-4
doc : 13
2 0.65631332582805
6 0.12324465248563132
5 0.11171416720981216
7 0.10289743437814777
8 0.002038276944954672
0 0.0019553238134739585
4 0.0013272501036914143
3 1.777567103158144E-4
9 1.6590626296142678E-4
1 1.6590626296142678E-4
doc : 14
4 0.6362259898941883
8 0.1589112484374725
1 0.10248419866546947
9 0.10007218436944312
2 7.218436944312401E-4
0 5.809961442983151E-4
7 3.1690698779908097E-4
6 2.9930104403246536E-4
5 2.8169510026584976E-4
3 1.0563566259969366E-4
doc : 15
5 0.6149425287356322
2 0.07471264367816091
8 0.05172413793103448
4 0.05172413793103448
9 0.04597701149425287
7 0.040229885057471264
6 0.034482758620689655
3 0.028735632183908046
1 0.028735632183908046
0 0.028735632183908046
doc : 16
5 0.660377358490566
4 0.06132075471698113
9 0.03773584905660377
7 0.03773584905660377
1 0.03773584905660377
0 0.03773584905660377
8 0.0330188679245283
3 0.0330188679245283
2 0.0330188679245283
6 0.02830188679245283
