doc : 0
6 0.4418604651162791
8 0.06976744186046512
1 0.06976744186046512
0 0.06976744186046512
9 0.05813953488372093
7 0.05813953488372093
5 0.05813953488372093
4 0.05813953488372093
3 0.05813953488372093
2 0.05813953488372093
doc : 1
3 0.6503496503496503
6 0.09090909090909091
2 0.055944055944055944
0 0.04895104895104895
1 0.03496503496503497
9 0.027972027972027972
7 0.027972027972027972
5 0.024475524475524476
4 0.02097902097902098
8 0.017482517482517484
doc : 2
0 0.8583333333333333
8 0.022916666666666665
7 0.01875
3 0.01875
2 0.016666666666666666
1 0.016666666666666666
5 0.014583333333333334
9 0.0125
6 0.010416666666666666
4 0.010416666666666666
doc : 3
0 0.8543478260869566
8 0.02826086956521739
7 0.017391304347826087
4 0.017391304347826087
2 0.017391304347826087
1 0.015217391304347827
6 0.013043478260869566
5 0.013043478260869566
3 0.013043478260869566
9 0.010869565217391304
doc : 4
0 0.8544303797468353
1 0.02320675105485232
8 0.018987341772151896
2 0.018987341772151896
9 0.016877637130801686
5 0.014767932489451475
4 0.014767932489451475
3 0.014767932489451475
7 0.012658227848101264
6 0.010548523206751054
doc : 5
7 0.3875338753387534
6 0.1978319783197832
8 0.1002710027100271
9 0.08401084010840108
3 0.06504065040650406
1 0.051490514905149054
4 0.04878048780487805
5 0.02710027100271003
2 0.024390243902439025
0 0.013550135501355014
doc : 6
6 0.38071065989847713
3 0.15736040609137056
8 0.10659898477157359
2 0.09898477157360405
1 0.05837563451776649
9 0.050761421319796954
5 0.050761421319796954
7 0.04060913705583756
0 0.03045685279187817
4 0.025380710659898477
doc : 7
8 0.46919431279620855
4 0.1279620853080569
1 0.07582938388625593
6 0.06161137440758294
3 0.06161137440758294
0 0.05213270142180095
9 0.04265402843601896
7 0.04265402843601896
2 0.037914691943127965
5 0.028436018957345974
doc : 8
9 0.5729166666666666
8 0.13541666666666666
4 0.0546875
7 0.04427083333333333
6 0.04427083333333333
2 0.041666666666666664
3 0.03645833333333333
1 0.033854166666666664
5 0.020833333333333332
0 0.015625
doc : 9
1 0.8956965718453683
8 0.03282275711159737
2 0.016046681254558718
4 0.015317286652078774
6 0.009482129832239242
0 0.009482129832239242
9 0.007293946024799417
7 0.006564551422319475
5 0.0036469730123997084
3 0.0036469730123997084
doc : 10
6 0.43023255813953487
9 0.06976744186046512
8 0.06976744186046512
1 0.06976744186046512
0 0.06976744186046512
7 0.05813953488372093
5 0.05813953488372093
4 0.05813953488372093
3 0.05813953488372093
2 0.05813953488372093
doc : 11
6 0.7456140350877193
3 0.04736842105263158
9 0.043859649122807015
8 0.03859649122807018
2 0.02982456140350877
7 0.021052631578947368
4 0.021052631578947368
5 0.017543859649122806
1 0.017543859649122806
0 0.017543859649122806
doc : 12
6 0.506544502617801
4 0.1348167539267016
8 0.10471204188481675
9 0.0824607329842932
1 0.06806282722513089
3 0.034031413612565446
7 0.0274869109947644
2 0.017015706806282723
0 0.017015706806282723
5 0.007853403141361258
doc : 13
6 0.7100977198697068
2 0.055374592833876225
9 0.03908794788273616
8 0.03908794788273616
0 0.035830618892508145
3 0.03257328990228013
5 0.026058631921824105
7 0.02280130293159609
4 0.02280130293159609
1 0.016286644951140065
doc : 14
9 0.41935483870967744
3 0.1827956989247312
7 0.07526881720430108
6 0.05376344086021506
0 0.05376344086021506
5 0.048387096774193554
4 0.048387096774193554
2 0.043010752688172046
1 0.043010752688172046
8 0.03225806451612903
doc : 15
2 0.8084210526315789
5 0.05052631578947368
0 0.023157894736842106
6 0.021052631578947368
3 0.021052631578947368
4 0.01894736842105263
9 0.016842105263157894
7 0.014736842105263158
8 0.01263157894736842
1 0.01263157894736842
doc : 16
3 0.5980392156862745
6 0.11764705882352941
2 0.08333333333333333
9 0.07107843137254902
5 0.029411764705882353
4 0.02696078431372549
8 0.024509803921568627
7 0.01715686274509804
0 0.01715686274509804
1 0.014705882352941176
doc : 17
9 0.3463687150837989
0 0.1675977653631285
6 0.13966480446927373
4 0.07262569832402235
3 0.0670391061452514
2 0.05027932960893855
1 0.05027932960893855
5 0.03910614525139665
8 0.0335195530726257
7 0.0335195530726257
doc : 18
5 0.9534220532319392
2 0.016159695817490494
6 0.007129277566539924
9 0.004752851711026616
3 0.0042775665399239545
0 0.003326996197718631
8 0.0028517110266159697
4 0.0028517110266159697
1 0.0028517110266159697
7 0.002376425855513308
doc : 19
2 0.8172588832487309
1 0.050761421319796954
5 0.032994923857868015
9 0.015228426395939085
4 0.015228426395939085
3 0.015228426395939085
0 0.015228426395939085
8 0.012690355329949238
7 0.012690355329949238
6 0.012690355329949238
doc : 20
2 0.8419689119170984
1 0.031088082901554404
5 0.02590673575129534
3 0.02072538860103627
9 0.015544041450777202
8 0.01295336787564767
7 0.01295336787564767
6 0.01295336787564767
4 0.01295336787564767
0 0.01295336787564767
doc : 21
6 0.45348837209302323
2 0.06976744186046512
0 0.06976744186046512
9 0.05813953488372093
8 0.05813953488372093
7 0.05813953488372093
5 0.05813953488372093
4 0.05813953488372093
3 0.05813953488372093
1 0.05813953488372093
doc : 22
3 0.6762589928057554
4 0.053956834532374105
2 0.053956834532374105
7 0.03597122302158273
6 0.03597122302158273
8 0.03237410071942446
0 0.03237410071942446
9 0.02877697841726619
5 0.02877697841726619
1 0.02158273381294964
doc : 23
5 0.9558329332693231
6 0.008161305808929428
9 0.007681228996639462
2 0.006721075372059529
0 0.005760921747479596
8 0.004800768122899664
7 0.002880460873739798
4 0.002880460873739798
1 0.002880460873739798
3 0.002400384061449832
doc : 24
3 0.417910447761194
6 0.20522388059701493
4 0.08582089552238806
8 0.06716417910447761
1 0.06716417910447761
0 0.04477611940298507
9 0.041044776119402986
2 0.026119402985074626
7 0.022388059701492536
5 0.022388059701492536
doc : 25
3 0.8674242424242424
9 0.020833333333333336
4 0.01893939393939394
2 0.017045454545454544
1 0.017045454545454544
8 0.015151515151515152
6 0.013257575757575758
0 0.011363636363636364
7 0.00946969696969697
5 0.00946969696969697
doc : 26
0 0.8374485596707819
7 0.02880658436213992
9 0.02263374485596708
5 0.020576131687242802
3 0.01851851851851852
6 0.01646090534979424
4 0.01646090534979424
8 0.01440329218106996
2 0.01234567901234568
1 0.01234567901234568
doc : 27
6 0.43333333333333335
0 0.1625
3 0.10416666666666667
2 0.0625
9 0.058333333333333334
8 0.041666666666666664
5 0.041666666666666664
1 0.041666666666666664
4 0.029166666666666667
7 0.025
doc : 28
8 0.41963322545846815
4 0.24703344120819848
1 0.12189859762675295
6 0.08306364617044228
2 0.03344120819848975
9 0.024811218985976265
7 0.02373247033441208
3 0.020496224379719524
0 0.017259978425026967
5 0.008629989212513484
doc : 29
2 0.8454810495626822
5 0.03498542274052478
7 0.01749271137026239
9 0.014577259475218658
8 0.014577259475218658
6 0.014577259475218658
4 0.014577259475218658
3 0.014577259475218658
1 0.014577259475218658
0 0.014577259475218658
doc : 30
2 0.835820895522388
5 0.03283582089552239
0 0.020895522388059702
8 0.01791044776119403
6 0.01791044776119403
9 0.014925373134328358
7 0.014925373134328358
4 0.014925373134328358
3 0.014925373134328358
1 0.014925373134328358
doc : 31
4 0.7110091743119266
3 0.07951070336391437
8 0.06574923547400612
9 0.0382262996941896
6 0.022935779816513763
2 0.021406727828746176
7 0.019877675840978593
1 0.016819571865443424
0 0.016819571865443424
5 0.00764525993883792
doc : 32
6 0.4418604651162791
9 0.06976744186046512
8 0.06976744186046512
0 0.06976744186046512
7 0.05813953488372093
5 0.05813953488372093
4 0.05813953488372093
3 0.05813953488372093
2 0.05813953488372093
1 0.05813953488372093
doc : 33
6 0.45348837209302323
4 0.06976744186046512
1 0.06976744186046512
9 0.05813953488372093
8 0.05813953488372093
7 0.05813953488372093
5 0.05813953488372093
3 0.05813953488372093
2 0.05813953488372093
0 0.05813953488372093
doc : 34
9 0.6931637519872814
8 0.08744038155802862
6 0.0397456279809221
4 0.0397456279809221
3 0.03497615262321145
1 0.03497615262321145
7 0.02702702702702703
0 0.01907790143084261
2 0.012718600953895072
5 0.011128775834658189
doc : 35
3 0.6893424036281179
2 0.054421768707483
9 0.049886621315192746
6 0.049886621315192746
7 0.04081632653061225
8 0.031746031746031744
1 0.0272108843537415
4 0.022675736961451247
5 0.018140589569160998
0 0.015873015873015872
doc : 36
5 0.9545454545454546
2 0.01499531396438613
6 0.006560449859418931
9 0.006091846298031865
0 0.0037488284910965324
3 0.0032802249297094657
8 0.0028116213683223993
7 0.0028116213683223993
1 0.0028116213683223993
4 0.002343017806935333
doc : 37
9 0.635
3 0.06
2 0.05
6 0.045
4 0.045
7 0.035
1 0.035
0 0.035
8 0.03
5 0.03
doc : 38
3 0.5877437325905293
0 0.10027855153203342
1 0.06685236768802229
6 0.055710306406685235
7 0.04735376044568245
2 0.03899721448467967
9 0.036211699164345405
4 0.036211699164345405
8 0.016713091922005572
5 0.013927576601671309
doc : 39
9 0.6024096385542169
6 0.08433734939759037
2 0.06325301204819278
1 0.057228915662650606
7 0.04819277108433735
8 0.0391566265060241
4 0.030120481927710843
3 0.030120481927710843
5 0.024096385542168676
0 0.021084337349397592
doc : 40
6 0.46511627906976744
8 0.06976744186046512
9 0.05813953488372093
7 0.05813953488372093
5 0.05813953488372093
4 0.05813953488372093
3 0.05813953488372093
2 0.05813953488372093
1 0.05813953488372093
0 0.05813953488372093
doc : 41
0 0.8344923504867872
3 0.05285118219749652
5 0.02642559109874826
1 0.018080667593880387
7 0.016689847009735744
2 0.012517385257301807
9 0.011126564673157162
6 0.011126564673157162
8 0.009735744089012517
4 0.006954102920723226
doc : 42
7 0.8919138561560341
9 0.02641202763104429
1 0.023161316537992686
6 0.010971149939049166
2 0.010971149939049166
8 0.010564811052417716
4 0.008939455505891914
0 0.008126777732629013
3 0.006095083299471759
5 0.0028443722064201544
doc : 43
6 0.43023255813953487
5 0.08139534883720931
2 0.08139534883720931
9 0.05813953488372093
8 0.05813953488372093
7 0.05813953488372093
4 0.05813953488372093
3 0.05813953488372093
1 0.05813953488372093
0 0.05813953488372093
doc : 44
9 0.49295774647887325
3 0.10211267605633803
6 0.09507042253521127
2 0.07394366197183098
4 0.06690140845070423
8 0.04225352112676056
7 0.03873239436619719
1 0.035211267605633804
5 0.03169014084507042
0 0.02112676056338028
doc : 45
8 0.313953488372093
9 0.15503875968992248
4 0.1511627906976744
0 0.07751937984496124
3 0.06589147286821706
1 0.05813953488372093
7 0.05426356589147287
6 0.050387596899224806
2 0.03875968992248062
5 0.03488372093023256
doc : 46
4 0.8276119402985075
9 0.08358208955223881
1 0.029104477611940297
8 0.011940298507462687
0 0.011194029850746268
3 0.008955223880597015
2 0.008955223880597015
7 0.007462686567164179
6 0.005970149253731343
5 0.0052238805970149255
doc : 47
8 0.8645640074211502
9 0.0287569573283859
6 0.02411873840445269
1 0.0176252319109462
3 0.016697588126159554
2 0.014842300556586271
4 0.012987012987012988
5 0.0074211502782931356
7 0.006493506493506494
0 0.006493506493506494
doc : 48
5 0.9647342995169081
2 0.005314009661835748
0 0.004830917874396135
9 0.004347826086956522
7 0.003864734299516908
6 0.003864734299516908
8 0.0033816425120772944
4 0.0033816425120772944
1 0.0033816425120772944
3 0.002898550724637681
doc : 49
4 0.6398467432950191
8 0.07279693486590037
9 0.053639846743295014
2 0.04597701149425287
0 0.042145593869731796
3 0.034482758620689655
7 0.03065134099616858
6 0.03065134099616858
1 0.026819923371647507
5 0.022988505747126436
